SN:3K60180500001583 BD:Jul 23 2018 VC:834b9c1 MD5:48f99e4865ed8b810be1bb0eaaabf929
SysTime,                      Time,         Batt_v,      Batt_v_sd,   BATT_PERCENT,BATT_PERCENT_sd,      [CH4]_ppm,   [CH4]_ppm_sd,      [H2O]_ppm,   [H2O]_ppm_sd,      [CO2]_ppm,   [CO2]_ppm_sd,     [CH4]d_ppm,  [CH4]d_ppm_sd,     [CO2]d_ppm,  [CO2]d_ppm_sd,      GasP_torr,   GasP_torr_sd,         GasT_C,      GasT_C_sd,         AmbT_C,      AmbT_C_sd,         RD0_us,      RD0_us_sd,         RD1_us,      RD1_us_sd, Temp_Status_mA,Temp_Status_mA_sd,Analyzer_Status_mA,Analyzer_Status_mA_sd,       Fit_Flag,      MIU_VALVE,       MIU_DESC
09/21/2020 17:09:35.455, 09/21/2020 17:09:35.376, 4.15982e+0, 0.00000e+0, -2.09453e+2, 0.00000e+0, 1.92750e+0, 0.00000e+0, 9.84727e+3, 0.00000e+0, 4.76446e+2, 0.00000e+0, 9.73337e-1, 0.00000e+0, 2.40592e+2, 0.00000e+0, 5.01915e+2, 0.00000e+0, 2.16970e+1, 0.00000e+0, 2.07927e+1, 0.00000e+0, 3.59251e+0, 0.00000e+0, 3.18515e+0, 0.00000e+0, 2.00000e+1, 0.00000e+0, 2.00000e+1, 0.00000e+0, 2, 1, 
09/21/2020 17:09:36.454, 09/21/2020 17:09:36.370, 4.15990e+0, 0.00000e+0, 9.73301e+1, 0.00000e+0, 1.93116e+0, 0.00000e+0, 1.04034e+4, 0.00000e+0, 4.76741e+2, 0.00000e+0, 1.95146e+0, 0.00000e+0, 4.81753e+2, 0.00000e+0, 5.01895e+2, 0.00000e+0, 2.16938e+1, 0.00000e+0, 2.07988e+1, 0.00000e+0, 3.59103e+0, 0.00000e+0, 3.18666e+0, 0.00000e+0, 2.00000e+1, 0.00000e+0, 2.00000e+1, 0.00000e+0, 2, 1, 
09/21/2020 17:09:37.444, 09/21/2020 17:09:37.366, 4.16006e+0, 0.00000e+0, 9.73545e+1, 0.00000e+0, 1.93224e+0, 0.00000e+0, 1.07220e+4, 0.00000e+0, 4.78747e+2, 0.00000e+0, 1.95318e+0, 0.00000e+0, 4.83935e+2, 0.00000e+0, 5.01914e+2, 0.00000e+0, 2.16922e+1, 0.00000e+0, 2.07948e+1, 0.00000e+0, 3.59438e+0, 0.00000e+0, 3.18628e+0, 0.00000e+0, 2.00000e+1, 0.00000e+0, 2.00000e+1, 0.00000e+0, 2, 1, 
09/21/2020 17:09:38.420, 09/21/2020 17:09:38.360, 4.16012e+0, 0.00000e+0, 9.73629e+1, 0.00000e+0, 1.92978e+0, 0.00000e+0, 1.02134e+4, 0.00000e+0, 4.79134e+2, 0.00000e+0, 1.94970e+0, 0.00000e+0, 4.84078e+2, 0.00000e+0, 5.01929e+2, 0.00000e+0, 2.17042e+1, 0.00000e+0, 2.07975e+1, 0.00000e+0, 3.59373e+0, 0.00000e+0, 3.18470e+0, 0.00000e+0, 2.00000e+1, 0.00000e+0, 2.00000e+1, 0.00000e+0, 2, 1, 
09/21/2020 17:09:39.408, 09/21/2020 17:09:39.354, 4.16011e+0, 0.00000e+0, 9.73614e+1, 0.00000e+0, 1.93188e+0, 0.00000e+0, 1.06533e+4, 0.00000e+0, 4.77610e+2, 0.00000e+0, 1.95269e+0, 0.00000e+0, 4.82753e+2, 0.00000e+0, 5.01899e+2, 0.00000e+0, 2.16941e+1, 0.00000e+0, 2.07997e+1, 0.00000e+0, 3.59183e+0, 0.00000e+0, 3.18600e+0, 0.00000e+0, 2.00000e+1, 0.00000e+0, 2.00000e+1, 0.00000e+0, 2, 1, 
09/21/2020 17:09:40.408, 09/21/2020 17:09:40.348, 4.16029e+0, 0.00000e+0, 9.73880e+1, 0.00000e+0, 1.92965e+0, 0.00000e+0, 1.04219e+4, 0.00000e+0, 4.77603e+2, 0.00000e+0, 1.94998e+0, 0.00000e+0, 4.82633e+2, 0.00000e+0, 5.01922e+2, 0.00000e+0, 2.16934e+1, 0.00000e+0, 2.07964e+1, 0.00000e+0, 3.59442e+0, 0.00000e+0, 3.18655e+0, 0.00000e+0, 2.00000e+1, 0.00000e+0, 2.00000e+1, 0.00000e+0, 2, 1, 
09/21/2020 17:09:41.416, 09/21/2020 17:09:41.343, 4.16005e+0, 0.00000e+0, 9.73532e+1, 0.00000e+0, 1.93307e+0, 0.00000e+0, 1.06442e+4, 0.00000e+0, 4.78599e+2, 0.00000e+0, 1.95387e+0, 0.00000e+0, 4.83748e+2, 0.00000e+0, 5.01917e+2, 0.00000e+0, 2.16996e+1, 0.00000e+0, 2.08023e+1, 0.00000e+0, 3.59332e+0, 0.00000e+0, 3.18626e+0, 0.00000e+0, 2.00000e+1, 0.00000e+0, 2.00000e+1, 0.00000e+0, 2, 1, 
09/21/2020 17:09:42.390, 09/21/2020 17:09:42.337, 4.16023e+0, 0.00000e+0, 9.73793e+1, 0.00000e+0, 1.92971e+0, 0.00000e+0, 1.05980e+4, 0.00000e+0, 4.82621e+2, 0.00000e+0, 1.95038e+0, 0.00000e+0, 4.87790e+2, 0.00000e+0, 5.01939e+2, 0.00000e+0, 2.16993e+1, 0.00000e+0, 2.07964e+1, 0.00000e+0, 3.59187e+0, 0.00000e+0, 3.18230e+0, 0.00000e+0, 2.00000e+1, 0.00000e+0, 2.00000e+1, 0.00000e+0, 2, 1, 
09/21/2020 17:09:43.386, 09/21/2020 17:09:43.331, 4.16011e+0, 0.00000e+0, 9.73607e+1, 0.00000e+0, 1.94047e+0, 0.00000e+0, 1.03992e+4, 0.00000e+0, 4.80290e+2, 0.00000e+0, 1.96086e+0, 0.00000e+0, 4.85337e+2, 0.00000e+0, 5.01942e+2, 0.00000e+0, 2.16961e+1, 0.00000e+0, 2.07985e+1, 0.00000e+0, 3.58753e+0, 0.00000e+0, 3.18485e+0, 0.00000e+0, 2.00000e+1, 0.00000e+0, 2.00000e+1, 0.00000e+0, 2, 1, 
09/21/2020 17:09:44.406, 09/21/2020 17:09:44.327, 4.16039e+0, 0.00000e+0, 9.74022e+1, 0.00000e+0, 1.93613e+0, 0.00000e+0, 1.05074e+4, 0.00000e+0, 4.80172e+2, 0.00000e+0, 1.95669e+0, 0.00000e+0, 4.85271e+2, 0.00000e+0, 5.01922e+2, 0.00000e+0, 2.16776e+1, 0.00000e+0, 2.08036e+1, 0.00000e+0, 3.58977e+0, 0.00000e+0, 3.18543e+0, 0.00000e+0, 2.00000e+1, 0.00000e+0, 2.00000e+1, 0.00000e+0, 2, 1, 
09/21/2020 17:09:45.375, 09/21/2020 17:09:45.321, 4.16019e+0, 0.00000e+0, 9.73730e+1, 0.00000e+0, 1.93539e+0, 0.00000e+0, 1.03066e+4, 0.00000e+0, 4.81434e+2, 0.00000e+0, 1.95554e+0, 0.00000e+0, 4.86447e+2, 0.00000e+0, 5.01939e+2, 0.00000e+0, 2.16960e+1, 0.00000e+0, 2.07991e+1, 0.00000e+0, 3.58859e+0, 0.00000e+0, 3.18746e+0, 0.00000e+0, 2.00000e+1, 0.00000e+0, 2.00000e+1, 0.00000e+0, 2, 1, 
09/21/2020 17:09:46.371, 09/21/2020 17:09:46.315, 4.16009e+0, 0.00000e+0, 9.73586e+1, 0.00000e+0, 1.94263e+0, 0.00000e+0, 1.06319e+4, 0.00000e+0, 4.77001e+2, 0.00000e+0, 1.96350e+0, 0.00000e+0, 4.82127e+2, 0.00000e+0, 5.01913e+2, 0.00000e+0, 2.16944e+1, 0.00000e+0, 2.08047e+1, 0.00000e+0, 3.58789e+0, 0.00000e+0, 3.18703e+0, 0.00000e+0, 2.00000e+1, 0.00000e+0, 2.00000e+1, 0.00000e+0, 2, 1, 
09/21/2020 17:09:47.397, 09/21/2020 17:09:47.310, 4.16016e+0, 0.00000e+0, 9.73690e+1, 0.00000e+0, 1.93354e+0, 0.00000e+0, 1.05988e+4, 0.00000e+0, 4.79518e+2, 0.00000e+0, 1.95426e+0, 0.00000e+0, 4.84655e+2, 0.00000e+0, 5.01915e+2, 0.00000e+0, 2.16975e+1, 0.00000e+0, 2.08077e+1, 0.00000e+0, 3.58730e+0, 0.00000e+0, 3.18863e+0, 0.00000e+0, 2.00000e+1, 0.00000e+0, 2.00000e+1, 0.00000e+0, 3, 1, 
09/21/2020 17:09:48.378, 09/21/2020 17:09:48.304, 4.16009e+0, 0.00000e+0, 9.73580e+1, 0.00000e+0, 1.93381e+0, 0.00000e+0, 1.03707e+4, 0.00000e+0, 4.78313e+2, 0.00000e+0, 1.95407e+0, 0.00000e+0, 4.83326e+2, 0.00000e+0, 5.01914e+2, 0.00000e+0, 2.16925e+1, 0.00000e+0, 2.08104e+1, 0.00000e+0, 3.58945e+0, 0.00000e+0, 3.18797e+0, 0.00000e+0, 2.00000e+1, 0.00000e+0, 2.00000e+1, 0.00000e+0, 3, 1, 
09/21/2020 17:09:49.370, 09/21/2020 17:09:49.299, 4.16012e+0, 0.00000e+0, 9.73632e+1, 0.00000e+0, 1.93524e+0, 0.00000e+0, 1.06135e+4, 0.00000e+0, 4.78495e+2, 0.00000e+0, 1.95599e+0, 0.00000e+0, 4.83628e+2, 0.00000e+0, 5.01931e+2, 0.00000e+0, 2.16939e+1, 0.00000e+0, 2.08135e+1, 0.00000e+0, 3.58763e+0, 0.00000e+0, 3.18666e+0, 0.00000e+0, 2.00000e+1, 0.00000e+0, 2.00000e+1, 0.00000e+0, 3, 1, 
09/21/2020 17:09:50.363, 09/21/2020 17:09:50.293, 4.16021e+0, 0.00000e+0, 9.73754e+1, 0.00000e+0, 1.93929e+0, 0.00000e+0, 1.04912e+4, 0.00000e+0, 4.78185e+2, 0.00000e+0, 1.95985e+0, 0.00000e+0, 4.83255e+2, 0.00000e+0, 5.01923e+2, 0.00000e+0, 2.16990e+1, 0.00000e+0, 2.08179e+1, 0.00000e+0, 3.59118e+0, 0.00000e+0, 3.18793e+0, 0.00000e+0, 2.00000e+1, 0.00000e+0, 2.00000e+1, 0.00000e+0, 3, 1, 
09/21/2020 17:09:51.344, 09/21/2020 17:09:51.288, 4.16043e+0, 0.00000e+0, 9.74084e+1, 0.00000e+0, 1.93543e+0, 0.00000e+0, 1.08130e+4, 0.00000e+0, 4.77333e+2, 0.00000e+0, 1.95658e+0, 0.00000e+0, 4.82551e+2, 0.00000e+0, 5.01911e+2, 0.00000e+0, 2.16914e+1, 0.00000e+0, 2.08206e+1, 0.00000e+0, 3.59269e+0, 0.00000e+0, 3.18781e+0, 0.00000e+0, 2.00000e+1, 0.00000e+0, 2.00000e+1, 0.00000e+0, 3, 1, 
09/21/2020 17:09:52.339, 09/21/2020 17:09:52.282, 4.16028e+0, 0.00000e+0, 9.73862e+1, 0.00000e+0, 1.93776e+0, 0.00000e+0, 1.06498e+4, 0.00000e+0, 4.77803e+2, 0.00000e+0, 1.95862e+0, 0.00000e+0, 4.82946e+2, 0.00000e+0, 5.01903e+2, 0.00000e+0, 2.16964e+1, 0.00000e+0, 2.08239e+1, 0.00000e+0, 3.59163e+0, 0.00000e+0, 3.18761e+0, 0.00000e+0, 2.00000e+1, 0.00000e+0, 2.00000e+1, 0.00000e+0, 3, 1, 
09/21/2020 17:09:53.359, 09/21/2020 17:09:53.277, 4.16036e+0, 0.00000e+0, 9.73979e+1, 0.00000e+0, 1.93647e+0, 0.00000e+0, 1.04688e+4, 0.00000e+0, 4.77620e+2, 0.00000e+0, 1.95695e+0, 0.00000e+0, 4.82673e+2, 0.00000e+0, 5.01897e+2, 0.00000e+0, 2.16937e+1, 0.00000e+0, 2.08306e+1, 0.00000e+0, 3.59174e+0, 0.00000e+0, 3.18696e+0, 0.00000e+0, 2.00000e+1, 0.00000e+0, 2.00000e+1, 0.00000e+0, 3, 1, 
09/21/2020 17:09:54.328, 09/21/2020 17:09:54.272, 4.16042e+0, 0.00000e+0, 9.74067e+1, 0.00000e+0, 1.93502e+0, 0.00000e+0, 1.06458e+4, 0.00000e+0, 4.80175e+2, 0.00000e+0, 1.95584e+0, 0.00000e+0, 4.85342e+2, 0.00000e+0, 5.01881e+2, 0.00000e+0, 2.16965e+1, 0.00000e+0, 2.08295e+1, 0.00000e+0, 3.59368e+0, 0.00000e+0, 3.18638e+0, 0.00000e+0, 2.00000e+1, 0.00000e+0, 2.00000e+1, 0.00000e+0, 3, 1, 
09/21/2020 17:09:55.334, 09/21/2020 17:09:55.266, 4.16040e+0, 0.00000e+0, 9.74039e+1, 0.00000e+0, 1.93976e+0, 0.00000e+0, 1.06251e+4, 0.00000e+0, 4.76591e+2, 0.00000e+0, 1.96059e+0, 0.00000e+0, 4.81710e+2, 0.00000e+0, 5.01901e+2, 0.00000e+0, 2.16953e+1, 0.00000e+0, 2.08326e+1, 0.00000e+0, 3.59031e+0, 0.00000e+0, 3.18719e+0, 0.00000e+0, 2.00000e+1, 0.00000e+0, 2.00000e+1, 0.00000e+0, 3, 2, 
09/21/2020 17:09:56.317, 09/21/2020 17:09:56.262, 4.16059e+0, 0.00000e+0, 9.74324e+1, 0.00000e+0, 1.93630e+0, 0.00000e+0, 1.08317e+4, 0.00000e+0, 4.79728e+2, 0.00000e+0, 1.95751e+0, 0.00000e+0, 4.84981e+2, 0.00000e+0, 5.01892e+2, 0.00000e+0, 2.16961e+1, 0.00000e+0, 2.08366e+1, 0.00000e+0, 3.59241e+0, 0.00000e+0, 3.18581e+0, 0.00000e+0, 2.00000e+1, 0.00000e+0, 2.00000e+1, 0.00000e+0, 3, 2, 
09/21/2020 17:09:57.313, 09/21/2020 17:09:57.255, 4.16069e+0, 0.00000e+0, 9.74468e+1, 0.00000e+0, 1.93553e+0, 0.00000e+0, 1.06561e+4, 0.00000e+0, 4.78523e+2, 0.00000e+0, 1.95638e+0, 0.00000e+0, 4.83677e+2, 0.00000e+0, 5.01882e+2, 0.00000e+0, 2.16958e+1, 0.00000e+0, 2.08398e+1, 0.00000e+0, 3.59168e+0, 0.00000e+0, 3.18525e+0, 0.00000e+0, 2.00000e+1, 0.00000e+0, 2.00000e+1, 0.00000e+0, 3, 2, 
09/21/2020 17:09:58.327, 09/21/2020 17:09:58.249, 4.16069e+0, 0.00000e+0, 9.74462e+1, 0.00000e+0, 1.93511e+0, 0.00000e+0, 1.02949e+4, 0.00000e+0, 4.76983e+2, 0.00000e+0, 1.95524e+0, 0.00000e+0, 4.81945e+2, 0.00000e+0, 5.01884e+2, 0.00000e+0, 2.16993e+1, 0.00000e+0, 2.08468e+1, 0.00000e+0, 3.59122e+0, 0.00000e+0, 3.18562e+0, 0.00000e+0, 2.00000e+1, 0.00000e+0, 2.00000e+1, 0.00000e+0, 3, 2, 
09/21/2020 17:09:59.323, 09/21/2020 17:09:59.244, 4.16059e+0, 0.00000e+0, 9.74322e+1, 0.00000e+0, 1.93537e+0, 0.00000e+0, 1.02300e+4, 0.00000e+0, 4.77505e+2, 0.00000e+0, 1.95538e+0, 0.00000e+0, 4.82440e+2, 0.00000e+0, 5.01875e+2, 0.00000e+0, 2.16979e+1, 0.00000e+0, 2.08474e+1, 0.00000e+0, 3.59124e+0, 0.00000e+0, 3.18675e+0, 0.00000e+0, 2.00000e+1, 0.00000e+0, 2.00000e+1, 0.00000e+0, 3, 2, 
09/21/2020 17:10:00.314, 09/21/2020 17:10:00.239, 4.16062e+0, 0.00000e+0, 9.74368e+1, 0.00000e+0, 1.94126e+0, 0.00000e+0, 1.03126e+4, 0.00000e+0, 4.77353e+2, 0.00000e+0, 1.96149e+0, 0.00000e+0, 4.82327e+2, 0.00000e+0, 5.01868e+2, 0.00000e+0, 2.17010e+1, 0.00000e+0, 2.08473e+1, 0.00000e+0, 3.58912e+0, 0.00000e+0, 3.18445e+0, 0.00000e+0, 2.00000e+1, 0.00000e+0, 2.00000e+1, 0.00000e+0, 3, 2, 
09/21/2020 17:10:01.288, 09/21/2020 17:10:01.233, 4.16070e+0, 0.00000e+0, 9.74482e+1, 0.00000e+0, 1.93810e+0, 0.00000e+0, 1.04209e+4, 0.00000e+0, 4.79394e+2, 0.00000e+0, 1.95851e+0, 0.00000e+0, 4.84442e+2, 0.00000e+0, 5.01866e+2, 0.00000e+0, 2.16829e+1, 0.00000e+0, 2.08572e+1, 0.00000e+0, 3.59053e+0, 0.00000e+0, 3.18382e+0, 0.00000e+0, 2.00000e+1, 0.00000e+0, 2.00000e+1, 0.00000e+0, 3, 2, 
09/21/2020 17:10:02.301, 09/21/2020 17:10:02.228, 4.16059e+0, 0.00000e+0, 9.74321e+1, 0.00000e+0, 1.93199e+0, 0.00000e+0, 1.02779e+4, 0.00000e+0, 4.77703e+2, 0.00000e+0, 1.95205e+0, 0.00000e+0, 4.82664e+2, 0.00000e+0, 5.01856e+2, 0.00000e+0, 2.16977e+1, 0.00000e+0, 2.08632e+1, 0.00000e+0, 3.59153e+0, 0.00000e+0, 3.18416e+0, 0.00000e+0, 2.00000e+1, 0.00000e+0, 2.00000e+1, 0.00000e+0, 3, 2, 
09/21/2020 17:10:03.278, 09/21/2020 17:10:03.222, 4.16067e+0, 0.00000e+0, 9.74444e+1, 0.00000e+0, 1.93268e+0, 0.00000e+0, 1.04917e+4, 0.00000e+0, 4.78200e+2, 0.00000e+0, 1.95317e+0, 0.00000e+0, 4.83270e+2, 0.00000e+0, 5.01864e+2, 0.00000e+0, 2.16957e+1, 0.00000e+0, 2.08697e+1, 0.00000e+0, 3.59382e+0, 0.00000e+0, 3.18262e+0, 0.00000e+0, 2.00000e+1, 0.00000e+0, 2.00000e+1, 0.00000e+0, 3, 2, 
09/21/2020 17:10:04.277, 09/21/2020 17:10:04.217, 4.16066e+0, 0.00000e+0, 9.74420e+1, 0.00000e+0, 1.93354e+0, 0.00000e+0, 1.02651e+4, 0.00000e+0, 4.78077e+2, 0.00000e+0, 1.95360e+0, 0.00000e+0, 4.83036e+2, 0.00000e+0, 5.01869e+2, 0.00000e+0, 2.16978e+1, 0.00000e+0, 2.08796e+1, 0.00000e+0, 3.59001e+0, 0.00000e+0, 3.18341e+0, 0.00000e+0, 2.00000e+1, 0.00000e+0, 2.00000e+1, 0.00000e+0, 3, 2, 
09/21/2020 17:10:05.269, 09/21/2020 17:10:05.213, 4.16072e+0, 0.00000e+0, 9.74513e+1, 0.00000e+0, 1.93940e+0, 0.00000e+0, 1.05641e+4, 0.00000e+0, 4.76688e+2, 0.00000e+0, 1.96011e+0, 0.00000e+0, 4.81778e+2, 0.00000e+0, 5.01874e+2, 0.00000e+0, 2.17020e+1, 0.00000e+0, 2.08875e+1, 0.00000e+0, 3.58928e+0, 0.00000e+0, 3.18200e+0, 0.00000e+0, 2.00000e+1, 0.00000e+0, 2.00000e+1, 0.00000e+0, 3, 2, 
09/21/2020 17:10:06.266, 09/21/2020 17:10:06.206, 4.16046e+0, 0.00000e+0, 9.74125e+1, 0.00000e+0, 1.93438e+0, 0.00000e+0, 1.01653e+4, 0.00000e+0, 4.78210e+2, 0.00000e+0, 1.95424e+0, 0.00000e+0, 4.83121e+2, 0.00000e+0, 5.01862e+2, 0.00000e+0, 2.16985e+1, 0.00000e+0, 2.08956e+1, 0.00000e+0, 3.59218e+0, 0.00000e+0, 3.18144e+0, 0.00000e+0, 2.00000e+1, 0.00000e+0, 2.00000e+1, 0.00000e+0, 3, 2, 
09/21/2020 17:10:07.256, 09/21/2020 17:10:07.200, 4.16080e+0, 0.00000e+0, 9.74634e+1, 0.00000e+0, 1.93711e+0, 0.00000e+0, 1.04213e+4, 0.00000e+0, 4.78392e+2, 0.00000e+0, 1.95751e+0, 0.00000e+0, 4.83430e+2, 0.00000e+0, 5.01861e+2, 0.00000e+0, 2.16976e+1, 0.00000e+0, 2.09084e+1, 0.00000e+0, 3.58849e+0, 0.00000e+0, 3.18167e+0, 0.00000e+0, 2.00000e+1, 0.00000e+0, 2.00000e+1, 0.00000e+0, 3, 2, 
09/21/2020 17:10:08.285, 09/21/2020 17:10:08.195, 4.16070e+0, 0.00000e+0, 9.74489e+1, 0.00000e+0, 1.93314e+0, 0.00000e+0, 1.05536e+4, 0.00000e+0, 4.77680e+2, 0.00000e+0, 1.95376e+0, 0.00000e+0, 4.82775e+2, 0.00000e+0, 5.01869e+2, 0.00000e+0, 2.16992e+1, 0.00000e+0, 2.09156e+1, 0.00000e+0, 3.59031e+0, 0.00000e+0, 3.18211e+0, 0.00000e+0, 2.00000e+1, 0.00000e+0, 2.00000e+1, 0.00000e+0, 3, 2, 
09/21/2020 17:10:09.265, 09/21/2020 17:10:09.190, 4.16093e+0, 0.00000e+0, 9.74826e+1, 0.00000e+0, 1.93150e+0, 0.00000e+0, 1.03609e+4, 0.00000e+0, 4.77183e+2, 0.00000e+0, 1.95172e+0, 0.00000e+0, 4.82179e+2, 0.00000e+0, 5.01860e+2, 0.00000e+0, 2.17008e+1, 0.00000e+0, 2.09214e+1, 0.00000e+0, 3.58976e+0, 0.00000e+0, 3.18058e+0, 0.00000e+0, 2.00000e+1, 0.00000e+0, 2.00000e+1, 0.00000e+0, 3, 2, 
09/21/2020 17:10:10.267, 09/21/2020 17:10:10.184, 4.16091e+0, 0.00000e+0, 9.74795e+1, 0.00000e+0, 1.93233e+0, 0.00000e+0, 1.04328e+4, 0.00000e+0, 4.78918e+2, 0.00000e+0, 1.95270e+0, 0.00000e+0, 4.83967e+2, 0.00000e+0, 5.01865e+2, 0.00000e+0, 2.16983e+1, 0.00000e+0, 2.09262e+1, 0.00000e+0, 3.58851e+0, 0.00000e+0, 3.18102e+0, 0.00000e+0, 2.00000e+1, 0.00000e+0, 2.00000e+1, 0.00000e+0, 3, 2, 
09/21/2020 17:10:11.258, 09/21/2020 17:10:11.178, 4.16072e+0, 0.00000e+0, 9.74519e+1, 0.00000e+0, 1.93193e+0, 0.00000e+0, 1.03871e+4, 0.00000e+0, 4.78558e+2, 0.00000e+0, 1.95221e+0, 0.00000e+0, 4.83581e+2, 0.00000e+0, 5.01876e+2, 0.00000e+0, 2.16982e+1, 0.00000e+0, 2.09297e+1, 0.00000e+0, 3.59070e+0, 0.00000e+0, 3.18131e+0, 0.00000e+0, 2.00000e+1, 0.00000e+0, 2.00000e+1, 0.00000e+0, 3, 2, 
09/21/2020 17:10:12.232, 09/21/2020 17:10:12.173, 4.16080e+0, 0.00000e+0, 9.74628e+1, 0.00000e+0, 1.94058e+0, 0.00000e+0, 1.05060e+4, 0.00000e+0, 4.80860e+2, 0.00000e+0, 1.96119e+0, 0.00000e+0, 4.85966e+2, 0.00000e+0, 5.01875e+2, 0.00000e+0, 2.16960e+1, 0.00000e+0, 2.09363e+1, 0.00000e+0, 3.58787e+0, 0.00000e+0, 3.17973e+0, 0.00000e+0, 2.00000e+1, 0.00000e+0, 2.00000e+1, 0.00000e+0, 3, 2, 
09/21/2020 17:10:13.225, 09/21/2020 17:10:13.167, 4.16077e+0, 0.00000e+0, 9.74591e+1, 0.00000e+0, 1.93899e+0, 0.00000e+0, 1.04344e+4, 0.00000e+0, 4.80435e+2, 0.00000e+0, 1.95944e+0, 0.00000e+0, 4.85501e+2, 0.00000e+0, 5.01885e+2, 0.00000e+0, 2.16986e+1, 0.00000e+0, 2.09417e+1, 0.00000e+0, 3.58723e+0, 0.00000e+0, 3.18073e+0, 0.00000e+0, 2.00000e+1, 0.00000e+0, 2.00000e+1, 0.00000e+0, 3, 2, 
09/21/2020 17:10:14.221, 09/21/2020 17:10:14.162, 4.16086e+0, 0.00000e+0, 9.74721e+1, 0.00000e+0, 1.93708e+0, 0.00000e+0, 1.07018e+4, 0.00000e+0, 4.81976e+2, 0.00000e+0, 1.95804e+0, 0.00000e+0, 4.87190e+2, 0.00000e+0, 5.01877e+2, 0.00000e+0, 2.16961e+1, 0.00000e+0, 2.09453e+1, 0.00000e+0, 3.58609e+0, 0.00000e+0, 3.17955e+0, 0.00000e+0, 2.00000e+1, 0.00000e+0, 2.00000e+1, 0.00000e+0, 3, 2, 
09/21/2020 17:10:15.239, 09/21/2020 17:10:15.156, 4.16081e+0, 0.00000e+0, 9.74639e+1, 0.00000e+0, 1.93266e+0, 0.00000e+0, 1.05064e+4, 0.00000e+0, 4.81670e+2, 0.00000e+0, 1.95318e+0, 0.00000e+0, 4.86784e+2, 0.00000e+0, 5.01860e+2, 0.00000e+0, 2.16962e+1, 0.00000e+0, 2.09488e+1, 0.00000e+0, 3.58740e+0, 0.00000e+0, 3.17942e+0, 0.00000e+0, 2.00000e+1, 0.00000e+0, 2.00000e+1, 0.00000e+0, 3, 2, 
09/21/2020 17:10:16.230, 09/21/2020 17:10:16.151, 4.16081e+0, 0.00000e+0, 9.74639e+1, 0.00000e+0, 1.93221e+0, 0.00000e+0, 1.02318e+4, 0.00000e+0, 4.81369e+2, 0.00000e+0, 1.95218e+0, 0.00000e+0, 4.86345e+2, 0.00000e+0, 5.01893e+2, 0.00000e+0, 2.16957e+1, 0.00000e+0, 2.09497e+1, 0.00000e+0, 3.58708e+0, 0.00000e+0, 3.17984e+0, 0.00000e+0, 2.00000e+1, 0.00000e+0, 2.00000e+1, 0.00000e+0, 3, 2, 
09/21/2020 17:10:17.207, 09/21/2020 17:10:17.147, 4.16083e+0, 0.00000e+0, 9.74673e+1, 0.00000e+0, 1.93596e+0, 0.00000e+0, 1.02995e+4, 0.00000e+0, 4.81863e+2, 0.00000e+0, 1.95611e+0, 0.00000e+0, 4.86878e+2, 0.00000e+0, 5.01894e+2, 0.00000e+0, 2.16983e+1, 0.00000e+0, 2.09544e+1, 0.00000e+0, 3.58476e+0, 0.00000e+0, 3.17976e+0, 0.00000e+0, 2.00000e+1, 0.00000e+0, 2.00000e+1, 0.00000e+0, 3, 2, 
09/21/2020 17:10:18.196, 09/21/2020 17:10:18.140, 4.16097e+0, 0.00000e+0, 9.74889e+1, 0.00000e+0, 1.93269e+0, 0.00000e+0, 1.05316e+4, 0.00000e+0, 4.82180e+2, 0.00000e+0, 1.95326e+0, 0.00000e+0, 4.87312e+2, 0.00000e+0, 5.01883e+2, 0.00000e+0, 2.16842e+1, 0.00000e+0, 2.09630e+1, 0.00000e+0, 3.58555e+0, 0.00000e+0, 3.18152e+0, 0.00000e+0, 2.00000e+1, 0.00000e+0, 2.00000e+1, 0.00000e+0, 3, 2, 
09/21/2020 17:10:19.188, 09/21/2020 17:10:19.134, 4.16095e+0, 0.00000e+0, 9.74848e+1, 0.00000e+0, 1.93454e+0, 0.00000e+0, 1.04710e+4, 0.00000e+0, 4.83075e+2, 0.00000e+0, 1.95502e+0, 0.00000e+0, 4.88187e+2, 0.00000e+0, 5.01884e+2, 0.00000e+0, 2.16856e+1, 0.00000e+0, 2.09689e+1, 0.00000e+0, 3.58606e+0, 0.00000e+0, 3.18017e+0, 0.00000e+0, 2.00000e+1, 0.00000e+0, 2.00000e+1, 0.00000e+0, 3, 2, 
09/21/2020 17:10:20.183, 09/21/2020 17:10:20.130, 4.16087e+0, 0.00000e+0, 9.74728e+1, 0.00000e+0, 1.93897e+0, 0.00000e+0, 1.07049e+4, 0.00000e+0, 4.84279e+2, 0.00000e+0, 1.95995e+0, 0.00000e+0, 4.89519e+2, 0.00000e+0, 5.01887e+2, 0.00000e+0, 2.16936e+1, 0.00000e+0, 2.09753e+1, 0.00000e+0, 3.58677e+0, 0.00000e+0, 3.18100e+0, 0.00000e+0, 2.00000e+1, 0.00000e+0, 2.00000e+1, 0.00000e+0, 3, 2, 
09/21/2020 17:10:21.184, 09/21/2020 17:10:21.124, 4.16092e+0, 0.00000e+0, 9.74809e+1, 0.00000e+0, 1.93576e+0, 0.00000e+0, 1.02756e+4, 0.00000e+0, 4.85531e+2, 0.00000e+0, 1.95585e+0, 0.00000e+0, 4.90572e+2, 0.00000e+0, 5.01870e+2, 0.00000e+0, 2.16938e+1, 0.00000e+0, 2.09790e+1, 0.00000e+0, 3.58598e+0, 0.00000e+0, 3.18062e+0, 0.00000e+0, 2.00000e+1, 0.00000e+0, 2.00000e+1, 0.00000e+0, 3, 2, 
09/21/2020 17:10:22.178, 09/21/2020 17:10:22.118, 4.16086e+0, 0.00000e+0, 9.74720e+1, 0.00000e+0, 1.93443e+0, 0.00000e+0, 1.04440e+4, 0.00000e+0, 4.83550e+2, 0.00000e+0, 1.95485e+0, 0.00000e+0, 4.88654e+2, 0.00000e+0, 5.01902e+2, 0.00000e+0, 2.16924e+1, 0.00000e+0, 2.09907e+1, 0.00000e+0, 3.58462e+0, 0.00000e+0, 3.18044e+0, 0.00000e+0, 2.00000e+1, 0.00000e+0, 2.00000e+1, 0.00000e+0, 3, 2, 
09/21/2020 17:10:23.171, 09/21/2020 17:10:23.113, 4.16098e+0, 0.00000e+0, 9.74900e+1, 0.00000e+0, 1.93165e+0, 0.00000e+0, 1.03360e+4, 0.00000e+0, 4.84858e+2, 0.00000e+0, 1.95182e+0, 0.00000e+0, 4.89922e+2, 0.00000e+0, 5.01898e+2, 0.00000e+0, 2.16897e+1, 0.00000e+0, 2.09970e+1, 0.00000e+0, 3.58750e+0, 0.00000e+0, 3.18159e+0, 0.00000e+0, 2.00000e+1, 0.00000e+0, 2.00000e+1, 0.00000e+0, 3, 2, 
09/21/2020 17:10:24.166, 09/21/2020 17:10:24.108, 4.16105e+0, 0.00000e+0, 9.75001e+1, 0.00000e+0, 1.93494e+0, 0.00000e+0, 1.06992e+4, 0.00000e+0, 4.86326e+2, 0.00000e+0, 1.95586e+0, 0.00000e+0, 4.91585e+2, 0.00000e+0, 5.01885e+2, 0.00000e+0, 2.16892e+1, 0.00000e+0, 2.09980e+1, 0.00000e+0, 3.58460e+0, 0.00000e+0, 3.18060e+0, 0.00000e+0, 2.00000e+1, 0.00000e+0, 2.00000e+1, 0.00000e+0, 3, 2, 
09/21/2020 17:10:25.161, 09/21/2020 17:10:25.103, 4.16093e+0, 0.00000e+0, 9.74823e+1, 0.00000e+0, 1.93406e+0, 0.00000e+0, 1.06538e+4, 0.00000e+0, 4.86314e+2, 0.00000e+0, 1.95489e+0, 0.00000e+0, 4.91551e+2, 0.00000e+0, 5.01884e+2, 0.00000e+0, 2.16899e+1, 0.00000e+0, 2.10066e+1, 0.00000e+0, 3.58701e+0, 0.00000e+0, 3.18257e+0, 0.00000e+0, 2.00000e+1, 0.00000e+0, 2.00000e+1, 0.00000e+0, 3, 3, 
09/21/2020 17:10:26.172, 09/21/2020 17:10:26.096, 4.16099e+0, 0.00000e+0, 9.74910e+1, 0.00000e+0, 1.93438e+0, 0.00000e+0, 1.06347e+4, 0.00000e+0, 4.84430e+2, 0.00000e+0, 1.95517e+0, 0.00000e+0, 4.89637e+2, 0.00000e+0, 5.01893e+2, 0.00000e+0, 2.16852e+1, 0.00000e+0, 2.10126e+1, 0.00000e+0, 3.58817e+0, 0.00000e+0, 3.18091e+0, 0.00000e+0, 2.00000e+1, 0.00000e+0, 2.00000e+1, 0.00000e+0, 3, 3, 
09/21/2020 17:10:27.144, 09/21/2020 17:10:27.091, 4.16097e+0, 0.00000e+0, 9.74882e+1, 0.00000e+0, 1.93786e+0, 0.00000e+0, 1.02890e+4, 0.00000e+0, 4.85569e+2, 0.00000e+0, 1.95800e+0, 0.00000e+0, 4.90617e+2, 0.00000e+0, 5.01882e+2, 0.00000e+0, 2.16867e+1, 0.00000e+0, 2.10158e+1, 0.00000e+0, 3.58704e+0, 0.00000e+0, 3.18039e+0, 0.00000e+0, 2.00000e+1, 0.00000e+0, 2.00000e+1, 0.00000e+0, 3, 3, 
09/21/2020 17:10:28.164, 09/21/2020 17:10:28.087, 4.16099e+0, 0.00000e+0, 9.74907e+1, 0.00000e+0, 1.93592e+0, 0.00000e+0, 1.00675e+4, 0.00000e+0, 4.86639e+2, 0.00000e+0, 1.95560e+0, 0.00000e+0, 4.91588e+2, 0.00000e+0, 5.01879e+2, 0.00000e+0, 2.16824e+1, 0.00000e+0, 2.10197e+1, 0.00000e+0, 3.58905e+0, 0.00000e+0, 3.18071e+0, 0.00000e+0, 2.00000e+1, 0.00000e+0, 2.00000e+1, 0.00000e+0, 3, 3, 
09/21/2020 17:10:29.136, 09/21/2020 17:10:29.081, 4.16112e+0, 0.00000e+0, 9.75097e+1, 0.00000e+0, 1.93869e+0, 0.00000e+0, 1.08511e+4, 0.00000e+0, 4.87329e+2, 0.00000e+0, 1.95995e+0, 0.00000e+0, 4.92675e+2, 0.00000e+0, 5.01882e+2, 0.00000e+0, 2.16821e+1, 0.00000e+0, 2.10232e+1, 0.00000e+0, 3.58490e+0, 0.00000e+0, 3.18253e+0, 0.00000e+0, 2.00000e+1, 0.00000e+0, 2.00000e+1, 0.00000e+0, 3, 3, 
09/21/2020 17:10:30.131, 09/21/2020 17:10:30.074, 4.16118e+0, 0.00000e+0, 9.75191e+1, 0.00000e+0, 1.93578e+0, 0.00000e+0, 1.08013e+4, 0.00000e+0, 4.88041e+2, 0.00000e+0, 1.95692e+0, 0.00000e+0, 4.93370e+2, 0.00000e+0, 5.01876e+2, 0.00000e+0, 2.16862e+1, 0.00000e+0, 2.10248e+1, 0.00000e+0, 3.58425e+0, 0.00000e+0, 3.18219e+0, 0.00000e+0, 2.00000e+1, 0.00000e+0, 2.00000e+1, 0.00000e+0, 3, 3, 
09/21/2020 17:10:31.130, 09/21/2020 17:10:31.070, 4.16085e+0, 0.00000e+0, 9.74708e+1, 0.00000e+0, 1.93511e+0, 0.00000e+0, 1.05075e+4, 0.00000e+0, 4.88663e+2, 0.00000e+0, 1.95566e+0, 0.00000e+0, 4.93852e+2, 0.00000e+0, 5.01886e+2, 0.00000e+0, 2.17003e+1, 0.00000e+0, 2.10253e+1, 0.00000e+0, 3.58747e+0, 0.00000e+0, 3.18164e+0, 0.00000e+0, 2.00000e+1, 0.00000e+0, 2.00000e+1, 0.00000e+0, 3, 3, 
09/21/2020 17:10:32.123, 09/21/2020 17:10:32.063, 4.16100e+0, 0.00000e+0, 9.74933e+1, 0.00000e+0, 1.93206e+0, 0.00000e+0, 1.05588e+4, 0.00000e+0, 4.89355e+2, 0.00000e+0, 1.95268e+0, 0.00000e+0, 4.94577e+2, 0.00000e+0, 5.01850e+2, 0.00000e+0, 2.16892e+1, 0.00000e+0, 2.10337e+1, 0.00000e+0, 3.58528e+0, 0.00000e+0, 3.18169e+0, 0.00000e+0, 2.00000e+1, 0.00000e+0, 2.00000e+1, 0.00000e+0, 3, 3, 
09/21/2020 17:10:33.111, 09/21/2020 17:10:33.059, 4.16091e+0, 0.00000e+0, 9.74798e+1, 0.00000e+0, 1.93869e+0, 0.00000e+0, 1.08018e+4, 0.00000e+0, 4.85981e+2, 0.00000e+0, 1.95986e+0, 0.00000e+0, 4.91288e+2, 0.00000e+0, 5.01882e+2, 0.00000e+0, 2.16945e+1, 0.00000e+0, 2.10327e+1, 0.00000e+0, 3.58561e+0, 0.00000e+0, 3.18325e+0, 0.00000e+0, 2.00000e+1, 0.00000e+0, 2.00000e+1, 0.00000e+0, 3, 3, 
09/21/2020 17:10:34.144, 09/21/2020 17:10:34.052, 4.16109e+0, 0.00000e+0, 9.75052e+1, 0.00000e+0, 1.93049e+0, 0.00000e+0, 1.09698e+4, 0.00000e+0, 4.88868e+2, 0.00000e+0, 1.95190e+0, 0.00000e+0, 4.94290e+2, 0.00000e+0, 5.01872e+2, 0.00000e+0, 2.16874e+1, 0.00000e+0, 2.10359e+1, 0.00000e+0, 3.58574e+0, 0.00000e+0, 3.18144e+0, 0.00000e+0, 2.00000e+1, 0.00000e+0, 2.00000e+1, 0.00000e+0, 3, 3, 
09/21/2020 17:10:35.107, 09/21/2020 17:10:35.048, 4.16092e+0, 0.00000e+0, 9.74807e+1, 0.00000e+0, 1.94132e+0, 0.00000e+0, 1.04178e+4, 0.00000e+0, 4.89788e+2, 0.00000e+0, 1.96175e+0, 0.00000e+0, 4.94944e+2, 0.00000e+0, 5.01886e+2, 0.00000e+0, 2.16919e+1, 0.00000e+0, 2.10389e+1, 0.00000e+0, 3.58330e+0, 0.00000e+0, 3.18234e+0, 0.00000e+0, 2.00000e+1, 0.00000e+0, 2.00000e+1, 0.00000e+0, 3, 3, 
09/21/2020 17:10:36.097, 09/21/2020 17:10:36.042, 4.16119e+0, 0.00000e+0, 9.75207e+1, 0.00000e+0, 1.93337e+0, 0.00000e+0, 1.10209e+4, 0.00000e+0, 4.91397e+2, 0.00000e+0, 1.95491e+0, 0.00000e+0, 4.96873e+2, 0.00000e+0, 5.01886e+2, 0.00000e+0, 2.17079e+1, 0.00000e+0, 2.10400e+1, 0.00000e+0, 3.58494e+0, 0.00000e+0, 3.18278e+0, 0.00000e+0, 2.00000e+1, 0.00000e+0, 2.00000e+1, 0.00000e+0, 3, 3, 
09/21/2020 17:10:37.123, 09/21/2020 17:10:37.036, 4.16103e+0, 0.00000e+0, 9.74967e+1, 0.00000e+0, 1.93737e+0, 0.00000e+0, 1.05719e+4, 0.00000e+0, 4.90378e+2, 0.00000e+0, 1.95807e+0, 0.00000e+0, 4.95618e+2, 0.00000e+0, 5.01896e+2, 0.00000e+0, 2.17045e+1, 0.00000e+0, 2.10388e+1, 0.00000e+0, 3.58393e+0, 0.00000e+0, 3.18357e+0, 0.00000e+0, 2.00000e+1, 0.00000e+0, 2.00000e+1, 0.00000e+0, 3, 3, 
09/21/2020 17:10:38.084, 09/21/2020 17:10:38.032, 4.16097e+0, 0.00000e+0, 9.74887e+1, 0.00000e+0, 1.93965e+0, 0.00000e+0, 1.06127e+4, 0.00000e+0, 4.89607e+2, 0.00000e+0, 1.96046e+0, 0.00000e+0, 4.94859e+2, 0.00000e+0, 5.01888e+2, 0.00000e+0, 2.16969e+1, 0.00000e+0, 2.10434e+1, 0.00000e+0, 3.58426e+0, 0.00000e+0, 3.18348e+0, 0.00000e+0, 2.00000e+1, 0.00000e+0, 2.00000e+1, 0.00000e+0, 3, 3, 
09/21/2020 17:10:39.090, 09/21/2020 17:10:39.025, 4.16109e+0, 0.00000e+0, 9.75063e+1, 0.00000e+0, 1.93066e+0, 0.00000e+0, 1.09754e+4, 0.00000e+0, 4.88714e+2, 0.00000e+0, 1.95209e+0, 0.00000e+0, 4.94137e+2, 0.00000e+0, 5.01805e+2, 0.00000e+0, 2.17063e+1, 0.00000e+0, 2.10479e+1, 0.00000e+0, 3.58644e+0, 0.00000e+0, 3.18175e+0, 0.00000e+0, 2.00000e+1, 0.00000e+0, 2.00000e+1, 0.00000e+0, 3, 3, 
09/21/2020 17:10:40.079, 09/21/2020 17:10:40.021, 4.16108e+0, 0.00000e+0, 9.75049e+1, 0.00000e+0, 1.93627e+0, 0.00000e+0, 1.07886e+4, 0.00000e+0, 4.91088e+2, 0.00000e+0, 1.95739e+0, 0.00000e+0, 4.96444e+2, 0.00000e+0, 5.01900e+2, 0.00000e+0, 2.17034e+1, 0.00000e+0, 2.10533e+1, 0.00000e+0, 3.58340e+0, 0.00000e+0, 3.18191e+0, 0.00000e+0, 2.00000e+1, 0.00000e+0, 2.00000e+1, 0.00000e+0, 3, 3, 
09/21/2020 17:10:41.070, 09/21/2020 17:10:41.014, 4.16082e+0, 0.00000e+0, 9.74658e+1, 0.00000e+0, 1.93837e+0, 0.00000e+0, 1.06979e+4, 0.00000e+0, 4.89784e+2, 0.00000e+0, 1.95933e+0, 0.00000e+0, 4.95081e+2, 0.00000e+0, 5.01902e+2, 0.00000e+0, 2.17154e+1, 0.00000e+0, 2.10369e+1, 0.00000e+0, 3.58450e+0, 0.00000e+0, 3.18399e+0, 0.00000e+0, 2.00000e+1, 0.00000e+0, 2.00000e+1, 0.00000e+0, 3, 3, 
09/21/2020 17:10:42.082, 09/21/2020 17:10:42.010, 4.16106e+0, 0.00000e+0, 9.75009e+1, 0.00000e+0, 1.93221e+0, 0.00000e+0, 1.09798e+4, 0.00000e+0, 4.89518e+2, 0.00000e+0, 1.95366e+0, 0.00000e+0, 4.94953e+2, 0.00000e+0, 5.01858e+2, 0.00000e+0, 2.17180e+1, 0.00000e+0, 2.10577e+1, 0.00000e+0, 3.58802e+0, 0.00000e+0, 3.18234e+0, 0.00000e+0, 2.00000e+1, 0.00000e+0, 2.00000e+1, 0.00000e+0, 3, 3, 
09/21/2020 17:10:43.083, 09/21/2020 17:10:43.003, 4.15993e+0, 0.00000e+0, 9.73353e+1, 0.00000e+0, 1.93612e+0, 0.00000e+0, 1.09257e+4, 0.00000e+0, 4.87591e+2, 0.00000e+0, 1.95751e+0, 0.00000e+0, 4.92977e+2, 0.00000e+0, 5.01780e+2, 0.00000e+0, 2.17273e+1, 0.00000e+0, 2.10278e+1, 0.00000e+0, 3.58360e+0, 0.00000e+0, 3.18262e+0, 0.00000e+0, 2.00000e+1, 0.00000e+0, 2.00000e+1, 0.00000e+0, 3, 3, 
09/21/2020 17:10:44.051, 09/21/2020 17:10:43.998, 4.16084e+0, 0.00000e+0, 9.74687e+1, 0.00000e+0, 1.93271e+0, 0.00000e+0, 1.12203e+4, 0.00000e+0, 4.86172e+2, 0.00000e+0, 1.95464e+0, 0.00000e+0, 4.91689e+2, 0.00000e+0, 5.01957e+2, 0.00000e+0, 2.17246e+1, 0.00000e+0, 2.10631e+1, 0.00000e+0, 3.58627e+0, 0.00000e+0, 3.18402e+0, 0.00000e+0, 2.00000e+1, 0.00000e+0, 2.00000e+1, 0.00000e+0, 3, 3, 
09/21/2020 17:10:45.054, 09/21/2020 17:10:44.993, 4.16110e+0, 0.00000e+0, 9.75078e+1, 0.00000e+0, 1.93575e+0, 0.00000e+0, 1.02137e+4, 0.00000e+0, 4.85984e+2, 0.00000e+0, 1.95573e+0, 0.00000e+0, 4.90999e+2, 0.00000e+0, 5.01932e+2, 0.00000e+0, 2.17196e+1, 0.00000e+0, 2.10730e+1, 0.00000e+0, 3.58485e+0, 0.00000e+0, 3.18468e+0, 0.00000e+0, 2.00000e+1, 0.00000e+0, 2.00000e+1, 0.00000e+0, 3, 3, 
09/21/2020 17:10:46.046, 09/21/2020 17:10:45.988, 4.16117e+0, 0.00000e+0, 9.75178e+1, 0.00000e+0, 1.93407e+0, 0.00000e+0, 1.09451e+4, 0.00000e+0, 4.83711e+2, 0.00000e+0, 1.95547e+0, 0.00000e+0, 4.89064e+2, 0.00000e+0, 5.01906e+2, 0.00000e+0, 2.17215e+1, 0.00000e+0, 2.10717e+1, 0.00000e+0, 3.59042e+0, 0.00000e+0, 3.18305e+0, 0.00000e+0, 2.00000e+1, 0.00000e+0, 2.00000e+1, 0.00000e+0, 3, 3, 
09/21/2020 17:10:47.042, 09/21/2020 17:10:46.982, 4.16117e+0, 0.00000e+0, 9.75172e+1, 0.00000e+0, 1.93743e+0, 0.00000e+0, 1.12240e+4, 0.00000e+0, 4.84909e+2, 0.00000e+0, 1.95942e+0, 0.00000e+0, 4.90413e+2, 0.00000e+0, 5.01869e+2, 0.00000e+0, 2.17286e+1, 0.00000e+0, 2.10796e+1, 0.00000e+0, 3.58407e+0, 0.00000e+0, 3.18407e+0, 0.00000e+0, 2.00000e+1, 0.00000e+0, 2.00000e+1, 0.00000e+0, 3, 3, 
09/21/2020 17:10:48.047, 09/21/2020 17:10:47.977, 4.16103e+0, 0.00000e+0, 9.74965e+1, 0.00000e+0, 1.92718e+0, 0.00000e+0, 1.05674e+4, 0.00000e+0, 4.84170e+2, 0.00000e+0, 1.94776e+0, 0.00000e+0, 4.89341e+2, 0.00000e+0, 5.01961e+2, 0.00000e+0, 2.17295e+1, 0.00000e+0, 2.10851e+1, 0.00000e+0, 3.58780e+0, 0.00000e+0, 3.18472e+0, 0.00000e+0, 2.00000e+1, 0.00000e+0, 2.00000e+1, 0.00000e+0, 3, 3, 
09/21/2020 17:10:49.022, 09/21/2020 17:10:48.971, 4.16069e+0, 0.00000e+0, 9.74476e+1, 0.00000e+0, 1.93897e+0, 0.00000e+0, 1.09175e+4, 0.00000e+0, 4.86546e+2, 0.00000e+0, 1.96037e+0, 0.00000e+0, 4.91917e+2, 0.00000e+0, 5.01879e+2, 0.00000e+0, 2.17526e+1, 0.00000e+0, 2.10770e+1, 0.00000e+0, 3.59090e+0, 0.00000e+0, 3.18451e+0, 0.00000e+0, 2.00000e+1, 0.00000e+0, 2.00000e+1, 0.00000e+0, 3, 3, 
09/21/2020 17:10:50.033, 09/21/2020 17:10:49.965, 4.16036e+0, 0.00000e+0, 9.73978e+1, 0.00000e+0, 1.93431e+0, 0.00000e+0, 1.04602e+4, 0.00000e+0, 4.84682e+2, 0.00000e+0, 1.95476e+0, 0.00000e+0, 4.89805e+2, 0.00000e+0, 5.01842e+2, 0.00000e+0, 2.17612e+1, 0.00000e+0, 2.10723e+1, 0.00000e+0, 3.58991e+0, 0.00000e+0, 3.18319e+0, 0.00000e+0, 2.00000e+1, 0.00000e+0, 2.00000e+1, 0.00000e+0, 3, 3, 
09/21/2020 17:10:51.032, 09/21/2020 17:10:50.961, 4.16049e+0, 0.00000e+0, 9.74169e+1, 0.00000e+0, 1.93490e+0, 0.00000e+0, 1.08765e+4, 0.00000e+0, 4.83768e+2, 0.00000e+0, 1.95617e+0, 0.00000e+0, 4.89088e+2, 0.00000e+0, 5.02047e+2, 0.00000e+0, 2.17487e+1, 0.00000e+0, 2.10801e+1, 0.00000e+0, 3.58802e+0, 0.00000e+0, 3.18219e+0, 0.00000e+0, 2.00000e+1, 0.00000e+0, 2.00000e+1, 0.00000e+0, 3, 3, 
09/21/2020 17:10:52.015, 09/21/2020 17:10:51.954, 4.16131e+0, 0.00000e+0, 9.75384e+1, 0.00000e+0, 1.93751e+0, 0.00000e+0, 1.10459e+4, 0.00000e+0, 4.82681e+2, 0.00000e+0, 1.95915e+0, 0.00000e+0, 4.88072e+2, 0.00000e+0, 5.01878e+2, 0.00000e+0, 2.17288e+1, 0.00000e+0, 2.11082e+1, 0.00000e+0, 3.58874e+0, 0.00000e+0, 3.18399e+0, 0.00000e+0, 2.00000e+1, 0.00000e+0, 2.00000e+1, 0.00000e+0, 3, 3, 
09/21/2020 17:10:53.011, 09/21/2020 17:10:52.956, 4.16141e+0, 0.00000e+0, 9.75536e+1, 0.00000e+0, 1.93867e+0, 0.00000e+0, 1.06962e+4, 0.00000e+0, 4.85093e+2, 0.00000e+0, 1.95963e+0, 0.00000e+0, 4.90338e+2, 0.00000e+0, 5.01942e+2, 0.00000e+0, 2.17329e+1, 0.00000e+0, 2.11114e+1, 0.00000e+0, 3.58746e+0, 0.00000e+0, 3.18308e+0, 0.00000e+0, 2.00000e+1, 0.00000e+0, 2.00000e+1, 0.00000e+0, 3, 3, 
09/21/2020 17:10:54.012, 09/21/2020 17:10:53.951, 4.16130e+0, 0.00000e+0, 9.75368e+1, 0.00000e+0, 1.93858e+0, 0.00000e+0, 1.08821e+4, 0.00000e+0, 4.85169e+2, 0.00000e+0, 1.95991e+0, 0.00000e+0, 4.90507e+2, 0.00000e+0, 5.01910e+2, 0.00000e+0, 2.17234e+1, 0.00000e+0, 2.11162e+1, 0.00000e+0, 3.58905e+0, 0.00000e+0, 3.18383e+0, 0.00000e+0, 2.00000e+1, 0.00000e+0, 2.00000e+1, 0.00000e+0, 3, 3, 
09/21/2020 17:10:54.997, 09/21/2020 17:10:54.945, 4.16133e+0, 0.00000e+0, 9.75407e+1, 0.00000e+0, 1.93224e+0, 0.00000e+0, 1.09271e+4, 0.00000e+0, 4.84937e+2, 0.00000e+0, 1.95358e+0, 0.00000e+0, 4.90295e+2, 0.00000e+0, 5.01943e+2, 0.00000e+0, 2.17366e+1, 0.00000e+0, 2.11163e+1, 0.00000e+0, 3.58415e+0, 0.00000e+0, 3.18319e+0, 0.00000e+0, 2.00000e+1, 0.00000e+0, 2.00000e+1, 0.00000e+0, 3, 4, 
09/21/2020 17:10:56.002, 09/21/2020 17:10:55.946, 4.16147e+0, 0.00000e+0, 9.75615e+1, 0.00000e+0, 1.93364e+0, 0.00000e+0, 1.07865e+4, 0.00000e+0, 4.84015e+2, 0.00000e+0, 1.95472e+0, 0.00000e+0, 4.89293e+2, 0.00000e+0, 5.01884e+2, 0.00000e+0, 2.17272e+1, 0.00000e+0, 2.11264e+1, 0.00000e+0, 3.58833e+0, 0.00000e+0, 3.18491e+0, 0.00000e+0, 2.00000e+1, 0.00000e+0, 2.00000e+1, 0.00000e+0, 3, 4, 
09/21/2020 17:10:56.997, 09/21/2020 17:10:56.941, 4.16143e+0, 0.00000e+0, 9.75567e+1, 0.00000e+0, 1.93524e+0, 0.00000e+0, 1.11142e+4, 0.00000e+0, 4.84026e+2, 0.00000e+0, 1.95699e+0, 0.00000e+0, 4.89467e+2, 0.00000e+0, 5.01898e+2, 0.00000e+0, 2.17365e+1, 0.00000e+0, 2.11307e+1, 0.00000e+0, 3.58691e+0, 0.00000e+0, 3.18448e+0, 0.00000e+0, 2.00000e+1, 0.00000e+0, 2.00000e+1, 0.00000e+0, 3, 4, 
09/21/2020 17:10:58.019, 09/21/2020 17:10:57.936, 4.16057e+0, 0.00000e+0, 9.74286e+1, 0.00000e+0, 1.93425e+0, 0.00000e+0, 1.04838e+4, 0.00000e+0, 4.84034e+2, 0.00000e+0, 1.95474e+0, 0.00000e+0, 4.89163e+2, 0.00000e+0, 5.01972e+2, 0.00000e+0, 2.17664e+1, 0.00000e+0, 2.11034e+1, 0.00000e+0, 3.58676e+0, 0.00000e+0, 3.18391e+0, 0.00000e+0, 2.00000e+1, 0.00000e+0, 2.00000e+1, 0.00000e+0, 3, 4, 
09/21/2020 17:10:59.005, 09/21/2020 17:10:58.929, 4.16035e+0, 0.00000e+0, 9.73974e+1, 0.00000e+0, 1.93306e+0, 0.00000e+0, 1.08015e+4, 0.00000e+0, 4.86230e+2, 0.00000e+0, 1.95417e+0, 0.00000e+0, 4.91540e+2, 0.00000e+0, 5.01896e+2, 0.00000e+0, 2.18020e+1, 0.00000e+0, 2.11103e+1, 0.00000e+0, 3.59096e+0, 0.00000e+0, 3.18279e+0, 0.00000e+0, 2.00000e+1, 0.00000e+0, 2.00000e+1, 0.00000e+0, 3, 4, 
09/21/2020 17:10:59.985, 09/21/2020 17:10:59.928, 4.16122e+0, 0.00000e+0, 9.75256e+1, 0.00000e+0, 1.93712e+0, 0.00000e+0, 1.10561e+4, 0.00000e+0, 4.83926e+2, 0.00000e+0, 1.95878e+0, 0.00000e+0, 4.89337e+2, 0.00000e+0, 5.01914e+2, 0.00000e+0, 2.17408e+1, 0.00000e+0, 2.11410e+1, 0.00000e+0, 3.58502e+0, 0.00000e+0, 3.18266e+0, 0.00000e+0, 2.00000e+1, 0.00000e+0, 2.00000e+1, 0.00000e+0, 3, 4, 
09/21/2020 17:11:01.001, 09/21/2020 17:11:00.926, 4.16110e+0, 0.00000e+0, 9.75079e+1, 0.00000e+0, 1.93447e+0, 0.00000e+0, 1.04118e+4, 0.00000e+0, 4.83915e+2, 0.00000e+0, 1.95483e+0, 0.00000e+0, 4.89006e+2, 0.00000e+0, 5.01908e+2, 0.00000e+0, 2.17753e+1, 0.00000e+0, 2.11367e+1, 0.00000e+0, 3.58885e+0, 0.00000e+0, 3.18511e+0, 0.00000e+0, 2.00000e+1, 0.00000e+0, 2.00000e+1, 0.00000e+0, 3, 4, 
09/21/2020 17:11:01.982, 09/21/2020 17:11:01.919, 4.16086e+0, 0.00000e+0, 9.74719e+1, 0.00000e+0, 1.93548e+0, 0.00000e+0, 1.05774e+4, 0.00000e+0, 4.84623e+2, 0.00000e+0, 1.95617e+0, 0.00000e+0, 4.89804e+2, 0.00000e+0, 5.01960e+2, 0.00000e+0, 2.17644e+1, 0.00000e+0, 2.11412e+1, 0.00000e+0, 3.58867e+0, 0.00000e+0, 3.18338e+0, 0.00000e+0, 2.00000e+1, 0.00000e+0, 2.00000e+1, 0.00000e+0, 3, 4, 
09/21/2020 17:11:02.968, 09/21/2020 17:11:02.914, 4.16135e+0, 0.00000e+0, 9.75445e+1, 0.00000e+0, 1.93616e+0, 0.00000e+0, 1.09783e+4, 0.00000e+0, 4.85253e+2, 0.00000e+0, 1.95765e+0, 0.00000e+0, 4.90640e+2, 0.00000e+0, 5.01878e+2, 0.00000e+0, 2.17302e+1, 0.00000e+0, 2.11583e+1, 0.00000e+0, 3.58908e+0, 0.00000e+0, 3.18345e+0, 0.00000e+0, 2.00000e+1, 0.00000e+0, 2.00000e+1, 0.00000e+0, 3, 4, 
09/21/2020 17:11:03.987, 09/21/2020 17:11:03.909, 4.16109e+0, 0.00000e+0, 9.75065e+1, 0.00000e+0, 1.93126e+0, 0.00000e+0, 1.05226e+4, 0.00000e+0, 4.84304e+2, 0.00000e+0, 1.95180e+0, 0.00000e+0, 4.89454e+2, 0.00000e+0, 5.01918e+2, 0.00000e+0, 2.17379e+1, 0.00000e+0, 2.11571e+1, 0.00000e+0, 3.58540e+0, 0.00000e+0, 3.18214e+0, 0.00000e+0, 2.00000e+1, 0.00000e+0, 2.00000e+1, 0.00000e+0, 3, 4, 
09/21/2020 17:11:04.959, 09/21/2020 17:11:04.904, 4.16111e+0, 0.00000e+0, 9.75095e+1, 0.00000e+0, 1.93216e+0, 0.00000e+0, 1.05059e+4, 0.00000e+0, 4.85067e+2, 0.00000e+0, 1.95267e+0, 0.00000e+0, 4.90217e+2, 0.00000e+0, 5.01890e+2, 0.00000e+0, 2.17431e+1, 0.00000e+0, 2.11603e+1, 0.00000e+0, 3.58562e+0, 0.00000e+0, 3.18328e+0, 0.00000e+0, 2.00000e+1, 0.00000e+0, 2.00000e+1, 0.00000e+0, 3, 4, 
09/21/2020 17:11:05.976, 09/21/2020 17:11:05.899, 4.16142e+0, 0.00000e+0, 9.75553e+1, 0.00000e+0, 1.93790e+0, 0.00000e+0, 1.07791e+4, 0.00000e+0, 4.85911e+2, 0.00000e+0, 1.95901e+0, 0.00000e+0, 4.91206e+2, 0.00000e+0, 5.01875e+2, 0.00000e+0, 2.17417e+1, 0.00000e+0, 2.11639e+1, 0.00000e+0, 3.58538e+0, 0.00000e+0, 3.18267e+0, 0.00000e+0, 2.00000e+1, 0.00000e+0, 2.00000e+1, 0.00000e+0, 3, 4, 
09/21/2020 17:11:06.986, 09/21/2020 17:11:06.893, 4.16092e+0, 0.00000e+0, 9.74815e+1, 0.00000e+0, 1.93637e+0, 0.00000e+0, 1.09383e+4, 0.00000e+0, 4.84158e+2, 0.00000e+0, 1.95778e+0, 0.00000e+0, 4.89513e+2, 0.00000e+0, 5.01837e+2, 0.00000e+0, 2.17541e+1, 0.00000e+0, 2.11559e+1, 0.00000e+0, 3.58546e+0, 0.00000e+0, 3.18317e+0, 0.00000e+0, 2.00000e+1, 0.00000e+0, 2.00000e+1, 0.00000e+0, 3, 4, 
09/21/2020 17:11:07.963, 09/21/2020 17:11:07.887, 4.16129e+0, 0.00000e+0, 9.75347e+1, 0.00000e+0, 1.93518e+0, 0.00000e+0, 1.06508e+4, 0.00000e+0, 4.84486e+2, 0.00000e+0, 1.95601e+0, 0.00000e+0, 4.89702e+2, 0.00000e+0, 5.01840e+2, 0.00000e+0, 2.17538e+1, 0.00000e+0, 2.11719e+1, 0.00000e+0, 3.58743e+0, 0.00000e+0, 3.18226e+0, 0.00000e+0, 2.00000e+1, 0.00000e+0, 2.00000e+1, 0.00000e+0, 3, 4, 
09/21/2020 17:11:08.963, 09/21/2020 17:11:08.882, 4.16154e+0, 0.00000e+0, 9.75717e+1, 0.00000e+0, 1.93060e+0, 0.00000e+0, 1.09825e+4, 0.00000e+0, 4.87396e+2, 0.00000e+0, 1.95204e+0, 0.00000e+0, 4.92808e+2, 0.00000e+0, 5.01922e+2, 0.00000e+0, 2.17501e+1, 0.00000e+0, 2.11790e+1, 0.00000e+0, 3.58541e+0, 0.00000e+0, 3.18334e+0, 0.00000e+0, 2.00000e+1, 0.00000e+0, 2.00000e+1, 0.00000e+0, 3, 4, 
09/21/2020 17:11:09.950, 09/21/2020 17:11:09.876, 4.16114e+0, 0.00000e+0, 9.75138e+1, 0.00000e+0, 1.93399e+0, 0.00000e+0, 1.07530e+4, 0.00000e+0, 4.86901e+2, 0.00000e+0, 1.95501e+0, 0.00000e+0, 4.92193e+2, 0.00000e+0, 5.01809e+2, 0.00000e+0, 2.17478e+1, 0.00000e+0, 2.11632e+1, 0.00000e+0, 3.58407e+0, 0.00000e+0, 3.18190e+0, 0.00000e+0, 2.00000e+1, 0.00000e+0, 2.00000e+1, 0.00000e+0, 3, 4, 
09/21/2020 17:11:10.930, 09/21/2020 17:11:10.871, 4.16144e+0, 0.00000e+0, 9.75582e+1, 0.00000e+0, 1.93934e+0, 0.00000e+0, 1.08976e+4, 0.00000e+0, 4.86383e+2, 0.00000e+0, 1.96070e+0, 0.00000e+0, 4.91742e+2, 0.00000e+0, 5.01891e+2, 0.00000e+0, 2.17506e+1, 0.00000e+0, 2.11814e+1, 0.00000e+0, 3.58400e+0, 0.00000e+0, 3.18156e+0, 0.00000e+0, 2.00000e+1, 0.00000e+0, 2.00000e+1, 0.00000e+0, 3, 4, 
09/21/2020 17:11:11.951, 09/21/2020 17:11:11.900, 4.16079e+0, 0.00000e+0, 9.74618e+1, 0.00000e+0, 1.93811e+0, 0.00000e+0, 1.08223e+4, 0.00000e+0, 4.88488e+2, 0.00000e+0, 1.95931e+0, 0.00000e+0, 4.93832e+2, 0.00000e+0, 5.01718e+2, 0.00000e+0, 2.17647e+1, 0.00000e+0, 2.11627e+1, 0.00000e+0, 3.58760e+0, 0.00000e+0, 3.18147e+0, 0.00000e+0, 2.00000e+1, 0.00000e+0, 2.00000e+1, 0.00000e+0, 3, 4, 
09/21/2020 17:11:12.969, 09/21/2020 17:11:12.899, 4.16038e+0, 0.00000e+0, 9.74014e+1, 0.00000e+0, 1.93232e+0, 0.00000e+0, 1.09074e+4, 0.00000e+0, 4.86880e+2, 0.00000e+0, 1.95363e+0, 0.00000e+0, 4.92250e+2, 0.00000e+0, 5.01916e+2, 0.00000e+0, 2.17884e+1, 0.00000e+0, 2.11530e+1, 0.00000e+0, 3.58601e+0, 0.00000e+0, 3.18173e+0, 0.00000e+0, 2.00000e+1, 0.00000e+0, 2.00000e+1, 0.00000e+0, 3, 4, 
09/21/2020 17:11:13.947, 09/21/2020 17:11:13.854, 4.15847e+0, 0.00000e+0, 9.71200e+1, 0.00000e+0, 1.93418e+0, 0.00000e+0, 1.07196e+4, 0.00000e+0, 4.86813e+2, 0.00000e+0, 1.95514e+0, 0.00000e+0, 4.92088e+2, 0.00000e+0, 5.01987e+2, 0.00000e+0, 2.18307e+1, 0.00000e+0, 2.10878e+1, 0.00000e+0, 3.59070e+0, 0.00000e+0, 3.18384e+0, 0.00000e+0, 2.00000e+1, 0.00000e+0, 2.00000e+1, 0.00000e+0, 3, 4, 
09/21/2020 17:11:14.925, 09/21/2020 17:11:14.849, 4.16054e+0, 0.00000e+0, 9.74255e+1, 0.00000e+0, 1.93149e+0, 0.00000e+0, 1.09120e+4, 0.00000e+0, 4.87453e+2, 0.00000e+0, 1.95279e+0, 0.00000e+0, 4.92831e+2, 0.00000e+0, 5.01978e+2, 0.00000e+0, 2.17652e+1, 0.00000e+0, 2.11593e+1, 0.00000e+0, 3.58993e+0, 0.00000e+0, 3.18188e+0, 0.00000e+0, 2.00000e+1, 0.00000e+0, 2.00000e+1, 0.00000e+0, 3, 4, 
09/21/2020 17:11:15.925, 09/21/2020 17:11:15.843, 4.16125e+0, 0.00000e+0, 9.75302e+1, 0.00000e+0, 1.93784e+0, 0.00000e+0, 1.07632e+4, 0.00000e+0, 4.84815e+2, 0.00000e+0, 1.95892e+0, 0.00000e+0, 4.90090e+2, 0.00000e+0, 5.01782e+2, 0.00000e+0, 2.17533e+1, 0.00000e+0, 2.11758e+1, 0.00000e+0, 3.59308e+0, 0.00000e+0, 3.18281e+0, 0.00000e+0, 2.00000e+1, 0.00000e+0, 2.00000e+1, 0.00000e+0, 3, 4, 
09/21/2020 17:11:16.899, 09/21/2020 17:11:16.838, 4.16168e+0, 0.00000e+0, 9.75929e+1, 0.00000e+0, 1.93158e+0, 0.00000e+0, 1.13159e+4, 0.00000e+0, 4.86161e+2, 0.00000e+0, 1.95369e+0, 0.00000e+0, 4.91725e+2, 0.00000e+0, 5.01819e+2, 0.00000e+0, 2.17442e+1, 0.00000e+0, 2.11980e+1, 0.00000e+0, 3.58819e+0, 0.00000e+0, 3.18178e+0, 0.00000e+0, 2.00000e+1, 0.00000e+0, 2.00000e+1, 0.00000e+0, 3, 4, 
09/21/2020 17:11:17.910, 09/21/2020 17:11:17.832, 4.16164e+0, 0.00000e+0, 9.75869e+1, 0.00000e+0, 1.93387e+0, 0.00000e+0, 1.08430e+4, 0.00000e+0, 4.86064e+2, 0.00000e+0, 1.95506e+0, 0.00000e+0, 4.91392e+2, 0.00000e+0, 5.01868e+2, 0.00000e+0, 2.17634e+1, 0.00000e+0, 2.11998e+1, 0.00000e+0, 3.58559e+0, 0.00000e+0, 3.18241e+0, 0.00000e+0, 2.00000e+1, 0.00000e+0, 2.00000e+1, 0.00000e+0, 3, 4, 
09/21/2020 17:11:19.067, 09/21/2020 17:11:19.014, 4.16110e+0, 0.00000e+0, 9.75077e+1, 0.00000e+0, 1.93395e+0, 0.00000e+0, 1.10938e+4, 0.00000e+0, 4.85418e+2, 0.00000e+0, 1.95564e+0, 0.00000e+0, 4.90864e+2, 0.00000e+0, 5.01776e+2, 0.00000e+0, 2.17422e+1, 0.00000e+0, 2.11846e+1, 0.00000e+0, 3.58545e+0, 0.00000e+0, 3.18173e+0, 0.00000e+0, 2.00000e+1, 0.00000e+0, 2.00000e+1, 0.00000e+0, 3, 4, 
09/21/2020 17:11:19.876, 09/21/2020 17:11:19.822, 4.16142e+0, 0.00000e+0, 9.75544e+1, 0.00000e+0, 1.93122e+0, 0.00000e+0, 1.11667e+4, 0.00000e+0, 4.86110e+2, 0.00000e+0, 1.95303e+0, 0.00000e+0, 4.91599e+2, 0.00000e+0, 5.01894e+2, 0.00000e+0, 2.17616e+1, 0.00000e+0, 2.12037e+1, 0.00000e+0, 3.58526e+0, 0.00000e+0, 3.18240e+0, 0.00000e+0, 2.00000e+1, 0.00000e+0, 2.00000e+1, 0.00000e+0, 3, 4, 
09/21/2020 17:11:20.905, 09/21/2020 17:11:20.830, 4.16060e+0, 0.00000e+0, 9.74337e+1, 0.00000e+0, 1.93611e+0, 0.00000e+0, 1.10682e+4, 0.00000e+0, 4.85375e+2, 0.00000e+0, 1.95778e+0, 0.00000e+0, 4.90807e+2, 0.00000e+0, 5.01746e+2, 0.00000e+0, 2.17873e+1, 0.00000e+0, 2.11736e+1, 0.00000e+0, 3.58917e+0, 0.00000e+0, 3.18059e+0, 0.00000e+0, 2.00000e+1, 0.00000e+0, 2.00000e+1, 0.00000e+0, 3, 4, 
09/21/2020 17:11:21.860, 09/21/2020 17:11:21.810, 4.16020e+0, 0.00000e+0, 9.73753e+1, 0.00000e+0, 1.93350e+0, 0.00000e+0, 1.10396e+4, 0.00000e+0, 4.83512e+2, 0.00000e+0, 1.95508e+0, 0.00000e+0, 4.88909e+2, 0.00000e+0, 5.02090e+2, 0.00000e+0, 2.17821e+1, 0.00000e+0, 2.11663e+1, 0.00000e+0, 3.58718e+0, 0.00000e+0, 3.18064e+0, 0.00000e+0, 2.00000e+1, 0.00000e+0, 2.00000e+1, 0.00000e+0, 3, 4, 
09/21/2020 17:11:22.912, 09/21/2020 17:11:22.805, 4.15992e+0, 0.00000e+0, 9.73336e+1, 0.00000e+0, 1.93366e+0, 0.00000e+0, 1.08508e+4, 0.00000e+0, 4.85771e+2, 0.00000e+0, 1.95488e+0, 0.00000e+0, 4.91100e+2, 0.00000e+0, 5.01728e+2, 0.00000e+0, 2.17992e+1, 0.00000e+0, 2.11616e+1, 0.00000e+0, 3.58934e+0, 0.00000e+0, 3.18303e+0, 0.00000e+0, 2.00000e+1, 0.00000e+0, 2.00000e+1, 0.00000e+0, 3, 4, 
09/21/2020 17:11:23.868, 09/21/2020 17:11:23.799, 4.15920e+0, 0.00000e+0, 9.72264e+1, 0.00000e+0, 1.93396e+0, 0.00000e+0, 1.07798e+4, 0.00000e+0, 4.83913e+2, 0.00000e+0, 1.95503e+0, 0.00000e+0, 4.89186e+2, 0.00000e+0, 5.01868e+2, 0.00000e+0, 2.18202e+1, 0.00000e+0, 2.11436e+1, 0.00000e+0, 3.58961e+0, 0.00000e+0, 3.18152e+0, 0.00000e+0, 2.00000e+1, 0.00000e+0, 2.00000e+1, 0.00000e+0, 3, 4, 
09/21/2020 17:11:24.913, 09/21/2020 17:11:24.799, 4.15904e+0, 0.00000e+0, 9.72033e+1, 0.00000e+0, 1.92904e+0, 0.00000e+0, 1.10504e+4, 0.00000e+0, 4.85216e+2, 0.00000e+0, 1.95060e+0, 0.00000e+0, 4.90638e+2, 0.00000e+0, 5.01900e+2, 0.00000e+0, 2.18455e+1, 0.00000e+0, 2.11386e+1, 0.00000e+0, 3.58672e+0, 0.00000e+0, 3.18124e+0, 0.00000e+0, 2.00000e+1, 0.00000e+0, 2.00000e+1, 0.00000e+0, 3, 4, 
09/21/2020 17:11:25.858, 09/21/2020 17:11:25.795, 4.15892e+0, 0.00000e+0, 9.71854e+1, 0.00000e+0, 1.93629e+0, 0.00000e+0, 1.13000e+4, 0.00000e+0, 4.84317e+2, 0.00000e+0, 1.95842e+0, 0.00000e+0, 4.89852e+2, 0.00000e+0, 5.01903e+2, 0.00000e+0, 2.18348e+1, 0.00000e+0, 2.11477e+1, 0.00000e+0, 3.58786e+0, 0.00000e+0, 3.18213e+0, 0.00000e+0, 2.00000e+1, 0.00000e+0, 2.00000e+1, 0.00000e+0, 3, 5, 
09/21/2020 17:11:26.848, 09/21/2020 17:11:26.789, 4.15944e+0, 0.00000e+0, 9.72619e+1, 0.00000e+0, 1.93004e+0, 0.00000e+0, 1.12631e+4, 0.00000e+0, 4.85535e+2, 0.00000e+0, 1.95203e+0, 0.00000e+0, 4.91066e+2, 0.00000e+0, 5.01941e+2, 0.00000e+0, 2.18276e+1, 0.00000e+0, 2.11591e+1, 0.00000e+0, 3.58879e+0, 0.00000e+0, 3.18263e+0, 0.00000e+0, 2.00000e+1, 0.00000e+0, 2.00000e+1, 0.00000e+0, 3, 5, 
09/21/2020 17:11:27.864, 09/21/2020 17:11:27.784, 4.16163e+0, 0.00000e+0, 9.75848e+1, 0.00000e+0, 1.93863e+0, 0.00000e+0, 1.10301e+4, 0.00000e+0, 4.84961e+2, 0.00000e+0, 1.96025e+0, 0.00000e+0, 4.90370e+2, 0.00000e+0, 5.01832e+2, 0.00000e+0, 2.17609e+1, 0.00000e+0, 2.12412e+1, 0.00000e+0, 3.58793e+0, 0.00000e+0, 3.18217e+0, 0.00000e+0, 2.00000e+1, 0.00000e+0, 2.00000e+1, 0.00000e+0, 3, 5, 
09/21/2020 17:11:28.834, 09/21/2020 17:11:28.780, 4.16150e+0, 0.00000e+0, 9.75657e+1, 0.00000e+0, 1.93640e+0, 0.00000e+0, 1.06266e+4, 0.00000e+0, 4.84601e+2, 0.00000e+0, 1.95719e+0, 0.00000e+0, 4.89806e+2, 0.00000e+0, 5.01884e+2, 0.00000e+0, 2.17585e+1, 0.00000e+0, 2.12446e+1, 0.00000e+0, 3.59352e+0, 0.00000e+0, 3.18213e+0, 0.00000e+0, 2.00000e+1, 0.00000e+0, 2.00000e+1, 0.00000e+0, 3, 5, 
09/21/2020 17:11:29.851, 09/21/2020 17:11:29.773, 4.16144e+0, 0.00000e+0, 9.75572e+1, 0.00000e+0, 1.93267e+0, 0.00000e+0, 1.11009e+4, 0.00000e+0, 4.86897e+2, 0.00000e+0, 1.95437e+0, 0.00000e+0, 4.92363e+2, 0.00000e+0, 5.01864e+2, 0.00000e+0, 2.17842e+1, 0.00000e+0, 2.12450e+1, 0.00000e+0, 3.58721e+0, 0.00000e+0, 3.18025e+0, 0.00000e+0, 2.00000e+1, 0.00000e+0, 2.00000e+1, 0.00000e+0, 3, 5, 
09/21/2020 17:11:30.831, 09/21/2020 17:11:30.767, 4.16152e+0, 0.00000e+0, 9.75686e+1, 0.00000e+0, 1.93195e+0, 0.00000e+0, 1.09948e+4, 0.00000e+0, 4.86695e+2, 0.00000e+0, 1.95342e+0, 0.00000e+0, 4.92105e+2, 0.00000e+0, 5.01927e+2, 0.00000e+0, 2.17695e+1, 0.00000e+0, 2.12534e+1, 0.00000e+0, 3.58963e+0, 0.00000e+0, 3.18049e+0, 0.00000e+0, 2.00000e+1, 0.00000e+0, 2.00000e+1, 0.00000e+0, 3, 5, 
09/21/2020 17:11:31.819, 09/21/2020 17:11:31.762, 4.16093e+0, 0.00000e+0, 9.74829e+1, 0.00000e+0, 1.93197e+0, 0.00000e+0, 1.08679e+4, 0.00000e+0, 4.85771e+2, 0.00000e+0, 1.95320e+0, 0.00000e+0, 4.91108e+2, 0.00000e+0, 5.01897e+2, 0.00000e+0, 2.17866e+1, 0.00000e+0, 2.12335e+1, 0.00000e+0, 3.58731e+0, 0.00000e+0, 3.17974e+0, 0.00000e+0, 2.00000e+1, 0.00000e+0, 2.00000e+1, 0.00000e+0, 3, 5, 
09/21/2020 17:11:32.840, 09/21/2020 17:11:32.763, 4.16172e+0, 0.00000e+0, 9.75982e+1, 0.00000e+0, 1.93449e+0, 0.00000e+0, 1.09155e+4, 0.00000e+0, 4.85186e+2, 0.00000e+0, 1.95584e+0, 0.00000e+0, 4.90540e+2, 0.00000e+0, 5.01824e+2, 0.00000e+0, 2.17673e+1, 0.00000e+0, 2.12571e+1, 0.00000e+0, 3.58965e+0, 0.00000e+0, 3.18237e+0, 0.00000e+0, 2.00000e+1, 0.00000e+0, 2.00000e+1, 0.00000e+0, 3, 5, 
09/21/2020 17:11:33.841, 09/21/2020 17:11:33.758, 4.16164e+0, 0.00000e+0, 9.75865e+1, 0.00000e+0, 1.93465e+0, 0.00000e+0, 1.09773e+4, 0.00000e+0, 4.87454e+2, 0.00000e+0, 1.95612e+0, 0.00000e+0, 4.92864e+2, 0.00000e+0, 5.01879e+2, 0.00000e+0, 2.17733e+1, 0.00000e+0, 2.12535e+1, 0.00000e+0, 3.58980e+0, 0.00000e+0, 3.18061e+0, 0.00000e+0, 2.00000e+1, 0.00000e+0, 2.00000e+1, 0.00000e+0, 3, 5, 
09/21/2020 17:11:34.805, 09/21/2020 17:11:34.756, 4.16148e+0, 0.00000e+0, 9.75628e+1, 0.00000e+0, 1.93052e+0, 0.00000e+0, 1.07713e+4, 0.00000e+0, 4.87422e+2, 0.00000e+0, 1.95154e+0, 0.00000e+0, 4.92729e+2, 0.00000e+0, 5.01688e+2, 0.00000e+0, 2.17740e+1, 0.00000e+0, 2.12583e+1, 0.00000e+0, 3.58923e+0, 0.00000e+0, 3.18066e+0, 0.00000e+0, 2.00000e+1, 0.00000e+0, 2.00000e+1, 0.00000e+0, 3, 5, 
09/21/2020 17:11:35.802, 09/21/2020 17:11:35.748, 4.15963e+0, 0.00000e+0, 9.72902e+1, 0.00000e+0, 1.93358e+0, 0.00000e+0, 1.08893e+4, 0.00000e+0, 4.85480e+2, 0.00000e+0, 1.95487e+0, 0.00000e+0, 4.90825e+2, 0.00000e+0, 5.01993e+2, 0.00000e+0, 2.18178e+1, 0.00000e+0, 2.12056e+1, 0.00000e+0, 3.58911e+0, 0.00000e+0, 3.18002e+0, 0.00000e+0, 2.00000e+1, 0.00000e+0, 2.00000e+1, 0.00000e+0, 3, 5, 

-----BEGIN PGP MESSAGE-----
Version: GnuPG v1

jA0EAwMCJuaw3ucurFZgye2SKjf11GVdMx7SfqJP6loWcSzDuxOHTA/KT4buI0hy
eKECgo+goD+i/0ZDyjFXySlkPSFq0KZCyG/63rzR6HFavNH2qkq9Wco2IIlPZgiL
/8165nenr47vND1TrlDePQBsbaU3TGrMUznpkHgNT/pJKpjM7cTeYpG/WjajDFhW
m5rQbPN0nJpxNDZ3WLcx0dYvbAXplsoIxpT10BMe9ltizwjcwDJ+tmOR6N1BVwu0
1lJg5gPpn9T6cWjIAu3m87Mk6Fs3uXLj5n6q/PFBZ7NF3/u3go/x1p0fp5xeDO5h
R21PscsRYpDqfxt2iAYt5FRp6TpVd+B3HQqX4MSPQ+x6sAkdiFfmOqjgyHjMt8oG
iTEKVL1Pcu08k+0IU7lYbM+Ris0QgaDiXvBddo9ANvBjtKp3zCDBB5gL04tJNpJ+
ZQdexKqOi3oZFYlI+SWFmdAHXISwds+4wxZA/FiHDjSiaWRDzb/oHKlF7iA1eqE4
dTE0ud54l/aZZohmhaTAwjjp6KAUXgVYPeAFcVhpV6KAF18exgOVx3tnlw87SJrf
SaWbxW/230llLCvaYhbJu9b0akqs92pJ+e3MXK0q01m/cC288oSY9qUFGFbsHOFg
z45qpCduysSVd6SwB/fvxf6h1tQwGBntg7TJxvBwlWMnkVZyGdnDiag1bWoua3Tb
rGOB18lWAKiz5tY27tJthoSsvNV4uISNTgYz5cp/iG/dLW9dk8+rgoP4F2sgIoG+
8LHv9buOAZPIMFnXU3Q75rOZWWhnCW5a0GWFHwa7ZJ1XFko8HNa3EOY3nXHjm6jz
cQ5uG7c/vbX/2ONaTt6+eOEh9jR/SDwCzgy8+sPbC5Wh+y9HAii4/pPZrq82A7Rj
ZRvEybfHK1eJUMn5YUt13PYQFXWY9xcih3bec84gA1yeRkNj6iG7zKiUxfyXZu5G
R6ZywU/jm+OQOA7mjioycS7M0XlvlcXCS4CokrLzbxWfRwxzlMFdE6Cf5Pr/PqY5
OQF5k9dFsfbGxNMksJ2P1ZLvlXwRhPOKIGWSTbo20p4cetloWMYK4jn9g+w7I/6J
HJMYW85mWvgDMP642WifYmrpyP/8BJRH9NQAQUJ3ShJr0PxYck6tLvqqXB0AlmKD
iA2EzMfemlqEMDj6FFplZ1jjthHM1RjtpinrRBgsAx76HTPkff6Ynpmflct5njev
4+CIJTnjrG6EJx3W8cUeyA3KIXPaZlhqOC8a5vmQSodeKCgCD8hZ1ablukjLxBdG
SdonQZ00UiLmDFfpTE4WTXClxgWFagm7J9lhhbCtqt01eiVOldevQWlOLWqr3SUj
RYZ01ilUuAEhnJFoa77MBHVWbhZIkc5GvhgYzBEzBlHV+v/Ie1eC1KNYgqNqoLt+
Zb1EjO2HPYxSOSjwbk0rBjd2CZwfSw9KkjUMmOqW3fC2OzPWH9JOcsiyXSD3BKQJ
reBwDbA/WhMHzHWaTXagM/PMQcqoxWpZo5k/KLxbpgp5N77e/cDDLHIe3aboAueG
WQzu/lGeQImTrqSKsvvdalnBDS8Bqem8i2mpPAaG1k1vRjo5NYWD3S7kR6uzq7DH
1eQdjoWGDtBE/Y0zoPUaTHMToKBVUHn3+SakjIjA6WlTYXctp1Yb2Lk1S+5LVgfA
5p7M9oiavq/wItVof1FyckPgVlU1BR3sHD6Zt+v/Yv395hGHJ1xjH9fg60UIjC0a
W/5oTQ1cSEHpT6v6uVScwLpH4IGBL0eNJ6q81AWtRKG61rBEoC/MYrrYgIfuzGTg
UFdU3I7LtJNZ+T9polL57/kzJiAT2vtWj2+caVISx1iYIHX+9kmDIlSc9oi/+BMj
dVy4OcTXfP/kZFC25FPws1aQ/Wl/3cxpXbojmpFDy+M0U8+u0bEGsKAW2tn12jrM
Ngztmqz2N6s8z0SVqv/EgvJOCEyAmv05GQVhGokevAlCx1TbzRkWIqkGQdCa8hfk
9g1thHScWdQqIl+p3e40s67oR7Xqs3h+DL7mWXkts8YZua8gUVQXPdCA4ZGPVaqJ
4kXV9r6PfM0FMpyATkkSeJM8nBbBqWonxwQJ7ZmXEXEBL9cFlqiixxnrxPhx3nRC
MRbpKbf+PROmfwvd8BbvRUiybibFTEHdPBONWz9yAyDww+gNIVr6A1oThQHXGdPJ
seDCtcT+mo+pI+bWQA1Q+dBXnT2zi5Y5nY0f7ATpGGd5SfOmege+an4/g6UXYVT8
q3azshqPLHXgWuK2iYF4t2dl0UKHlluaW1NgQfQjeWjEG2ahxMYsmwYEkbWk55Kh
D9DiMpOHDPzSfRRUyHevLVRa3Ooa8ecK7eZiSKsHj6xF4fb/FtRUC6kq8ySWm3qT
KU5pc0R2Wacs8V1MKrFaDasIkFOIDZqbnw2ja08+W4cqvIQQR9NeJ5MhW+vVBBeK
t+KvwAhX7WjKtGIX7nlemVfbipAI/b0erXN65gT1c2Z+zMMzg2O8msm15k+gqZD6
RxFmFYjUAp499HPnciQ33GhiTd5pD7aUdUuvdwznVQ7QcQKwOZ1qHfoF+MNTOUS7
GyyrP9z/vkIB3g9CUYRPGGsXoNCT5pU3IXHit0nLIsqNbTEIrTUycXxwYN89zjQl
tTNHLoQHz+h1EVoCLi7brlZlzexlPPM73vMwvNv3lCWw1a6evR8ewoemkq+1xbQR
EdC1kIRbhPwO56z+1I7mMR+Vp8iJZHErJ9fSgwR+KFQUnZqMSv3Ft4RwA/pQfUpH
s+nInqIAr16oRVlVWjlr7Ss6MY/LyVsyKo/AOAsrFeUcQ9rATgxHU5Fk4TMh1JSC
sj1qSclDvdYSkv2cPTEdgsPKUm9xqF6oSM5omX1Xc/B7Hn6liPOnLV+aXpOAllIC
S5LjUwzUEwYbe3VMpO8fWTBa5aBokmWaz+RW3/KudLH1GWxnfGDS8rsIJjkLivxi
4AM54vU8QF7gzb4ZRtdfgSyPwdTeeyvDPzmZoxChamjjjgkkukqyTUCtWpCLMj3y
Kx/L8zzuD3u6xRHMTbwSfTy9UDBwxBOesLjPEHwn7YzdqbnWLMvmohFvkM79i+Ao
Wm1Zl/wpxrzEZD5geUsZYqFjlbhoehmFW1n/t/YKHHRtS+SHi/XU4wNvKO//beON
Zb802wmHxjlijI5y1rB7hUl7CwLqdGrYf49GnL2J1JtZxos+gNPFrimvL0gwPA7h
+h4vAElRMdOE7OmRDcw/l6+8cgBn+sI5u1Kbsf6DrdZiTf1UkejUV/QN7kupwcwv
MwXm2/HYUmwvFktTslfnDqCs6/8G7B1Znh6iWt+MaKAMVrvYV3KxNiMVtNvNbK8B
D1kH87+OH3v/YC411EwaE9YZ/JBkOlT2NfJlaK0N4Lme6oMnj2x1EeKiPtIeACYz
nVjxdkfJ3zuL7sOWe66PTJttNNoKQtG5D/iWTZpX3/SagATBzTc/0P8q9uiK103a
3B5fCUcjG6xJVZyrQ8JL+Vu1PzPsEnN2ikdHRxUzl3Pbc4E2M6Bkdzw3nCGTHT5L
4iCKfvZk9mPnioL2Dr/Qyg+esJyyd51yRAD1Kwql2vNvkyAbwKBZwYckKe053faI
+whO1XBXtS62STrlhc6D4nYT8ZyeqF/1qEq/B4EM4CHt5KfrrKRvOx7uubIGrA2Q
bBYGyo68HwMjx89BlIca+fglwK4XXOFQY4mgwZ24jZPEv239uz43fy8kMOMRuxUU
y1TO1xFpJpFh33b0XlMZborW2HFC282DEhYy9LmFGq/LvDIhZFqN38dVjFM701+P
X+KFF0+ze87GO9zXKyHLLlI2a/dweFCzVIRnZTu72nKt9QKk+d5IagTbPkcTAyL/
eXtdVq7XGYubyML5tVDWNXvS0Lw/zaOm/ZxTnsJbM7IOsm9G5a+PHz0ADdx9vN1V
xoFF9jy9IuALu6wIIe72QDsOg8R8+FYm+p5q7V2HALgkLdgFKxjWAL8cFUPLWtpE
ktNRlcm7IwmV910aGW1ghA3zNjCHuHH/g+xEbfzlwo1K0Px8MXTImwaHtTJauy76
uE7hNz39Jruf1EWo4gE/EyKXuc9Dbm6V8BDGtiW4A54+4MksVTvhJMYr2hUMmfQ4
fy5Pjx2/esUbkYtwoXCRKNO9A1upeZCjCy+9s10jEvWlUdrpRJk1DZoDR9S4yTnd
nvXnVW1GADrS/wZYQxZE5gw0iOSvTM/EyDdvHfv99hEIpv7LVUzRym9kTIsti3ON
jMkQNk54GvzsY/OWKJ5j4tM8EyEEf2x/8iQfWdV7Rgz0doRgky3F9DBJFxnjUQg9
1cVLYvax+52icfpCJIDqd7WZkbE0CdOlsGUBSekK9te7kO6wYGvzJX4zXXfoWJ/C
5Te0rTvDclX28ij77FDFlCvArbfjazFLiQsJUUNlX1TGeBxpgLiD4gP84K3Q1ELq
+SaIHQCyR+uz2kS0f4+l8PtcrIu7wXpsLW+1hy1RsPb12+QWfAF3OkRAE0jJKeQT
886PKSk2MGBjNW0PP9pUY82oQDUVrfnlDAlhFa2qLd1XSQzx+pLHfmzCY788DWSS
0qqlDvjhcuIUlw9uCNbgTu2dO909IgPyluyX6rPrfxu0qfvLw4C6G355EOEf7rME
IFjWBbR9YB4uvsZopKrJ7/Ye/JLvckivV4JHposq9zzQEPCUDqFKBH6wuwvKZ0kz
4+QrVnZImcz9/33uERMclyNXKzMNam5vhS5/3Ogn+RJ7ZmH3/rysrAcUEuPwfUhk
0K5sa/Tm3aIvkvbdGmivQ6Zm0WEr/MK7zptvoWXRY98+JT6DqB+rltsOTtUFd14R
vV1GQD7pbKZWHncbtqsWbwWP3LO5t0WgB98SwP15abxmYm+EvIzG4vqLD/LRybXe
bMbEDU9YMeDDgyg2mA2F+maKZoUTo6sBK5vmJCu4rvSPg/eJkmNTSKr1nsc9aqrW
1tvdjAQzMWnZHkAVoMgN/w0mAqBHtYuW1DXO/WiMniYJEUYJwUa1uB1roCo40aej
JtGI3g7rvZwdlWUClBlrHuznz1nnwq1kOOMVU3NfpOfNpBJP3cemNKwBOtXl/dqY
tbdDuEBSm7cJxoRNAmxdMQ04yh/lsKgBAc152BdOBnZ4S3u5AxAYAIBokvJdZOtS
4DmnsnNsdhabx3lcoC+d/PltNR5JmFIbx/p5XRzixlsazzJ9GiMcekbqxA4bexWz
/vxHzE8A49XnP5ClwQPLonc5hOnI83ZLTN/dj54yjuxMiNPsKeKqUNyn+iaOv3Kf
u329AUeEETZtMjGI5y1fwoS97mZO5CIvcaoNxQcXlygBKoZxqJvVrpak6IWA/KFH
JjvgWFxHfOhMutKix9flLH9FU9dbDDWWFPl942lCDMLyuKRt6iqQ+NULoMxCkckQ
pqREX76vwHSxpb8kkzvpR63yeqQ11wbahAv1r6r9D6E62gMQdENIcExHqtJMOwQF
Jbx2l2qZu7Z2IYFcNYtx4eWFLrMn90gsMuGdpeOhGMLRVluZyX2NRKO6vZX4CyHO
izgYOyDizpsI764n9TdmKfp6hL2tttI10Msi/80r0+FlPo3hroyj2t37jQ8Y/a5K
MI+t3XHwQyY/H4AAnNHxJSZI0w2pdC3zC7nfmzV3/xLrCremmiksQfcJBUCk92XN
pawlgZPfZiSuv0p2pRZ2rG2Dw1QN0tsla3a4h6LKx/Y3eknSnkxJbaSw6W0VulpW
QS/ODJ77oGFDITbVaPhCKp8wo9+L56cvYKzgH7B9rKWCeICwKOCi4VGcKnqGk0rW
yZOokfQ7Mnzyr4V2B6aTPSFtBeDNobN2b2i4LBfUe2Ff7gNxl141rgoLELDd+YZQ
OUuGLh0rP+65KagmxhTzNq5TxQD9NZ8f9quqiTk0Y3el1ycno+1yhmnpNaAFDcgw
3hbjX9fX1leR44B/Ou4su+caNXoLBjzTW9wx+Ks3vX/caeAN0nuh0ecCDwaBsByS
Rw710fRzSXzyozgwBYMz69+SMnR7l9oIR2PyOR/S9Ogkt2MwyN++JlzugncBkqg0
4tEUll+SmRx2n5xBRxgGZHOfyE4hxnA6tAWOp/+ILgygb5aK0WcplYYaB1I5VVuN
hGRUCjXhfwBrsr52KSieBPunQFI0Zl/BoDm4Fgvy86MZSt5+WL884HSMY+12qVqc
4WVtVIMmYPfsx2REtgE98ixIIVry9SpK/VWTXbqzE5dAU/4uAcwd2OEKfmbO2s+N
4SUsPqgpRt1XLLpJVexMydwbwDMXg50jDEIdopCQkWw4jVzDtqyjB/k1bXzFozpc
5Er7zNY5m9oCYjv4Wis7xCpZPg3qnbPgrZ3M4Uo0A5vWzbi9Je6sQ9EVgUIXAp9k
paeG4To8IHCwRv439DiA3cXT2a1tkeJAyRasxXaFzuy/azFAjKcEMHCpnOzChxkp
OMTpHnnIBtOxlOHekoSYmQtOsGwMdXppdzjjTQhGucjS3ntWGyUW0PkszxBbDFMX
3/Gt8Vz3URBmcwk515UuIJgyQNnjpbx54ukeQmDf43UQinBS4343WGspKLDEmZ5R
vRgv6rX+kbmteDnfAOYQ6xjXl3fxY+78IXqTsNpVinnEGtSV/Uz9nWMK0i3zbWg/
PL7kFXxrrqowm4C0Qz/ewtcOvIarwZgcv3dt9HZfHH6Z197OYxjVU+BL0qHHnZ3G
6X05Wyx7ZlVwHK6V/j8vtdmz7Nfaw0iA556ORlHpZbKJtk9QncGl61jyt1sYB0AP
6w/ilnnooD1JEzu7hYsdAzi0o09jeOZFd1Z817QUhEWzYr1eWHQUpMxVMdhNlYJL
zU+U3PgaU2jiJjM1iyzA7tt+oFW8feQRuhpDT68c1y7e1z2+MYMmlcwtxRe5z5lT
jOecd7qCf1zcFa2TJ91sqIXXTz+9zUedZTDL43Nj0ukR9ZVnwZVKmvE1DbyZxo6f
bprp6yC6g6WMvJm7XYrhrYxsyRqrMahEYjVmqen9gdF2+NRFJlHpHqas35Zw6F4i
9kSghZ9D1Z+Qg3iGv409lvXGojy8C8VgLjWqmnTD0C8CGDaTUU8rYyVkIcA1Xseu
nLOA3Sb8n7O+n/h6BS6Ck/NL6n5hGzAdjiLDp+r3DmIkwtUH7uzAwvPGx00hSuTn
gcSrTn/b+BNXHqrE19gw1uMNtypFar3xJklF1fM5s54Q+ep5kSXu+qSzMGMx0oEQ
PcmKow0xC0/H1TF15DMIu8tP0mBAvl7bDZgObTmL3HhhjQwpWYgWE2IZPx67DilM
fMHM2laAthwREKCnzLnSl1F7yQckA3Vme1+DVl85jMTsj0tToRHcKEWFpD1OhtxW
LZkLNkRVAJ3duB6izv1ANnl5Jfo4BJyc0kkqi1OEAJ46MEa69md0mbzVoC9Ockoi
JK1VmpP5iMf+n5Iy9s9y2IDDMKNwDCbYLgCREYw1fSJ9pyAUSyb3/V47H5SrIwc7
rMz7x0lQwrywMRs1OK99C/XYwoE/pf6trtEqgLhftbI3vggjfHeRSxlVws50rjFu
FwKuYgoSKTMFjV3uqXDUrgg+DBaQW4TCnFwQFQdUOruEtjoV47AmjeJCV0FWX/4I
2zG4nWkfYohMOnXSNCk0E/JuLHIXwc6oRkYEcDnReCthxXIGXjWT6ZTecr2FqVcL
HbW2RnB+uzwzKq4Vw5jsazkFAtOYyN3RGXuqWHVDFNJ8GGzRtOptE1q7zhLQf75k
gPTy58kRz3bfCm1uI2wxQ2ER0kEv+ntkRURJ2NlOr6hcj8gseNc9VfmCRHk9Lkrf
dO8Pfaqd3ieyInUXRI0pzO/qfRXx6VPpBVeQMPci3KZlkXThtzEtRvVCiBXaGeqF
v//UgmYL3mzv8xJpN3J4Dp0I5bnbtjNqlwTSiidg02Dg7qPfbyHAXRiBUHWrkVg8
ypMiH2CaiB/s45NVXEYIUFKSTgy7M9gafIEZAs5mC3Q+5UMzc8DEdxO6nyTmsUgN
OGIxBdV9dhWKbugbzrTGp+DrYM/lEqgh8vABoYt6nQ0KERReNlrrPEhm7vT4NI+i
AOiSSvDaMk/hY3KEHf55nijj8hqP7dPChJopRCURqdjzAhz2AyHtJSNfd7TAAkS8
G5HP4mw2b6+ZYcSGH7rT4JUTj2AC/8NavZaHSO6yyALRWZEYytfOUkWns7g/1w3l
HHoc5uFETPk1re55SZcH5jAGMA6R4wwKC9uQKIy176M5WNfLS47DtPMdVdz8h0WY
tC4pTCoJ04TI9R5NGDc3sblO0y6ENB3estNRbGBU/pYm0q0XDfDRxZ+//WLwHaKT
JBKdvIo2qyp/FZxpVAiN768QYEKu6pRORiF6OoPtSJ1kkPJbkc1U3ca4c711wH7B
YMSt+fn56FtGsa2FbDVXxQC/RisU188iuGEXwz5qaMSHxkK9Pgi59Yq+hqnoOhu9
SMLgghjs/q8fy6TSYWALodcvPxa1y3b23ibf3H9ADqK48xVkX9pupr9wJyJPCFGr
BuTdzHww0jptj8SlI6X3tPBWEYAEH3aIt6G4O0jzNHEUsKJMa/5Jpgd87ME0vnCo
xMn0ToMEmiujMZGpkM9uxRgg5dB4D2YcH75TFrq0sOU1mPgM/KkR+J+TxMYKy2Jx
qz2vPDTC8yhV/QU7BWXnByEkvDpCWn/vvZFidMQ1U+26KAlWkmqnWvNVNIYJKG4i
/PhQGmSjERhUxKDqFzWxYeqgA7UX5lBHFyP2xovWOV6BkyMacUoYf0VkX3ICLZjl
tznUOOV1Lfc0Ad0WM93NryhtTt2ipTk4QzPyn/nOShxS94FJ5hWRX4j8Z/lZxlYe
gR3UGi4enGwqT8MQ9FL692bVL6tJlDK5n2lmFgv3pvlavyHU28t4cBSyDSn+eIPH
Fr+RtyEPe/ZNRHL5R2FA5RFHVHZumO/ORg7zOlQId9BWDKseF7oiqo87zfOTnUYf
XYnlWeuSP+rh70jQa1RJHBmJp8ZV0i5NymRqWiZ4VUT9n9HDU4o4dFkeCm1oq7xD
qzQ+W1IvrXM2NjUX3vSYWvvfvj1ixW7ngAvJ2LT6QozcI/iQQARoQOcmDuqjokIG
PRLEaDXFKyjOEuUB94JU7rGb+aS9yy2IXkvrjdqmC0g3pLhJPg8utzxPpI3neiS+
jxiEitjI12iELIMuEp1ChVucae3BsGSlBALBInQeESdpgoijs+P+hdV/iqLX/Xxv
RJhH5ke5aDu8frM31zWMuuHg9Lc6fm5Im2sLtCHGNEyMejitefPQE1Vp1VqlbWhE
6KqpHxxvYTwj86KRpCs2lPf6Zg6kl2a63tZ69jws1iYdYZhYEOL3atHWaPhCwIMK
MXnlg8U/wVIXHnpKQSJw+6Gw762o3qrPAlrjhS06kNrr5w7NwzDuUMyDGOro5iGj
J/d9OszknKX4rYNzb2u4AkrBx1YmGUObymw462AU522L2HXYJXEcEoAfTYxfeiM8
bYxivsiMknplwtrbOgxaEuSraSY7oiW+hllPwcVvm2lFkcFvuBR7o340z8iWjoVN
fUVO3dPrVqD0xUj4W5K+AwP7AnKKGhBKbyrbCNtP7Hbjkzxg+rVvk2FF1H2PF5G7
9X3S//gGnPRjA3qu7OdIb/dFXGjij8iZxXfKWcB3ejOZMg61Wp0jjTJnyvGPrHxw
9OlkVbbwEFg3m13QGyQAxrIzTAtHjlXmDm03/lP5pWSz2BUFM47FYudFh42GtO4Q
f63EERAd0qlk+2c/zZYyDaaDvUo/k9tH+FF1plHxsAXAk5adLzKDTpZLZji3ON1j
CWIP5dYzIRTlqbfLwxDNM1kjLsz1Qbz0dfiQQmQWrQE4K8vOPADsnYzyMCRZiS1y
IN7LH4OyXzpm+00VmfGSBQ2124NgReI5WgLYDXUJz8aLn0GpdpO3VBm45XRSrIi4
ew4+SJYEv1Gk6aWmrvio+9unZLa0Dh6fI/0R3+DjyVhk9A4Z4wxc6guC8t/qXAEC
vj1ef5RaaphqnM48DGdCo7XKp2kqPxxV8w2tyZQirssUU281Tf0hbFLvPXmDpGbe
xNM/HvSBnp+cOm1OpZ4DG4GUV+FKC+hNMmzsfQv0Hk+hW0ck5Y4o0OLrof7Qq8y8
W0TNI7rGQKVSJzeUMTbCi9hal2WDs3YztY3Vak5Yt70c5rGyJl2kvSZXH+QsBXbU
b6wq7XSk1xq76brmhIqZxo77Vz2nKjqmO5uZzPBY0t9uGaDERZp8QcdexNbkxnHb
RPgrVqgyPEZsRKp9/xI9zaTwuPHOEnhLMcSombiSxY7sWsN3jaAukND7TxQD4Nr6
JVYr+kp8Qw6lYfMlHlI5XMSfbvjxIdwxCZm/IjRYvdDiDcPN11HXGJjOgEgC944p
ktSDCSMcLBIHEG2RkODSguPqzyHCGXrjPLZtg+xP0yxOIwDIdHy7Ou/oEuXeWtyu
DNcWy/2kYzTJ8+CctbStG6ywX3+hDR5UePtIsrDo3+GnWg3QCTQr3fRYJSHrPL+M
ceSvScb9inNF7Mb6NKjP4Lv4fSB7+wdzuncWnWrmY7mhcc7KqEwzPVWNI+YKMZLD
Js1HBRRD3nQn5zN/liql1JsUJ1kgk0gesbOAxdcNbNv7B4P/rpr7+5MUfMryf2gV
dtIoEhN06OtYD0UMHB8dsiwcsof+E/XZ849R1ABuoZ6MXFONu6uZeIgSMloLVGeQ
4JW3UKDhmbSWlvTG7GWQWXClreoioJ3hWyN2G1jrXARPB1bEk8OYUmWRuSOss4Pa
mIVIsFz1iGTR7upyBxmr/U0jJEUWQvhCQmuCWFiMcJV0mups7T6eEFwxE+YiJJOl
it35GuzPnzyQQVpyb17d6HXxp/h2Ty3t6lhRVJHg0nhL7Tu9LkbNVh3VSnUnD65l
CLs+PPfDtZvkbTmcx8TTbp5tbIMMNaaSFE/mNzKhokup3iUJmt9Zud5csbkGuohM
ULmlkj871k1EPMFfUkBC9P6oA8axmGfwaQEo2jUeMCIMu+ou3FfOUq5kaXnywAxl
k+1nK64IGdfsItJs5nJgQVHWWM2RGZ7yw1UQrtXnOlnacwc7ODHmdxfc2qLcllZu
unbl0+GfCAccYhWumgd05VUFwrGs/eKssKBs9k9Tz+SVcjSrIcgXrhNzrInwubuU
4Fp5X/D5VVj/99j/HX1jbkqsrEqZY5UfeJ4+BbYLtve5V2TvnAgJQFMHxq2qywBQ
s6zHc8ZO+PCqTSxFCLRhlAdis1CiLMFJ/cRCLaLHMtoA5b/82OlRoKX91QgQba/m
TzYrPQZxpIyMvkJpxKSuLj3W5pMjO63v7+xTcqJmgcaa1ZIJt5yMFUxKVSOp3b65
YPIXRQAwSkGPT3nlGEjaSSvPWF2mKBvUGP9c+jVdPKdWs2b/jLAjJjBMQuNfoaQ3
ojwGcQOfaEp4a6CglhtMJO6Aax6qeAyMD8Ikn0a9eC/Uoi2FxtwWvC6AkE+nFMPJ
jOR6v/+1SK+WPfYO1itLMmZVmDe40fuwcA7BkPPbx/cGXgxy+xBBEogQaWXuhZ8a
LaBZ9i6VAhWV4mc5V/2WEx+HAGRHn0anSTCgnT+0ljIWH1xVM3ZQXrL0TjYu11Ok
4QAiqMBqFL51nF3IMpyHfuqAaslBifzlid3XR2VrX9n7jBrUhZ79wpisSd+zmBJ6
/9JKBnGSxQ84IfAy1qVufCCnJWd5R+Pups2MNC5kNFVQgUBZZXdveU5HF/6O0lxm
Ulcs44kZIhAMiSXfX8xYa/psEOqPr3Dcook90gtKUfeoU7youXY8A9TVhOYYq0/C
nV4Hs1L/dHiTyIE3yRv/3OdrONWrqp69KBGwlu1JF5spKNyAv/tmGDRn45tJPx1M
Lf5q1PSObaE3qaBxun04j1QUu53qpymbLSlnuB5Z0r1zY5K2k0flPO4EaOZ2XwXp
xdn1vQ/3ieal1tVV++RQYcwIUNmMWkQI4Osmlnov5ljSAiyv7W1/to7AbuBa7rJR
gJdF9mD+y9kDSFf+J4BF7p3OPG9tupZtIPbFkPlDZvOM11WTyYPxeo8BcBWBD7MI
4rqO/o3oHXNRXOYcAPNvCLHxblOdLN9RohxhjEFxgODLJAvXXzq29i3UGXVtEx1M
bioLyJXZooffrPjxp5+zjR4z/2pn0IE7B+zYwErGz8NXu7Li1vHtFXo1aCheOy2l
UQUhoKGWpblo92pOMu85914DpADCBZuWdDNOQpW054beCc9b2OYaF3MxJTBfpyG5
E1pwam9A7MIMNY3pQOabC6W9TfYT/JCRxiEqibxeYLfwKjBg6HuOQSmUyr/UWEkK
//KW15nkRdaMNwGye2cC2LhTeVt6XX+usxaVWhoS06nZZbmjOOZYWVl0P3e02fdD
/XtONLM8Q4YjaY/MgwlAipKZGJO9rVl88zaP5fg3c/yyoHfmz5o7DfQlsfKMGH0k
AidQSXRH/y8kayJfUhj+PhmEtW32MU289oBy4H8gPTWakVWU0FF95Xpe1dscCrkD
Jmo8LE5xOI23ZhzljD5SUXKK/Hpfpt0PiqYEGRRfqDKlhcYlobzTV2G2a3Ql7dn6
LCjMzpTeTeh6WzAfrpwXcClt/80l5TYbzCW43nYV+MzzWadLIlOkR3OxTFPO5Czy
K5dSj4yfNXbztzeiDb2RaMIfQwmcnYfVDbtoIOlAZ2px94Utwb/46JZx4mOyc3aM
tn8RU7yM+MuWPSGmDL2ua6mjRUUXR3k7/QOIAOiavKd23v2IDSReahpkDtxFObTT
Iu2DU40Mz1LJayQ5g+FIK+HR5f4XJsjlxEOts9l8qe9Ons5tLcTfbhZS3LD2tucA
vFb3UtL8q0KnYSAtf9libW5e4aAD0CdN2M9Hz2rewGVD8bKfwTxL5ljsNMHkbQg7
+PdiGVQYhHwaFkKvOFMIRisfiJyX/PTSj0OCh9Wi+4Ax3xa6J2umtaiV7TB/b61a
NB7/dFQNGwcUuNBNXD5mTMJ8BjRdtYxnNlyyEge92Ad/YgEQ0h7PP3KGfGb+L8EF
Av/RYar+kQf1p4b5WOOthlufQlSux9lKlE6D45+jy3qgvyH5ZhQ9CQhklQuUsFZM
RGWPMrGgLZdEiSJmJEwSUar/jGohoAnV4h2Lc11qTDjt0g/yXEB1VGFzfeamUtrt
HyaXMkZkGtj6Er4zae/+x4dqHJJgea+ilyFlY7EBl5mO0AhsFRPj3/zi5K24dLK+
Wc1sxwYfSQQCziKYNTmeOQkZfK0oyt8ryY0aSPdy42dExCBuQyTltFdaCQq4GkKL
ABSbdMfTGq3/9z7Efwm4VazMY2pVejX/JMJBFGJ9oxB+2RAHwk0izxmpHsXMWxRc
3gigMK/hkeCfnFI9VWe3vgPZZQy6XCQakTVzRTzUxrlFJ9kfZD9o4WTwrFYFpLSD
fkWEBAVGx9ini9XESVw18IJMC7FnLHiT/RUi/4gu36ReHvP5BpvAs59xHJbZeUjb
tsur3NYW1sBU7PSGQQMXtGUPrRL02XBXMu4Bep482zPe2fSuHC5j4LHC8vEcxVZ7
p7XHeHkQ/5wB6HlVspnHmndIe8r/aqbjwkWo4Oi/Kgyufgav/hqXmN23EuqRYFh2
ps0h1k7dVvlV23gc3ae78Ez3DPtQ6hyqnH6jS4ukUIAagbMf1e7tuxdUAlHhLptT
ooc/LvX6/d3QcwFRMQDvRtYLyJ4Y2ZPaKoEojdjy+W5nLWJxCizfgizAUZ85P9E4
G8dicnF3aP8Ff+xnJpo8pNyesWqdoT4FBPj8O0RtKnZ1g0BY/bULSl2QRa0jXQtN
5jZKz9Z5yCHxy1ZAKhUx8tS0/ThraFcvAjrhy85yXR2LQ9GvdzZy+Q341o4nPTzj
LveXP0nyYpaT7w1OvereQDDVsKL7Hq7jJUuwsagTqE6GKcRWFv2DKjTZPOgsBhEW
LRMPk+cfblfcUaAgL06jqifyiuxGSohacLC9TnUwNORiidnhohjlDpbx4gt/Bcs2
9iFDk6EGJBcos0t16Q+/6PxqTfV5HHb3GpaQ9PRvKF9d7xSsH417s/5iEfvx9jT1
UG2KbJaRwIwIu4VpKWqbQ9bUlyFlkg/PiwzT1Ebbds+fVb46K5W3Y9lN9ZQpW30m
p27e/LkBj9m+hsWrGFoxnLGOHNl9N5RB8mq4u1pMCYzgbbdHYWTx+7K2MWkLJBS+
FFaKt9SZ8F8yfHfNk/D7KgyhPH4XQyr3/27h1Xi2SyBSyFGyWl+phM51kI2IDiMK
WdzyHIEI1DKkBB7k4oFIOHTWCX/ofBCc5M5x9OGL2VUiV+NgXkBNLyo6YRgF5tRf
2gEn/Ne+n056k4Lm/Ww9WQKLolZ4/Ulc+rs85SGH83V3du5BlT0j7VYXho3Jb7V/
fuzUBBTEFvOGlxLOGbY1s77suZJfyYwdrGn2DXhaaGfOEU48yK6Hhm2Fa4eyZaw1
SfnlB35bgEBr++273/WMbCORjWvxXEfPOBIT+2L4dm2Ltly1NHO3NidqP9h8WWQc
3MGnVcDxORvYatZinGN7dY/epk6XsA5yGxcjw/P8OJz0vbfXpNvJmV2F5SoJKJvH
zbBo06WrkJj3bIE6kVHkQhCYm49f73/DDIGj4sgkENDfxbheSZ6cA2YRtqtx+SMH
nTNV8VE+24wqun7hTZSsKikYt4S94v0lA5gqFRdvLm4MDoyNNMtcJ9ierjgAzmq0
G2P1EuSLsi6JpzROqdSlWGAu8vSiYAS/7zMowZTSKEU83WhCXfh6EsUnaZEdKx4V
qlGqi08Ut+c5SP5LNBvwYpdfRCDEQX/t0Ysk1uzG9ZDx7ZP7VVqN4IEzqdQL65XA
2jW3NdsiXk/1uRvDVfHsvntiwQoiCaZs+LwIn+Ka3LfJuBk7evS9Brmi2ZEeilZj
ezJLyGYx01foWPZ3E2f4QZRvtl5Gzpul9oWkhHqz5bDFnuBUBcwUTWbyyXSi7gZb
/hQlOt4Um+bsx1fao0eqoHyiGCTbUi8BDybSRAmQ/L3f1z244KBNmT4v+WsJgrAM
kS2ef0Ali5OrD1tr8fG/DZPWB5JELWH3JA8F6CAi6OJn86YLHrg2nOOjBlNx/dqU
h3T3kQW+Ou2Jjirla26BtEzoF/8ovdqX7aH6Cf5y2kVfgeKKLpM1/dT23O8BB3w5
ObCaLIsOZLgjlpLZuFUDZpRY2O7EpezukC/avuF0D1q5swjmIUVJhpoNF+KVoQyb
MP7690JCNa3a2lvheG9pBNcMzFgHSrNBa/VZneMJ3mPbqHzRb3coI/Ipd6k54mN2
KJAVUF+7SYw7We+eLJE0MvL/sMscZaZThp8yzSzH7VFYFE3VcfGvFvc9R4NYDCqG
grOiXsyksCGZBxniEKEs6xdgA1KK7v2Xq4h6NwFBJfbEIZIJJMNGvPowAJA0D4Pr
NbbFA2Y2TOjobMLeCZZWWTt8bmh8fnBOQqbaRj/hawYb6cjP8kSRa4v2fSnmB1LW
qtFJ/YbnhOdC7nqsFa1HLsoemuq6KJ9IOQAv1UWalKHm5Q3sYfvVwxSNJQOfy+LX
+PGNVSSUT4WLtxomcUFzFIgX8F97SEEZLV4Ffo+dPjmJgt5GvtaAdQk6D1a5qQh3
RxPOU/Iq/teOqVXSJ9nFRzF49EMBSlvyuD6fNx7tQ7l3Lc6pSec1k48c6rPd6QPO
gpsF7/+1PBQL5aSzsCy1vR1Fgh5Z84CCWMEM0PPrEBvPj84cI/ekp7bAmB7BIAz2
tmS5W/BFwdXmSbAa/Lv88HWdvEZM5KSnDDNQpBz75949druQuwYZpAvixtfl8hdi
prlmbuP2f4tfwca83QURm/0pkeNm3XK5U+4zEndFZhHYojhHjktkFhKflwiGHeUN
rVftXqHMbjcCcKtCEJ5nwDrBeQFvjaWL9n9P1Do/mCj7TD2xRnrnnSfhNBNTvReW
+7d8FiDbRPgBypieHS5Qw7Sq85TeCqgrylNYlVQHRG3LB1bKyXNTH3Uxy4FQmxpt
BGf5EpTPFwsyGunK7PHfwsb0EYFMkG5tTVQo7zcQsCeiThZj2dBOekc7IZy1R9wy
rsGleA7OQWek4nbXztnaDQt3PWJvnKl8Z66ybxtUwmDeIE3LuDGXb6ETr+jq8ZGZ
SkjoESAypw1iw357eICWLOeUixo3GoxOwaKrARShE8BEG6b8oWbyoIN31ynYXjcb
7YzpJfe+QD5Y3zN+APiKs7HM1E1+9gn0gHaTVeQrD9aYlZ7Mj6JuoCacl+2zxJwp
50i6z0zo7M0wFo83yx62GWAYg9bQCXNtN7QrpINOPgk3Whko8oXXScn9MdJz1wcy
hrvuygxULwJtxErY1BEiuZZjgEK6l1Y4Lgwb2d9F1OzI3FWlaFv3VEVnWeL1TjKR
4TiwDAythHuHVKskWCr7L8gJVbOzaKwWoqVLK2S8r5xSYBVyNJh6so4UYKPjUSEE
73Db+vfth4xyrsIRcTnoI+LE5Y3ydBTcKMekNwcsM5uulR3os3r2VcCQr+DaquYh
6p4sBHDP1BlX8UUWrv8vzyqp2EZV6EpL4DB7mw0+n4a2eacOw77P31cwVg2QfuGV
6uTAWz6GgfgAleABY7GYdbhHJv6SFnGMeZJcxqgnbiBeAgAspPh+wqo/pWyXFMiW
WTfxbhFqyGx2rhJ3leRcECR2RjZ1BX6oDN6Sge3aUISdk0x6nDYTsk2gI7DB0QYa
a3pK8vebCAttbHJL4TXbPajcZawvQH8nDIRlq2dDfBHnBurzPo8Ypwe55kULcS0A
H6NkaJg+ZbDFDJSnJTs2vpKJJZXH1b22vq2XT64wU6RduOI29TfIkqPDaGW5w/pW
VTHJ77zFl5DRg6if6MYhuObvOGBEFoAqkC0zoCWDw5bqIqKdDwiyuAMFrs9kVPOm
ZSiwTeyLzLFfk6CmFYl4RAXf+AiU/B5cxp3QTOYEeJaQO3FOks3Miix4lFTpCh7p
b9SZyrXB9jV89FU+8J8dcbF84rwcvQD5qKQ0a/nF57O9tVQmDbfbK3/dMcwgg6Kc
ZH8vDdEiJlUQyDF1unRjJbbfry6cW0cZr9Vz6hDGSFJtDdVPT3qo5tTkJF/6C1OT
8sj2Hjgi0Dr/0e9loKNEEiStrgGRR5kdHJ2yrXRNer3W2z1shj8w5VlDLIPpS40M
avy+0ROVa2HhdZbfPV//U9X1mPThUlC0kXyFhJReHcSKq1iJ9MxdLa0eoQvFcOZS
LqyKRJgDtn/4EpeI68i2HmyeNi1IuKxo0JCtzGCtE6FUc9jiPMUw6d2BeHTF0cTb
VHgV1icxyu83jDG9Occcij2vctlCnDpxSuyBoLRPxFRsDRPw5QTLeFQdc+qsf3WC
P5jbVGwiiRKS2iX0uwVI3th+KDxKc37aWQHjhxcJ6AWKx1CHdjZ0i2y/XeN3Omde
EZgm6FVJ3Xrxs7MR0EgZG+JW03Fg01JQcAoDygPhVIyC8vYSG9paMkTD/A5cJnVt
iuiSILwhrAllx8qf6Tn+gb8dTtI34QsJ3nIZDOq5PZ/e3bo40xOw3IZNzs9OtHvK
lAZLV/R+5sOEUxdEx4SzZLweSbw15fQVCqHAjqpvxsu39fZFIRaGJ4MGfJgZgrB7
l9qDSeMiy2cCTvTa71iFx+0e8SDg1rwE8vZyn0OZ9DZ0K38uzch8txYifnV8o9vo
6c0jYQJc//rGKrxvdacqfOa1TQnAyGKzJ+XYeS56DVdUpV4HOjws7XL/YZMJtjEK
BE16XzqaXI0v72Gdhv7nfWvycfUx68WDkivEogmbfZSAWn5ar7fIhX1zygw1JRqa
ubzUDcMC33he5x4vgvIeD8QjlXphPPchFc/t8qdGg4yrxbXb7A1wvbdtHL7xZy54
WooywYmFVKEaY7mVz4FJpvjkORJM+frFDykOLj0j2+1i2IRMRRES2XcgpfKpKmRj
EKAEgxUOoiwJ1UJhFJkWwNzd1K8zDensAu273kUvRghgUipu7PraarGsd4s8lEE4
ccWpHFRTkYtIX2sC4NJFLyL+eH1vGQFiDcDYS4tTd8yre7tXY3RFkFpPtsjgbrXh
ikmYDwLl3HDyLlRJ4D5GiCY7RpgRlL7ZYl1hLIrmTFEMT7YNHUq1al3GAVrnnZrA
/wAN4VrpTtk6C8kDITtmg+8OYLnm0/FN/7TH8HOuYmL4Icy80ZLQY8n5fXWbnIHr
dPop+dNBaMsO3BXLdVHsUgu4yBLc4amG1E48Ay9d5WI7Cx2xKgLfBhlB7SbfLUJS
bHzPxX1Hms+Jy4adbkULAooi29at2hmZcF0kVwWkKGPAgNEpcKnTqfcWl0SsoSVR
k91hLYQtzCEBAdbWjce6ipBPM8ouubvumiKkC1lK1rVCEM6RVtYiJbTg+QSG4cF+
nm+5Bg4uHoiBcV+uxvmrh1garDpqqCIZbw0tpOQBJ3sVm84+UxyKT4lI1NS3D17r
fB0AjWQhXseTTSe8nIHB+Qn03vlLYABo+UraPxrTY/iAxhWOlW4aOfycLFzgI9P3
5qd619BhziGDrx6B6Fx6fVHDUhgKkrCqXTsGT0G/G+9C1J7/6heK5z0tu8lA9O/q
RcOC+VIATWdiY6rGqa7ASgfok2ZHA8HXNyE2brdc+sBbMOpYYstFBY/f+HimIiQ+
8dlaqaktgMiET4ohD5CSmtVms/hTWcF7thAGWFnGrnGAVtP4td+g5AiOohDBMDr3
gWjjOAOnZQJb5PPDZovQ8QhuEk0XxUEo1eW/ceaB8d0dQDoqUn5bm+/3DGv+PFjK
CxPlz4FT/Gl1kAXd8sywD1HdxhDCwhRVaqmOnPMUId61hbwS3KyQv9oOyq4fbMLm
SgzVkVBXSbpQu65wNZTUaRrT5U2oMvjvI9CYEFBfP5wOtzyCB48Pd7gEXdcZe9+Z
eIdgucT9/sWNhSO19sFDHOW6by4minBuCY9ngGPrlYMJ5FDv2AjwmWWeQuWpk+07
Hw11td0fh2DUijv3+8kSMB/aJuBuDtvIT6RD8ew26dROAeCpB4p7FtpJInAsmPun
1ydAkaACQA4zyjdr9L24RMwfT5kQOQmup5HRKZDO7BAZ3LxrNgkDvCyuEd4HjVY/
WgASA0avRZz/C6o66eZpt/GhldVbSys1v0i1bUKb73VSWkve/LNiylaQdexVtxu7
QxCqdk4vQa3Qtbsfar1X3QOgzMrm/wTrH2tgScjYaXgBScWmCnAy7It5TiMqVRtv
e5h/xhetzHBZelXUU96jvIBabhNMhjwz/bAObk9O77ZE2zAlbyGqBY0pbqLTQtAF
QUqG3JBOVo+O85A3IeZgtdWsIl2i/K9CMkrJW04GABvy9EbwNrU2CMfAyh0cNtam
N7YkUd1XX6AvG1pMMrVOBZvx/ToY4FAzoK+KD2DfemQN6MXjr1ZfhuJNKfXpu3xi
Qvt5aBIBRs6n7LKCUJZarIs/jhd3LC0mU6eLgfSyP2pDMiyMf0G5G7CMOiu98RGP
JUM5G5Czx5YrQ+RJ6CYjVXyJRB57iIh8YLkq8PdcxnZ3Yjw0X0tutjmjfHt/LYFm
ZuWJ97r8xAwXAnchEW5EErHfvTfcBv6kmOb9f1kMi8Ddbi82FGzJY/a4PZB7LX0V
L4lYavks+8VsDnrsYokrDR2BhrNtv0Ba49CE7MiMClW8KKoz7nMbmH4OUe3xqwXa
DJmQlVKot85ZC3iJbZsECW3VPmdeOZPsmiTngHVbOQQXO3BpNvvd8/HcVyV9g4oc
rTC68G0OjCbxDXmeQ2vt6lUKEYEsyuitUP0L1HZuXeF1mQAlHM7reyatlzAKzb3e
NA/5OCaMbFriZ5BOP665jfkvGNe5LH+cvC10IGi/nFgxyM/euwpIP7hexmFNdYsA
BYPy7m7gHkgvR8YESYBgXjagC61CJODH6po15k6Iz/zoRq+H0m0hs2v/gplMoLRI
MtYsDN1fAJpsuml8tr3Ov5VLWbMmXM0hMCYcsTzzsdHPBqW34guUVBkdyfLRc9IS
kLnBW9DfbjErregXy7zXJsNWmYc0Cmhk5UmjRiKRGHGYkqkDgqyT2a5Hd8ePWvdQ
tdGB6KXXYl+V55bloobwk8sJfKvdX3e8J33DfZ8jCBcdIQST5ml3nIJqM5cPmOa0
VYuwwz6bcPMMAD0UP0oeGfL+1XixOo63AG1z2mfTaxGpsWF11YUC54dbtF4YPmjy
788eYaYYiz7dKElQ7RGShpaBHdr/T5zH2QxhfpCHYPhrrrSS+VPb5i+wrTwcjCyr
mccNNSSAY5NCuP1w2Zp+nAO304f3EjbRCl14iC7J+vQ8o/2WWJyJI13Ah7Uz/0M0
CZBGnRaDT1I5lcIz5emLSrflmd8aZbom2jQfgKCS9t3ZBH4LARxybfKNjiLQK/XJ
MQblR6EKnTpHx0srAGBBxZ7RRQJg9GGuQ4en4Nzm9d8gnvOzsXGMONhnnlYBWwS2
PUI9m/h+/JqUn5t+tO9NEx5yILCGfOjRlmUeDdDvkwndhgN02l659I+h3mWOpOrW
Fhs4gsvj9XBO1V6IZK1NcAbZrvcuwfrixSugduIe3bB/9xclk/8MX+zjIvr1OZTv
pn7WET7XJrm9yR83JvZaP2IXKB1nO8NFhVe2e8ThUTtLZ8W/5LGvVHxgruiP3pYp
UtkT33g8Hpuaa5owoP/66kQULSpCVPWmifL4fjCM1sDBbd3/tEQnCi9+hGtQlz0i
hEGrkI6Bt5De3ENwMwOWyJ9wT2MuF7VMUM7jFNboTy/M/trEQMZNWvLW/A95WgPA
lFFK+62eLAX07tKpMWnwwQ5r22w657Zof+pB8RPfGBM5MDqVS2xsdwY1dzHxver0
DpRr6t7Da6OB/tWCtwoaez2pU87ylX3ZavplF4q1/sY3DAiLOlv9i77Nq2hRjPvv
T/xKArii6S20m3lyVMmLBjLudmohUGDIboY/yedgtNZtDJYf5Evm+bnhM5zaK7E6
b2m1r7epgysiNuH6jHizIoLr5edo4ocdxhjPiaIkVrhWj29SfJNNSf5xB35D5QhP
pB2IiQ9JRPXvFGA8uTSjivUVmXq8CYalMRV1ze9Z3D6k0JUMYneB8BpOsh4R0/TX
JtkRpTXmE5G9IUrvdga0v4oWC+oHGUb9Rd7aS/xC9cDR8AeUpLQxEb06nBvOhw+l
M1BsovEeV59aC6wxoVSipeE0xJan+Acr2uBFJ5p362ef1ZTrLG1wSAjprefCmJ0N
3EsQY6wyThLZ5bDmwZutBRdHJPKGqLF3Bqt/Qd3RfgQVnMaDZh7YEzXNIx5g3d6m
qWNkf86xFRji9EiEuOBKYvqRl1qTUB1bICJXb7uPed/nbjGpMaCQEYZK59KYPCD4
InI8OA9mFRVe4GMQr7p02eXyx7VkJZwy8A1jml0Dg8kLUFDiyNKirnhHK+50t4KL
qT/+UOQ6MDJRKZOVgh/gyyf5cuDlUDwJKuFFgx8Pe9mLP+KZzR7PHCaYQzSr90BG
rlPIG1Itjn0f3nhXUrCwi8aWvkOjKiQhPLR8gFb0SAy2TMgfp7n/tggO50LeafRt
IV0zO/HUuEE3RAbXQ7H9CIsGcmhElfzPJRDIHkALyE9g6QvVDsCgfooIjvawU7Lv
iY4KyaJM8+My0+KM5MVimor18a4noDUScKFJ/50ne6cPxAQzeisg6vd+PIhiHEyP
EQnv7SRa/Kbuw/KnoVBXMM2G6Rjw3S5Rel32xQLJ89ya+qk+7vwEsWq+Ne/Wftvk
/HdWxKEuApGSgYUHGmjZbzAD5OBqE7HML64rxF9yWq0NczqNWwmTOisLTQsTEpcu
RKknwienKmFjl5mCDFXHnBRam8ot11U0VL/D3vJCnfXFKUnii5KOT7hVdGOZa9fj
AfqtoTwvTcQGB+4B955bltbiUYIZmQPaMrOFqFz/UBH/JIyjulCW3DTR47dIF6LG
Cioi2PfeEllLMB5Q7GEFBIiKs5UZGespI6BTFm7UjXtG01uw3i9Jlcv9am6P+ncQ
0LtFSSmd0B9EGxyxoTl3KPmLej5Ik8RvFMnOPLW6Vx+ksO0DVokGZctWrUmm7CQg
C7KFygZs+lj8QEZGAmyoCo2edeimdCWcPtWpOXdCODVQ2pWV9v5f39inbnkkmcxp
rURkzxzj5rtdzPGGcIwzADm7xAOa/3Oj3Lmef7SXm9ze+4vu5+BXZILfkZrNZgwF
SU0b3ROaUNSYyOMcOhtdbophxtmYudMEBCJKVOzXwK6tmbPK+suwJPGCpJdODcnK
8zTiLM8xXin39q5bZJtvPjzqJK8r1/nSiMzVX/SK1OoesILG2Dh0MDTnBA8I0+L9
ROAYSFpQjqaNGPS78VKmqScSBzurJZzdqr3DniqyOGLGAs3Hgn7ohGapLjTGMjGv
y/TSYUVQIre5x8vOP1WB3N9rdqrBRRbUw57TOWGp3zkbDUPJVUTQRk8Vd+aFuXHF
bVfwJRj+B93Dt1WkYyUXx0qhXausLPdr7qV6NqELZeErXV+rwE8zRSXPj6W3nWO6
ECUBya96GWNURxM9CHRvM1eABabt9phuJksQq99Gjp9et/rAi1fhWx+j6qopEAgi
sAdSjcBiDyAxjUrhcDQp8igakEeuQfyTePXo1xeX+pVPXj6Qlr+8tN7qgZWziZtl
MUVumVoP1Wne2jyYPA2wYhtpwogROTZSvZxaknWBh6bkUu5nJ+nyjZf3JQjtdWSb
8FY9jKH6L6I6bzgSBOcy0ARG3QgdRa4RtAUo6yMHYwzJRzegM+FGjQHSHbWqJYEQ
0xv58TFXC9FXYkTAFt8p/iPWBsSj+1s4Hxfb+30nuCC56pS00ScBf0fY8HvXUD59
mWRpvbJXgpbJ3T46DaOqHoUWekvQMCHxjZP2dCXCSNEZx0vpTerqICdmpnoLmX31
kVVXuhRgZAFSiEKnGZsM0fPrgn04HTlEWtlfHVo5+ZNr9V4kwcVcbmO4Eb7bOQxZ
LukJtZZ0yv4a7dyErY70UB3BlLDi0XKVON9brPF/7EcJM3nZrlzsmhe5+pXZEVCQ
M2OxABHWQKCHDFzgxIBKhm+2sxRIOqWW/SqjvLDFdMEEm4mXTJtxKsFYM2+dUOlH
P4rzjl7LYioX0MrWDiCgLF3ob5g11HwwMO2T5xD5kpmDhRYD4vOPR+jt4iwSpU6G
34JNYOSfFBD1X7ZRhi7Y5pW3lfl5+aZBvR/NoYyzUx+UawEgkCpf8WoeSg1c4b+q
G6YeaK04exwkcVIcVrLUiaKTwUnMxwBW8aoXgABdELhcA07r49Revb03E643HU22
FOACR5htGVKoK17f9pU/u0QGxj82ChtjXcgY0lrdedfqOvl/j49KE9/ANPJuHkge
FqQgIwnEyugf8G46AIGqBcjPbFYzkGxfRi9sw1uKfvULBjVJ/USIN5jjG8P/Hjq3
VWyu510H8p8Nd7qaJGIkJnxjcDhque+72pMFK/G+B8CDfvGBlLviJFCd8K6AXYH6
0y52MSaaM1pXyhBHLDGB49qILhZDoYu4Wd3i4b6/+z7Km0y9dKSGILoZUbIwI6kg
tfGqcrAPc9S6YuIQipGlLDCpEO96VrzNsHGBr2hNmV9crPAhwSLuFxfh5CqtMpH/
7RRJQdVyl5A5uj8em7JmPvi/Jlt2Mx34jUFT9gVQbW75XHBno8yylTyGzlENHhw9
ynY8qMPU2t1EDxxBLxouT5mCMoFfq/gBXzkqCv31FUNtwyBsi5mMAqdcdp4l0sqv
DBDfuecQuhha5uuWo7eHgh3c7HTZwO1cYDiY1xKldHkSsyTfTLJMa5RrckaltMGl
8+NgkaErknPqn6ZY/FXXTKwwz/7OFTdHKVAQ6sgDLpppLQdiq8iLUl3hdy4k3mNU
yBTfH9ALXWVA4qXgH1ePoBszcn3QwcFm86j9HiA3Gj6q7j+ox12LT0eEhdYINubI
/GGbAZNlAr/99Tcu7cVcBULK+yIqgjWyzj/+SK6/yK+tJPoxe1d/49vGz/DIKrBO
+eJ765No3m4GzwMYyOfHlc4he1sv764Epp7gypzz+t3tI+h+sCaVWpnm1/BT/hZ0
F6jOGvMN/m8VLortxkTwu2BzN75AQUCH6vXTePcWeSBpPsw/X7jABeCuGNzRkBTN
2+JPXeNBnjfM962qGhQpwUoT2OndH7eJmR+E/MV3jweP/D83g74pSfeLrEB4QRqF
sfiCBQfFhOOHq1dLEywmZps1wHHZW2HIVicf7X8rhm0jVrZBLKn8dnQWTIHWG3yI
WK1pLicmoFG0hxnfxASQWNd/D6RH2q7p1pK/fqGPk+doZDyGrrF7wVrL7iaK2Wcy
7Ko3s9NS5a+6i/MzlLhHzwzpsYtJspTctWCqiX6DzoZccdR29bs6YmEkJb1kxtvm
vSaarJdcZLhcxqWEhOd4udOvUbyTdNqqap/HOeKrNURZmVd5vXZyNEVg7mZCS9NW
+xLcL6tQFdtMaGv0jKIoRYf9JJywY8Ni+4A/w6A63LnBqW0dal4KyfpRK7xdX45w
TEHfx/V5DEgxJYvFG/V1OAfH1fUDN3QzyFoc9J/f5YHsDZCs9/GtxRR2UgMmWRvK
1t4/Xzx1OPfcbH/To6+VreqPqyHeSdU0x9PJ8Kx8lWAg1/JxQ428KyHgyXkvSzXa
1GnvPlI4FVzAdnYcu3lYF4y45sQJemMrRnsfHxY8ZYeTstoGGkweNP2hmilHW8rN
tPBdFUypxsEQyPXnlBZ65OXkzsnxpgZzbNEXfNQkOt2lR3+mFQbTpSUW2i32e4b4
vfj44BJ8F88NYQbfpaQ5ncHJ3SUBro6VUPqDZw6OTPSTD5UuQQ+IsLwYDI6pml68
AmzvqW2ikSO0WRGecBLIy/+pRuxj4JflcJRoOQ5CAEB+0rdEgr+eXWt4kSTYv3jH
R/bbXaMN97m2Nj4h7OtBWs4e5y19Muk3vr4SE6Gnbc5EmK02LUIbpl94DgHjkR8a
FQTkMbZTT/AnBtn9qgQTlX6SaIm/ZVblkBy0ZasqWbu7dql7/sO0w9sbOb/K6FDa
cFe9ykKXvqpDUNWOKCUcig3/e3FIQeGUfR+/ui+Ao9kS3Ztb0ErNiYNHOnualgEc
7M0iI+FE2i5ys37unv7WleglN6yCG49fjOhw/a5Rd3ZsIJVreo5UNz8SOuqSEiSf
Bg27u2dr1jBiWhOH5ZLj9X5EuxOP6o5f73mmnGTuzUDrzx9p85SRnknKA75Bptw6
sKIH4HLLAEXLdtLrjXMok78reUozrqZve6GiJbNlDKLbMiDR7v3cfKl+jz7sJQGn
+Yunk1r/2RDEnvkz4nRLcf4LCjA6TqBQz4lLsx/pcw97Yq4srknJdaP+uirtfeXq
JLopps9DUu5GK4jNBdEhaA9avP5xcd7APesqnrDWrrbUx5uDxNzCM5pjBvjeFIEK
NP/+cE1QSXvYOCpnmyQhnyJt+D2kunsAqP9kC45mIJQPVMORtg4cyFCEuWt7huGR
fkYlmJNQxZ58E3zMWeb3c345SySzgKA4LxrsTJKP9aH5Vx/IPqw4EFR9iN8cBcR1
QOB6Mi2pq0JtiTktMekLMLwGyP1N+WKlXM5jK1yot+n0TxOYYb109WxOLUuMhp2t
Hcz0uNTOxx+fwVanCCi6bhYna4SKmM3ba7r9Mxrp+o/vqRdvhetHcqEOHfTmPjOS
ZpCb2oUKmxvTtkUeJC6c0+yTKestXDG5eR4l2NoOyct/PyJ/WH3/WCj8ZmpqPSPj
cJL33c9Gm1iAF5TU/URT8SiQ6SeYrM8x1ZwIcerm31VnBZy8O1O/N1lrcJH/RTyi
g1zuce/Tct+px2jI0/ZMvA43Ftt4iQXkDIrykRkUEvKi1gd/6DGQgf+umg6jBtl1
wtAQY1pBfB9DQMkS2ylEjv8xzOB3oOpUSRwF6J11Hkvoi67NytqQ9A7FQGeEwhrf
WI6ipoh6lzYi6gYdL+6XEcUgqfy91gqUb/WGFdaEAHpSOfWQslvKl818XYEkmwJZ
K+Gbc5icrpyOhmJMfDMLG59lovf3M1qcs8JfqUjzqlPvzrsMojanypbzzNnmPB/j
/Ui40sykz8nggyuZjSOFDDpa03nIcUBgsFqi/fd+wna1Y8LT45/QwQrQ+RgTf/Gu
6h7Go8Nu9TZEyGYhaF3hWpOmx7BE623YGmyIkvTK8mBzARXBFzyWYteSj92DNc4r
k/03FfeHO4XfaZxqNsUXruvypeaKbk3Y6WndZGB+ttneT8fAzJ29X215WFUF0GFQ
1qGPZUitkBUzAncwBJHXx9/0ItgLCAeFsYiWwCvpxIZJEPLH/BXJIIMjirPe1UGu
wN3UqzWjbP/xiRSf70nYtHOiIDwY2HXywUpt2X0v8OcuHqRPgeeN71It1MKGH6F0
xeLotmf2/CWS5k9a0WNE9Rw591GmwzlOSPDIbvY2+Tl+2khefXSfkEirP4fkxgqt
7U8At1ydAQmoTxj4C0Z/gbmG6RjpX5TwMQ73bopKBiOxTkp1WMAvHYrwl0DYaSm3
TX+Nb1TxQxPIWTjzbiC2gYfLy/MHjx6gdnrZio49vGtyHoEGFbT3/GyABTZgpUXd
EE29by3wXmIBzpuSXKc20R+AcAYWOtdXXC1HePNl+tmSBGqapxReW2IJ4gQflxOn
urYPEp2roWrHLiB57XK+3wIY5qWDcizyj70RrVv1i3Wp0bhseFGTyODIRg+dOIDi
rUvHQTrxoYjTKt05OVcRzrBeidEYiJAfKTwWDl+Rw6S1kZ6pz3N0YS3Qx+D2SN29
0xHrR+mgNPndzhP0jtNmHEswrQywTmcN0jbqaZZlalmG0BeWCKRibO7mcDjCUCsy
iY2LbWEnjgnLUIjSu1jrV9l/djxiZ/3Qp7Ut6ffmB+XFpCvq7FNvlD5C3QPv2nf3
s4Fn2Hg+dbcdM3Z4m960U1VRNt54pDaDQwyMS5Bd06QassM5p+3JlKHPMbEVZm9C
b4zg4dEuo4YvzbRlDd3pT+7YmKc1xnnx40OM1PqXB4d8V2wmUi5eoryiEmpdll2c
V+HlMg5cQ4RrcP/m8K5OwiTNuYFh9EWoI6g8qQ7vI7zm9f8TADw5H29IL29rI0NA
lLsfxIOACsBeT72ssdqv6Kt/no8G0oaGcVk2+Ub45t1sn/TzVljF2bAW2eTDBfCo
yPfdxt718bWZejLV8wvKVqNCml7p0ZPsvC7dUJu9l1aX+hZ30ddxRsjZ6XxgszX7
WF2zWrhG6Fcymlv3PC2qTtZcNwNeLJVF7k1KNETKkPSWxYfRqlOVGNYzkdivtA++
1ezpqGuvRI6FTA49KxpYQG310Eddyang4RzquKumzYvd8ndcQv93olxRDgl7JRhM
8amWMl+In83iTv4EtuU1UlBZ1TfD3qo9temorvnpX8H/Q5WLZmnqtF+yWhNVQGL9
MgCuYK/mXDp8zF84YVECZGfkTc62wzHdJVsuZv7ryejwAf2TBSYQ1HH2sYhxuCLp
EKO5pluunFe6WD9mSzjBseEcroQnqcA8G2c7OeFKBSueVSwbpUjfJdgFePA2T/GH
IGYkDoBmae3AR+MnX+Gdx2xtYNAfWBvvSfFM6i3uKfoKlGk8r7IlEpSI6/pAu8es
cdFqVj6cc0OP/qlMnSYiX7+xX43+OOBe9DIwa349SL3BEuTsOoLvv04tA2OpHN69
q8dgi71SC5mEEXt4kTPP/5GBD5UpiLc/3cv506/+EzSnWURf0nVY7w2aZWC16guI
50/QlISgVJ8Q+PpOCy6GH/KvArGqdoSYZrB8DHNzSjvzeJwfsL5kcxYnZn+5H+7c
MC3zOMNnDZyC846fV+XF67/PdMlTHWxrtf/uQa6KxE5+wVS887fSz8mfP1J9hZoT
NX68Zba15EUexCxVM8ttZt9Q1ljI76g9jmubXgsp4kiBQhodMPa0b1IgI73Zokjz
gcqHgyy8ti9HgZUdvNpnUG9angVgaENF2loaiUcCNol0pvqlgUo/Ti/F5aL4fje+
DV5p8nb23p6C31boFqqaH0nevHi5OF35l0kWlGG3nBym707oQ85D7mx3qgWXTclu
U4s92dVHmPjuZVGTwh1eX2BKl4IRDhZffUgxdZQeAgdwuhLm6ZGAdsuXGN8dpWk8
ebAdu5GQ42aiiySN+WI1HvVU8C0sZeQkFIzbLcys5kRsmEZ7IfZ9o9sCRL7QNwlh
AbiroRsQxaNdHDRSBOYthh3eebuvD6i/3Pb5qDq/BHx1pUqqozkGfeM/pBXVYcN/
rceU7a6fjiDxMDAHlLWIQvokZmnpzsdSOpA8qH5Y/F/uLUb/vKzc8QClCOkN4EYe
twcAM1gA46uvzoxsmPEeSJ0JsFy6FeYW68Pq4N7BckDaALs9D1cqZbxLKh1avB6L
VWrMRB5XvB07zwhXl3xsURH/vvv3jbRsTERnL0Qlxaj4JymkOZCfDm6haQEe065c
ITWN3BsU8KU6RqxCkdpEVvybiSuoZRuSoHx2GxB8cBO8TakT0DhkrGmqjAznTIsv
+S0as4ACcNI73tarrXuTKPyBMxiewZbleEldRjIhvJNPcQMzTDrolD+IMPUlV8c0
kNagZtYHkUK7ej7pFw+OfQ5/dODcBJVWWVNiQh7wGk7QqXuORjLC8ZvxiVsp+MA6
ZQJpuw/0LI1nv312Qoi9+axjr2lT7y1DvdsbXtjA6E4R9n6eMsUvpPwrXH/NCCUi
3PegD5d7Z01+fuPeZ4fYJzoPZiwmmnppmtBVFZDNyPUHvWWVvRI/KywtuLwv1n19
xnLYSkKUREMgC3wOG6/lUOIHy7AELHQTW+89wbRt0NyxfsHNiQlfe9uw6p2hso0G
KIVxKsXqNgz+CNllgMy4zqv30WSCaDgSLPVOiErlJcjZI1FerDJFK1eUhdfI1MOv
xUS2/8GAMZyauIfUmkFgYCRRVoUSbNjw7veMn7KdClr2ppn5O1JcAZW9DKolGkkR
oXjWdWamCD9Ua2bMb6vVftrhUyCuH/Czl2bAWy9F++IRxpe6vpGUQb0Shii23R3O
3hc+pdxFOtR/jWeNwASHBYexmol+SV/hQ+zYrIrRRheHyHmbRSiel5bwDaEdW5Xw
fgxjbtZNuX4HPN/lZeMm3pJJQhAdTKd0n3toVqreFgCu6zs60NDtdID/80pbFEZ+
7AF8hFxOVvfQayMWUj00BWbmffWUIzxcahlzk69LPR1cmOEX/8oRgEkOAAk4oRp+
ib4suHc4PGQyd+UT2JAkRkWSxGMBtAmSkBw2Bm4lYL4o4s0EL+iTM6Zo90gTScMo
N9FgLYVAb83jNyEz9wfHPfmB9hN0eyLdbJbO78/VwB5+9xlI6c8kZsb3A+bmwliA
OnrBQ4A6kjGHlGdFttTjS9LJH1O9Aulj+4aqAaModwjlZVI8xW6qLqJBe1GXw1wV
U6VVohvoQoI7AYlJNU5FnAGdhu9+vh4sniMuKpWR8niehYZMjH7i63KjLl1MJJ9X
ZKSYZmzQTP4C9fS1r/Ht7bch7bNQEe16Pc0mcll+yyY5VT1mZHgyix68mO88Hoj5
ntApffWll4tBJ8F7AEaS3DfCc/J0LR2GX7VSXo7o0RSA2YYOojqWTaYpLfg4kRlY
8jejXkebt1HMoHvWG1/TkrsKxXjQ0Kvo3BI4/O7+qRGdKAkJA/Qc5VFkmXqU8nvG
yyc5xzGmvsZeQurB36jkeC5DOGrjqTzEMIYCrxXt2c2LD/NHCq4szfrah8WCZVwt
rlF3BJcEYKRDYABMVi8G+NdtNnNm4XktQn69wGWF1wNIl9DOnrqYyuPN8Ty1xEGG
hoZzt+co/Zf8LCo+AjctyH/4V6Bn00xkgSgZHKl9uJgjgjfPuQuKXX9TvHZSAKgV
k0r2I2/xITJMATLLOTmjNz2rB4SjYvxE8KWChrugKaflSuMWHvxdrotk/VBhgr2P
0X8m7WfIJNnwLQC08ckJteYreRsnmyz7TWnd3f/bbbUAyDbYl7ZUrjKqnyEP3lU7
LqQJH1zhat/QjCRrnwUhlglq0e1vViJeUvGRxQ9AsbSYnbZLDgPCaSiXC/HRPXlp
qbiJ63eT1I8B9/qicQQH5o1QnLeLApX2076cVjHoCEyNaf0Q3Vs8PdfVtM7au92L
m3yKTJFGibEEu+0EXMQ1yyRS8kw/gGWENotCU4JjzDF4NIxBKpxHY5fK3+LS+mQ2
eYJ3VwCMGvfYPbIFVyBeJnhMoBP39O4J15jGCKQoSjb3S7ffsaI1PCePHpmgvOZo
SPdTQ8h4K7tTWao7pPuVDEZkbi4j+kH9ktb+FLiMXRKAdhB+vdbQCrjfx8tQDNE5
dDtUt30cTdrHgfPFleqE4M7K+lUlHBObJwKsUI7TGbBlTIijIXqkFXqiawr6jnVm
sKYiWAhzcsItfn7dvfNNapXJPkK5pZPjfzPiMkBH9rJu7g6ufDk/CUDG7RliUwPv
J58PlEuP1p7gPGuRWe2aiZjUo8hpifgeMiaz4p+6M20Sj1AnbZsX3WIR0SwKe3So
5o9fj7RdcZnf6q9nVgFpiZT18BkpKiPLCC4LfQFzSBEo/DuluqO2kh6LlM+TaY/H
YjpsfqaU0YoFIYab/JVehsVzfeWFU/Xy1lCNYGkWIACYfGYLiNYU9COxCqwQgent
6vbZcRdsuV7YEO0tm9oRvvzTMdhwuk7mLb5/GioHs1+SfyOf4fGxXdN+8A4/WCND
QCevBWg2muJP4ES6tUiIt3uE00lJhY/sm8B6syz3PcOOdMIf08vIq796AEbUe9sa
A6XvkBPtxdz0rV08NB1j8WiO3lEEXsU1cILYYOuaJ/4Ocjbc7ZwmyvQMmIOMoiKo
5yYV/Jf9i/hZpoBYdENuqlN0063ei07PeMFSEpDQdLrP3LxcOdM6xTpQw40qv8OW
mk87dW4C2mXTRehXxNbrCYUqgl/lWLRrbJii9LuNqkOYElJ0iXv8TjmuN31sIZB0
EH5msUq3koERhffx4H8SNB/rekcwtvLScvlX6SnWrDWxVSt8klgT1g9kMWOj0MQt
QpTrQVBVCPk7VbOKHQjPVwJC7zP5IXeRTe7Z3guV+aGlg5Qb1cQKx0Lb+2H6Ifhb
NSa0TcZ2yWvQWENld2wAWNAMVX61uK0Bq+fgm4udIkH3bLleb0dioY0mKJ+MDDFX
aW72cljWpwbO6JYyvuupi9F8bf25DRe52xaOWWqIKn0joMEpXniy0uHkrRjUd2mP
EvIc2aVaFbm7Sea3W0MyuK2j7xZJeuiYmuPcxhrCmsPvMfgxJ+NuHaimpIjDaJc+
vItpUr0CwQJCD1YbcnVrzBFJZTjXKrwS3ArbCbaLL5T32/wa1a6sPZDC1IXi2OMi
+vzGEZKe82MBiTzfnH4ZnATvaicEdtCW4A6UceunZ9s5qdIbZHa6I9wWq63IOM+T
hr1Bif0qu4onuNUfX8rV1/M1uXnUPjEXbfvlG2Crkv4KnpogqME7V7L2tt+L6urX
+Wi/zjZe9MgFBGS2MOJOzqzg+cnTzXcBL+setXF6H4I+C1Y/w9ZiUyv27Ke+/BTH
1x+s/w5Qx+wrT0K4e8EDCTYc2PpaCq/bvawyYY3niM3wH/tei8dd7LUMWk3+cr8I
8FTZCjN4Y6QnH7Fu2LLIPWJh2kASybRA11+QNucbvnXHiy5XROqM+7sXVY7cQee7
Z6dNRToo0+kYuCqTRkZb8cJixyQPp7WOV4YXTXwQGDnEUPl85WaWqDEBeT97nnNr
QNxpCj/KbVYm/MXVPs7gGCNAuPHY3WQ7CH2gkdTl3V9am4f4sK7RZE9LBBB/JkDc
tsh+o4M8xK7RIhVKmgFG18MdI9mxyrcJkSDnKUYn7nQSgkZtk5ouKnxxoM+Z9GE0
uo6vgNqALlqejK+ZqZ753e3JvXDxH99UZCm4D1H1rpZeiO5dySuHNf5AEGyuv9X7
pCfgthiOxY+x3YEDpu6onqKD3V3QNVspqOnN1NmZr3gY3jTfitxHFwIbGIa9p9Gb
HrLlBFz+9qw0++Oe6DPb7xYzHvOUBPkTfWvbJogym7/kEZee454hRyVMHGNMVUIp
qri+QujL9gyDw0mqHQuN7+N0zTMM6demrvTrTKMDN5QWos84hXiFvgXQqW13EWIW
+w6JbgyGVVwI3fz1ycGEQcBFpuAhuaUuWpHKMR4OgRz5HM08fUvjq2L9FKve63js
ND8vmvaehJSWeXFYBk6QsvDYSX658pfTk301VitjUD48sotnND3TEjBWA1agBL0z
5XtZa9D79YGZQEF4xml5V3hz9L9W9yFhGHdQhs+PDLELhTv8esb1SixywsUZGOKr
IynId+6TSx9jtCYDMrYVKz6LPcmTo+lpds6IWMTVN9AjiVnltcrrDYAo8xvBnqwb
A8Wph++F49QRnWO3wcx5/vle8BgvZwABFjV24jDtj/G/ldRuWbrB08KZH29orNy1
oynwvasaqrrfxxaZuoNcZh11hZwMvbSyAiE0HdHPkXHFhhxnCLCycPHJ3spalZbv
oa1OUWqqBWAY0x5oZuhwbWjsbOZWoiXI2dXqIz3VRt2OxI6YUFGIjMNSXQ23bYmf
g2DOB7BJgXIpSRVqhzplRSNB1UtrSNSA4CuzeVcxjjzffOWRIqm8S9icGsZWWuy5
j6zVssoIOmlBFYD9VPh143SWVc5q8evimRxY+Abgy4peqxWEwUa02zVmUu0LsSbE
BAPamaPiBmMciBPapAhNCC5i8qiJsk96cRFfDhZrPZ6hjrwKLveXgK/9Nk4DPR+G
s5oPRE/SIFxggU2Hu0qhVaO3opw08iSmT0OQb0z7XUWQwjg6akMiPevKY02UifSI
szhJzgaFY0u+vY/P3/5yjbIG33OvF65sk4kRatLmwqC53MkCdVv3BGcADpVdPsqR
IcOHuDjkDaqkzbqlrqOwCVlwLFu5fHkvkQPEQo3Kxn4darIHKXW0t+5S9c30o7fR
6QF+/nrC8J9J7YWEjWLBodiIZi2cKpE1/kqqDkpmJIvoyFCGHE1jWIr3Rjr0SlE1
2qgioaghBGfxlpf/CU0ZoIAd0uy+AC4upSzoyVb6AlBn6VPB042l043nbID3/0Xn
G60zHfTMuk1DH3a4Sn7XwobIUzDHZLMtGi8qye8H0WcRaD9KhIqGmEAw8IwAVy03
1Sq0pvl2d8W0ag36tXRT9wm4L9Fqd1DtmZTq7s7uyU3ufPovufX2r5z6aG6lrkid
z3nl4YCvesfLhXPRiFZLrsShvOwWWNbQ0bi+781ACvJA2BL+e9aFpcq2HE/nvraM
3TlAa9GBCFtlqAh4WWjS6gvWV1kTYCDlUBuSN3ujv/GPXLJtXGAp6qL3d5+g7phB
yG5LTtzEDHsk4tCztMDT5BcnXa4KPmCzspBCjJZT7jr3v5tCprTaPYtZ9o1oE0Y9
wJ0pn6RvgDF45brlx8czcdcAEqoRWoNtAZ3TctxcPbFazyVmfGyby3Ib/H+SJddM
eFrHcfvwzitJVZXQJEGpROEhalvazWkdzlUaQV4z5SBWUiZNEwYM96djUMfUTbV7
lajAHkvIjwvFXJwkgq07L74P3b59QCRdIIyiQSbOtJYBeMawmDRCcw+FQ4F949NL
BB/gbwRCnZaAR2Xv5YpKOdJoCm9FfohP8/gYwC4quZYWm+FMq+ftE/gbqLSdQncM
uZ58LLK1bEDDfPyy+TX5fBfgEiNL/Ey9c7ECWY2k+YTxQKdpASv84SbqcnpmDUKW
/6jejoPcyWwRSY/xiDvbwSUMBqwFWQ2gTbkyfNQY+NJUZCVzquZy5JFlhpHv2rDF
KLFuJ3T2ngZLjhqokTEA/Ocf8oRTb+eqzvsGxoZ/t8ELyhnMMkwGJwJXV/KSJfU3
TMi0BK6MxAbiacZduz/qpPcmsxvfESfNbP1zvPA53szcRYkItCfXL434X2QRvcKZ
PfPGw85p6VC/p3FjmJoM1S1pcSPM8DZiElLHd+ZQ8U4TUf3OFzB9RYcJUSRCmMff
e+MtR7a0HimSOrq/KU6jbKqPsYEdbzNuDj6JyqzkQwjodg36u8RUU5Zq1Ox9zVnS
md9rbMTjX9j6ixnxJQHHstjeyWH8klrGQJJ5ig4UhT4zAYKZi2R+XyjUHvOlM1qx
IQnTTdO+ywBjwXjY0ZIuRDzvao7yYgaM6YMibBZDPVfC4SihrSgXQfkHdZkAhc7b
q9JhA/z++f3ErWT2PmyRwyajkm2XGYynC/ttMvDpYEUMBteC27H54kHWsHSJKdhe
0eu//m12mG85mokSCW6T0OcT6T2Vf3EDkaGsIvJWaoV6xJI0ioPGe3DkWP9udUQM
jqHvlaIhfjygpbVw6WLDTYMGHv33MPY+Qp0igw7og7ZO6y6JsoW8tctrpkoI68zH
3NdyDcPaspZxiSowUz7Z94wPOMe21gVuYa/UDHsMS3pyzpi/RyLp69RjJry15TTH
an0zQyMJNIZiXU2069+/vN1R57PE80A8dfixn4iIxK2KR/mKhC649JPzLtFQXBba
mOTCOSLlyrNayBD6RfpdOM4OA47la6PZB+Cng0UJPK5wJoB4X6ZMoXs6J6wtyUfm
c5Asa8aIsfXBDObu2d2bdieGjctWliuolmoEnjBf7BU80dLUvNFMPuut7vumWvkA
SPw2qrkekeeoh7QfUEJcCOc4s9KAPfti//N+DqOCgn6B/fdAd6+z6HhDN6ersmqb
Tb59yPdGLNsQpJiqPTKOLYO86C//KknES+RdbJMsuJ5I9k317UNgxmiW+iR1mc1s
JMHsystVRyyKEoYW3QTTJTH6dojt+K3JxTPlM6gjNNihUZWd7kM2wN4/PtDdBdRB
+ZksZgIH0+HhQ2q5agjN5FDWc3gTVJ2jjxsy19P2OrvLUWLXnwSbdNt8hNLkkAlf
5MM4mEGuQ8r2uHfkBNv35HnHXFTUuPgcm7KKEuy+gfhlXekntdDLrREHYaVjPEEf
jiHhQz8tWsI6bIoi1G+0YHxhdmimLCnvWLJytmcDEbWqLBVhp3ClvQH5r9EFFNs/
mWoSo77isDxAkktJ2mLVzPgTWwVG89I1o/ch0E9xj+RTxnEfmIP+lbYEEVSUF0ut
7Dk1qj/GHqprO8ypQiiuptFTid/pIR4O0VdPrYlR6dY5gkKL5jQA96fNC7jhHf8j
bH6NSqk6TTm6v/n5tT7sUMzfEzT/biMm1p7kKHzoIg9/LXdla33/f6rvTbcVQCM4
DErhY65BNSMrbx/3o8bo8LZM2adtIrBpOEG3UJFQaqgq3LTRRVMwngGW32XR3ony
VM+wGRLINhhRnizxec4QZPQc1sCZmkSg5ubWVUXi7BF+0HuFzVAuF3MbC9Zp3BxU
euFw/SXRfamaab5WkGBLmk6KZRCZMefB4+dwG7uw2fQUpKRhOhw+wn2LuOkcka8K
dVSJzxDqXGA+b5IvHzm+IMJFwdFITB3cpHx2sz5aYcHHwEFFfdDsZc/kRt/J1Y/q
gO2ESqpzXiKS9kw2Asb6kNd8f3A+MQr/vVn9s+xXDLhphhP2yERFShFm4rvH/c1/
xRYoq540O02yPBkDCSIjTi5Hw2yqqHGV8n9cpFqa0wzm9uVqANz/7cTqhKDpPJjs
Rf/TMWZdCcCJPo7n7y8da1N6MaNfsW9bWO72UojyuRwZ0QdIBh6jn6jYI0pGFPQH
k9TRu5c7mBRRzyV4hnRpM5i8HGM61NhP/uOdu0nD0sVZD0jkZAb1LSIB8UwNpkrC
67cxQUiP7AVZ/9UZaaPXkNCircFcOfBQ5fUUYkDwpgTTdQQKp8VBuiTSWjvFoZM8
qqYQ8D56QNv3/YcQuGvzVh3rPHhLStshZlBkDbEwwlUiyRUdg+YIrAsIEyiMJCaW
khOf0M9ZNYpfwMJxEludWGOuu5dbrorb970Q+HYn5sjbmEB/QCkEoLz8xc56xkH7
A7L34iJ4NPow9MOQZLcau1HCpvHZ0mM8kounxJWtqIu7fODJU9a770DXxxa3Dp6a
NdfHschD5G/1bSI/l6k3VERVPAzhAJZP40TUFKmZXn0bMl5KqtElrhslaUGWv1W1
8G9UwIlACIm9xHfxcpwntp9lVKYgPD8RQ09qTvSQB/RWxK+J3zCXhubPks6PLpMI
6SdUy9tx9UN7ca8SSbC9qlfvQywZijRg35ouV+e/XqRSLXHbl7KMrmLZXOPQlCT2
ntLXBhjIWtBmIDNLbTtGosrVqJCY6XgWA4QVl3zqKkWp5wkH/Zimp1xr+JhEX8d5
dmIsmtVsz1oNNRZcN5Jjq/cwod272e2Z9dhIppTYtdXU/JyewvUYAfzzB36xVepl
HVlTxn/W7QQLEqbJKFtKErTHbtNnOAB3u8oHXVcFeRhNELAihfq3BGLe78AXtMRS
LjYRy1VeroPaJOFiFCYosyK4WfaDzt8mQILAoRL4tf2qiNLu/KpEwOAnEkW+eSYU
+nTheh0TlgAwGfs3/u2ip7b0ISpax0vmkS/K9ve8MzZymiuY6e72M+s8s1ab4ex8
WOvFGS2s1TAN7DuNXD2/gmjHr0G1lekjZT6c0o+YToe07IZmZ6zesOXLin89VzUG
K2HeGtFFv291NCTUrRvpru4nEHnl7G6p+NpEM804knosfEdAmmXo5/JnP+NkGfTp
WbDhHCkw3udqKt9mhLqrmsqiOLt8UVHdT/6lSXQBXpz3BJ435A4KMrswBhqK67Lv
zc8Bj1sJj4O6pkPMLnlkkpXfEkly5YYfv7DkWrqiLV9xdNSE+rGLgM0mXdj7ryAF
MiPjlCjeegMfGDOhGYz8sReGtbbeur5ba/9ieDIQr+Q3DYq482qhtukN0mJW8mVe
O2ovGf2r5fKsMJ2rDmQ0cPcKeNU+jS4esjr2nYbDfP8YGWgUmUiyeolxHeH+rS4G
InrwASt6YM5OQrxPQ/giYHTUrU/iIjcB0Vqo3udzSsnyiCWzAfBL3Binj5SFMtoK
YZ+jVZ2ti8BPewcTEVp7MRxnpr3Pr8DX3W8b4H8Pjv65k/hwWQtUiiJGglRyPGx5
eYKZ+gd58zaNXeAs6nr3Mg+g9EncdQ62H3g6sckkUngdHyeq4Ze7lVU6igL+zO+i
yYU/vzvC8hayC9liOCaIAbFwaVfk7yIvIf0opdn83F0t78+xa+uz6LbXWftGm40i
uxls8EIQGGj8gLBHOSODTMICpKAazmG1hAOvMWxKEfT2x3wSm+Wpzs2g6hX7dFLj
5MvJo3MXb5qp8rQ4h6Zjb+lWf380BCx+hgoerEcTGNvVz8EryQSMzTNkLQhBute7
V5xyQG80+qK8cefBk/Wn/bL9jRrGDIoIKDhIhXch7ZDXSeEjyxsgo4pyyq/LloI3
bz3vrrqudyb+aIhCPSv3yBWN97n6edP62XWKpln0p5PoF7gCywmTxL/tXk04bhu/
jmS1ZoNoZ3ZHmGWu+RtYTsdgsT48gAArZVqlCdTazt6fWNwieLfnfxJ33DI8mBnJ
srXTPIUghBkqi//NGBikARC3e+OQ/Z5RgdhQFkGmxWBkyM6nSgk+UTI/Z4ZdVMKg
UI1FH+bKKma5Gwu/RsPFOv/XT5W5iUI/UWfCUS00f9pGFrI2U2TGMBbTuttJ1u+n
HudVqPF+N1mzBuaxSUiLlSBotW5Zmdwr95Bm3xKm3CAXWYdF1IMcdwzPIGc2VAJC
RHRlgHFPnjBLucpiKJSoHfqS9mMGIAASmKH1l/o2voD5MM9fu49V0PWyDiWVa66r
MNVIti1OQbMzHv/NOj65yRU6TQhUiwc+9B4AuymkhITJtKj5aeuu3oOfcrDTxd5Y
/HXd7se5drUrL4lPQskf5o/NPF7mjlrbbOAvxDeHfuPZbIJQ7l/coOGkWYbRQxMw
camTMXQxgfnRFhAdB06LSwAmyO6UDNBNiRB3k8gURb9lXo0OoRq6B1GML1P8RXUL
BtM9qUEuo+QnwC1ceIyvwVM/RdSY52xmNz8xVI5i6uTDheDwUXMbpAT3jKngMc0Z
Soq9VCsik6RFr2GYO9Jfee5POSd0UexVZKHmyjzYNbUMjK4U+eENlfjvNVjgEuFs
WrTIRvGGauj82WerCV2OtvwqccnrO+Yowr104YCAApHks8Q/MQ/iE4R5ik1gyPVy
UKNcGkIM9IzSN6APep8cVKA4PxNZ8dl5wwpfciJUhMu5hmnj1gJZDTqx1TOYlGpa
SucMZF1lo8HsPkSh6hJYXT25BcTHpJBs3slhzedKd7/ly5NqiGKxAK0qQkYWX3ga
tCsQj1SjgEfidOQET2l56m5aJYARvTw25u1xWS/NK5rPcXScBr4hJ5qjCDAsxnol
G+VcyFk2EV2QnB1hw0lfE+nDIPJmi3uG8RriG41ygStuilsDZPvGAEQ2LKb2iSod
IvTa2kdEgoNpdaIxt8OKygMEo6rx6BrxR20Ff1PtS/K8InaSJjVas0K59e9S0G0f
UK5sZ+fAxA9uKbosRPiU/cOR+UCdVSS58AxWluA8MoMUAqCylmZXtAemCNpTVjJD
4ZP6kyIVNG5OBeZ6lCIOrFbP24EBWp+ieqTOlRXY1b3/ErV3C73Eywf5jCUQOMw0
=vIUT
-----END PGP MESSAGE-----
