SN:3K60180500001583 BD:Jul 23 2018 VC:834b9c1 MD5:48f99e4865ed8b810be1bb0eaaabf929
SysTime,                      Time,         Batt_v,      Batt_v_sd,   BATT_PERCENT,BATT_PERCENT_sd,      [CH4]_ppm,   [CH4]_ppm_sd,      [H2O]_ppm,   [H2O]_ppm_sd,      [CO2]_ppm,   [CO2]_ppm_sd,     [CH4]d_ppm,  [CH4]d_ppm_sd,     [CO2]d_ppm,  [CO2]d_ppm_sd,      GasP_torr,   GasP_torr_sd,         GasT_C,      GasT_C_sd,         AmbT_C,      AmbT_C_sd,         RD0_us,      RD0_us_sd,         RD1_us,      RD1_us_sd, Temp_Status_mA,Temp_Status_mA_sd,Analyzer_Status_mA,Analyzer_Status_mA_sd,       Fit_Flag,      MIU_VALVE,       MIU_DESC
12/09/2020 11:46:50.421, 12/09/2020 11:46:50.366, 4.11889e+0, 0.00000e+0, 9.12817e+1, 0.00000e+0, 2.00943e+0, 0.00000e+0, 5.12449e+3, 0.00000e+0, 4.24454e+2, 0.00000e+0, 2.01978e+0, 0.00000e+0, 4.26641e+2, 0.00000e+0, 5.02171e+2, 0.00000e+0, 7.24904e+0, 0.00000e+0, 8.11637e+0, 0.00000e+0, 3.59352e+0, 0.00000e+0, 3.19142e+0, 0.00000e+0, 2.00000e+1, 0.00000e+0, 1.00000e+1, 0.00000e+0, 3, 8, 
12/09/2020 11:46:51.207, 12/09/2020 11:46:51.111, 4.11985e+0, 0.00000e+0, 9.14236e+1, 0.00000e+0, 2.00976e+0, 0.00000e+0, 4.87598e+3, 0.00000e+0, 4.23146e+2, 0.00000e+0, 2.01961e+0, 0.00000e+0, 4.25219e+2, 0.00000e+0, 5.02328e+2, 0.00000e+0, 7.27549e+0, 0.00000e+0, 8.15886e+0, 0.00000e+0, 3.59266e+0, 0.00000e+0, 3.19183e+0, 0.00000e+0, 2.00000e+1, 0.00000e+0, 1.00000e+1, 0.00000e+0, 3, 8, 
12/09/2020 11:46:52.156, 12/09/2020 11:46:52.104, 4.12033e+0, 0.00000e+0, 9.14945e+1, 0.00000e+0, 2.01309e+0, 0.00000e+0, 5.18555e+3, 0.00000e+0, 4.23414e+2, 0.00000e+0, 2.02359e+0, 0.00000e+0, 4.25621e+2, 0.00000e+0, 5.02216e+2, 0.00000e+0, 7.24597e+0, 0.00000e+0, 8.17293e+0, 0.00000e+0, 3.59174e+0, 0.00000e+0, 3.19269e+0, 0.00000e+0, 2.00000e+1, 0.00000e+0, 1.00000e+1, 0.00000e+0, 3, 8, 
12/09/2020 11:46:53.157, 12/09/2020 11:46:53.099, 4.12046e+0, 0.00000e+0, 9.15135e+1, 0.00000e+0, 2.00819e+0, 0.00000e+0, 4.80569e+3, 0.00000e+0, 4.22467e+2, 0.00000e+0, 2.01789e+0, 0.00000e+0, 4.24507e+2, 0.00000e+0, 5.02275e+2, 0.00000e+0, 7.24364e+0, 0.00000e+0, 8.17783e+0, 0.00000e+0, 3.59264e+0, 0.00000e+0, 3.19213e+0, 0.00000e+0, 2.00000e+1, 0.00000e+0, 1.00000e+1, 0.00000e+0, 3, 8, 
12/09/2020 11:46:54.152, 12/09/2020 11:46:54.093, 4.12040e+0, 0.00000e+0, 9.15051e+1, 0.00000e+0, 2.00943e+0, 0.00000e+0, 5.04072e+3, 0.00000e+0, 4.21545e+2, 0.00000e+0, 2.01961e+0, 0.00000e+0, 4.23681e+2, 0.00000e+0, 5.02281e+2, 0.00000e+0, 7.23644e+0, 0.00000e+0, 8.17796e+0, 0.00000e+0, 3.59264e+0, 0.00000e+0, 3.19022e+0, 0.00000e+0, 2.00000e+1, 0.00000e+0, 1.00000e+1, 0.00000e+0, 3, 8, 
12/09/2020 11:46:55.138, 12/09/2020 11:46:55.087, 4.12033e+0, 0.00000e+0, 9.14948e+1, 0.00000e+0, 2.00988e+0, 0.00000e+0, 5.28757e+3, 0.00000e+0, 4.21038e+2, 0.00000e+0, 2.02057e+0, 0.00000e+0, 4.23276e+2, 0.00000e+0, 5.02266e+2, 0.00000e+0, 7.24108e+0, 0.00000e+0, 8.17749e+0, 0.00000e+0, 3.59242e+0, 0.00000e+0, 3.19026e+0, 0.00000e+0, 2.00000e+1, 0.00000e+0, 1.00000e+1, 0.00000e+0, 3, 8, 
12/09/2020 11:46:56.132, 12/09/2020 11:46:56.083, 4.12043e+0, 0.00000e+0, 9.15092e+1, 0.00000e+0, 2.00632e+0, 0.00000e+0, 4.54392e+3, 0.00000e+0, 4.22238e+2, 0.00000e+0, 2.01547e+0, 0.00000e+0, 4.24165e+2, 0.00000e+0, 5.02281e+2, 0.00000e+0, 7.23545e+0, 0.00000e+0, 8.17863e+0, 0.00000e+0, 3.59350e+0, 0.00000e+0, 3.19107e+0, 0.00000e+0, 2.00000e+1, 0.00000e+0, 1.00000e+1, 0.00000e+0, 3, 8, 
12/09/2020 11:46:57.129, 12/09/2020 11:46:57.076, 4.12053e+0, 0.00000e+0, 9.15240e+1, 0.00000e+0, 2.00860e+0, 0.00000e+0, 4.96065e+3, 0.00000e+0, 4.20415e+2, 0.00000e+0, 2.01862e+0, 0.00000e+0, 4.22511e+2, 0.00000e+0, 5.02265e+2, 0.00000e+0, 7.22255e+0, 0.00000e+0, 8.18105e+0, 0.00000e+0, 3.59111e+0, 0.00000e+0, 3.19012e+0, 0.00000e+0, 2.00000e+1, 0.00000e+0, 1.00000e+1, 0.00000e+0, 3, 8, 
12/09/2020 11:46:58.121, 12/09/2020 11:46:58.071, 4.12039e+0, 0.00000e+0, 9.15035e+1, 0.00000e+0, 2.00879e+0, 0.00000e+0, 5.06632e+3, 0.00000e+0, 4.20920e+2, 0.00000e+0, 2.01902e+0, 0.00000e+0, 4.23063e+2, 0.00000e+0, 5.02304e+2, 0.00000e+0, 7.22323e+0, 0.00000e+0, 8.17687e+0, 0.00000e+0, 3.59162e+0, 0.00000e+0, 3.19059e+0, 0.00000e+0, 2.00000e+1, 0.00000e+0, 1.00000e+1, 0.00000e+0, 3, 8, 
12/09/2020 11:46:59.126, 12/09/2020 11:46:59.073, 4.12049e+0, 0.00000e+0, 9.15172e+1, 0.00000e+0, 2.00980e+0, 0.00000e+0, 5.09065e+3, 0.00000e+0, 4.19212e+2, 0.00000e+0, 2.02008e+0, 0.00000e+0, 4.21357e+2, 0.00000e+0, 5.02281e+2, 0.00000e+0, 7.23454e+0, 0.00000e+0, 8.17837e+0, 0.00000e+0, 3.59431e+0, 0.00000e+0, 3.19191e+0, 0.00000e+0, 2.00000e+1, 0.00000e+0, 1.00000e+1, 0.00000e+0, 3, 8, 
12/09/2020 11:47:00.127, 12/09/2020 11:47:00.067, 4.12035e+0, 0.00000e+0, 9.14976e+1, 0.00000e+0, 2.00810e+0, 0.00000e+0, 5.27159e+3, 0.00000e+0, 4.20854e+2, 0.00000e+0, 2.01874e+0, 0.00000e+0, 4.23084e+2, 0.00000e+0, 5.02250e+2, 0.00000e+0, 7.24075e+0, 0.00000e+0, 8.18134e+0, 0.00000e+0, 3.59410e+0, 0.00000e+0, 3.19025e+0, 0.00000e+0, 2.00000e+1, 0.00000e+0, 1.00000e+1, 0.00000e+0, 3, 8, 
12/09/2020 11:47:01.113, 12/09/2020 11:47:01.061, 4.12036e+0, 0.00000e+0, 9.14990e+1, 0.00000e+0, 2.00867e+0, 0.00000e+0, 5.30531e+3, 0.00000e+0, 4.20285e+2, 0.00000e+0, 2.01938e+0, 0.00000e+0, 4.22526e+2, 0.00000e+0, 5.02290e+2, 0.00000e+0, 7.23188e+0, 0.00000e+0, 8.18329e+0, 0.00000e+0, 3.59309e+0, 0.00000e+0, 3.19120e+0, 0.00000e+0, 2.00000e+1, 0.00000e+0, 1.00000e+1, 0.00000e+0, 3, 8, 
12/09/2020 11:47:02.109, 12/09/2020 11:47:02.056, 4.12031e+0, 0.00000e+0, 9.14914e+1, 0.00000e+0, 2.00715e+0, 0.00000e+0, 5.42453e+3, 0.00000e+0, 4.20814e+2, 0.00000e+0, 2.01810e+0, 0.00000e+0, 4.23109e+2, 0.00000e+0, 5.02290e+2, 0.00000e+0, 7.24510e+0, 0.00000e+0, 8.17958e+0, 0.00000e+0, 3.59300e+0, 0.00000e+0, 3.19099e+0, 0.00000e+0, 2.00000e+1, 0.00000e+0, 1.00000e+1, 0.00000e+0, 3, 8, 
12/09/2020 11:47:03.106, 12/09/2020 11:47:03.051, 4.12031e+0, 0.00000e+0, 9.14917e+1, 0.00000e+0, 2.00985e+0, 0.00000e+0, 4.66406e+3, 0.00000e+0, 4.21281e+2, 0.00000e+0, 2.01927e+0, 0.00000e+0, 4.23256e+2, 0.00000e+0, 5.02299e+2, 0.00000e+0, 7.23233e+0, 0.00000e+0, 8.18327e+0, 0.00000e+0, 3.59196e+0, 0.00000e+0, 3.19113e+0, 0.00000e+0, 2.00000e+1, 0.00000e+0, 1.00000e+1, 0.00000e+0, 3, 8, 
12/09/2020 11:47:04.101, 12/09/2020 11:47:04.044, 4.12041e+0, 0.00000e+0, 9.15062e+1, 0.00000e+0, 2.00992e+0, 0.00000e+0, 5.10308e+3, 0.00000e+0, 4.21741e+2, 0.00000e+0, 2.02023e+0, 0.00000e+0, 4.23905e+2, 0.00000e+0, 5.02282e+2, 0.00000e+0, 7.23042e+0, 0.00000e+0, 8.19206e+0, 0.00000e+0, 3.59242e+0, 0.00000e+0, 3.19045e+0, 0.00000e+0, 2.00000e+1, 0.00000e+0, 1.00000e+1, 0.00000e+0, 3, 8, 
12/09/2020 11:47:05.094, 12/09/2020 11:47:05.039, 4.12042e+0, 0.00000e+0, 9.15070e+1, 0.00000e+0, 2.00554e+0, 0.00000e+0, 4.88675e+3, 0.00000e+0, 4.21835e+2, 0.00000e+0, 2.01539e+0, 0.00000e+0, 4.23907e+2, 0.00000e+0, 5.02282e+2, 0.00000e+0, 7.22836e+0, 0.00000e+0, 8.19414e+0, 0.00000e+0, 3.59385e+0, 0.00000e+0, 3.19084e+0, 0.00000e+0, 2.00000e+1, 0.00000e+0, 1.00000e+1, 0.00000e+0, 3, 8, 
12/09/2020 11:47:06.089, 12/09/2020 11:47:06.035, 4.12041e+0, 0.00000e+0, 9.15057e+1, 0.00000e+0, 2.00960e+0, 0.00000e+0, 5.38863e+3, 0.00000e+0, 4.22013e+2, 0.00000e+0, 2.02048e+0, 0.00000e+0, 4.24299e+2, 0.00000e+0, 5.02278e+2, 0.00000e+0, 7.23804e+0, 0.00000e+0, 8.19171e+0, 0.00000e+0, 3.59104e+0, 0.00000e+0, 3.19080e+0, 0.00000e+0, 2.00000e+1, 0.00000e+0, 1.00000e+1, 0.00000e+0, 3, 8, 
12/09/2020 11:47:07.082, 12/09/2020 11:47:07.029, 4.12041e+0, 0.00000e+0, 9.15064e+1, 0.00000e+0, 2.01054e+0, 0.00000e+0, 5.03812e+3, 0.00000e+0, 4.22531e+2, 0.00000e+0, 2.02072e+0, 0.00000e+0, 4.24670e+2, 0.00000e+0, 5.02293e+2, 0.00000e+0, 7.23812e+0, 0.00000e+0, 8.19216e+0, 0.00000e+0, 3.59110e+0, 0.00000e+0, 3.19059e+0, 0.00000e+0, 2.00000e+1, 0.00000e+0, 1.00000e+1, 0.00000e+0, 3, 8, 
12/09/2020 11:47:08.075, 12/09/2020 11:47:08.024, 4.12041e+0, 0.00000e+0, 9.15055e+1, 0.00000e+0, 2.01043e+0, 0.00000e+0, 5.12371e+3, 0.00000e+0, 4.23350e+2, 0.00000e+0, 2.02078e+0, 0.00000e+0, 4.25530e+2, 0.00000e+0, 5.02281e+2, 0.00000e+0, 7.23926e+0, 0.00000e+0, 8.19654e+0, 0.00000e+0, 3.58958e+0, 0.00000e+0, 3.19195e+0, 0.00000e+0, 2.00000e+1, 0.00000e+0, 1.00000e+1, 0.00000e+0, 3, 8, 
12/09/2020 11:47:09.068, 12/09/2020 11:47:09.018, 4.12024e+0, 0.00000e+0, 9.14808e+1, 0.00000e+0, 2.01202e+0, 0.00000e+0, 5.27120e+3, 0.00000e+0, 4.23720e+2, 0.00000e+0, 2.02269e+0, 0.00000e+0, 4.25965e+2, 0.00000e+0, 5.02300e+2, 0.00000e+0, 7.22705e+0, 0.00000e+0, 8.20018e+0, 0.00000e+0, 3.58914e+0, 0.00000e+0, 3.19105e+0, 0.00000e+0, 2.00000e+1, 0.00000e+0, 1.00000e+1, 0.00000e+0, 3, 8, 
12/09/2020 11:47:10.063, 12/09/2020 11:47:10.012, 4.12036e+0, 0.00000e+0, 9.14987e+1, 0.00000e+0, 2.00634e+0, 0.00000e+0, 5.24797e+3, 0.00000e+0, 4.22898e+2, 0.00000e+0, 2.01693e+0, 0.00000e+0, 4.25129e+2, 0.00000e+0, 5.02290e+2, 0.00000e+0, 7.23242e+0, 0.00000e+0, 8.20885e+0, 0.00000e+0, 3.59201e+0, 0.00000e+0, 3.19207e+0, 0.00000e+0, 2.00000e+1, 0.00000e+0, 1.00000e+1, 0.00000e+0, 3, 1, 
12/09/2020 11:47:11.056, 12/09/2020 11:47:11.007, 4.12032e+0, 0.00000e+0, 9.14924e+1, 0.00000e+0, 2.01093e+0, 0.00000e+0, 5.43922e+3, 0.00000e+0, 4.23826e+2, 0.00000e+0, 2.02193e+0, 0.00000e+0, 4.26144e+2, 0.00000e+0, 5.02288e+2, 0.00000e+0, 7.22940e+0, 0.00000e+0, 8.20532e+0, 0.00000e+0, 3.59031e+0, 0.00000e+0, 3.19198e+0, 0.00000e+0, 2.00000e+1, 0.00000e+0, 1.00000e+1, 0.00000e+0, 3, 1, 
12/09/2020 11:47:12.063, 12/09/2020 11:47:12.008, 4.12030e+0, 0.00000e+0, 9.14895e+1, 0.00000e+0, 2.01198e+0, 0.00000e+0, 4.96480e+3, 0.00000e+0, 4.24512e+2, 0.00000e+0, 2.02202e+0, 0.00000e+0, 4.26630e+2, 0.00000e+0, 5.02306e+2, 0.00000e+0, 7.23462e+0, 0.00000e+0, 8.20311e+0, 0.00000e+0, 3.58895e+0, 0.00000e+0, 3.19177e+0, 0.00000e+0, 2.00000e+1, 0.00000e+0, 1.00000e+1, 0.00000e+0, 3, 1, 
12/09/2020 11:47:13.054, 12/09/2020 11:47:13.002, 4.12041e+0, 0.00000e+0, 9.15057e+1, 0.00000e+0, 2.00973e+0, 0.00000e+0, 5.22645e+3, 0.00000e+0, 4.23652e+2, 0.00000e+0, 2.02029e+0, 0.00000e+0, 4.25878e+2, 0.00000e+0, 5.02296e+2, 0.00000e+0, 7.22700e+0, 0.00000e+0, 8.21390e+0, 0.00000e+0, 3.59138e+0, 0.00000e+0, 3.19054e+0, 0.00000e+0, 2.00000e+1, 0.00000e+0, 1.00000e+1, 0.00000e+0, 3, 1, 
12/09/2020 11:47:14.048, 12/09/2020 11:47:13.997, 4.12024e+0, 0.00000e+0, 9.14803e+1, 0.00000e+0, 2.00828e+0, 0.00000e+0, 4.74121e+3, 0.00000e+0, 4.23787e+2, 0.00000e+0, 2.01785e+0, 0.00000e+0, 4.25805e+2, 0.00000e+0, 5.02304e+2, 0.00000e+0, 7.22951e+0, 0.00000e+0, 8.21878e+0, 0.00000e+0, 3.58961e+0, 0.00000e+0, 3.19175e+0, 0.00000e+0, 2.00000e+1, 0.00000e+0, 1.00000e+1, 0.00000e+0, 3, 1, 
12/09/2020 11:47:15.043, 12/09/2020 11:47:14.991, 4.12025e+0, 0.00000e+0, 9.14821e+1, 0.00000e+0, 2.00794e+0, 0.00000e+0, 5.02209e+3, 0.00000e+0, 4.23220e+2, 0.00000e+0, 2.01808e+0, 0.00000e+0, 4.25356e+2, 0.00000e+0, 5.02309e+2, 0.00000e+0, 7.21861e+0, 0.00000e+0, 8.22746e+0, 0.00000e+0, 3.59134e+0, 0.00000e+0, 3.19154e+0, 0.00000e+0, 2.00000e+1, 0.00000e+0, 1.00000e+1, 0.00000e+0, 3, 1, 
12/09/2020 11:47:16.042, 12/09/2020 11:47:15.986, 4.12037e+0, 0.00000e+0, 9.15003e+1, 0.00000e+0, 2.01347e+0, 0.00000e+0, 5.02600e+3, 0.00000e+0, 4.22665e+2, 0.00000e+0, 2.02364e+0, 0.00000e+0, 4.24800e+2, 0.00000e+0, 5.02305e+2, 0.00000e+0, 7.22102e+0, 0.00000e+0, 8.23824e+0, 0.00000e+0, 3.58834e+0, 0.00000e+0, 3.19184e+0, 0.00000e+0, 2.00000e+1, 0.00000e+0, 1.00000e+1, 0.00000e+0, 3, 1, 
12/09/2020 11:47:17.036, 12/09/2020 11:47:16.980, 4.12032e+0, 0.00000e+0, 9.14925e+1, 0.00000e+0, 2.00912e+0, 0.00000e+0, 5.13011e+3, 0.00000e+0, 4.24962e+2, 0.00000e+0, 2.01948e+0, 0.00000e+0, 4.27153e+2, 0.00000e+0, 5.02325e+2, 0.00000e+0, 7.23515e+0, 0.00000e+0, 8.23395e+0, 0.00000e+0, 3.59112e+0, 0.00000e+0, 3.19277e+0, 0.00000e+0, 2.00000e+1, 0.00000e+0, 1.00000e+1, 0.00000e+0, 3, 1, 
12/09/2020 11:47:18.028, 12/09/2020 11:47:17.975, 4.12039e+0, 0.00000e+0, 9.15030e+1, 0.00000e+0, 2.01119e+0, 0.00000e+0, 4.85261e+3, 0.00000e+0, 4.24855e+2, 0.00000e+0, 2.02099e+0, 0.00000e+0, 4.26927e+2, 0.00000e+0, 5.02299e+2, 0.00000e+0, 7.23796e+0, 0.00000e+0, 8.23411e+0, 0.00000e+0, 3.58931e+0, 0.00000e+0, 3.19280e+0, 0.00000e+0, 2.00000e+1, 0.00000e+0, 1.00000e+1, 0.00000e+0, 3, 1, 
12/09/2020 11:47:19.028, 12/09/2020 11:47:18.969, 4.12025e+0, 0.00000e+0, 9.14823e+1, 0.00000e+0, 2.01145e+0, 0.00000e+0, 5.04116e+3, 0.00000e+0, 4.23589e+2, 0.00000e+0, 2.02164e+0, 0.00000e+0, 4.25735e+2, 0.00000e+0, 5.02286e+2, 0.00000e+0, 7.23421e+0, 0.00000e+0, 8.23004e+0, 0.00000e+0, 3.58909e+0, 0.00000e+0, 3.19196e+0, 0.00000e+0, 2.00000e+1, 0.00000e+0, 1.00000e+1, 0.00000e+0, 3, 1, 
12/09/2020 11:47:20.025, 12/09/2020 11:47:19.964, 4.12033e+0, 0.00000e+0, 9.14934e+1, 0.00000e+0, 2.01386e+0, 0.00000e+0, 5.00265e+3, 0.00000e+0, 4.24192e+2, 0.00000e+0, 2.02399e+0, 0.00000e+0, 4.26325e+2, 0.00000e+0, 5.02288e+2, 0.00000e+0, 7.22774e+0, 0.00000e+0, 8.23634e+0, 0.00000e+0, 3.58934e+0, 0.00000e+0, 3.19264e+0, 0.00000e+0, 2.00000e+1, 0.00000e+0, 1.00000e+1, 0.00000e+0, 3, 1, 
12/09/2020 11:47:21.009, 12/09/2020 11:47:20.958, 4.12027e+0, 0.00000e+0, 9.14848e+1, 0.00000e+0, 2.01252e+0, 0.00000e+0, 4.72841e+3, 0.00000e+0, 4.25141e+2, 0.00000e+0, 2.02208e+0, 0.00000e+0, 4.27161e+2, 0.00000e+0, 5.02330e+2, 0.00000e+0, 7.22728e+0, 0.00000e+0, 8.23939e+0, 0.00000e+0, 3.59096e+0, 0.00000e+0, 3.19291e+0, 0.00000e+0, 2.00000e+1, 0.00000e+0, 1.00000e+1, 0.00000e+0, 3, 1, 
12/09/2020 11:47:22.007, 12/09/2020 11:47:21.954, 4.12026e+0, 0.00000e+0, 9.14838e+1, 0.00000e+0, 2.01179e+0, 0.00000e+0, 4.52384e+3, 0.00000e+0, 4.25003e+2, 0.00000e+0, 2.02093e+0, 0.00000e+0, 4.26934e+2, 0.00000e+0, 5.02285e+2, 0.00000e+0, 7.22617e+0, 0.00000e+0, 8.23872e+0, 0.00000e+0, 3.58961e+0, 0.00000e+0, 3.19377e+0, 0.00000e+0, 2.00000e+1, 0.00000e+0, 1.00000e+1, 0.00000e+0, 3, 1, 
12/09/2020 11:47:23.001, 12/09/2020 11:47:22.948, 4.12031e+0, 0.00000e+0, 9.14918e+1, 0.00000e+0, 2.00932e+0, 0.00000e+0, 5.07405e+3, 0.00000e+0, 4.26874e+2, 0.00000e+0, 2.01957e+0, 0.00000e+0, 4.29051e+2, 0.00000e+0, 5.02297e+2, 0.00000e+0, 7.23594e+0, 0.00000e+0, 8.23569e+0, 0.00000e+0, 3.59138e+0, 0.00000e+0, 3.19500e+0, 0.00000e+0, 2.00000e+1, 0.00000e+0, 1.00000e+1, 0.00000e+0, 3, 1, 
12/09/2020 11:47:23.997, 12/09/2020 11:47:23.942, 4.12019e+0, 0.00000e+0, 9.14729e+1, 0.00000e+0, 2.01093e+0, 0.00000e+0, 4.58849e+3, 0.00000e+0, 4.26910e+2, 0.00000e+0, 2.02020e+0, 0.00000e+0, 4.28877e+2, 0.00000e+0, 5.02311e+2, 0.00000e+0, 7.22612e+0, 0.00000e+0, 8.23533e+0, 0.00000e+0, 3.58929e+0, 0.00000e+0, 3.19441e+0, 0.00000e+0, 2.00000e+1, 0.00000e+0, 1.00000e+1, 0.00000e+0, 3, 1, 
12/09/2020 11:47:24.994, 12/09/2020 11:47:24.937, 4.12042e+0, 0.00000e+0, 9.15081e+1, 0.00000e+0, 2.00866e+0, 0.00000e+0, 4.61356e+3, 0.00000e+0, 4.27375e+2, 0.00000e+0, 2.01797e+0, 0.00000e+0, 4.29356e+2, 0.00000e+0, 5.02293e+2, 0.00000e+0, 7.22580e+0, 0.00000e+0, 8.24343e+0, 0.00000e+0, 3.59014e+0, 0.00000e+0, 3.19295e+0, 0.00000e+0, 2.00000e+1, 0.00000e+0, 1.00000e+1, 0.00000e+0, 3, 1, 
12/09/2020 11:47:25.993, 12/09/2020 11:47:25.932, 4.12044e+0, 0.00000e+0, 9.15101e+1, 0.00000e+0, 2.01338e+0, 0.00000e+0, 4.65290e+3, 0.00000e+0, 4.27427e+2, 0.00000e+0, 2.02280e+0, 0.00000e+0, 4.29425e+2, 0.00000e+0, 5.02272e+2, 0.00000e+0, 7.22395e+0, 0.00000e+0, 8.24427e+0, 0.00000e+0, 3.59205e+0, 0.00000e+0, 3.19241e+0, 0.00000e+0, 2.00000e+1, 0.00000e+0, 1.00000e+1, 0.00000e+0, 3, 1, 
12/09/2020 11:47:26.981, 12/09/2020 11:47:26.925, 4.12024e+0, 0.00000e+0, 9.14809e+1, 0.00000e+0, 2.01045e+0, 0.00000e+0, 4.83746e+3, 0.00000e+0, 4.29544e+2, 0.00000e+0, 2.02022e+0, 0.00000e+0, 4.31632e+2, 0.00000e+0, 5.02313e+2, 0.00000e+0, 7.22298e+0, 0.00000e+0, 8.23637e+0, 0.00000e+0, 3.59003e+0, 0.00000e+0, 3.19289e+0, 0.00000e+0, 2.00000e+1, 0.00000e+0, 1.00000e+1, 0.00000e+0, 3, 1, 
12/09/2020 11:47:27.979, 12/09/2020 11:47:27.920, 4.12030e+0, 0.00000e+0, 9.14892e+1, 0.00000e+0, 2.01002e+0, 0.00000e+0, 5.02485e+3, 0.00000e+0, 4.28996e+2, 0.00000e+0, 2.02017e+0, 0.00000e+0, 4.31162e+2, 0.00000e+0, 5.02289e+2, 0.00000e+0, 7.22910e+0, 0.00000e+0, 8.24633e+0, 0.00000e+0, 3.58882e+0, 0.00000e+0, 3.19320e+0, 0.00000e+0, 2.00000e+1, 0.00000e+0, 1.00000e+1, 0.00000e+0, 3, 1, 
12/09/2020 11:47:28.968, 12/09/2020 11:47:28.916, 4.12026e+0, 0.00000e+0, 9.14837e+1, 0.00000e+0, 2.00954e+0, 0.00000e+0, 5.03098e+3, 0.00000e+0, 4.30332e+2, 0.00000e+0, 2.01970e+0, 0.00000e+0, 4.32508e+2, 0.00000e+0, 5.02302e+2, 0.00000e+0, 7.22233e+0, 0.00000e+0, 8.25386e+0, 0.00000e+0, 3.59081e+0, 0.00000e+0, 3.19351e+0, 0.00000e+0, 2.00000e+1, 0.00000e+0, 1.00000e+1, 0.00000e+0, 3, 1, 
12/09/2020 11:47:29.963, 12/09/2020 11:47:29.909, 4.12027e+0, 0.00000e+0, 9.14847e+1, 0.00000e+0, 2.00645e+0, 0.00000e+0, 5.02017e+3, 0.00000e+0, 4.30264e+2, 0.00000e+0, 2.01658e+0, 0.00000e+0, 4.32435e+2, 0.00000e+0, 5.02303e+2, 0.00000e+0, 7.24561e+0, 0.00000e+0, 8.25248e+0, 0.00000e+0, 3.59178e+0, 0.00000e+0, 3.19289e+0, 0.00000e+0, 2.00000e+1, 0.00000e+0, 1.00000e+1, 0.00000e+0, 3, 1, 
12/09/2020 11:47:30.967, 12/09/2020 11:47:30.904, 4.12031e+0, 0.00000e+0, 9.14905e+1, 0.00000e+0, 2.00863e+0, 0.00000e+0, 4.44310e+3, 0.00000e+0, 4.30605e+2, 0.00000e+0, 2.01759e+0, 0.00000e+0, 4.32526e+2, 0.00000e+0, 5.02290e+2, 0.00000e+0, 7.23181e+0, 0.00000e+0, 8.25490e+0, 0.00000e+0, 3.59145e+0, 0.00000e+0, 3.19343e+0, 0.00000e+0, 2.00000e+1, 0.00000e+0, 1.00000e+1, 0.00000e+0, 3, 1, 
12/09/2020 11:47:31.953, 12/09/2020 11:47:31.899, 4.12028e+0, 0.00000e+0, 9.14868e+1, 0.00000e+0, 2.01247e+0, 0.00000e+0, 4.89237e+3, 0.00000e+0, 4.31054e+2, 0.00000e+0, 2.02237e+0, 0.00000e+0, 4.33173e+2, 0.00000e+0, 5.02300e+2, 0.00000e+0, 7.23457e+0, 0.00000e+0, 8.25481e+0, 0.00000e+0, 3.59039e+0, 0.00000e+0, 3.19285e+0, 0.00000e+0, 2.00000e+1, 0.00000e+0, 1.00000e+1, 0.00000e+0, 3, 1, 
12/09/2020 11:47:32.954, 12/09/2020 11:47:32.900, 4.12041e+0, 0.00000e+0, 9.15052e+1, 0.00000e+0, 2.01036e+0, 0.00000e+0, 4.76283e+3, 0.00000e+0, 4.30939e+2, 0.00000e+0, 2.01998e+0, 0.00000e+0, 4.33002e+2, 0.00000e+0, 5.02307e+2, 0.00000e+0, 7.23301e+0, 0.00000e+0, 8.25975e+0, 0.00000e+0, 3.59237e+0, 0.00000e+0, 3.19516e+0, 0.00000e+0, 2.00000e+1, 0.00000e+0, 1.00000e+1, 0.00000e+0, 3, 1, 
12/09/2020 11:47:33.947, 12/09/2020 11:47:33.895, 4.12033e+0, 0.00000e+0, 9.14938e+1, 0.00000e+0, 2.01385e+0, 0.00000e+0, 4.87287e+3, 0.00000e+0, 4.32293e+2, 0.00000e+0, 2.02371e+0, 0.00000e+0, 4.34410e+2, 0.00000e+0, 5.02306e+2, 0.00000e+0, 7.22581e+0, 0.00000e+0, 8.25768e+0, 0.00000e+0, 3.59265e+0, 0.00000e+0, 3.19415e+0, 0.00000e+0, 2.00000e+1, 0.00000e+0, 1.00000e+1, 0.00000e+0, 3, 1, 
12/09/2020 11:47:34.938, 12/09/2020 11:47:34.889, 4.12022e+0, 0.00000e+0, 9.14776e+1, 0.00000e+0, 2.00690e+0, 0.00000e+0, 4.36305e+3, 0.00000e+0, 4.33272e+2, 0.00000e+0, 2.01569e+0, 0.00000e+0, 4.35170e+2, 0.00000e+0, 5.02299e+2, 0.00000e+0, 7.23274e+0, 0.00000e+0, 8.25520e+0, 0.00000e+0, 3.59301e+0, 0.00000e+0, 3.19373e+0, 0.00000e+0, 2.00000e+1, 0.00000e+0, 1.00000e+1, 0.00000e+0, 3, 1, 
12/09/2020 11:47:35.942, 12/09/2020 11:47:35.885, 4.12013e+0, 0.00000e+0, 9.14639e+1, 0.00000e+0, 2.00894e+0, 0.00000e+0, 4.53031e+3, 0.00000e+0, 4.33921e+2, 0.00000e+0, 2.01808e+0, 0.00000e+0, 4.35896e+2, 0.00000e+0, 5.02299e+2, 0.00000e+0, 7.23132e+0, 0.00000e+0, 8.25261e+0, 0.00000e+0, 3.59271e+0, 0.00000e+0, 3.19375e+0, 0.00000e+0, 2.00000e+1, 0.00000e+0, 1.00000e+1, 0.00000e+0, 3, 1, 
12/09/2020 11:47:36.933, 12/09/2020 11:47:36.877, 4.12035e+0, 0.00000e+0, 9.14970e+1, 0.00000e+0, 2.00812e+0, 0.00000e+0, 4.49236e+3, 0.00000e+0, 4.33964e+2, 0.00000e+0, 2.01718e+0, 0.00000e+0, 4.35922e+2, 0.00000e+0, 5.02290e+2, 0.00000e+0, 7.23649e+0, 0.00000e+0, 8.25734e+0, 0.00000e+0, 3.59234e+0, 0.00000e+0, 3.19338e+0, 0.00000e+0, 2.00000e+1, 0.00000e+0, 1.00000e+1, 0.00000e+0, 3, 1, 
12/09/2020 11:47:37.926, 12/09/2020 11:47:37.872, 4.12031e+0, 0.00000e+0, 9.14914e+1, 0.00000e+0, 2.01024e+0, 0.00000e+0, 4.45571e+3, 0.00000e+0, 4.34564e+2, 0.00000e+0, 2.01923e+0, 0.00000e+0, 4.36509e+2, 0.00000e+0, 5.02276e+2, 0.00000e+0, 7.23535e+0, 0.00000e+0, 8.25466e+0, 0.00000e+0, 3.59020e+0, 0.00000e+0, 3.19352e+0, 0.00000e+0, 2.00000e+1, 0.00000e+0, 1.00000e+1, 0.00000e+0, 3, 1, 
12/09/2020 11:47:38.931, 12/09/2020 11:47:38.867, 4.12026e+0, 0.00000e+0, 9.14837e+1, 0.00000e+0, 2.00878e+0, 0.00000e+0, 4.85755e+3, 0.00000e+0, 4.33117e+2, 0.00000e+0, 2.01859e+0, 0.00000e+0, 4.35231e+2, 0.00000e+0, 5.02287e+2, 0.00000e+0, 7.22987e+0, 0.00000e+0, 8.26589e+0, 0.00000e+0, 3.59288e+0, 0.00000e+0, 3.19542e+0, 0.00000e+0, 2.00000e+1, 0.00000e+0, 1.00000e+1, 0.00000e+0, 3, 1, 
12/09/2020 11:47:39.920, 12/09/2020 11:47:39.861, 4.12028e+0, 0.00000e+0, 9.14863e+1, 0.00000e+0, 2.00962e+0, 0.00000e+0, 4.38293e+3, 0.00000e+0, 4.34678e+2, 0.00000e+0, 2.01846e+0, 0.00000e+0, 4.36592e+2, 0.00000e+0, 5.02301e+2, 0.00000e+0, 7.23893e+0, 0.00000e+0, 8.27537e+0, 0.00000e+0, 3.59290e+0, 0.00000e+0, 3.19461e+0, 0.00000e+0, 2.00000e+1, 0.00000e+0, 1.00000e+1, 0.00000e+0, 3, 1, 
12/09/2020 11:47:40.916, 12/09/2020 11:47:40.856, 4.12036e+0, 0.00000e+0, 9.14981e+1, 0.00000e+0, 2.00553e+0, 0.00000e+0, 4.95414e+3, 0.00000e+0, 4.31630e+2, 0.00000e+0, 2.01552e+0, 0.00000e+0, 4.33779e+2, 0.00000e+0, 5.02283e+2, 0.00000e+0, 7.23467e+0, 0.00000e+0, 8.27968e+0, 0.00000e+0, 3.59286e+0, 0.00000e+0, 3.19282e+0, 0.00000e+0, 2.00000e+1, 0.00000e+0, 1.00000e+1, 0.00000e+0, 3, 2, 
12/09/2020 11:47:41.897, 12/09/2020 11:47:41.850, 4.12026e+0, 0.00000e+0, 9.14842e+1, 0.00000e+0, 2.00867e+0, 0.00000e+0, 4.76170e+3, 0.00000e+0, 4.33002e+2, 0.00000e+0, 2.01828e+0, 0.00000e+0, 4.35074e+2, 0.00000e+0, 5.02280e+2, 0.00000e+0, 7.24350e+0, 0.00000e+0, 8.27344e+0, 0.00000e+0, 3.59251e+0, 0.00000e+0, 3.19355e+0, 0.00000e+0, 2.00000e+1, 0.00000e+0, 1.00000e+1, 0.00000e+0, 3, 2, 
12/09/2020 11:47:42.901, 12/09/2020 11:47:42.846, 4.12034e+0, 0.00000e+0, 9.14956e+1, 0.00000e+0, 2.00550e+0, 0.00000e+0, 4.52606e+3, 0.00000e+0, 4.33428e+2, 0.00000e+0, 2.01462e+0, 0.00000e+0, 4.35399e+2, 0.00000e+0, 5.02293e+2, 0.00000e+0, 7.23704e+0, 0.00000e+0, 8.26726e+0, 0.00000e+0, 3.59237e+0, 0.00000e+0, 3.19458e+0, 0.00000e+0, 2.00000e+1, 0.00000e+0, 1.00000e+1, 0.00000e+0, 3, 2, 
12/09/2020 11:47:43.891, 12/09/2020 11:47:43.840, 4.12039e+0, 0.00000e+0, 9.15024e+1, 0.00000e+0, 2.00642e+0, 0.00000e+0, 4.62711e+3, 0.00000e+0, 4.32810e+2, 0.00000e+0, 2.01574e+0, 0.00000e+0, 4.34822e+2, 0.00000e+0, 5.02266e+2, 0.00000e+0, 7.23146e+0, 0.00000e+0, 8.26854e+0, 0.00000e+0, 3.59406e+0, 0.00000e+0, 3.19452e+0, 0.00000e+0, 2.00000e+1, 0.00000e+0, 1.00000e+1, 0.00000e+0, 3, 2, 
12/09/2020 11:47:44.889, 12/09/2020 11:47:44.834, 4.12034e+0, 0.00000e+0, 9.14961e+1, 0.00000e+0, 2.00704e+0, 0.00000e+0, 4.67011e+3, 0.00000e+0, 4.32922e+2, 0.00000e+0, 2.01646e+0, 0.00000e+0, 4.34953e+2, 0.00000e+0, 5.02280e+2, 0.00000e+0, 7.23821e+0, 0.00000e+0, 8.26327e+0, 0.00000e+0, 3.59333e+0, 0.00000e+0, 3.19334e+0, 0.00000e+0, 2.00000e+1, 0.00000e+0, 1.00000e+1, 0.00000e+0, 3, 2, 
12/09/2020 11:47:45.886, 12/09/2020 11:47:45.828, 4.12016e+0, 0.00000e+0, 9.14694e+1, 0.00000e+0, 2.00922e+0, 0.00000e+0, 4.36852e+3, 0.00000e+0, 4.32582e+2, 0.00000e+0, 2.01804e+0, 0.00000e+0, 4.34480e+2, 0.00000e+0, 5.02288e+2, 0.00000e+0, 7.24200e+0, 0.00000e+0, 8.25739e+0, 0.00000e+0, 3.59391e+0, 0.00000e+0, 3.19435e+0, 0.00000e+0, 2.00000e+1, 0.00000e+0, 1.00000e+1, 0.00000e+0, 3, 2, 
12/09/2020 11:47:46.870, 12/09/2020 11:47:46.823, 4.12017e+0, 0.00000e+0, 9.14705e+1, 0.00000e+0, 2.01084e+0, 0.00000e+0, 4.72379e+3, 0.00000e+0, 4.31430e+2, 0.00000e+0, 2.02039e+0, 0.00000e+0, 4.33477e+2, 0.00000e+0, 5.02310e+2, 0.00000e+0, 7.25447e+0, 0.00000e+0, 8.26377e+0, 0.00000e+0, 3.59276e+0, 0.00000e+0, 3.19386e+0, 0.00000e+0, 2.00000e+1, 0.00000e+0, 1.00000e+1, 0.00000e+0, 3, 2, 
12/09/2020 11:47:47.876, 12/09/2020 11:47:47.817, 4.12020e+0, 0.00000e+0, 9.14749e+1, 0.00000e+0, 2.00860e+0, 0.00000e+0, 4.20021e+3, 0.00000e+0, 4.32485e+2, 0.00000e+0, 2.01707e+0, 0.00000e+0, 4.34309e+2, 0.00000e+0, 5.02269e+2, 0.00000e+0, 7.26866e+0, 0.00000e+0, 8.26907e+0, 0.00000e+0, 3.59569e+0, 0.00000e+0, 3.19381e+0, 0.00000e+0, 2.00000e+1, 0.00000e+0, 1.00000e+1, 0.00000e+0, 3, 2, 
12/09/2020 11:47:48.868, 12/09/2020 11:47:48.812, 4.12032e+0, 0.00000e+0, 9.14922e+1, 0.00000e+0, 2.00504e+0, 0.00000e+0, 4.33596e+3, 0.00000e+0, 4.30320e+2, 0.00000e+0, 2.01377e+0, 0.00000e+0, 4.32194e+2, 0.00000e+0, 5.02275e+2, 0.00000e+0, 7.25689e+0, 0.00000e+0, 8.26640e+0, 0.00000e+0, 3.59268e+0, 0.00000e+0, 3.19500e+0, 0.00000e+0, 2.00000e+1, 0.00000e+0, 1.00000e+1, 0.00000e+0, 3, 2, 
12/09/2020 11:47:49.859, 12/09/2020 11:47:49.807, 4.12024e+0, 0.00000e+0, 9.14812e+1, 0.00000e+0, 2.01036e+0, 0.00000e+0, 4.63130e+3, 0.00000e+0, 4.31042e+2, 0.00000e+0, 2.01971e+0, 0.00000e+0, 4.33048e+2, 0.00000e+0, 5.02269e+2, 0.00000e+0, 7.24453e+0, 0.00000e+0, 8.26824e+0, 0.00000e+0, 3.59371e+0, 0.00000e+0, 3.19211e+0, 0.00000e+0, 2.00000e+1, 0.00000e+0, 1.00000e+1, 0.00000e+0, 3, 2, 
12/09/2020 11:47:50.850, 12/09/2020 11:47:50.802, 4.12026e+0, 0.00000e+0, 9.14832e+1, 0.00000e+0, 2.00604e+0, 0.00000e+0, 4.65388e+3, 0.00000e+0, 4.31814e+2, 0.00000e+0, 2.01542e+0, 0.00000e+0, 4.33833e+2, 0.00000e+0, 5.02286e+2, 0.00000e+0, 7.24817e+0, 0.00000e+0, 8.27646e+0, 0.00000e+0, 3.59408e+0, 0.00000e+0, 3.19227e+0, 0.00000e+0, 2.00000e+1, 0.00000e+0, 1.00000e+1, 0.00000e+0, 3, 2, 
12/09/2020 11:47:51.847, 12/09/2020 11:47:51.795, 4.12032e+0, 0.00000e+0, 9.14926e+1, 0.00000e+0, 2.00664e+0, 0.00000e+0, 4.71225e+3, 0.00000e+0, 4.32085e+2, 0.00000e+0, 2.01614e+0, 0.00000e+0, 4.34131e+2, 0.00000e+0, 5.02250e+2, 0.00000e+0, 7.24537e+0, 0.00000e+0, 8.27455e+0, 0.00000e+0, 3.59382e+0, 0.00000e+0, 3.19075e+0, 0.00000e+0, 2.00000e+1, 0.00000e+0, 1.00000e+1, 0.00000e+0, 3, 2, 
12/09/2020 11:47:52.846, 12/09/2020 11:47:52.790, 4.12037e+0, 0.00000e+0, 9.14999e+1, 0.00000e+0, 2.01025e+0, 0.00000e+0, 4.65500e+3, 0.00000e+0, 4.32121e+2, 0.00000e+0, 2.01965e+0, 0.00000e+0, 4.34142e+2, 0.00000e+0, 5.02274e+2, 0.00000e+0, 7.27256e+0, 0.00000e+0, 8.26878e+0, 0.00000e+0, 3.59505e+0, 0.00000e+0, 3.19132e+0, 0.00000e+0, 2.00000e+1, 0.00000e+0, 1.00000e+1, 0.00000e+0, 3, 2, 
12/09/2020 11:47:53.841, 12/09/2020 11:47:53.784, 4.12037e+0, 0.00000e+0, 9.14994e+1, 0.00000e+0, 2.01305e+0, 0.00000e+0, 4.45505e+3, 0.00000e+0, 4.32930e+2, 0.00000e+0, 2.02205e+0, 0.00000e+0, 4.34868e+2, 0.00000e+0, 5.02262e+2, 0.00000e+0, 7.25109e+0, 0.00000e+0, 8.26503e+0, 0.00000e+0, 3.59310e+0, 0.00000e+0, 3.19214e+0, 0.00000e+0, 2.00000e+1, 0.00000e+0, 1.00000e+1, 0.00000e+0, 3, 2, 
12/09/2020 11:47:54.837, 12/09/2020 11:47:54.780, 4.12028e+0, 0.00000e+0, 9.14868e+1, 0.00000e+0, 2.01013e+0, 0.00000e+0, 4.75427e+3, 0.00000e+0, 4.33655e+2, 0.00000e+0, 2.01973e+0, 0.00000e+0, 4.35727e+2, 0.00000e+0, 5.02273e+2, 0.00000e+0, 7.24930e+0, 0.00000e+0, 8.27500e+0, 0.00000e+0, 3.59302e+0, 0.00000e+0, 3.19185e+0, 0.00000e+0, 2.00000e+1, 0.00000e+0, 1.00000e+1, 0.00000e+0, 3, 2, 
12/09/2020 11:47:55.830, 12/09/2020 11:47:55.774, 4.12023e+0, 0.00000e+0, 9.14798e+1, 0.00000e+0, 2.00631e+0, 0.00000e+0, 4.83531e+3, 0.00000e+0, 4.33361e+2, 0.00000e+0, 2.01606e+0, 0.00000e+0, 4.35467e+2, 0.00000e+0, 5.02257e+2, 0.00000e+0, 7.26105e+0, 0.00000e+0, 8.28045e+0, 0.00000e+0, 3.59605e+0, 0.00000e+0, 3.19426e+0, 0.00000e+0, 2.00000e+1, 0.00000e+0, 1.00000e+1, 0.00000e+0, 3, 2, 
12/09/2020 11:47:56.819, 12/09/2020 11:47:56.769, 4.12027e+0, 0.00000e+0, 9.14850e+1, 0.00000e+0, 2.00845e+0, 0.00000e+0, 4.80216e+3, 0.00000e+0, 4.33885e+2, 0.00000e+0, 2.01814e+0, 0.00000e+0, 4.35978e+2, 0.00000e+0, 5.02280e+2, 0.00000e+0, 7.26264e+0, 0.00000e+0, 8.26854e+0, 0.00000e+0, 3.59278e+0, 0.00000e+0, 3.19334e+0, 0.00000e+0, 2.00000e+1, 0.00000e+0, 1.00000e+1, 0.00000e+0, 3, 2, 
12/09/2020 11:47:57.825, 12/09/2020 11:47:57.769, 4.12018e+0, 0.00000e+0, 9.14724e+1, 0.00000e+0, 2.01077e+0, 0.00000e+0, 4.44467e+3, 0.00000e+0, 4.33372e+2, 0.00000e+0, 2.01975e+0, 0.00000e+0, 4.35307e+2, 0.00000e+0, 5.02301e+2, 0.00000e+0, 7.27988e+0, 0.00000e+0, 8.27066e+0, 0.00000e+0, 3.59463e+0, 0.00000e+0, 3.19242e+0, 0.00000e+0, 2.00000e+1, 0.00000e+0, 1.00000e+1, 0.00000e+0, 3, 2, 
12/09/2020 11:47:58.818, 12/09/2020 11:47:58.764, 4.12026e+0, 0.00000e+0, 9.14834e+1, 0.00000e+0, 2.00833e+0, 0.00000e+0, 4.37510e+3, 0.00000e+0, 4.33602e+2, 0.00000e+0, 2.01716e+0, 0.00000e+0, 4.35507e+2, 0.00000e+0, 5.02248e+2, 0.00000e+0, 7.25711e+0, 0.00000e+0, 8.28124e+0, 0.00000e+0, 3.59622e+0, 0.00000e+0, 3.19262e+0, 0.00000e+0, 2.00000e+1, 0.00000e+0, 1.00000e+1, 0.00000e+0, 3, 2, 
12/09/2020 11:47:59.812, 12/09/2020 11:47:59.758, 4.12033e+0, 0.00000e+0, 9.14934e+1, 0.00000e+0, 2.00741e+0, 0.00000e+0, 4.38688e+3, 0.00000e+0, 4.34396e+2, 0.00000e+0, 2.01625e+0, 0.00000e+0, 4.36310e+2, 0.00000e+0, 5.02248e+2, 0.00000e+0, 7.25395e+0, 0.00000e+0, 8.27758e+0, 0.00000e+0, 3.59553e+0, 0.00000e+0, 3.19274e+0, 0.00000e+0, 2.00000e+1, 0.00000e+0, 1.00000e+1, 0.00000e+0, 3, 2, 
12/09/2020 11:48:00.804, 12/09/2020 11:48:00.754, 4.12015e+0, 0.00000e+0, 9.14671e+1, 0.00000e+0, 2.01125e+0, 0.00000e+0, 4.57116e+3, 0.00000e+0, 4.34804e+2, 0.00000e+0, 2.02048e+0, 0.00000e+0, 4.36801e+2, 0.00000e+0, 5.02281e+2, 0.00000e+0, 7.24190e+0, 0.00000e+0, 8.28341e+0, 0.00000e+0, 3.59423e+0, 0.00000e+0, 3.19289e+0, 0.00000e+0, 2.00000e+1, 0.00000e+0, 1.00000e+1, 0.00000e+0, 3, 2, 
12/09/2020 11:48:01.816, 12/09/2020 11:48:01.747, 4.12023e+0, 0.00000e+0, 9.14795e+1, 0.00000e+0, 2.00867e+0, 0.00000e+0, 4.51997e+3, 0.00000e+0, 4.33434e+2, 0.00000e+0, 2.01779e+0, 0.00000e+0, 4.35402e+2, 0.00000e+0, 5.02282e+2, 0.00000e+0, 7.25161e+0, 0.00000e+0, 8.27972e+0, 0.00000e+0, 3.59665e+0, 0.00000e+0, 3.19243e+0, 0.00000e+0, 2.00000e+1, 0.00000e+0, 1.00000e+1, 0.00000e+0, 3, 2, 
12/09/2020 11:48:02.794, 12/09/2020 11:48:02.742, 4.12030e+0, 0.00000e+0, 9.14889e+1, 0.00000e+0, 2.01044e+0, 0.00000e+0, 4.80024e+3, 0.00000e+0, 4.32782e+2, 0.00000e+0, 2.02013e+0, 0.00000e+0, 4.34870e+2, 0.00000e+0, 5.02267e+2, 0.00000e+0, 7.25204e+0, 0.00000e+0, 8.27551e+0, 0.00000e+0, 3.59439e+0, 0.00000e+0, 3.19181e+0, 0.00000e+0, 2.00000e+1, 0.00000e+0, 1.00000e+1, 0.00000e+0, 3, 2, 
12/09/2020 11:48:03.785, 12/09/2020 11:48:03.737, 4.12021e+0, 0.00000e+0, 9.14768e+1, 0.00000e+0, 2.00814e+0, 0.00000e+0, 4.68455e+3, 0.00000e+0, 4.32419e+2, 0.00000e+0, 2.01759e+0, 0.00000e+0, 4.34455e+2, 0.00000e+0, 5.02266e+2, 0.00000e+0, 7.25075e+0, 0.00000e+0, 8.27466e+0, 0.00000e+0, 3.59614e+0, 0.00000e+0, 3.19268e+0, 0.00000e+0, 2.00000e+1, 0.00000e+0, 1.00000e+1, 0.00000e+0, 3, 2, 
12/09/2020 11:48:04.786, 12/09/2020 11:48:04.733, 4.12019e+0, 0.00000e+0, 9.14738e+1, 0.00000e+0, 2.00781e+0, 0.00000e+0, 4.74751e+3, 0.00000e+0, 4.30637e+2, 0.00000e+0, 2.01739e+0, 0.00000e+0, 4.32692e+2, 0.00000e+0, 5.02283e+2, 0.00000e+0, 7.24961e+0, 0.00000e+0, 8.27761e+0, 0.00000e+0, 3.59567e+0, 0.00000e+0, 3.19203e+0, 0.00000e+0, 2.00000e+1, 0.00000e+0, 1.00000e+1, 0.00000e+0, 3, 2, 
12/09/2020 11:48:05.786, 12/09/2020 11:48:05.726, 4.12025e+0, 0.00000e+0, 9.14828e+1, 0.00000e+0, 2.00595e+0, 0.00000e+0, 4.86322e+3, 0.00000e+0, 4.29697e+2, 0.00000e+0, 2.01575e+0, 0.00000e+0, 4.31797e+2, 0.00000e+0, 5.02268e+2, 0.00000e+0, 7.25056e+0, 0.00000e+0, 8.27362e+0, 0.00000e+0, 3.59625e+0, 0.00000e+0, 3.19176e+0, 0.00000e+0, 2.00000e+1, 0.00000e+0, 1.00000e+1, 0.00000e+0, 3, 2, 
12/09/2020 11:48:06.777, 12/09/2020 11:48:06.720, 4.12020e+0, 0.00000e+0, 9.14749e+1, 0.00000e+0, 2.00662e+0, 0.00000e+0, 5.05382e+3, 0.00000e+0, 4.28413e+2, 0.00000e+0, 2.01681e+0, 0.00000e+0, 4.30589e+2, 0.00000e+0, 5.02303e+2, 0.00000e+0, 7.25150e+0, 0.00000e+0, 8.26415e+0, 0.00000e+0, 3.59444e+0, 0.00000e+0, 3.19289e+0, 0.00000e+0, 2.00000e+1, 0.00000e+0, 1.00000e+1, 0.00000e+0, 3, 2, 
12/09/2020 11:48:07.764, 12/09/2020 11:48:07.716, 4.12024e+0, 0.00000e+0, 9.14813e+1, 0.00000e+0, 2.00948e+0, 0.00000e+0, 5.24852e+3, 0.00000e+0, 4.29053e+2, 0.00000e+0, 2.02009e+0, 0.00000e+0, 4.31317e+2, 0.00000e+0, 5.02298e+2, 0.00000e+0, 7.24801e+0, 0.00000e+0, 8.27006e+0, 0.00000e+0, 3.59370e+0, 0.00000e+0, 3.19037e+0, 0.00000e+0, 2.00000e+1, 0.00000e+0, 1.00000e+1, 0.00000e+0, 3, 2, 
12/09/2020 11:48:08.766, 12/09/2020 11:48:08.710, 4.12027e+0, 0.00000e+0, 9.14854e+1, 0.00000e+0, 2.01063e+0, 0.00000e+0, 4.97643e+3, 0.00000e+0, 4.28290e+2, 0.00000e+0, 2.02068e+0, 0.00000e+0, 4.30432e+2, 0.00000e+0, 5.02268e+2, 0.00000e+0, 7.24805e+0, 0.00000e+0, 8.27947e+0, 0.00000e+0, 3.59641e+0, 0.00000e+0, 3.19097e+0, 0.00000e+0, 2.00000e+1, 0.00000e+0, 1.00000e+1, 0.00000e+0, 3, 2, 
12/09/2020 11:48:09.763, 12/09/2020 11:48:09.704, 4.12032e+0, 0.00000e+0, 9.14925e+1, 0.00000e+0, 2.00787e+0, 0.00000e+0, 4.66045e+3, 0.00000e+0, 4.28608e+2, 0.00000e+0, 2.01728e+0, 0.00000e+0, 4.30615e+2, 0.00000e+0, 5.02276e+2, 0.00000e+0, 7.25061e+0, 0.00000e+0, 8.28039e+0, 0.00000e+0, 3.59605e+0, 0.00000e+0, 3.19181e+0, 0.00000e+0, 2.00000e+1, 0.00000e+0, 1.00000e+1, 0.00000e+0, 3, 2, 
12/09/2020 11:48:10.752, 12/09/2020 11:48:10.698, 4.12031e+0, 0.00000e+0, 9.14910e+1, 0.00000e+0, 2.01049e+0, 0.00000e+0, 5.26399e+3, 0.00000e+0, 4.26744e+2, 0.00000e+0, 2.02113e+0, 0.00000e+0, 4.29003e+2, 0.00000e+0, 5.02273e+2, 0.00000e+0, 7.24783e+0, 0.00000e+0, 8.27572e+0, 0.00000e+0, 3.59572e+0, 0.00000e+0, 3.19046e+0, 0.00000e+0, 2.00000e+1, 0.00000e+0, 1.00000e+1, 0.00000e+0, 3, 3, 
12/09/2020 11:48:11.744, 12/09/2020 11:48:11.693, 4.12018e+0, 0.00000e+0, 9.14719e+1, 0.00000e+0, 2.01411e+0, 0.00000e+0, 5.09428e+3, 0.00000e+0, 4.26665e+2, 0.00000e+0, 2.02442e+0, 0.00000e+0, 4.28850e+2, 0.00000e+0, 5.02291e+2, 0.00000e+0, 7.25679e+0, 0.00000e+0, 8.27379e+0, 0.00000e+0, 3.59545e+0, 0.00000e+0, 3.19246e+0, 0.00000e+0, 2.00000e+1, 0.00000e+0, 1.00000e+1, 0.00000e+0, 3, 3, 
12/09/2020 11:48:12.735, 12/09/2020 11:48:12.688, 4.12034e+0, 0.00000e+0, 9.14959e+1, 0.00000e+0, 2.01240e+0, 0.00000e+0, 5.18986e+3, 0.00000e+0, 4.25489e+2, 0.00000e+0, 2.02290e+0, 0.00000e+0, 4.27709e+2, 0.00000e+0, 5.02266e+2, 0.00000e+0, 7.25182e+0, 0.00000e+0, 8.27185e+0, 0.00000e+0, 3.59259e+0, 0.00000e+0, 3.19097e+0, 0.00000e+0, 2.00000e+1, 0.00000e+0, 1.00000e+1, 0.00000e+0, 3, 3, 
12/09/2020 11:48:13.737, 12/09/2020 11:48:13.682, 4.12022e+0, 0.00000e+0, 9.14783e+1, 0.00000e+0, 2.00981e+0, 0.00000e+0, 4.92441e+3, 0.00000e+0, 4.26033e+2, 0.00000e+0, 2.01976e+0, 0.00000e+0, 4.28142e+2, 0.00000e+0, 5.02275e+2, 0.00000e+0, 7.25479e+0, 0.00000e+0, 8.27324e+0, 0.00000e+0, 3.59271e+0, 0.00000e+0, 3.19108e+0, 0.00000e+0, 2.00000e+1, 0.00000e+0, 1.00000e+1, 0.00000e+0, 3, 3, 
12/09/2020 11:48:14.732, 12/09/2020 11:48:14.677, 4.12019e+0, 0.00000e+0, 9.14738e+1, 0.00000e+0, 2.01314e+0, 0.00000e+0, 5.57842e+3, 0.00000e+0, 4.25390e+2, 0.00000e+0, 2.02444e+0, 0.00000e+0, 4.27776e+2, 0.00000e+0, 5.02294e+2, 0.00000e+0, 7.25569e+0, 0.00000e+0, 8.26372e+0, 0.00000e+0, 3.59166e+0, 0.00000e+0, 3.19178e+0, 0.00000e+0, 2.00000e+1, 0.00000e+0, 1.00000e+1, 0.00000e+0, 3, 3, 
12/09/2020 11:48:15.722, 12/09/2020 11:48:15.671, 4.12026e+0, 0.00000e+0, 9.14842e+1, 0.00000e+0, 2.01313e+0, 0.00000e+0, 4.91972e+3, 0.00000e+0, 4.26135e+2, 0.00000e+0, 2.02308e+0, 0.00000e+0, 4.28242e+2, 0.00000e+0, 5.02292e+2, 0.00000e+0, 7.27159e+0, 0.00000e+0, 8.25927e+0, 0.00000e+0, 3.59198e+0, 0.00000e+0, 3.19119e+0, 0.00000e+0, 2.00000e+1, 0.00000e+0, 1.00000e+1, 0.00000e+0, 3, 3, 
12/09/2020 11:48:16.720, 12/09/2020 11:48:16.667, 4.12008e+0, 0.00000e+0, 9.14565e+1, 0.00000e+0, 2.01301e+0, 0.00000e+0, 5.10509e+3, 0.00000e+0, 4.25376e+2, 0.00000e+0, 2.02334e+0, 0.00000e+0, 4.27559e+2, 0.00000e+0, 5.02290e+2, 0.00000e+0, 7.26342e+0, 0.00000e+0, 8.25736e+0, 0.00000e+0, 3.59206e+0, 0.00000e+0, 3.19077e+0, 0.00000e+0, 2.00000e+1, 0.00000e+0, 1.00000e+1, 0.00000e+0, 3, 3, 
12/09/2020 11:48:17.712, 12/09/2020 11:48:17.660, 4.12024e+0, 0.00000e+0, 9.14804e+1, 0.00000e+0, 2.00951e+0, 0.00000e+0, 5.30869e+3, 0.00000e+0, 4.24911e+2, 0.00000e+0, 2.02023e+0, 0.00000e+0, 4.27179e+2, 0.00000e+0, 5.02277e+2, 0.00000e+0, 7.23564e+0, 0.00000e+0, 8.26176e+0, 0.00000e+0, 3.59321e+0, 0.00000e+0, 3.19018e+0, 0.00000e+0, 2.00000e+1, 0.00000e+0, 1.00000e+1, 0.00000e+0, 3, 3, 
12/09/2020 11:48:18.711, 12/09/2020 11:48:18.656, 4.12034e+0, 0.00000e+0, 9.14961e+1, 0.00000e+0, 2.01166e+0, 0.00000e+0, 5.03548e+3, 0.00000e+0, 4.25984e+2, 0.00000e+0, 2.02184e+0, 0.00000e+0, 4.28140e+2, 0.00000e+0, 5.02281e+2, 0.00000e+0, 7.24125e+0, 0.00000e+0, 8.25185e+0, 0.00000e+0, 3.59341e+0, 0.00000e+0, 3.18984e+0, 0.00000e+0, 2.00000e+1, 0.00000e+0, 1.00000e+1, 0.00000e+0, 3, 3, 
12/09/2020 11:48:19.703, 12/09/2020 11:48:19.650, 4.12023e+0, 0.00000e+0, 9.14799e+1, 0.00000e+0, 2.01155e+0, 0.00000e+0, 5.31496e+3, 0.00000e+0, 4.26125e+2, 0.00000e+0, 2.02230e+0, 0.00000e+0, 4.28402e+2, 0.00000e+0, 5.02282e+2, 0.00000e+0, 7.26187e+0, 0.00000e+0, 8.24973e+0, 0.00000e+0, 3.58935e+0, 0.00000e+0, 3.19056e+0, 0.00000e+0, 2.00000e+1, 0.00000e+0, 1.00000e+1, 0.00000e+0, 3, 3, 
12/09/2020 11:48:20.696, 12/09/2020 11:48:20.645, 4.12015e+0, 0.00000e+0, 9.14676e+1, 0.00000e+0, 2.01689e+0, 0.00000e+0, 5.27094e+3, 0.00000e+0, 4.27328e+2, 0.00000e+0, 2.02758e+0, 0.00000e+0, 4.29592e+2, 0.00000e+0, 5.02292e+2, 0.00000e+0, 7.25452e+0, 0.00000e+0, 8.24110e+0, 0.00000e+0, 3.58962e+0, 0.00000e+0, 3.19014e+0, 0.00000e+0, 2.00000e+1, 0.00000e+0, 1.00000e+1, 0.00000e+0, 3, 3, 
12/09/2020 11:48:21.685, 12/09/2020 11:48:21.638, 4.12002e+0, 0.00000e+0, 9.14482e+1, 0.00000e+0, 2.01151e+0, 0.00000e+0, 5.02305e+3, 0.00000e+0, 4.25436e+2, 0.00000e+0, 2.02167e+0, 0.00000e+0, 4.27584e+2, 0.00000e+0, 5.02266e+2, 0.00000e+0, 7.26168e+0, 0.00000e+0, 8.23471e+0, 0.00000e+0, 3.59298e+0, 0.00000e+0, 3.19153e+0, 0.00000e+0, 2.00000e+1, 0.00000e+0, 1.00000e+1, 0.00000e+0, 3, 3, 
12/09/2020 11:48:22.685, 12/09/2020 11:48:22.632, 4.11997e+0, 0.00000e+0, 9.14415e+1, 0.00000e+0, 2.01466e+0, 0.00000e+0, 5.03782e+3, 0.00000e+0, 4.26834e+2, 0.00000e+0, 2.02486e+0, 0.00000e+0, 4.28995e+2, 0.00000e+0, 5.02309e+2, 0.00000e+0, 7.26818e+0, 0.00000e+0, 8.23352e+0, 0.00000e+0, 3.59064e+0, 0.00000e+0, 3.19167e+0, 0.00000e+0, 2.00000e+1, 0.00000e+0, 1.00000e+1, 0.00000e+0, 3, 3, 
12/09/2020 11:48:23.685, 12/09/2020 11:48:23.627, 4.12027e+0, 0.00000e+0, 9.14852e+1, 0.00000e+0, 2.01338e+0, 0.00000e+0, 5.07788e+3, 0.00000e+0, 4.26792e+2, 0.00000e+0, 2.02365e+0, 0.00000e+0, 4.28970e+2, 0.00000e+0, 5.02290e+2, 0.00000e+0, 7.25356e+0, 0.00000e+0, 8.24295e+0, 0.00000e+0, 3.59023e+0, 0.00000e+0, 3.19137e+0, 0.00000e+0, 2.00000e+1, 0.00000e+0, 1.00000e+1, 0.00000e+0, 3, 3, 
12/09/2020 11:48:24.668, 12/09/2020 11:48:24.622, 4.11885e+0, 0.00000e+0, 9.12764e+1, 0.00000e+0, 2.01090e+0, 0.00000e+0, 4.86905e+3, 0.00000e+0, 4.26605e+2, 0.00000e+0, 2.02074e+0, 0.00000e+0, 4.28693e+2, 0.00000e+0, 5.02198e+2, 0.00000e+0, 7.31179e+0, 0.00000e+0, 8.20396e+0, 0.00000e+0, 3.59407e+0, 0.00000e+0, 3.19196e+0, 0.00000e+0, 2.00000e+1, 0.00000e+0, 1.00000e+1, 0.00000e+0, 3, 3, 
12/09/2020 11:48:25.666, 12/09/2020 11:48:25.616, 4.11836e+0, 0.00000e+0, 9.12040e+1, 0.00000e+0, 2.01287e+0, 0.00000e+0, 4.79862e+3, 0.00000e+0, 4.27578e+2, 0.00000e+0, 2.02258e+0, 0.00000e+0, 4.29640e+2, 0.00000e+0, 5.02324e+2, 0.00000e+0, 7.32474e+0, 0.00000e+0, 8.17098e+0, 0.00000e+0, 3.58984e+0, 0.00000e+0, 3.19062e+0, 0.00000e+0, 2.00000e+1, 0.00000e+0, 1.00000e+1, 0.00000e+0, 3, 3, 

-----BEGIN PGP MESSAGE-----
Version: GnuPG v1

jA0EAwMCZm2Hy+1OdsBgye1CvK9fG3aAEHtyQRSVek7voblzRiCRcG6qLD/H0i3Z
oo7TCS+M15BG9SomDRZI657vVviXnlXAzPGKgPrgWyIQBbapvzYVaI2O0S8ZPkdS
V00cWAkDz41Fa0zMCCtz7TFae0jStg0/BOTlIUETjCqqt+0GtywZOk0TGBDYwz9C
KhuFHYV4mQWKxMyrNBopI7GNdmP0UzCdj7yXgcBfChMAEc5Vyh7Nyul4Ib50NjkZ
em+tHdqDDPMqILZuKuvbVvqzOOXMBU1AWmqzEOg7HuUjsMQPar3wkALOvSWI3aYc
4LtIw2sEcp8mDCe+n66wTQedGvqacZwl/6iUWQc97nyh3yvIeS04e/z02+MHvv/P
f4SeDguCMyYCMT/5fzLO0iHGHqm1vjh1+KCBlbcuir6M6Y+CBhVEupsrLd/r47YR
66NzPhePyfY3J2KIrDZz9CrNHXhEJ9ZRQht78kD1qANUEi2PU/hflNrKzJmUllJD
qJwHo9aZNxNDqS27Vps9sa67ZPFNY7yX0oK0zmxk6kQ1jdsnIr3exRqIFev57YOL
a7VKuAHfNn59uotPeqeCovjZfk6BciD0pLUyb+PWI5UOsOeLx8kDIUAh6IErilT3
7ORgWFYx74gjcAU+cWOpGPCj9twidetnTHXGuxZaitiCglV8LZ7/6ncn6DCCb9C3
Jt9rJuJqDgncNX2S7ddXsGC8SbFYg1DHhPlVS4hBpuqbQFtvSdh7k7yy+e6AXLAP
4J5WGGj0e42EPztfdCtU3mKObxCg4jvYLDj9zVgXboe5LeT61/XiTL6ZlsTUf8Ef
wnqf/BttNqdwr/3oRB4UsitgLekZj9xvUsXdTQxYGSsJT52QL6dffqIYEzyRKhK/
/JlXTIrhVjhpkZzWCu2CYf8IMa0naKogz/wldqipoYeYCI7MvrAMSGmasQqKPy45
FNvAuLpu3mLC3CY7/vfbOOaesmZchuMQDcmx8g8s3SwgdYN6U9MhBJfGTqK7BMVG
o42fhnJqrX5eqcIHt/i9mgy/3JzgDHvBZ+JwYXsntgu9J6FNwT2Tdy9uvrsXEaT7
GxJtB5hSTLp+lwiaqHwsWrBbSYQQU43ChnxHD+4FUcsfJMNeecP7qIM6/vL5E6yJ
xac0PVXKlkWfFMXge0wjSaR4YhKLuanLtuGQusIFSCV9Ng5oCxYavfZw7+CU1dIq
n37i7SHKl4Az3oc0eGPfBMMBS5Nl/B9yLk+nnxWd4a+9sfA7sUrM40zVdybUBYNf
74jskHmmPz1mUqdj0JOnxcUpoQIvFN9Jnk9Qz9FiCPrKOiU0iwelsnlikIirOFOj
6qNm18H0yJx7B6d+EHAUMiwhD6a0d6eWXybEyFFKeyWvim0ZlS6m/43w+aiovnoq
AEJjRA1ipxiNi6+ClEu0m+8LBlyTFKpeMxMCWhsnBC+qddeNSdvFc8FhZicRPuht
RPaazXAyDOfZ5uoFIk3v6AXDys/PxBO2O/lQWLEGq87TqOx+gPtqNXyLCIr3W7Z3
GZ8Hm5z6OKl+NonUWTlMrZte0eThmqzKFooqrjZnE6WjRBC3fG3NXQgEhApWgiXJ
2hCRb/GwkKK61tb3BWRygGq/+jNwZGtKEeBi+Lvb94oOWxYLQtkc2iFD79rQxKKp
cGz39ozXLv+z/PzNueKMCw77RQqTdayq2U+zPWU6wDr5y/3zEQzKMI1c6mcX4kH7
0WhtTtCwmxjAGOZfLOjkHOUKJLFfsPzi9V4XQbrqgzQNJ15gGV7Smcx5bqF8+5Gt
/GLcYA2Td1tKdXHt3G2kvoLj4/MIHPCo7ZnDs5HFyieq2y9W4jeiJBhTdPm6Pv8X
dfRXCJzsOjsuz7NBRfXin7lPSla7no8jZUmyIzXok+/fYOIiQC/CRuO7HfULoAkY
o4naZrv6aIyHZ8G/DfftNRkCK12gdnoSkOIgndZVu/qY1xZsKDzAe1FI8Ng9PCl6
QZhfJk8uQ67kHW3NDV/zEwaR2Gw9y8WprKsCJxFyswfdstCm5xzpb1l74jl+EN7e
QJYCxMgJgB3nsFHXkqV5+7KB10i8cBsnqwqqZgZrv0/3NQSvxSzQs6ZsgBrYTbYO
HtBwF5D0LSscPDJvV6D5tkApStidVO0QHQrNhZyMuE0ulo0vzui1+qFvmmi4g/lv
PGp7hjUai2KpgcHLqjU6AvfbdP9vtbwVLOYvBpE5Nb6cKu9mWekcwToVyA8Kp4Yu
OH5ZCELeGSf+CIKlbjbgl9N0jGTP5Ue6V7mJyO4rKwj8lV169UpEkapv/K9JXO1F
MVLbTN/13lrR58qcM/TZuWttWNl/ZJ7S4181Se7Xln4X3CJenxX5lbWT0EUv5xAC
5z9RueGlV7imY0HakD2jUEZaqZtXnN/IWuqTzbWvG356QxxZm0pVrLYH8gmqSqJN
sjcrvUQySt5ADF3fCnDVzk08DFvrZ3Z5y1IMI+AK3xPV6cb82za+APxM2K6eVN+d
F8o8j+afC9tH0i4qLECmo0TMiIjziRiHBmBJXDDPtI+h02lQIEJSbpr0JNCfI/34
4SD5qeCKuVPOzEI6BshegW/UIwDKQJCfaCYTEoQGlzCE84wWg45eUvBd/BMDU3S4
uh/WAWbbHrWXTuSHZHqw2gbQHnCO6C6lRO8BbJkYkSuAWJH5E8eXvW0ZXIDfqezf
Y6uLSU7dEeb2EiOXokdAynB0kNu3la4UTTLqxf7R5hsveQWW7B5gx0FfJNLV2gMv
bZ8MAfZfOWeztCLb+N8C4Vb3j0mc/WkJMrpXn6TOvud8pc/8KxAtEXhiESD4vqsm
VxcKPrkJIUtYGsg8tJY3KcpjMvytSi0I7HDzqqiMofcJr6oVVhO6FTByTOY23uG6
egvqr2K2K+7jYXcN3Q1Oav+P2EKqGpAgu1M8B45QNLDTd3c27K5bkh6SndyxGPP4
uCj9HX69ClrUrkNgBOS7S07FCHmonUGDrJb0U4Fp2/XlJc2Ud33IbPafD+kRiTTE
wy9c2IiG98rG/TYGot2teBVe10wgHAEEC0Nm69ENP/LiFUOpwmI60vKV8eiwOsOm
61mDSNpCn0W+sF7Irq0kROqcHMbTjLHd4LshZCpxiFx2Zpg3RMgLd6dOZcKjA89o
FBdNmkMfxa++he9wRazm3Mo1EYmHqfCtyUf63Fyohp6ApSYP7+fg92Nbmfpl17NX
AyvceCj/obPLwigXy5ymnL88J+e64dfID3dWonIpEkWMssTji/xeisWh/1HV1X37
KR8fHaeid1lwtKLddjp0NYDaRAUcgHMAOlPRyhMqnbL+39KZKNIOJFXn5W+RUa8k
5UlWJ0qDiEwetlW5MUdtaEkP2LlRQ5MARtFMOAzwSgCjkWuce61tfFzfG1aYf8WC
psZDZWOYijVR3rBZbvAsmtcZZx+MJIKKzStxVwQqC+r18D1fOWav7nFfds5QNk2Z
fVA4T0RbpnjbLsL9fgtnSWfgz+VsqSKUOnQEMOiQTBZ+lqz6Y344oG5PBbQK0AsR
ChpX+hUTuDmkHeSo7hky5JiC6cQrJ0DCZoCcJYCyMAVB4fXqTStUdunVpgSJGgD8
ZPqOisexzVKDsytC/0fm9Pt4ZPm/PoKjeuskhj6yBsBGQsFA9os/O1C+ZyDjPySq
pSsnP178XWbN/ChC+uaRBGi5yj/2TH+MP60vMiKpxLP28hY74tdIOda3nt5fK1Z1
biJ2k3fM8hzpQqHSiwVleRT54+nJhI1LYPhnGB4evpbCswVM6O7QfXFuQSil6BCm
oDZ1lBuWotz2z/USBHNBPST6wkzgHZ7j+0ZH2Cjg+rDIFihnDMhrS3No6PJmw9/I
yoAOiaFa8MyntelKgjvXCJzZQL7l3nbuRf7OxJv80JsG9hFQ6dS4Kareo8I8RBp0
zxPJAm9fNHyGoGEjvy2VneuagWWgxCAwLIAW0jpDauLYEYBF/fNV0TZO6x4XiGtb
0L8BRtlUhTuAv98crFdUpdPfl7CxHkp70Cy20pXzSZyGsxHrftHeatB6WDjDx7Rt
Ais4UqnmvTTv4jehoTsfH32rwTASVBs/+AyvyCUGqUIzmeGedbYAgiT4nTHE93kR
pCD5WaalSSvXbCx6Jkbg8qffcZUCcJfJIvqmbZuVV6DMYgrv18wN90Yoh9rTx5eq
6nd/OuR7jQeZN2qKPUQ+xjUSY4JiflHJ8chpL2BF8c3x1rPU8CZXGe8eBJ/JCZdc
+R9Wgls4w/bbLw4gKXVqja0r+u9Em8Iqo/FdOmB8cjKUimzWYpXqKBEP5AYTj3LK
jBhtZEMjAUuOcTlWsUYKmHk8Adk+7S0PR7sTpv+zWF5depmSLAkxFAZtJsvPKbnN
5LBl6qNWIr1dI10eMtwMmDoJScPDdnztT4l1MYIlIK4ea7rLdJ3veETZKtkteFV1
YPX+Pva1cZq8MHH48rhbe6uMY2Ectxe8tZ9z8oqb5nbOrS3LX/xiNARQJsNc+6hP
5dUIz5xqyOkvHpaxyEcczstvgMtUjTJhP5zfP/99IZqfAdVrb4nj64mU2hAEx2cF
TsjG/7ZGga2K9OVnW4+g5gwmhcxdgX08H6QKnu6fqbaG0JW2FsCb2l7m7l1t+bkp
sDx7iarCnlCVw5tUOB9Pt4QANbJjdioYBJzdZTrG+xUczpOgvj8tDiH+IHXlo7PG
H1PcHRmLwme0N8YN0kK8tkppj4COVz3y7sZNTUhpIYWM3vzjaOz9lcYu1r4BZBYU
ybBoNNvj9bl3Q+wkNzYp5R8ooi8FoJCEKTI/pmy0FlrieGTJmE1YkISaQspSXQfT
AvcIohNyi7GNUEYuYM0bDxKTH5EgP5ZjigJf186AWShtwoEJvkxX6+dbp+LICVR7
SZGGVvCJDQDBKwvaF+T1DxnfXtEO4roHyHfdZtcUNMKVSIR8WPnN1zzW3NmcRDYj
tNNnpO/vJT0LNBSq7TyJd+Ecdn8WqcPg2TunWis2WWLbK10klc4qx71qxLt/g0va
koUKvsmlb66uZwHrQ8VK75V9nPdUC5aumaX2a+8ZR+a3gLta5GmDm2ojHw5xXaGr
Iai3hLIX+fd/a1MUbFRzvAPdvof52kjORJ4y3Z+65H10/JnUyEutqRA9cmZQ4Ht8
TujgDNcp2KxPjkyXnNQdxzpP0cxrsF+98neOhLBeCwM9O5W1a1RxKtRJK90tg8r+
94krrJxHpf0nLvrv3Zokohcfc8AfXqQ1zLkiZeVDmzhGeSWT22O0FVB1BeCv54Of
58YEtu2Hic4Oye27EFC/MznGtEKx7kKW0VLtG7V9A3GE4hCwpKWaACLdQHAEOZcF
8TtAN+6Ro9wVnqpvhZj2I//43EtXx85BKlKz19dyI0cRxMWNngLCQ2phQlLYLdXM
/iB4qoBPVCFmrnlbaTrVgq3/h5roHE29lYYBtQRV6YmDoJ6J1sfuzYclG3LUviH4
j2Ei0jyL+LE70fq5UYh8PA3bJH3cUt0PSiodTziCLKgbRQ2zMvOh3S08g1m15ACY
IW85xhC+rs5xl/AqGvCiO+cvFEdnbSlakm7PpnF0APKhjLFHXFeE/cEhALK+TPnE
GSV7f6y4FHlR+UmsXWIDb9aseEPFBWMQLUoL+AgwS93HPt10o9l9alUj2eVcnPGw
D05OCuOZg3mASZ7OLTbzbncHHMhn8GA/Wl9dG45A9Q6TqaSSxxtFCyK+0CMlatZ7
kyV5PR6qU1FtWfKoSIfFQDEqxhtoT7iymSJPiR3wIIZRFnAJRkPS09LO/xOv31Jj
d9Z2tSOoZF+y4OQ/Pv6zOWvSCFjMmyWU8rVbCYQMECYHHccmPmWwUQzqO0E8QwDC
UInq1QOZZmzv1xc+hYU4G28MbLNODP/y2VY1zN3X4/1DXEsE5Ntm5Y52cG2Ko+4w
sbanxEjiOSkWWiQD60ZvIL8kB68xAeUxkCMf87MFiW7maNVmsuZHZuQxM0S8A/Qg
rKbCEAjmPlLLVBvdCq1rxfv7j+kk6T85DjGzb7aBlkbKwWHRJ+rZi+5Sraha3zfK
FCBO6m/PxxbPfwo1M7Q9l0VGdfS9RxhTaqshAncuzTMDRMDkYB9aVi9RVbQWTs3s
VvG2eMXqRtKdMuLaluIjr+BBvwNr83Vb6mPhPOSyPEBhAfegdalsw8BIadsb8W0n
2/GbgIUFG73cEfynhkqMvK667Y4wBiEBPGk8rxsHB67z0RAXFr5iJJ1NT52kTDrQ
5esFW8ks8c9F5ytEpIebM2QLtcJnJbbkY/LjNDCZARIfDq+MQV4L7AYW3XzQsSSo
LjqxrFU1lcJchtz4ZEQr6xZySfbvd3a2V+Tn35eU7bwiCcqkHit+NYVSadE/MYII
47B8YdC/iqzYU4wI8tyVj29r3BkJJG4JbbPVLYFL99Ox5xbCmST4mTM8ynapkxed
Ngflr9z5pG9E/lpaTDzjqcJJQ+aVg2gDom8Zn/K+04k5IZLPHwUUXvtQHj5ft9Xg
8pw38eQJ2zKqNRP83W7YnOwGHdYc40ND39DYDqd5p9W4Olo1erpfdbyUhUeJcGer
GkPQUlX4bvLuBWHRiWD4XT4/SaYL+dnCkNfU3wKe1NSxXrB8n8iQHXMdeIOXFk68
WOE3V6NL0YkmJcDyKgXIYAhXWXFRdxzntFerQobIgOdXX4Hs8Vx/WwKKrjte/uHk
u/iG3pDN0XJC7jyNdxS/FCaQipWm7TD1uDzC/rXZX6qB179NHh2Kspj01YvmULsT
m2elbG3wA6DkHihn9vnW55cwsvbtYikPJQcnzPzug45l3OU7UQoEucVHt7phbHxn
YPaCBeTeLjAkX3mAWffL4KdgLWJMc8AM4ebFIZmp6JZzjfJLOYzzlcJQscHhcwnq
4rkYpxo647/nqRYDrMM/D0uFGKai7PJJ6ABUSt4tkFk+jGrjoyEY2vWafl70ERrw
BxQ/GaBQomHatvXen7EBYOjGiBqIy8zf25Ek35JqwP/nVCn5J5c2ThkKMt9N4BFK
qeN/t1O//O1L0sUTMuGMeJ+DZuED891r4/mEjp45Tc2OsRpGvgmMFRaX4rmgEKNU
EpkwE9dq0aCVBg3AmLosmnbEQfg3ws3Hjo+6avpSM6WIojkAPxmeuZSAIQ2+RBfC
EwPtz14gxtkYgVbtc5IeVrr1VIOQiVc6vKa0TYF53vVZMnCyzViuozuiayRFlvzS
4dwP9nHBQoY0nM8XOtosv7dl1vikIj5ww5GTrrer50cVdbu0f+8HdXA83oZu9nhT
qhe/yP8jZwToQUWoBzqJJ0J/sii7bC/fZVrRPucgYmskzfBFqh91MLWsEvfSHhRF
PFKDleDu5fqTHL6bNuXY80NU4qFVSq2CuCvGHrXmuZjq/rElYYZHcYmC5GA0cso3
fhuM5cJc1o8l8fXBoXNmsPH9vxxTyidK7b4BaUOutvoVzG5W0th3TM+XT85IbiMA
RBQI14oCN8JumLLEUkrnlAkHIFRuoQqYM80GAuFXFPw1O7TQSkR7F6hF5fix5Fhz
1qzFwjm9swYlw8zSKwrDfwIBZAk7HiIR9LOkt0TZdeEZapbEzd8XOIeF0uKT1COT
WZuFhKPIyDk7QZcceyfOjU6h5KJDzoHhk9BTf8tMEUwYGOr/3vtVnUAVIjCDZZv2
oxdeUIpyAqnzUTe25pJfh6MpCH8gWkjlutbZJNTems2yeB7U0xfLe0h6YG0gQJBs
PCD4nHswLf20PJapSS6NDr9QBACnoUGJTOmEh+IENVvjOiH+aUQZCofUD3T19+yY
esddpqO9NwqMguS0tZlPN7cxsS45GwNy8sSHq4HpPe8I6nC5B3JXU8s4pDDoXU5I
umNXkuVojMXrEYTNG/T6T6YSf09fcI3P13iBUwPzosNzlQzfTGFarjz5oywGxVj4
wrz+8YU2qUYSYQJzmAICwqCi1wL0dDX79to2G/+1Nz2+dOzeU11gkQCQkpsQq7SQ
C60JliTE2cgxNToGJXX/6YcGxDSsU4BSgFDgB18zwvHC6R8OzlSukZcgurdDLDP3
KcwzNN35QkeM7FyhQJuMG61fqh1J+zSlud3UAVui3t0is7e/QJAI2TEmVUM+OHK/
xZ6WF5zF2r79MQs+WSOtfCcOGDQAdP5IAiRQT3avL9tpQH9rVanPLd2TgKkwoGhE
JVNonyEpiqgNAA62TozxFkwrnvc96f0JGC0aj8Gs2vFLD4LA4PNDps1Xp/Uf/3Fh
zKZaacyBAn1Oql4Mju+WYzvhz8q6bCoq5gXcc90wxTOmSXq65ByLp0TFGd02AOJK
KhY4AhzDLneGQTxWNkfPMZD+OSIOf8NcDg0Kc/MddBc84FYAT8iP6yU6696IMZJB
veouiCmjvFO3E1KkmrCC3ZpvYkMFt/ky9jijUvw2beNIncyhSaghi7y/ybHICWXo
D+vnz3sp5FVeBo5FaPixnrC3eRfGL4ESQ+dQZVaFmZ/Ng0ngeOFrKgJjec5geygr
6NRdBFe/uoAHaRr5YPELm1xcm8A7y/SgBeKL+0Y8kC40/P5zymLGknNxThgl18zN
7snX62/7SwDyAU93cnCGPbQ2+UGuqfAbANNjSLvO7kYMEP8JYtsrSKbJiIswpbeo
C3bP8YOVtMJrPcqpA/rGx7SdDnBGu+YBP4lzL4qYr76DyXVdmp90FAV52FsrVafm
hXD29rzKShbiu9H5GBruFRY6WDdJxFSTd4NQlD3EY2yg5JOzFxIxRDa7UtghQxGy
H0SOVrykWHZk1dzDzxRep3Xd2GP9JL7Uj/FG+HXyA8vDIKWm2gy/Ef9PxkAB+6Ek
QseyV3Uoa96QJMLMRbo8JKWY4vCwvgH1AYkZVQfwh3l7qewAVDr3RQlb7BfC/a8C
naR3nw6iJf73z6LQAsnfXY+vWpW7Y1jXohg2zCO7WKjp2SnUADa8ZX/Iw7+sHuoy
u4clFNobSJY2HMNEzcI2Useq+pd+Pzt/Fe6MgpidyezFq6vVm1oIkYL7pWHONtYx
1U8+9RycXQ3OoQMaUz1lq45OMe1XuYoU0LJueMSivlXDxdh7qUIuERiCTL7Tgw79
kQdyezZW16tYfEa3p5xVSDuwKmYwfqmjKXJdC+XzLI1sOgu/gwAbaWKef80rEIup
MDwZbCGf9FKhBb8+nGzE2UI/uYsCrleaEfESmOlu40tGbuG93O3ppzDUvCdO/nyX
o5aqjidH6Opsb+MLZzOy/PLOB3+b7gGkn6Uoe13kNApKvwSDR90aJfpSL8hJ4fBq
quopU9haLo16s5hLyr8bhvxSfJFqIIWRgzwtdvGQ3uZrL4fztf1FJFo66TfKjw80
sU13cag3hghR4MZQFNCvtuZbGubzK/JHLaeLuV05Udym1o5RWOagxeyoAk7wQx9J
gtFXKxJdAJ6rgoO5jhlR+cWzf5fL0PNUVZFEdiFvJgNEFBpIGZmz0Xx3gclTPo1N
oiMuSCOQZImV978rx1ytsMLWYI8loLMnDgOkvKwT4uOWQ1pALxHw8RreuVsTM7Rs
d2zRrDiQdKBmeJoYIhLSR9qo31OCOIISmyFY/d6DYhpeRugOZhGEvwpC21uKPXHr
G8CSx9tj1i4yBuizVId1k0iwZpX2RdDmVIyr6ehGukmsqCxz6qxTO6c8Y4IircZk
M++MAEisXPacfcpLuyWuzyJcq2SXd4iT+QfVphx+ddpQVYHUFUbRp8LbuOsMlJOs
3jYAJiZNFhK5zv56BEUUfefuAVW+h04Bnn47lAUbYrmihNvdEMAhseVjAXY9JVDN
M6Yig8+dnn2GLPiX9JkCeUnxIpBh2RPs7pvLSGLmW4u5Zvo8inSr4VHc1+7vTLrt
jeU+X1QbKcnH+Jp3lk0kwAHVk9uGuwwikc3hrncE5zzCg4BeWGeVzyd1SCUdUkgH
umW+8zpZzKCM0vhYSUbTGx95u7c5DxY9NLgMiX3gDdd61SLnAzSTbm9+2KY7DL8v
QIST8JTsMBx3fKjNb37NR8VSqpGgRWf7NsZAErJGwzzRNLOftSbka3UfjHHqQ4u0
p14gKky0jUYg3Fv8lzUO8At2LYYcgBEOT6WLy3yvx7HgYN2FgdbDVzz0yh/YCHXo
mNwjwF6RBxU4plLIhi4WQIZTDHcf1i7SQb4EkTnXYCGqQOpcsOkDfowwxGvvh8Gp
+eod4wjnah+etaZ7hfGVLUXEYRQFNftvWXmNtmoL6ohh5qVl+S68Fhy4Z1SI6RFx
n6cEKSOJp2E3ABH3Z+Rsgn32h0BZLUKC/xmk58ZJjabQYinZ+/DDUt0MGpSZoP7X
tH3N4K0UpHTfgplpMvFjCKUt2EDK4NE4HJNX9puS9nbp7lsyngcYV7RIlNVaDTk+
jm3uRxpxM331kTqo01/4Z52FJm7fO8RG+1Fw3Cv/gGJ/iDpVK/SFN5HatkBgwTKh
8ncxpunDnS9fqGnFZ4Jb+n8Qqtz0uZPx/m1ujLnvK2kKIUiSYmiTv8HLZNyW/1Bh
WQvIpvO91ER2B/eg/7Y6r8RVouvbmMLjA+XrO9RSURUoEPaCE+/WCBrb4a4mQwXq
EW5XAScpU/Hc2SJwl0l2vlD9uEMaSYckfJWQN0BEHu6uNwWNZukNhXgeiTgrOFAM
cUNqMkUCEbOhPVBR0TPn6UFMNFl4N4uIEW2f9OOUh59eBRncGheIemFZaE4cKzPC
UkEs6WQIinDnwrEJ6ds34kED7coetiHAg6dhQWqGLhJpyvzffwekzgBmjN5K6wTO
aQY4nXPNxwtgHMrt/ML5MEPLeCfvOHilIDiTbF26K++GFS2CjDFAE3kpyn9LDE+p
fV6YqF5u5YgolcjygxOC7TqFBw+bsxs+BvyF9FZzSNhrG2q54roUZwkDhMd7QOTm
hOvAzlqQ1A4DiroB4ZQFmnRYapkvxzhB6WCHtv3mGvswdimZiG5lbC1D99kdycPF
b7KFT3h9kX+bSvbr6MSyeYyF+wD4m2PG3TmfN201GTxaN9RK8wxcBRZD5saeXG8H
QO1nDaLMzARlDGQSX95JEX30avcVL6mUfxA5sfQMl6XIZOsJpPd4LUBkLc8emfJf
R9udBc48t4Ik6F8iBIbIcpiPBJ5z3WjsT/4T2ZEE4HLhDFguDymA26HkID4n7za4
D0KrV7g54oDNh6mNRwV1rC3icSpbgFjjdxr5D8XnSGqRLTARUTstetTgfBou4qKn
1cZnMPMO+BM7jjg+QtRajuH9fXby43jul/fcuIbl5iiZ3nntgFynATcb3wkqwZ5N
ppp8TsTC/htOvT7HV9LN3Ok0hJBuinB7e9+XAbe6NDKcQDnWhiVhJm5VEmk1lctS
Tj9G0slTmvT28uGJoDUxxbFpcpLPguHwn7y9msAJkN3MIeBW0zYwOiLzBhRXja/w
P3kRE3SjI+WAENx2a6V57PIMeNtVFVNSPZe0FR28C60y9iHLTNnXNBYCw9ZDg/Lm
Z+c9CyDqg/NVq0u3iJRtISFQRKUvw57+jg+LjKLmUeOaUl2YZWIENVw9+tSUW4mU
RFHARefMxABWlYlic9/tksTblJlHfQckfpHcJDcfZl+riVw9WmL7XFno++3bLSoF
9L9Ek3cV8TE/RvQ4gcUoeHfS641XW1eo8eXgxfDpufEpHlmJCsGq56nSkiFn43+6
W6N7EnQ8KJF+mX6vpN0Sq9eQAQ0Qxg+a0uyhx88LXhSvxmCBdDP7FGJOM92XeDtc
7xpX240Rh0sP3mb6kxIXo/7k/AkJ6iMOkT5sdoO5JEuXxp3YLHDAH7e+SN7UIr5S
kDW7niIgUezwu2fB7aRgefpkHYx3DSdpDQEbBYoJN8xyBeppATeJFrcIQy16Xu3W
CSIBm6cieu5P4MytUTXb4vOJiTBRm4nmXIixdIOsWgbWDxpKsmPsYMlXK90Osuzd
hu2u1yeJgNrjNyrbuHyksv8g/K/D8OZfb9/LDpXWFw1AISAmM+AM8K8POgoA2bED
xtOPlGXK7iJ+N2CDpp2ibwJ4kQWYhIWwVw/bvWh9uuq+x8SSxrZQ0yBOO6g7sQNY
nyTajVMC60ceNFtqj5BNPEI7/ZFfIR34TvGVfb3UKSX02rVbSCPqlNH77v9FNFon
tSLZlsqA4pac1euZGRlpXcdS5IvgBLmwg5byfamfqKw7R1YKD4znLnc7ZCgJeV58
1hH4EGtJ/H49jKWTx0Bcvab4c0/fx5SntojiI1J8d4T6IhpARCUu1PQ1QOPfJMxV
yccmETdGhpbgX1bPfMKAEClmqbC3TKY9hSoqtlBiVWUCc1CgJopSztmcEl+Z7CcW
D8Hiz/xuMc8Q43SH8VkiD2k9MkKkEYU+25NZkGDKo4wkCThwhuZILG30Ww57gwYi
otnLq6AZvBx4kGQJz6FPGjChP5E2PCGC3ssPJOPmF1hdy1QzVs1yFawY3yBDV4q6
Ze1g0+F+9EyLrckYPCAgmiFlXUNYTD6bbR23WzgcOsi7MmCVGMnyPKvlVFFtNI0B
heHFnOox6TDB6s+nLlcdo9Js6Gkf4FrQhK8NnML9F5YJZLoDdiwR7h+MlG/+1etT
hyeLkwPKJojtBIkbCt9VxH8k29Qw7BUX8/kdnDUfQpIMxR/r7ynRzNsrK55qKa4u
IRiYZXMFT5Juw9nPjUtnogZ6K2QZ/3cJUDVuf8Ljy2uH9UrINt3JGbcXCUIXGzO5
jaXoa0Yz6kpdYzOtnvHhLU+uMltc/tLXexzkyVgmsH6BRRvrOxkybT6mcWANFFuw
e4y+/0n6tfk5P976SjPh4Wlg5Ax9UZUsJ/oxs56n0vs+IJFLuwgs8OL/gNOKYirU
cMib5tTEaTToQdPMW4EcgHfnO3PPCPADyE6oKmn6gZAj8cxg3TXzjf7bCegQ7xSk
KOPAPai0BUOhGLPV+lHBj3DI6tl/7ilZi54vMzoOkmebFBWhp9JmRKwIxxbWklRk
+yVRppwsXvCaeoDNq+j3w+dQzHzAkKSN46dFFT6wKikK5JtyoFWAo1op5+plxlxg
6sx/cJf8uqYPBVmXgSVCLUZzZLXSavFLetYgOaErb/4brbH0cENNv2HM4K1ew+67
jznZTTKZdO1YXIayELZA45+k4Z3qZkYmOE93EhR9hNco9VnSWXWmlgQuVBc7fcd4
yTFPUZuo5Px7aCEczth+zesI4NZuzQMFbI51r8wiZG+ojvUnIS490qeIidWC1762
VDXJ6acPqNq+pisPaG8LISiwaAoggYV22loWtf50u+YZvYPQzg6BMaGzTguLMcxL
KYHAHjqBzaHQ+MteoXue24LzbgT4rFuOcnGVHcdoT7GOVBqgx5jSpTYsW7Mbtrof
ii/T85FK22o9vVdYS5kYakhs/C+mr1FRM2sfsXRhjr5hspkwJDrTfZvk3nM4oBZv
VSNhgw21azWB+YeYpPxwwOMA/4YC7G2cJUKcu/KPjvQSON8Yh+6K1Qv4OpuO5j0f
zIU6I19TwL6LVrA2M/wpQt+vF7RWbh8odB09EC0Em++9hPUOH7ZOQeaZcM/u2/sN
euib54x2V5CppfszqdT52KFX8HImhcDdI+7LUEg6ksFBwG3H1XZAVmWG3mFSsqfH
YmkQ41Ur7vqVN6YXav0SU+JsjB95ybnDKVbfOBm1ntTZWhaVB+JbkqgHz6ti4fHa
1g3RCwHHtEBobXhmD9ZLuJzfIpm5Dy8PxEd5wvG57hysmC1j8g7Yg6txO77b8MD+
Ty+gvYoFEnI2Cqvk5NK0UhJURIW0yMyRP5Gg2By2784DbyUJ9a3W8H6aGIZNdeE+
42sXWrF5unB17abeT6R5hPGwV5cvGrlgfEPuq+qsty7EIa6CjHOv7Z+IYDyjdLdG
eBSxN4G3sW8dZJkNd+HvWIiHVTmdZsHxncuBZ0x44a1q03hZFUDSJluynalkv11Z
jzhyF2PJDHUy0V+pv/oNCW+WkMNNf1SyfZffURfeL9qBlNXE+6TZ21VHMIO81bqx
yxRyfZnAqQeHvVNwnqDAVc+c+RtOVhYzCcZ1VulhfNgV/jmv8348KLjtRuyVmVtg
z9RrBs6bMNPaUwMHsu5icRLSYDV7KVtftZRa13Wx+RnkcfQzQFpQp9oBFhmqx7xu
hOIdFmzr5fv7z8oiB0Xhjo3Fig8/r7RMK0NKan/PO3m3i4f+6PSjmodhU8nJcq34
Mms2bPso5vSINyK/OrcDidS7TEQllHTTtoj+vseh0DOL2LLA7khrpj/YSYNMhhVp
MBwg0xuq+oDRhW/qYrTvHAjsYvhU6uf242REl6Dx9VHrTcDzp7E4SrfzcRFvKL01
DJsgLZuaKL9qnH8bM03eGzYTQj1+m9c9LU9iW0HRkmftH0Roq4a6KeXyhlBGfw7V
ZryYnP9xSiYAev5w3GyFdpRHYYk5LDRiONy1N9FPWv6OF4HCTDXOQbN5aK08rcf7
Ab373Vi85y6nE/DsL6T0FSRnz2xUD5gikSKUFO1mDcqWtp5vIqwOOTb2DxTPcEOk
cEYyUbQZZVgt49Lrlc+ENHatFEkqukcs362Ob5Iot97UsBmtOQnzayI8U2QFAoS+
jmOyvTjspk+ujMvWDT3Yb1o9H8AjK7Sw8hrJiUGXYuXwPyHkYw1Tcw3QeYrLAPDq
WkbvGwBa8+cJtYYS7Z9v6L+PgGhd4Wqphn7zZo9XZgICTHeH/DxXd1IT7gVqvuQW
wusICE5qfeJ9VPRiiI8Esx5QBRA2K4/o+6zDDWxI7+SFwRvE/f/vnWFXZs9JrWCm
sdkuPDf2GS80c7k5EjsTMNrGbdxLDGWD6fJkaGf1HYq9LIc0bKScOOG7+k03kSs3
CRBV8Kkc8P7YRWcQIOfLS9pXkKVqaLLvDHQSPqG5BokAxqwvMIWYDbeUeXxZvstF
fPDpLIUncFpwr8029n+7g2IHQfYnodkQKaH0d0QWGZcnN88Sn0hRYXTnBzV0vagI
g4caGJee2Uy6p965hKMBsT/Wol7xguLKsU2v/ee7bI0+wW0H2pQx35GSl3jNT0jr
bj1slTRI5FDOPWCNmF7HgVpslK04ezHSItXS/T/kKjezJoq9V0/ElZFctgIBrpku
b12/NcIkmG04dBWGl9eoKf4zqFmGNlV9HCCyONWA98XICOcgPPtDrdtJSAUSd3x9
I2cP5RBWNjDu3CsOmG+ayDGhOlKAg/HSytqJ/az9Ob/uCJAJqhZm5MJrtj0vM1zX
KeWUWRhU0v56RlS9NBJeDQ8iZ4eqg2Ve0Llzv32k7+ck7ul9UmaKIm1beu3BxyYH
XJgIzx7s12eA3NPjtnXNUYm9ULj/hTx/GLRsCT2b7MRGV7u0do8L2r2KS+ILk5Ae
4Pou1ywVHDgobtEc1ga2LCoP2F9f7lbfCgsapXaFEPeMXMX49r7wEMAnTDt1lGUJ
XTOLUi7aFErYQb6DM/mH8DsVX5uM8VJqqdPVosmkIFS/0ZG85VlObhzoOumxJPYb
OjWbHmTXsSm3ZpKOFSL/XhVJpoIuvteAUVYA6WHU7zZ6wfxGqSa4KeJdru4eLpYJ
6kzGrOMfM64rQIYUlFlXfmLPBbOWld/+0fp2pHrUBq4DuO+0waGD4SEu9hw7y1OP
hyqqndUe6V9Px/FyxP5XQ5zRWDkTEOrcBQGWcmekwRFHy41Wel0Cn0Q4Hw45WkK7
Wr1LvYwMRjZfL9WAlI4tv65fPhlF3j0FgInbYZ1dGSFKomg3d/0FjUM/4bA0iSw5
8zuQtGiS8Z3sb+Vkd4pNxMV0BMKoNQR4V0h5iNNqo1HFwY9+R7fPAwp4iJr28i4y
IRAXP7unZ4QWC9SYqM5JRL9tDAiTnnJpoIBoy8XsqnbegZPT/pCuU0NQD/2yu0bv
3ZflJyuBgJW992JoRkXzfQHnQRgvZL5D0ANVkbREtkwR7DFtaQbmoCN7PFFI9INr
p9zkSI6IvQns7tljb67buTHLNH+OnqIU9d8I/s/0XID99sXNnRWEzDFwXukvfEyq
G8yqF4NyIRQqd2OG86gK2ZR8Qi41/UvU0PuKb3Zw79R50E7M8rmeO8RM0SdSazn9
neKNnScU10AciH1u95q+4RBgbsLACUb3NzO16psujIO5XdyYlyJc9jiuParM3XxS
q7HkLhzhkoResdGBmIKo4AtBqZteCTHR6Oex0cOSEwlOSi5YHmG+00b7zLJ6vUHC
118QK8RATer3YxWTS9mKNI0zvT9jaOxEgiOeno0BzxaCstLMB67ioyXGsfz/jR1O
s/8/KCXeOmEx29H2T0k5SV+dluKM3eXQIEMlYbIizZgFL044ReSR4gtZKlW6U1HA
Ao+PzMzFZLzl/rKcsk+FE2KPL2qq7TV+p7kpkvJtnLuUzXgDfii61wB+06E9gAmP
ezhl5pN2pK8PVIn/YSXLQLWTFfk/Jg4fjkzwTkv4HtSt8MW4LVowc/M7Etv7crEN
YbleeNATJkCjQSfsMEBROcX81q4QXtWkUkeE17P8HVy/djtTGmg+qigUbbhyWVxw
+LCNjfSb+erYudhi5uXk4uvXnGfXjR7fkBq2rKI27tWfwWjXb7IOOqDAJUOYa+Yb
lEoDtjdLl4zo59epimm9aL//KZBme51h+LXuwzjLhEV7kB6s2QxEHVQg1z5modyM
xOWvH9iAMMTMGItt1Wkcmz4E4yIA5pjyAGDwep894XrkW6P4pdVXT6lQYBjB5Iuf
ZAUz0sBYG7vrf6nRrPs8krGPu5QVItVrE9uAhYLwDstMJPPgU4uEG1NNVa9QQhI/
C90B4ou4MQhVx+c5RnxvLefcxGbPXZh4/08eh/arNKpVJ8gL818KU07lEELiW9dJ
le2Bqvk3NB+gfO5pB5g1Qdfh+R85RwfK1EZMx3uzo5wZGd8Lkft/k5sV7f5nzsrC
7uI9IW1/SxVybxwUqINuj2ITir1l1fVjtiFeIGsYv5PE6ttfM/hPyvdENgzm4SeZ
QejTxGeH2PhwZ5d/+DzNqOjGlnfgIbu5Ae5OYD/Bt2lP00dYlxDRthEF7hzYL67Q
YgPEPCuaOmLOohqB3Te7REWfS8rUfSHUZfblsLpWoDNltX/8gsjy21FvDYKykyf2
r3bFuuCc5KHTGu6E8lp0TuzP5aeD6FYfsm8xX2eZnOu6nmFGF3myzv0mIsxS8s5d
6n9Sak8R4KhyGZkWh1cUuPTpB6RBwu9iXqfv5nJA4Z6veMmMSy8LzOD9+LjoD5ru
Gx3eyUhtouNDVsEI9NPQQ4wO+KdYXHjUr/pBm9tuRmBQmjK9lBKb5sTmC/vNnnnf
2LdvwcCa82WXwtxQd+jNypaEW5k0V/2q1eDLzurfRgC/ZXt9IDUF8nH8p5oOI0Vr
kKY71JJHBstsXCJp43BDlVFXhTf8K4HRpijEw7UGz+wPWT2RqCn1MLwQNnw5kn8V
ZNSWvQ408m39cFfWNZXjXDiQGHt9iGx4bSHgu9OUdTdFaZ0p4Da+6aBfsxJiFJuU
0Q1iP3ktEIS0fbzuxeKSLRjlIKDjb+Sx2QZ/FGUiD4c58EPc+Ts9RxYZHJu8wcJX
sX2olDL7HnWrOcky47X2fbU1Fu6LxfoM7WL3bf9nC9XKh/Mn2xFW+q8Lu57pFE+Q
eJ+NVMBp7u7JyQaBlLe/1VnQXKxa3DjDIl3vfn6rWaAXOXze7zi4pU3jsuyi63SY
niGUzSZ7rKs3Gr/4SoikbJb3MMWSuKvJIvFFU/u7Br1wOXv1ZzlVoZ2a1mTiTWES
j3tdvTJmfJAw3UkPFBBBv0K2lKqvZstNpDeNT9blPQ3l/LCY3ZcMN2ok4Phxg4xf
TPiNAv9RKlHaoOfFlYDS3koHhsfFJ4JpvyyfV4tYQ8cHOHT4j/ngBiY+RWtJZAz0
lWLMBN0jZZr2wXo1LQ6MUHKaqSFdmmTcMMSFn4MLzJbyhiV1GH+PWQl3JM1SA0Yz
qs2bI1dp7m3RdmoXwa2/HVVKbEZBG9TbolKh8ArWbQjheD9e58VMf4RmXXa6gyKA
7ewn48e/ITih8iCRHdZjTsKQ23C21F/vHjJ+ZxBWXiSRXElNRX4A1Uzi7aEivBZb
CW3zjrrCaEIcL8IeabxCS/afRxo5dlV80ogbKnukqUmceyskWkSLAtvSdhRIeYgi
oXtV/2B5vfksxsRQzvRy1znjrxAo4iv015pwlIP5ML8OmOQ7aNP8JKGqtqQuCv6d
OQIWoMuDfbtst0RweMHY2KGgUJFi4wEEYL+mhmR4aQ+504P1mtP0xWD35EVbQ09q
zab6W7EBCArCVH3bxujmq0jvQTUXVbppGfUbzRSCVumSQjpFiL7W5toTMg9FLBiY
66qTzjA2ncu9mlcD8NYTRavS1qEHsGpD0iNBByPuWL5kBb1JJ+ANk1bj+slYCktu
plL+EBV2mdfNpSH28lkbviYt+4LXCd8PUkPfJOt+E06qTVvLRFgyTUwP/Y2cyRMM
BOKw0NwuqF4G/0MQRVqcgdi2Co/USz3b7BwKIwcXgJCu9j30Q+VPBjyQK0/V0WmH
QrlvRkaRuCSmWl+x4GG/7JQDG11aIiIT7Tfks9c42dxJ4acw3TfFac1XOIrZLTS/
2ulK7+nNbPsPl2VU5HIuX5ghbd0LKhFolk/AEOKg7/apPOF4JrS18YYdiTD3TEyX
SDUAcBT9qN5ZgN6czCfeu/4j4FsYEH+Y1hOdU2BLJCfmF9aFiGZnbqDpyEINWp2l
PWk4o6EqbQ1vshW7k8D1pWBK1xE4CcWp/1hBaTsho/EaFpRwEYdzVQwWoQxDzaxW
s2GpajZ/ENCNi6ZP2+iiIcMM8R6POLEHH+ATZyDETXpyUuRd/0oyfpEIBMyqIiLs
rlpR8FD07K5iNxkTQQSh/ZK0BjcZBTDKOICCk1Zho7EznUp8ZPfkDkgRZ7ip7ikF
LOI0GFE0gbfV7Wii+Mt2bCBVB6f1Y8US9NNKiFWh/sw5PRV6vf9CiVtAHURebO+3
fW44PDtBWJBI+lVFzWiv4xqm2kd/joRm1GRvQSxY3DOBNVB4vf4ntC7uu3lE4Urp
X2B4HR2TEKZp4ttkgbihXPpdSCKRw2P3fiWi5uCcHLUiOhXby+gjH7YCoV3Uy6HQ
Oyrnqli5jCewPh3xDk+vW7Wi95uQ4EO6vI+gypiUYqBhdbSvWz4FPI6eRMCyZIVX
vBL0Xj10DqOdH9rtzMGzbha0Wsau7EXdQuhbrsb2caA2rUhEYF5O7LFX2hcvw+Jm
402FcDM0LyKgJptIkshAzD96vU3ffqTSli9cRtoKnpVj5Es+OQpoAXvwCL0EfY3L
/97RPicrmvU4xYzRVJ8GxAnepcIPDgUGpEzo7rfu/3F9LK0eBxpWv9/t6IphdmeB
+x/vm8UGV5+WxcHyDS1/YVf+EhwhsiScUTR6/hgW25JDvacoyKHiV15unCjr0mZd
aOBjxMzjtbrBXTsExFKPioXmPe5LeD7b9aQyK3yq9UyFAoTbrk/dLw/9Fk9ynXKD
jBhPGd6qiaate8f6M7PWfrPdlqiVSLLGnT9re+VR+mWejVDrGEchLSkImTFA1C7N
Vyq/euifsfdpUVU1xw9qU1zrfyK9UbhaZJ3yeHJbUpnrUos5r9XwTU69/wYkgTIX
u6PNc77LaRLJT6kdoTgDOHVeDKC512GGXMuyeIqRT79tAbF4hACrCOk80YbWR5vq
VCWvDdWUBYitCsewVAo5gdC6qT/Bfs1Vqw3yt48R5T8U2oGKJwiBYVd4BfUSzDCV
3C3uGsX+1xPLENPyj+nHsd8CCqfXzYDQij9X47XptiSj0J/BATNV+1YWmL7E/ZyW
Wv1XkRi/pSrvqMH77vmyt9aJPhG01cbDHlWGQEA5iRqzl+7dYQCIfKTh3lub0lzb
hJAtkCvcifmv772reb4LKf3tp3WakhoWKUA/vAhz7eS49nufTxr/qH1TXGA0uWH2
uXXEK4v9p5Q0K4WPjiDeSXuHrp9e/LeTXPPSfKsrv9wYKE3tsE+EMSFm9GL6AafE
gMqz3qow3iKTl4x+6hvzDW34pOhW4TOByr0cN+ew9IcchjV+p5/bkGTIg5BwTVws
6S9+ylh9oSTyVYkoNlUfPrGHVM7no5GJjyTQDjg6Kj+3JGc0bmni1nKz8gwDou6A
mjJkOoniRo6Zs2xolf9ZEzml9rAVsvALYANSNcxGkTSrBbajykG4gOY5CXb/bfnc
EVBv5/k/6+rR+p1hGamUu7gLeDg9GtUA1Nm+gvuov6yTaXyXpkLXrpL5e7xbSIx2
6PN5bCAp3XW9ZmADCl+akytG0vr5N6Tp/dFf43tqwKQSc6/UjGt1U3z6fHk+29Ag
7ANuG3vd9m014/flpX8e73PcLmU1PIjqkM1L1xPNz/TWN73IOolRLPCJXIXLFQMS
xzmH3/AX06ZuGsBFrzEg45dFJIvTxdi4gEFs3cAHhz1VLpUh3UphyYf6NJNNZs82
SnXfWLdkhEhdckRVrBXQosqShKY6comltPyGPdxOszUYWXIE4Mby6vFujr5rdd8E
nW4BMA2q/ZkW9l0CKm+3aC+iTCQD4mxJANDJqGwqxS2qfAsF7QaICazFlWMgqvBP
+lDk7k1yLDgOk9GR4dbjCBkLYfmohmvSmarzvqlnZw9/3YB4bgbaWPu6au00dbPw
waDVQ7wgoTmpER177kSCkwJNvVagmUe5x3QiyOW+VIsRqIwhHaqWleek5xFwd/Bh
/JJerGFI48h8vWRYs8Tw6dTYiqzH9Yvr+xxTERYklCBkdJJXA+XnzkMX1h0GC0sv
IwwroIqQ+7pnJQVS5KCJRQ+Ap40eJdMu5UlWbCfOzhoeYF2nAvcvqVtEsc6uluwR
DuNr7UtB0y0Cx4hw7B7ybq73vNKB1fDy95LxiwwfE4yGqsF2vVx4pbtWPiN5GE7b
bYWNQgYpr9diuorbMk3oquSMt98vZgJq9yCXGWK6yg3BA7MN47RqsbsfWoMcRW3a
lI8nI4sff+FpVZUWpidSlwzBIRifQJgGQn3whZwLuu011jhcfFONlInCW8aVmFCk
HmR+mB7AdUmy1rtsa2hDySiV6qT+ZvzxQwGfnIq5eixlxc3Qe0gBpC1L7ekfeekb
WSB2pLn6EjPQbCmyjNlGEP6SKeii6AXpz8LNn90GO6BOs46QJHJ0h7estwErmHYq
qYA97L+OfIpPCeRsqXDynGwczSYWAjAFkrA6Rk9FJEnkqGRKoIum3LsOwVDdY8nz
3VVW/u1Ek3BTp5cQdau1p3/9REVE632i+IPi27shXVGEOF7di6pADsY4ADggqIFG
aFUyt8hSaKfjeLQ5TMJkU83Bx5lVAqb0Y2I7FRiEVxYZPDh3+SxxkOofSQVlDSzr
LLBAjBHJueVTjxwOcLQUJVQxnVXdShe+dEcqoFZazi3dr/WmdQ1mVnEa8/FCqOcu
cvTeytpbwDnfftlCmJe6Gy4cqqaE63s1aMAxJCQeaaupJwl6hzNUYrDjeCN3nLhI
WJlXqInWmW6vwq0xt+0O12t/3g5Ms8x5t2KNEerLSXOhVCUsqACvh3PbWsQDe7jb
j0k28uANz2pNzjB3d/PoPkc3uDKC84/3J8MfU9mDaE8Asp4osQUGCv6bMFYCB1Vr
+l/lsMyT2IFA3HuMkjRSPXd0e/qA76vb2cR1A5O4QUlZdKryiL6XL0CH+PqImsKm
rfIRd9jUN27m/JFyIeYLCsUU6CAhGdX3MmOqKFoFbSPJPc3wjqxbxVI9dFEgkgJ8
2JXFbqXLDZ4xFyF13s9j2aig81QG4JmV+dvFKQwhGaq/XKfMcptQLTmJmOR54rUY
tCvwPKANCu9SztoNlJitqNbMquxbj3ZnAfoHxrZpApSMWNvlDaVrOx8W+KHrNfQu
tZX2A3al/1mXoGZ6tbfz+zRs6qEaWHkYwKK/ult62Onb5zquLUc2OPIt9Oezwyvf
meiLH8dfTNAOhz77y4h+XtWUWUhYb6XNAKNHpofaYtgnK1fXcy+PMTMgRLsPwvyJ
xJGSnrcL23/IQFCBwn9kyLPoyLqOyM2zBOrCPY27v6OuE+1GyjaPQtO0d6ZLEGci
DzxF/MvcuKJp00vbCRV2wd77YxDBu1YjZ5q+GUAM0M/txUTpHmCGK0fRYq78x+dg
L5bQPATTBpqDtfBPcVposQhOUkby7y2E/V8ZcnYe4E5Xnek+YVUuetgzIY8LUxON
6bdpWNs3jp8ixt+yrWEmXjc1LgBqUKT930f1I7TZxE2GmikARsQ0+Icw7rGyScKQ
kkFO5T/Subcokvt959oHdVJt3w0vMoRFJI3QaybxJJmMp5kgUDPDVveKtj9EBcAP
IkcrEEv7hhTExzcmC0Rx/1Txk0bdRrICMkclsTLmVRqqMLJVmUaug+MP7tlfU68W
uRE42kVHjgJAZLq+wxlho5OQGYv6qIf9R8kNQpl68WFh2uH97mlEQPefPzNQMCgL
r9t0x5xoqO2nspBRHz6s8bEIKfrPe2U7bq5tRmo+J1NNStv096rlr7hbD18/oO+/
+UgKshNFG2qa+0a511cRdXucxaF0VHlLxKdvCA4pXyOSBlAPqzViie54ShDftlO4
kAbNXdEF5fouFYHzaqPwpE0NnpJchjunP1b7Ip25p98EZOxEigYDGyYbjcPq2VLV
w5hTfPC9SXGxt/ect0OYzoCf3p+W8Zzp0dhz2RL2+5OI+xFdb0FMqW5edZH42tYt
iT8ChgfP46BUE2vwO4nhY98OEDbI03d/z6DmPiyL/liSiUfGFFRezYm7YLDbZxsx
8cICY4WMtWY3q1B7xD/5gx7JLDiYpbRM4h6z58Cg/KwL72KhZD8x8onSkzdz8YVp
dMJvcCPwAMMmVDY16Ibp+/qWDTNXsPCZORSI+3yKh/yTX3HIsLfoBiNR16qlp0cY
XNa0ijwa5kIfneCfIdug1y4AvJRnuOg+MNS1fuBgF0TCON9nnreotpmtz112/Cec
MuXvKdQYNBPnpTEtMrsxj/27LCaDIvHLeXB18muajvs0NAZ+CXh0/4s0LdZWs5V1
VuS3mem6upav7ARcGnXGHsUJw0yFwZQ867eMT8xXC6NAUfBfyYFLt1DRR176G+V1
2yX1EtZ4KbgyLD2FuAwgobKV2FUdDDF8exgkEm4YLiO4H+AyWLNw4JXIsIWV62yH
npa+amf4xpAtqur+ad7EGeBNQhA0h2ES4V/IDGx8Bdnm+lQfpar7vFIzdIQSSekh
OT0p1HOUGd27PfWUnGZGCCRMMxmx60zrcO+3K0EwcuAOsHF2a9pxjWfsMOZulvhG
XcnyyJ4+sADBfGB8zHlrtKL2lH/K1lJJJyZ8xZRqce+aeLFDH1hAmh6l2LqxQ9ho
tB2zopd94w6bKHmWlu303Ato6UFwmsfisZBUaljt5OfFpuEQlJsv+Sya5FceaFQE
8NWpMpZShwf5CFg0G5F1Xzi+S+ymKf4Uo7jIZjD5yjUBqcfTYxI9hZ8Jx4WpisLI
r0/66D6z2LlpJ61StYe+DOjkbvygByqAhBhId+rsPBNxtTEjAVarzPI+4ORt2vwG
08i/2N4JjPnP9o6jqzURbdM/YLYvmUIL9o+qvs1zwc3tm4QWxTzGwU3w1g9CxYJ1
O8vc3sCx9b62I9LVgxc1EdUOT633aJEfZznLE3JqdJtVWoAnTX5/Smwhsvg2tOhI
jVINWSdIitfCM60AhRuxfFBjkWRAc/hb5voqjbt1uM7QoT6AKVXQyUPvEfQCykOM
kpvZcFyO0dW5/esfzs0qk9+2Iq0ROalcheUqyOZAOYWOudXDvBdIWvDtq4Ofcht/
ctCK3fNT58rufeSm9MTPMprEvWduYuYgWT34urk5KqyZLMnR4VqkFwfUrY0hrwj7
Ydgb5iq0lXqtlqy3I/HMC385j3QF4JL7mGEVF6h4h2JcrwhzqgyfCtwqnF+BWT9+
NuwqpOH3aBvHctC4BLtcgBaQiLdURAJtbxbOhwnvEbrGI3cdNSRCPE5VJoumq9wh
NCj8FCK8sxCHtOgxsbFmirHo1umldq5gfYYxKX1teOJN1S0sLGCxRJ9+EGrLS3wi
pu2JIIQFfWDAdocuf7vRh5klXVhf0v5n1jcNUvecIeMgyOwIyM49ARW7pJsnUW5Q
srSga9D2g9LZ/2sWvmjoFcB9OpWMRqNZc0dk0KfZwWShNfs/AxRFqqUA80eiDyjn
Cj9UlacyvSUYdcFpdDUlPo9ikna6vRIugBKek9J+8FQ7yk31qWjbb8WezA96+j5G
f1mn2qzwETqrCXirxusMFRNqmqNS8LbQg5Lh/i+BPvsg8YC2oB3td1hbqCY7sAY/
ycwXe4ZHkNz/T5EGE7IbFRipIk6W+hbHt4CH6IfUD01OcO1eHO1tV3nR504I/Ytg
ajZc+VEOMw0suTSfK0gvOufzgX9BAWQQ5VmYeg+IKel9sMBoqHl1OCw64kDCGVab
ebakWiMHifpxn3iLuONAbcNPvqI3aZtoDDKRIATj4QL8JAxnAfhNqH3w92XUHlrE
3d1wtGJaNiUBAW75R8BGSN01oBLvAgjoGHibdIEEx4VXba3kuXdQc6hD+nZfiI1g
YIrDcvVHaVPPyQHbewt05/K90apUPvmpDfURtOIpHwuoeyh6itF9lDx0qXqT3Hpr
1ZZpx2lnOOh3I+0ouQ50KV1Ztbq01h3KFcDHTh5SET0vB0wvr10sIdPtPxteueYS
KYn4Myta6FRqOfszaXsqAJ6ivcuW1pJ2RQeC887sYXvsfzgiu+LgqG34obqLbu3B
qRirO35cBU/+JkOqMWQf9xpbEkB8CM6ocqWS/ILcbAP3yu02t087fzakYVKpkqlf
8fx7up9eVDIih/edMn8Egf6Ru27oIpEycMhw7o657S8r0CLOMIFq2Bdb9cKws6nf
xgVa23mWUnCRf7UKy2E5zjNeP2WnXckK74bw+TsvYzuxHR9FwoRyRQD/uWUGV2Jh
Z3O2koGibhgq3fLHQ2LsFIvwhH6Xe62m0FWF+dVO2LMLodyU/5O5k46r2114JUUr
69L4Wfwa6CBU9eWYzklF0E6wyMk+lh1WK3BxIFmnwIbNOvlNUWI1HfFSxH+3TZU7
8LuigUL+LjTxzYD6kWOOOvVD/RKwahkEjvGDQesXCgSSl5h25sXKUQW8RbwX0biP
8X2zvHtrgMiDQs9i+u//Y4jmmQJIRG4MU+an48C4+o3kWz0BMbQDQGlelJtxPvyc
feA3xclicnovykDmpqqRv39AHdyd/CpKnUU7OoGgin4HFSNfPmDQePfzDkKY0fJu
SRBoMv9L43KCt88lilOU+XcEcqay2k1UqOVs110U5fQ9HWd0PPU2onbsNTfs020J
3kQj4uvekWmfD5ZL8vzFyxZqrw+LA/980fqON2xUSyHcw6H9MDS7RfOl3kUQyxuE
z/IjYHxxYyb7QuAF/pylIAFChzFQpUydLKwLFuZIBebanKqNsAkBcTRxRKHK9bTO
8ULbCWPuanKW6Sg4/T67W/gakE/pquWjRSn95n/emoUZjAS6k0mk07/Ds81S+FGJ
IhowmCzbBSfuMK4ESRzoN66PWiFFIe2Qw1GaTcivVKK9HSr9w7TBfyhy1rEkmyQX
Lq8As686iGrPRRgwW85ZDMHRkvGEliPWAFtA1iMV7O0R+UsaiNjWaGxMFDhjgl8L
qjhqaiDflqaBuVfLw+IZwhYWKTqpcqp8zxdrrBvXzU+FJQbubQxdJBAoZhyqr3mU
XrV7zDNi/ZL8PduF4TLzHdOaq7ZZxSlozYt9z5+k9u67kFFYXobt0LIYzfGBo36R
QNwtKTN9udJMqExdVX9cfLuv1LmxuCXwj/72ITQGwm+lvlNWLXDvSuj0AFH/f7WA
RTYSC/luZ9O9IQ8wcjR8LNUF6kE0ZnQGR3Pb0n4ZubSMeonO/rMAR+BNEvhg+pxU
/3f551qN8K7B4G8eXA6mYCX8+06B5hOjOQ3WKZkLUZSEkUh4nhnOzcHmjgEi9u2w
seCi/31epExGo16S8oN7kHPabTVfcYjucqI9+M5jXzgeZkfca6+hS1A9Y3X88YrA
hfj1czTKRKmkCrpTsxrYNUxdHBrXqDq8wL7935WiCSyfn5XzKY7xdmGXwBfcpqf3
hvIMTbXCcuTEveNUiHrwZQNWV8Oe878yX4KsvR6sIN782V5TIq+sBrpkuGw44ZcV
L+401FScaTIkOj7EaFf9qXRR/sdsd/IC4nOEdAcstG9PyiJANXHdIjLa6DD1H0Sy
rtk24ri13cm8ywAPpkXWWqCmh3KGa7Boi85eaU4ewCC2sxOfKMuZ3xACZ2Klq0f6
Gyki+i/6z5I6YDWn9e42ZeiWErlTfIrmlqMb1bcxKCHeaSvAVbauzwhIpsUOyoll
RHKOmw4ozjKpAZTAHJtdIipiSA/rfe36+2lipOLvFwzTx6ydK0+qRWEFuLiKnjMP
USY3WTLE05MyhkwXGFLvANmrQblfyEi+W05GwautXWo+PICbZhjJBAEMMRqnQLkJ
XZbqFtZzbNLJfHumu3G9ekXUYJNo5sA3h46aokK1MKlMeUFgfZBhFedoYAcHJFXZ
cJXmjsHLtuSa4zk5fP0dkiDpZvvK8eGj+/nlj3cOg8dmyJZzTuFKEE7N6qS/4zgA
0DEosZlMRIwTDxDVA8dptMa5Vffo2bBucfg8LVyEcb8qPbg9r4wv7W9cZyOzcrcp
zgY8/pwvO1RKC+2wI39yyp+98lPD8LQXEc5iYwtDTbmo/DkC1pQfm9yLclwseawZ
+PRXx1NjYitdbBlGXCKjyRDaH3rEeAHGhRfnrS3yu5GJChRI+hF8nbGqtSJ6ZFAo
0E3SvFmiIuAf1cjzu3ZcTbTuT9xffIoEKuuaQW8KS78VDYY/Xd7zIw9dFshVRLvR
paiyiObuTQBz2poTKzyyDmb7kSf+vJ5KfIZXZL88jq8Ju0wBHz7Dpv6cSndGSCYM
jfdJt5kZN01s3727kwMhbnaoXq80I0wfozfvSE90MlQpKlmkDqO51W8Brkwm7TnT
Eo0XsNOCLkRanCy4qqYRK8Jg1ntSQbFkRRctQru9c2TRaD69eYHqOnvkWTQatjC+
gPXizdpX2m9qgL7ZVDRGxnRa4NVl2HBRPObiiBdLNcE0J7Pew2oLbJPHTqkts8m0
HfQPBmViDutZPPk5lwXk+/bBXIKZ3xhFbBiyN/KO/ZM9Ny8P6DOTs2d9vOmNyMPZ
+Mruf4EKEFFI1X0a1mdr6383z/lHyxFFld9FNPUfInnEIQGyF5//cPUjQlg/cyxX
wDA2WZ1nBHqlfo2gVEdaSvsOY7G2SuciwcPQFBZsDmtT2C8yQ9oF/fMo3FCs5YpH
W6BplrrLf0DisXiaxTHvic9sdicamYPwnlZTzT5h8dohWG0UBWUNSxttH6aawkXo
IRtlXKMd4XJ6ff3fIjeu0easZn3/+jUVHBvJVKa2dd3Bcwsmeqr8GwZIgb6jsqdE
j6pnoTauiwX4n2c9NFOaif23hQPZ/rlfa6kTQzvpVx/ELvlB27sLHN1wtL+AKuHU
G8eeqT19BE3snp636WyWxPnRt8Gvs8OOvHHsSaPRyNxwJxnKCZa05DR/2wriNIF6
SiBWmKLSp14jRJg62PjMNP9n0LhwqKphHc8fDHJ5Gt2NKskDQL3P7Syp9kP2LIVY
L7gweAAG77F22tKTmSYHLmwcz5H64x7qyNWZH5OUtJIBXC78E9xJngo0bKQqWEL2
y5rPNgHRmcLMf6IQFoXC5cIL9GvQHQEnrq5n2srQmJK6auO9kMz59gdC3OH8qhYn
qPXvNg0PraE2iTBNoEo8aau2dDZBW9eqDE2Y7HSTn8kWRwjyjx7dtIQUEaftDeUz
3KJu62rUXtaGzsge6kxfG75Axz4JqLwxBe+0a+jc7ZDp0p7Lq+76rUNI+jmjKJqF
N/zcl9esDhx/llXRvuYpB4gc+vfKlBe1OCQoGZUSZ8mrjoQGTffUPBzzZmH/2N0x
mQyfLLuHP45UYTma56/nYWwkMzm0/dF7q3jZb+4fzR92vLQy/+KAHxlrnL+s7siv
/3NO4XWMQdxCtH/3jPOsa+EGzzin+d8yhT85KipQpvEUoNb5HkrGubayymsBSYe/
sOjiM3ZTP6ro6MIS9+vmnrAkenUYUzg1Ftq2dRG0iulkxjzFKnyvwFKOcgkCv6Mm
TJ1P5+E0H+fsli/svNOdUMNJDgMzdRfwUYbcEPqo2QKhfjhPp52ZYXsnKsFyG8wD
/Rakt/OUlo2g88uo/uH6TAVugoiVCOSDzhr6vo821SQB0RXXA9G9yueFOotlBqHj
TcJUhW1cauY7zmP2ayS5E29rkkSC++4LufQWKXYuuF7y8tozEO0rgIfvu86sllQj
iZ1UvYxiRLmvlps3YDKoEWsPFB0pjtteMiPBZwKZh+T+VrvGfRQbSFVOu65e+Ay+
O4bN1+YvGpq40Zr1ZRNI+GTcqDeVUQJ5SVvHboCZZizU3oOx7OsFkMdsWUfTRQNB
vfRow3EvGVQOFStJMVVn1thpagukLJBk8g49BS0YrnWVAt8bKhT6MbLz4Y+KeWPQ
H+LTHxvm5M1F0skki5RBQVRiZlqTmw5Er58A+kPJjpgAwzDwGZXtBkWYrDwxkUZg
+xerY1C9ZA8QX/TxseuK1mHBMTLYsH0OON7SlU8PVKEN49U3B2i0+U1RYafNFQT/
acglKuV+zP/L1/IzyaWOuZiRaRceczybMgf7aHuPeOLioP/w9z8fpw/XnuqFMVJy
OYWvD4VhbpTCSv+ix62R9nlxyNKH5hNnY+MgJdnT+zTioMQc07iJKSfzyJ9jHVGM
iasCrc8SkFhwUPcLu+tz7VSEbFVH2FMBZPprUynkmu/o7XluJ6HrSRFau4PMDVA+
AMaNn8UGAAUKbxMgZLL/D8iBSS+Gew/+I4eO8cNW+5HJiFbGAhdfsy7o19hoI3cU
GejuBy2uTIz9+EbGrLhiAdc1vZitJeXOKBgzdJTaGPwALZhkK3fBMIy09Fua2eR7
qyVV/JdgBmC9rmU/nwCjbEn6O+80JKC/KcgDgQkO4aQwuQssp6cvSSLnMFvPRO8w
3dqFrBR4t+IFJmSSWfupKsGobi7hqJwOzrhAASiT927e6kJyvZAWsE8D9m7VXSWx
KouDaS4A1dGlBvPLOyvVosvFditT5sHJ/4LIeyVVjdfZBMHAsTs2+Xad+cdN1Nak
l6/WsbzyfJzbsmbcxBXQMCM9K6V4U62ie7HjIHpRLF5ualvbkhjW6beBbj4EmFya
RKLOZCQ44jzDlPint61raKc+EbhHPjjJDYcm878LiCL8vE2yFWCqCj0O5S7VnX7N
lF8ZtIjRSvYSyHS2MFkgJ5vLD6OLSK3Vw3G61RQq4T7Nia8rsc+2evtDdKr5nCaX
E1H2EtRHoYpb6TkpDTe60lRBtknqaeTHdI7xvWSURrkV8o78RvpxXWq/h0ahILpI
d+Laa3DBHR38N91KFuAu8nHnBsQO3BBwAUz8YLvJdWeIohVAiTyRF8po0aOy7D/Z
eZk/ZCNIVm94tLks0u/oJ1Y7cSypAeEj8HT4uSw6bOpNEfGmVkFPz/9/LPo+lEj1
0uuTcK8tsu2558kjehQsuz2SkcuZM278p9mGBVUL9I+M0AHCb4PltP8wRKW3d/M5
b+xMDncb/N4m9DlCJP0+baWrNZFhdU5QxT8p1Ni8qzFsb1XGAdOaRV9Y5T37Lowa
gbSW/gpw7Bp38lQHxVkF7yGcIr4hb9ojrh/+HGucZxSjthp7X0o5FX/MdIXJJYOg
kgDvDzJgh1Fuw7tPfR1hJb4azPVgAlcZt3bH5D0K9CAIWb/PXMlkaDgfsWXOMKJj
uWP+faaCjuM5hvac6L/aIGaH3gw94YqpRcmIr60gkBqDLD1adr5nIzeFiilde5N5
FRKPDKSMQ5+8WzyZQJ+FnBbiF3imOi8b75PbX8jzJnCLU0Kq7VMjgKO4ZkTahoeG
5tiUM4l7aERMz27u7CH/9lCYhrlikRyGeAONnrcrKFY9CmqEPF8PkYlabkVxvMVM
EUU21zLiKz9Y+qkc3GWtFj25zMkJ4hjonJ44l+ow3+mibn5Zq6Jrf5G4ybRT+FIv
+d+0/YOjy+7+4FDNraRqkh3cu8BYoWDfloAi0V7rW4CcHuS/gnyy4uu8rjSpjpTX
XgjN+3zAjoet4mmEsY6sDAKVP990gqsiXdvqmBfRPSnwrWzTR4d04Qt21t1IijpI
7xNdDdfbu1JYM20i+d82slk1AQIVzBT9t4vTUn6XEWzqTvehB6ltM5Iuj7OV5SCD
Nq/hjIBQxnqzysfhd2aBbic4ZW8HM+KTKFA0wMd/AWA+G98y3nrZiljtFSKcqRP9
4GDTVcHAYCdO/x1uKAUT5um4osmrbyKgLgRqucxPkfig4qeXin3ZuhTqbLKvEXgm
R2dxiAW7gt2Cj1yDXNjlnmzAEUs6nt0JKKrEJwOYAa8CUMjKE94Q5mqoWol8q85r
nX5+TJ3E65PY9ABDWOccV+LCBmv8BZyMVIKW6BEUrQfQH9aaSzGcDcfUj8Vz4dMM
XZgIZuT5/KCZI/wFic90o4rVuDz6L2ipG1iasWaUXPSRfqmCaEBtIML802eHNbwS
zryAZZa2OjSPOA8/2X/ctpi5po/4AkzS2gY/98rtbJoQZGR6GWC3T4lREIcP8FNj
xTk2l+TRlKsQtCnFkSc4KTkbx2ONOcgZLzsu+iSn2+N4CTPdyKwB2su6y8oTFC/u
OwZ626778WRqkPGZnIkPsWa0w4y+Xp0awyq+VJgkL2TGWJvpoT0WLvBeLepiXOU6
OZ9cC58HqxGKFD3dT50tgzaReCUmPLI/jV60xnOut1ze4ArQSXgLBQx9+yOrcJRH
36bQHy987bE8x27VfdEhCrIA+rmNp6qs1SLRFzbHwj9QwQx0Gfh9oBcTX7VfLD7j
SCPTd0/5upjAXsg19uycrXTzRA1cqBB5REJx2Y0CJF9LOWRGSqpqI7CSW3uJWWZy
QW2MWz4nl35crba2AKS11t9DQVCaGRmHpGBfEcMi+kp39tWI+5uC1zCUOERXeNMo
9NoUvr8dnYDRZ7KyqdW4kVnah/TJ2bTgnaAsYGx404o2AY1SBbq/yKiXV444CZDV
KdmbCemPw4O2SOdd94xoHJWqHRWVSmOjHGGNYwWsXeiCYecgGgqyDfz+3TuFpvDM
mQsdF8a3algtctbhrvoydNCV6fSKk7MsagssLCyR5lYXkpiZ4EENf8mgVoAgGcW5
I+SzLROqEy2eIY0+E+1i+8c7VlswQ9D5Z30ORhrf+Ys6+cFtygfTnwwnJtiUcVxW
qQXWYu+n+HhuvtBqimn3eWPCjrmlrp8MJ0bagNlGu6R0b6JyQDPZNq8j8FyQBzJe
l9AGhWK1uOk/z98vf6X7fXlRBqjR2QKSa3lB4L0HVdpJfaNGjzffUZ7R9vIpJXD9
DqQbcgN1aPrOfL9tIs/DhjYbhMnJlquaIT9Un7hhA5a68D6KkWmndQPZm3/F+A1P
onLbThcZfCUtqln2ZFI25uOjyo7fnu6rTiZjnIyeM48NhaVNSqIBvjXEq5uPwZLv
mAzH31M+mIAgtN9XhNxiwdeYA95ATOsT6B8mEq1yeQoHakNlsu9wkBRqJ7hbC76l
r10R84Ynn9IIuCkQGUr+PXxsrRIhuzUUAOZQnL0krO8mDCvHSZO/25kjbCuaVZyZ
nFnQzaN9toPH+58YL90WQnT31g2smQP2vkwuF6I8Fp6b+sVboXoplQjY1lZhc+O1
F6nuFkhqW2elU1dfhFJV/Ck+Zl0exYkTedPiVd+PKTUx7W8ENOrYlqOroB0uxksJ
MRq2RcquKyK5mZ9aO+cEEGZSZ+jrZPli99UtmShtybkFJGZ/tQKE/mTapLtcLxaE
uPanD38p/lR0ty0tt3hyc8pLjQLXjWqw5j6DbGgvnp9i2prZfxd/3DPBzmS09g1L
0tTQRnq4BQvNbGYEqGYdlC8ObKLWUh1/IdfkrT4lGgpS/wQAK3ol2KnDuJwgt2bJ
DqR0xCBY5+W8Lfw+a2n+yyYUiXz49pGuirnjq7C3U1LPm2JN546CjCBhWyZMQKTf
sJ/6dIW/vndaK9gs58jDBdR39wsPMPy9VFALLZpqjk2LI/ahK8k7wzQCCi5uq+Z/
RxpIDc1qH5ofYKnMOLLGOVKJC0tHAwwbYqPDlW2bu1187ElN5v9HKKfS0vbjEMYP
mpWwTBddJfVzwZL+Gfzntq03zoRdBInf1IgBDh657Bq5znRg9b8ih/aSkwOej7zK
0LdnlEteINj4Gyw20uQvvvfD1HATey/DFsCE74xHKMtN85il0eDsoLzuRjpG09Ap
+guZVCqMcQ4DWDyuR9knUuEBEJ9vaAa5bG3LpEwi2OsNbldXHQewO57EO/lSHr9R
Jkgs/fZG//4uQe7cIYCmWu3vC8yWUdsS30rK8/uDujTxiYt82UJtqjdNR7Mv+hDA
ipQZLySTeesd8wjGqxCNJBsQXOtatiBPbpAkzZSacB2bXM3yuKKetyV1Qp9s5fH6
ggl9oFylpkSej56cahwcnf8Ls3FDjBDpmtQZhXBnoLKwYlfJahBq9eNLu+FpC6zY
H0Txx9AlSrje6RU1jVDTrQ4sEPmwVXnGA4RSRgz3rHe21N4L8lFmZXSjfyN0CLHn
k1GzgfonzC/wzEm2twXvtfsg+p47YKCnU+U/lPLSyIUsxDUUv1IYbRwzkRJue8H2
Dc/Fp+wjhj+PbgAZ4n49FCPDHPxAPfA3nFy8xfzRsiwKtZ/wck0O51/W8w7lSHLj
ahYPfFuKLg8hcj5DPs4zSLvEI61vWsFkZHoT84QiKtX5pCa+GR0vquCPGla0oPV8
eXPInxfqOPPSNK1+0EDl2DPbI2KmzXGY4EHt5aS57Ag3OphAxEpPn7aUzooPIfWB
yKiewn1hUTRrdrAeCn6/Zk4B3KFoqZjpFa+qp/C01krpysyqVzpBEr4Ytgv9ST85
r8RVW/geyShOKVL1QkO8Fp1VleyiA9A/d/Ahkd/Okc0S3ZcTHNNd7UTIHi5/JoT+
yhTxdtOpkevQSCohU0s4Dns8CFApm51lMqhBsvJnigX/VfZ10xy6hC7TVaiVvb6s
LXvL7jwJ330FTHLl32UV0tvkD4P3eEuyYl6AFAMmkaD0/I1mWy0jdDmSUUZ/Va0k
d8WA28C5/wZeNn+uYknfCCSShQBW/C3+6qXkCK2gYAK+1qFJiZ4HWjSpPxxLYJFU
xusPF8mB5SmTwGIcW5t/YgJcgmZiyw4MyZ4vLSuS9aUcDELJsfW8v1IIdRvT/rMy
h1pLLWz3T0wTXla7kO5aYdELe6JTajWZhxLWnYC2uw1ndk+Pb5ak65kOgDWaO6YO
aKC2Zgwqjxn9A9bsqcqHXMQ/bLjtaiYFLMOU1n1eOcRoTBARqfp4WSMuFVqcsWP5
HEGmJEPLGlwDU8BoI0yP1Oa/NC80BdFzRVgRLxoUj4oB0CBE2BKIvFKIX+f+zWdi
FVR2Xy+kN6h/JSNSxvaBeA45nR6qIMO4qZxQ3ELX6Aqg2caCJbM5zTrN7BcreWOJ
zaYonEhVxoabFo5rL+HW9TElwsWaMTgVjLEMPFvNZkas7U+bhDa93wPq6rarAAIv
LhJF7yntlyYZmJ7Bm6Ppc8go1ajg86bkDz/5js0NqUWKcHaHi4NxTfAbO7+S657o
qFOLT2uM5aWKmyn72+jZ3nR5A7JU/K1xYLqIMgo+LdyGDXx+vRyoAwsZE7T7pmJS
mIvliWP696lT+CNyagGnym76vdcWJe6Tcll3KxzcShv3MPugAMkxlZbqKSwRQmed
Drg2fokk7uZMaKmVPD/zzUf2XKPAXOKKDG8h02HpTmYegUIz5ERcx5L/bMS3kGFf
q2cSTtXZRQSwAkQ7Pc1MOU6LzEzYk/uEhf7jvOtusu1iRfXlDehmcpfCSMYcANdv
GApT3YAZZcdOBIoQITo0VW6TzNVJgztSSWNHENjDBcZPBYZtgYC0hB9AaNRW1mK3
qtcP/yOXU3LHyL4CS/JLEmhlZmeiOLSstNg+FENvzI3JSQkGjp0OjKCc5G9vFBfL
49m2I+0wVRfPLyMt7J1xjdtBGK0VC9t2Fn0hvjNl0xc0vDXjeMh0eJo06jMS9XLv
OdzphI0vaj+tn/8IrZJ8njDFgt9jF/YH0NzBeHn81vOE/+kDduN9Z1CFZZ+gpOXd
nZkXHoGYfPnubl/VYq4pgcwojB1UVkDTGEjy3AnYKjUi6NzMl9MttW0rHmTbHD16
PKWvZCn4kAKCITMsVTX/KeqfyizEPpoEJB410wcWmXbFuKXStOfkEqx9obrQSPt6
hAuvSI80skE1itGctvhNrYgMQlSYqwOidN/2vHVSoxksNY1Dje3Y5qoSUOcP4LZ3
jQdLSBzIpUD19cS0QE3XtcvE9DY4Kwj9Aq8OSwL/NxQjGKi6KPt1CRu0dVj2lHHg
DNsb/otfIuS/ET3D4RRe4A5yeHF5JU37fdiG7N6QeAs0v5ZrJP9tBA9Q8Xxfy6Ws
e2qXT5U1m0/31Bs1eQm7WQzzbch9tFF6DLa/FN3uPLaiyW2OI14lGySBzw0wrbKp
98kauZoKxYX2gP5/61nU1oO+I7rlEc+C3UzN3mYpmNGRyLbMr40EKzVa/FV8CZBq
Y8J+lcQY8hqCWdV3DXZaWsOs3OWsPefmYt1iu+P8kRC0DTyvhJ/a7h7GMkGNhjC2
1BCzdYw9S/Qj1Mc7aDc+iirK+ArJ8zvzGrISxluhlRIgMFF7Ig81gq9jwCs5AzKx
wDEnF6vXajS1mAKEty/qqeBc4Eu1JB9KMxTm0zLxvREd2JudqubqJOG+rYrtLpXE
rfFvSin3RffWvaXwJshWYZCJe09bpfuy0fPEt/wSNMfdREneMNslDcocbG90UGl1
q3VY/oqG3/Z1K/zFcukExdDjitn4Nq98PH0XF8sSWary1u2E87QC3y3mUzfz3E8o
I7znEnrB/Zu5Gs0LgKDtxLoFAbKVysqqmpSapjkAlJXqw9gYAj8AWid2/ThlbMRY
3o2qFk+vzK1Y/f52r099pxJokdw1Jss06C/LheVw7LFe4hx84q+Aao+9TvWPGEit
pmyrIZ4v/IEjNYwrVSlhc3/ojS1DNEx69Jj31oMYv8wlGC6iOFoVuI0H/93P+sEd
8hKM738fLXV+kK2dBw4z9s0YKlQ31TX4VPO7JAaKpVY4sGL9hemJ5xis6nWpN5Yy
Op54aC9HEswD4fPNft0BHXO4V9wW4n5hKyqdNmamt3F+GkKKtHfepuGfNxJqBN7E
O2j1qhS4I5Glbf5ePGcjLLhjuHiRwV6Yo8oVOsluZHo2Y48xqMfUMFkSqMm53bUz
IPh4HQ0X2vGw6tmxy1Lxn7AGwEjKyfuUI4GluRCF3gC0tRV++klwD8rsf7VI+yDR
YxWTnfRWKr8YRc51/cV26j+ypkaVHljrUM3Xx/bo6unsa/vR7qg4UF7xj63Z20E3
YO/WZkPS8uJuTzbKVvlkH+3qYoGjMrrthCAFGhnaWxVGzgmEYHmfD86Wc1TqzU0E
Wfubf4AwHNAfM/3gL3V4nPMkKAlXa9qvtTLjSnRmzStX7JvbiIp+cFkKic3vlVRs
7TF3E+OOpeKj0Phc6bx2IJicIZc9VV+9sUMWJtm7z1+PjMd+l2eVzRT4hMxHcb9Y
dSM13kEQL0QmfHcw9FKbl5bTzdUTJ+y+nmMsJ71VGQtOXGsxLfjbvE03BgH1h9Oq
bbmDsDDoCWjyyqfNsb5K5iF8QsRIR2F5OtjDe8dqqirsfT6JS+1EbFZntX23P6PC
RW5IjcWeXh8uxBU3cBK98oqnEv3SP/5B7PrNXyv6VrNtssp8CvNIb1Btxdocits1
+PhdoAsOglCMsQjlu1wauyIQBpG0VDKt2q0sE2sV2f62WeF/nMvcXCIBG9NzWSSx
dBgTcby7GoeTxrHCbZKIUXmMVYxhxLyVFSXCu32qxXmZJFoyMVGW8N2/5G+G3RL2
R7kRLjtk6v36WeIqTQ751qce0enyyeLGrOHSgQZtZrwKG3pc0FJ9ZSWvh8CrRI1Y
28xBnEDc3KoakCEnAc6nobHHC2jBQ0I3L38ymo+6QxeB/5rRZo2GhDySHuf+4Vdx
u7mA9F9oXW54L8NaJF+SsaFt0qGsKHqwLCaV9TftbDlqAZw8g5HGwoGnJu5O8Ztk
eq7KLTa33A0v21I7xn/OIfbmsQCLMFoJhlsyXfgggrISDFtYsSfQYMk2z4VEJ6ME
9ZkrTaHl3m1UL20Z2SH1Q6/Te3CCvyR8L9esrwUeM4wDT9eHgphpNffVS004x/Ge
X3oU4O4vHjbibPeam89ZdXrbcqWfeH51dmn+YR5JZ0Xb7VczGcgrKb/vLOkGTTOs
MB2gvW3FtzuN6QqPZSiFeu6T1f2Sk8OBUuBwMw3nBsrZG5h265THlwFOjq7okkv/
ilquqbuGg8u5w0uTJg89v73lptwe2J+Zd1tGpEc2nGrZ4unLiseBthp3j8KjnFQO
uvSceKT3Uts2t1wWxPjntaX+mjC3zU9FF5OD83JpsRT+T5m6RHdSqtmbWBBdH0IK
1Yt6r0s+cPBZrYTIVqwkzwcVzqaxdXMgArKIcKvVR32nceUyRroFc+5cmEyPdxMh
trdWZNKSHoeOatmz7StFEH1Aw+qeXjD8dMuLcejjrFHm/xIo1Cq0VBQ7rzRPUIsn
/3+ezxn1o8iCdYiq0/eAiqg481DWP62hGEvYC42+EkJYcyMhLeG9ZAmOhPFz/X45
wsdsZNyw/AxpB5X9BtavxxCJ/F66hqP1YgtXXLHN4560QN2OjDl9eHJZL3vW620Z
dQqkQrstwzDim6m0sJUZsFA55U3OFFagPJS2iD2XHqU407Bfbho0T8iehisbM5DQ
CLjq4JaaTj+0FlmctEgp5BCZQR5TyJW1A+QECzKZzxiV/TN46ou/UAZNrf81UjEk
s8Wl2yQLDlXEQ3skSBbxNgK/O2IatpJLs/NiPpUFuwAKSQoIvZhJQqZulnhrGXTc
kdiFjIDWq1qiDHA7RORCoLKU0CbzsLv8MQHMZ0L7XC0ZbO2Sp+neLB/q+MvJCXyy
0+bHeOSyADsIfDDogwGCh5otIo3atOypq+cZ8cb1DyMWQxi2ApkPCE7zUnh0LnXo
gv0pcgtGUy8lXHW+aNy6di/N5kVV+esDB0eSVHftqL9mjC4gLU1lAbNZZ6n0tOD3
VzTlCc9KGROO/r76htWOQ0CfiBaeXE6GuTr1ITMN36dX3Zr66RHsADD/I51j5Ahl
mlg6pjhaYIECPgTzU0Y7w6rXHlFukv0hITa0Gxc8tkz3CK+sI2Nrru60pKMd+YwC
X08QXqipp/bHfUQTSY24zoCLj09PgCCDcYB7vmurjsjdlqG6plidmvhSRqGel3Mc
JUSMifoFxv/95xGcw9zE5AMNjMlUFbM65MXDQoXroSKQGWrbURNnhMVBWFLTBsCu
n+g1J1XCss5fXmTiB0+xBt4UYJ5ls8PAfrZ8oCT7rZYPOByA/IBxHOUv9Dwvct+a
7JckdxkG/O+/080LsXtEae5v8El44PM1K69d5njkAH/b5oI61ENtMmascSW0GtQT
5fTevM2YBha/OB2VbOUXChLLGA77HKZqh2Yq045zfF9Sw8QjvY6BNjILb3CtwGXR
VBWxpWzQ89iWB23h8F45vVhMm5la3HIuBeIgYXMP8jZgj0aOQUEBI3SloEO6SHxH
wDNRfI0AZrlK7QMDQ1Qei1dQbpWD4RlePu9X8/6eq/Ri+qItwC0UZyObOg3iblyg
rwFaVAQLMEIb2nhNE+dE6LmpHbF4UOHFePOea0N8NSjY5pEoJDIIRPOM6xlg3gAO
aH+ANrIj4ffssNOBBFB8q8vw1hgr6M06ayyD6U0rtJ+NblZYwv7j7UbYcPFYKa5b
r6RxtSafvx+bFisJOeTrtRx2oGzLhUiuij0/fXxdYY0eW1pAe9q0Qfbk93flEijw
k1/oK+g7DYaKbXMphmnun+wZgXQ/0mUIG21UdBZLs1LXrc5BiNE7ISCxeBBguSyd
9PMc4gRue35rzbGaRg/WAMzZ1LnuXQLVYmO/iFWMaSCpchi6vrfl5bTyQscV0jps
qp+ztjZxD0hq+Fi9JE8tBB0RK5XxI2WgAj//cbBjaYj0qihOdA26x52PYfR3kNgm
+q9HaauYGGANRJYKO4G1bGZJY89rLEChAGap/MGo9XDEjTybmmv9YIm76VM9S/6n
DqqlrYalb0uv1p4+NTm9U53e+BeI6v9W9p7gn66mfDGQqXPGw+GYYPZV/LTkhJCg
HA1cBc3s2VRiCCDSj6T2FTlnEkruIvXkRPYSgvAxDb7f4GD+11NeaU86lOaH4LyW
t6zSRsCLqO6l2e0OXmbdm1Gu6Elnqe78sVcn5ZVObahUDDCJiZIwXIYXwpbrJgZT
1xNqMqpdOgqwaGutVFGORCkofEqbNj0uUaGjGviuh+2ca30RElkG0LV3q5k5KDkz
2X0LknqLhw==
=HhPc
-----END PGP MESSAGE-----
