SN:3K60180500001584 BD:Jul 23 2018 VC:834b9c1 MD5:48f99e4865ed8b810be1bb0eaaabf929
SysTime,                      Time,         Batt_v,      Batt_v_sd,   BATT_PERCENT,BATT_PERCENT_sd,      [CH4]_ppm,   [CH4]_ppm_sd,      [H2O]_ppm,   [H2O]_ppm_sd,      [CO2]_ppm,   [CO2]_ppm_sd,     [CH4]d_ppm,  [CH4]d_ppm_sd,     [CO2]d_ppm,  [CO2]d_ppm_sd,      GasP_torr,   GasP_torr_sd,         GasT_C,      GasT_C_sd,         AmbT_C,      AmbT_C_sd,         RD0_us,      RD0_us_sd,         RD1_us,      RD1_us_sd, Temp_Status_mA,Temp_Status_mA_sd,Analyzer_Status_mA,Analyzer_Status_mA_sd,       Fit_Flag,      MIU_VALVE,       MIU_DESC
06/29/2023 16:35:03.381, 06/29/2023 16:35:03.324, 4.15783e+0, 0.00000e+0, -2.11471e+2, 0.00000e+0, 2.34592e+0, 0.00000e+0, 1.37692e+4, 0.00000e+0, 9.47331e+2, 0.00000e+0, 1.18934e+0, 0.00000e+0, 4.80279e+2, 0.00000e+0, 4.87657e+2, 0.00000e+0, 3.46465e+1, 0.00000e+0, 3.48514e+1, 0.00000e+0, 3.78322e+0, 0.00000e+0, 3.26726e+0, 0.00000e+0, 2.00000e+1, 0.00000e+0, 2.00000e+1, 0.00000e+0, 2, 1, 
06/29/2023 16:35:04.374, 06/29/2023 16:35:04.319, 4.15792e+0, 0.00000e+0, 9.79052e+1, 0.00000e+0, 2.35739e+0, 0.00000e+0, 1.48172e+4, 0.00000e+0, 9.59904e+2, 0.00000e+0, 2.39285e+0, 0.00000e+0, 9.74341e+2, 0.00000e+0, 4.87688e+2, 0.00000e+0, 3.46415e+1, 0.00000e+0, 3.48454e+1, 0.00000e+0, 3.78230e+0, 0.00000e+0, 3.26827e+0, 0.00000e+0, 2.00000e+1, 0.00000e+0, 2.00000e+1, 0.00000e+0, 2, 1, 
06/29/2023 16:35:05.371, 06/29/2023 16:35:05.314, 4.15788e+0, 0.00000e+0, 9.78989e+1, 0.00000e+0, 2.35648e+0, 0.00000e+0, 1.46376e+4, 0.00000e+0, 9.59934e+2, 0.00000e+0, 2.39148e+0, 0.00000e+0, 9.74193e+2, 0.00000e+0, 4.87629e+2, 0.00000e+0, 3.46394e+1, 0.00000e+0, 3.48285e+1, 0.00000e+0, 3.78253e+0, 0.00000e+0, 3.26842e+0, 0.00000e+0, 2.00000e+1, 0.00000e+0, 2.00000e+1, 0.00000e+0, 2, 1, 
06/29/2023 16:35:06.363, 06/29/2023 16:35:06.308, 4.15794e+0, 0.00000e+0, 9.79078e+1, 0.00000e+0, 2.35924e+0, 0.00000e+0, 1.47914e+4, 0.00000e+0, 9.60053e+2, 0.00000e+0, 2.39466e+0, 0.00000e+0, 9.74466e+2, 0.00000e+0, 4.87746e+2, 0.00000e+0, 3.46389e+1, 0.00000e+0, 3.48230e+1, 0.00000e+0, 3.78261e+0, 0.00000e+0, 3.26743e+0, 0.00000e+0, 2.00000e+1, 0.00000e+0, 2.00000e+1, 0.00000e+0, 2, 1, 
06/29/2023 16:35:07.361, 06/29/2023 16:35:07.303, 4.15789e+0, 0.00000e+0, 9.78998e+1, 0.00000e+0, 2.35805e+0, 0.00000e+0, 1.47120e+4, 0.00000e+0, 9.61082e+2, 0.00000e+0, 2.39326e+0, 0.00000e+0, 9.75432e+2, 0.00000e+0, 4.87804e+2, 0.00000e+0, 3.46347e+1, 0.00000e+0, 3.48350e+1, 0.00000e+0, 3.78275e+0, 0.00000e+0, 3.26707e+0, 0.00000e+0, 2.00000e+1, 0.00000e+0, 2.00000e+1, 0.00000e+0, 2, 1, 
06/29/2023 16:35:08.352, 06/29/2023 16:35:08.298, 4.15805e+0, 0.00000e+0, 9.79240e+1, 0.00000e+0, 2.35663e+0, 0.00000e+0, 1.46119e+4, 0.00000e+0, 9.62001e+2, 0.00000e+0, 2.39158e+0, 0.00000e+0, 9.76266e+2, 0.00000e+0, 4.87687e+2, 0.00000e+0, 3.46317e+1, 0.00000e+0, 3.48314e+1, 0.00000e+0, 3.78183e+0, 0.00000e+0, 3.26751e+0, 0.00000e+0, 2.00000e+1, 0.00000e+0, 2.00000e+1, 0.00000e+0, 2, 1, 
06/29/2023 16:35:09.355, 06/29/2023 16:35:09.292, 4.15779e+0, 0.00000e+0, 9.78859e+1, 0.00000e+0, 2.35730e+0, 0.00000e+0, 1.47562e+4, 0.00000e+0, 9.60138e+2, 0.00000e+0, 2.39260e+0, 0.00000e+0, 9.74519e+2, 0.00000e+0, 4.87673e+2, 0.00000e+0, 3.46293e+1, 0.00000e+0, 3.48160e+1, 0.00000e+0, 3.78290e+0, 0.00000e+0, 3.26725e+0, 0.00000e+0, 2.00000e+1, 0.00000e+0, 2.00000e+1, 0.00000e+0, 2, 1, 
06/29/2023 16:35:10.339, 06/29/2023 16:35:10.287, 4.15789e+0, 0.00000e+0, 9.79009e+1, 0.00000e+0, 2.35502e+0, 0.00000e+0, 1.47581e+4, 0.00000e+0, 9.60318e+2, 0.00000e+0, 2.39029e+0, 0.00000e+0, 9.74703e+2, 0.00000e+0, 4.87755e+2, 0.00000e+0, 3.46274e+1, 0.00000e+0, 3.48101e+1, 0.00000e+0, 3.78286e+0, 0.00000e+0, 3.26788e+0, 0.00000e+0, 2.00000e+1, 0.00000e+0, 2.00000e+1, 0.00000e+0, 2, 1, 
06/29/2023 16:35:11.334, 06/29/2023 16:35:11.281, 4.15810e+0, 0.00000e+0, 9.79320e+1, 0.00000e+0, 2.35932e+0, 0.00000e+0, 1.48762e+4, 0.00000e+0, 9.58814e+2, 0.00000e+0, 2.39495e+0, 0.00000e+0, 9.73293e+2, 0.00000e+0, 4.87697e+2, 0.00000e+0, 3.46250e+1, 0.00000e+0, 3.47979e+1, 0.00000e+0, 3.78155e+0, 0.00000e+0, 3.26736e+0, 0.00000e+0, 2.00000e+1, 0.00000e+0, 2.00000e+1, 0.00000e+0, 2, 1, 
06/29/2023 16:35:12.330, 06/29/2023 16:35:12.275, 4.15788e+0, 0.00000e+0, 9.78987e+1, 0.00000e+0, 2.35836e+0, 0.00000e+0, 1.47066e+4, 0.00000e+0, 9.59972e+2, 0.00000e+0, 2.39356e+0, 0.00000e+0, 9.74301e+2, 0.00000e+0, 4.87732e+2, 0.00000e+0, 3.46289e+1, 0.00000e+0, 3.47927e+1, 0.00000e+0, 3.78098e+0, 0.00000e+0, 3.26733e+0, 0.00000e+0, 2.00000e+1, 0.00000e+0, 2.00000e+1, 0.00000e+0, 2, 1, 
06/29/2023 16:35:13.325, 06/29/2023 16:35:13.270, 4.15795e+0, 0.00000e+0, 9.79094e+1, 0.00000e+0, 2.35711e+0, 0.00000e+0, 1.48222e+4, 0.00000e+0, 9.60424e+2, 0.00000e+0, 2.39257e+0, 0.00000e+0, 9.74873e+2, 0.00000e+0, 4.87823e+2, 0.00000e+0, 3.46220e+1, 0.00000e+0, 3.47898e+1, 0.00000e+0, 3.78086e+0, 0.00000e+0, 3.26682e+0, 0.00000e+0, 2.00000e+1, 0.00000e+0, 2.00000e+1, 0.00000e+0, 2, 1, 
06/29/2023 16:35:14.357, 06/29/2023 16:35:14.265, 4.15809e+0, 0.00000e+0, 9.79299e+1, 0.00000e+0, 2.35721e+0, 0.00000e+0, 1.48477e+4, 0.00000e+0, 9.58832e+2, 0.00000e+0, 2.39274e+0, 0.00000e+0, 9.73283e+2, 0.00000e+0, 4.87850e+2, 0.00000e+0, 3.46217e+1, 0.00000e+0, 3.47883e+1, 0.00000e+0, 3.78192e+0, 0.00000e+0, 3.26751e+0, 0.00000e+0, 2.00000e+1, 0.00000e+0, 2.00000e+1, 0.00000e+0, 3, 1, 
06/29/2023 16:35:15.326, 06/29/2023 16:35:15.260, 4.15804e+0, 0.00000e+0, 9.79231e+1, 0.00000e+0, 2.35712e+0, 0.00000e+0, 1.48646e+4, 0.00000e+0, 9.58666e+2, 0.00000e+0, 2.39269e+0, 0.00000e+0, 9.73131e+2, 0.00000e+0, 4.87766e+2, 0.00000e+0, 3.46219e+1, 0.00000e+0, 3.47965e+1, 0.00000e+0, 3.78117e+0, 0.00000e+0, 3.26729e+0, 0.00000e+0, 2.00000e+1, 0.00000e+0, 2.00000e+1, 0.00000e+0, 3, 1, 
06/29/2023 16:35:16.325, 06/29/2023 16:35:16.253, 4.15810e+0, 0.00000e+0, 9.79322e+1, 0.00000e+0, 2.35787e+0, 0.00000e+0, 1.50018e+4, 0.00000e+0, 9.59022e+2, 0.00000e+0, 2.39378e+0, 0.00000e+0, 9.73628e+2, 0.00000e+0, 4.87807e+2, 0.00000e+0, 3.46193e+1, 0.00000e+0, 3.47987e+1, 0.00000e+0, 3.78141e+0, 0.00000e+0, 3.26763e+0, 0.00000e+0, 2.00000e+1, 0.00000e+0, 2.00000e+1, 0.00000e+0, 3, 1, 
06/29/2023 16:35:17.321, 06/29/2023 16:35:17.247, 4.15801e+0, 0.00000e+0, 9.79188e+1, 0.00000e+0, 2.35533e+0, 0.00000e+0, 1.49503e+4, 0.00000e+0, 9.60093e+2, 0.00000e+0, 2.39108e+0, 0.00000e+0, 9.74664e+2, 0.00000e+0, 4.87756e+2, 0.00000e+0, 3.46185e+1, 0.00000e+0, 3.47952e+1, 0.00000e+0, 3.78149e+0, 0.00000e+0, 3.26728e+0, 0.00000e+0, 2.00000e+1, 0.00000e+0, 2.00000e+1, 0.00000e+0, 3, 1, 
06/29/2023 16:35:18.302, 06/29/2023 16:35:18.243, 4.15807e+0, 0.00000e+0, 9.79264e+1, 0.00000e+0, 2.35681e+0, 0.00000e+0, 1.49316e+4, 0.00000e+0, 9.58614e+2, 0.00000e+0, 2.39253e+0, 0.00000e+0, 9.73145e+2, 0.00000e+0, 4.87725e+2, 0.00000e+0, 3.46168e+1, 0.00000e+0, 3.47936e+1, 0.00000e+0, 3.78191e+0, 0.00000e+0, 3.26778e+0, 0.00000e+0, 2.00000e+1, 0.00000e+0, 2.00000e+1, 0.00000e+0, 3, 1, 
06/29/2023 16:35:19.293, 06/29/2023 16:35:19.237, 4.15813e+0, 0.00000e+0, 9.79356e+1, 0.00000e+0, 2.35750e+0, 0.00000e+0, 1.48838e+4, 0.00000e+0, 9.59521e+2, 0.00000e+0, 2.39312e+0, 0.00000e+0, 9.74018e+2, 0.00000e+0, 4.87774e+2, 0.00000e+0, 3.46164e+1, 0.00000e+0, 3.47866e+1, 0.00000e+0, 3.78220e+0, 0.00000e+0, 3.26779e+0, 0.00000e+0, 2.00000e+1, 0.00000e+0, 2.00000e+1, 0.00000e+0, 3, 1, 
06/29/2023 16:35:20.295, 06/29/2023 16:35:20.231, 4.15806e+0, 0.00000e+0, 9.79254e+1, 0.00000e+0, 2.35931e+0, 0.00000e+0, 1.48504e+4, 0.00000e+0, 9.58681e+2, 0.00000e+0, 2.39487e+0, 0.00000e+0, 9.73132e+2, 0.00000e+0, 4.87862e+2, 0.00000e+0, 3.46123e+1, 0.00000e+0, 3.47773e+1, 0.00000e+0, 3.78230e+0, 0.00000e+0, 3.26750e+0, 0.00000e+0, 2.00000e+1, 0.00000e+0, 2.00000e+1, 0.00000e+0, 3, 1, 
06/29/2023 16:35:21.299, 06/29/2023 16:35:21.226, 4.15806e+0, 0.00000e+0, 9.79261e+1, 0.00000e+0, 2.35480e+0, 0.00000e+0, 1.51269e+4, 0.00000e+0, 9.60079e+2, 0.00000e+0, 2.39097e+0, 0.00000e+0, 9.74825e+2, 0.00000e+0, 4.87903e+2, 0.00000e+0, 3.46094e+1, 0.00000e+0, 3.47760e+1, 0.00000e+0, 3.78177e+0, 0.00000e+0, 3.26758e+0, 0.00000e+0, 2.00000e+1, 0.00000e+0, 2.00000e+1, 0.00000e+0, 3, 1, 
06/29/2023 16:35:22.276, 06/29/2023 16:35:22.221, 4.15812e+0, 0.00000e+0, 9.79343e+1, 0.00000e+0, 2.35734e+0, 0.00000e+0, 1.48783e+4, 0.00000e+0, 9.60758e+2, 0.00000e+0, 2.39294e+0, 0.00000e+0, 9.75268e+2, 0.00000e+0, 4.87892e+2, 0.00000e+0, 3.46072e+1, 0.00000e+0, 3.47701e+1, 0.00000e+0, 3.78214e+0, 0.00000e+0, 3.26642e+0, 0.00000e+0, 2.00000e+1, 0.00000e+0, 2.00000e+1, 0.00000e+0, 3, 1, 
06/29/2023 16:35:23.291, 06/29/2023 16:35:23.215, 4.15804e+0, 0.00000e+0, 9.79222e+1, 0.00000e+0, 2.35402e+0, 0.00000e+0, 1.51068e+4, 0.00000e+0, 9.59256e+2, 0.00000e+0, 2.39013e+0, 0.00000e+0, 9.73969e+2, 0.00000e+0, 4.87878e+2, 0.00000e+0, 3.46156e+1, 0.00000e+0, 3.47704e+1, 0.00000e+0, 3.78230e+0, 0.00000e+0, 3.26703e+0, 0.00000e+0, 2.00000e+1, 0.00000e+0, 2.00000e+1, 0.00000e+0, 3, 1, 
06/29/2023 16:35:24.267, 06/29/2023 16:35:24.210, 4.15809e+0, 0.00000e+0, 9.79299e+1, 0.00000e+0, 2.35653e+0, 0.00000e+0, 1.50386e+4, 0.00000e+0, 9.60543e+2, 0.00000e+0, 2.39251e+0, 0.00000e+0, 9.75209e+2, 0.00000e+0, 4.87885e+2, 0.00000e+0, 3.46012e+1, 0.00000e+0, 3.47634e+1, 0.00000e+0, 3.78162e+0, 0.00000e+0, 3.26687e+0, 0.00000e+0, 2.00000e+1, 0.00000e+0, 2.00000e+1, 0.00000e+0, 3, 1, 
06/29/2023 16:35:25.261, 06/29/2023 16:35:25.209, 4.15795e+0, 0.00000e+0, 9.79092e+1, 0.00000e+0, 2.35561e+0, 0.00000e+0, 1.50705e+4, 0.00000e+0, 9.59690e+2, 0.00000e+0, 2.39166e+0, 0.00000e+0, 9.74375e+2, 0.00000e+0, 4.87880e+2, 0.00000e+0, 3.46016e+1, 0.00000e+0, 3.47526e+1, 0.00000e+0, 3.78179e+0, 0.00000e+0, 3.26709e+0, 0.00000e+0, 2.00000e+1, 0.00000e+0, 2.00000e+1, 0.00000e+0, 3, 1, 
06/29/2023 16:35:26.255, 06/29/2023 16:35:26.199, 4.15793e+0, 0.00000e+0, 9.79057e+1, 0.00000e+0, 2.35892e+0, 0.00000e+0, 1.49482e+4, 0.00000e+0, 9.59615e+2, 0.00000e+0, 2.39471e+0, 0.00000e+0, 9.74177e+2, 0.00000e+0, 4.87930e+2, 0.00000e+0, 3.46004e+1, 0.00000e+0, 3.47458e+1, 0.00000e+0, 3.78110e+0, 0.00000e+0, 3.26682e+0, 0.00000e+0, 2.00000e+1, 0.00000e+0, 2.00000e+1, 0.00000e+0, 3, 1, 
06/29/2023 16:35:27.252, 06/29/2023 16:35:27.193, 4.15803e+0, 0.00000e+0, 9.79219e+1, 0.00000e+0, 2.35589e+0, 0.00000e+0, 1.49883e+4, 0.00000e+0, 9.58701e+2, 0.00000e+0, 2.39174e+0, 0.00000e+0, 9.73289e+2, 0.00000e+0, 4.87871e+2, 0.00000e+0, 3.45985e+1, 0.00000e+0, 3.47304e+1, 0.00000e+0, 3.78136e+0, 0.00000e+0, 3.26704e+0, 0.00000e+0, 2.00000e+1, 0.00000e+0, 2.00000e+1, 0.00000e+0, 3, 1, 
06/29/2023 16:35:28.242, 06/29/2023 16:35:28.188, 4.15811e+0, 0.00000e+0, 9.79331e+1, 0.00000e+0, 2.35747e+0, 0.00000e+0, 1.49319e+4, 0.00000e+0, 9.60553e+2, 0.00000e+0, 2.39320e+0, 0.00000e+0, 9.75114e+2, 0.00000e+0, 4.87990e+2, 0.00000e+0, 3.46016e+1, 0.00000e+0, 3.47371e+1, 0.00000e+0, 3.78197e+0, 0.00000e+0, 3.26762e+0, 0.00000e+0, 2.00000e+1, 0.00000e+0, 2.00000e+1, 0.00000e+0, 3, 1, 
06/29/2023 16:35:29.238, 06/29/2023 16:35:29.183, 4.15814e+0, 0.00000e+0, 9.79377e+1, 0.00000e+0, 2.35590e+0, 0.00000e+0, 1.50643e+4, 0.00000e+0, 9.61373e+2, 0.00000e+0, 2.39193e+0, 0.00000e+0, 9.76076e+2, 0.00000e+0, 4.87981e+2, 0.00000e+0, 3.45981e+1, 0.00000e+0, 3.47262e+1, 0.00000e+0, 3.78140e+0, 0.00000e+0, 3.26656e+0, 0.00000e+0, 2.00000e+1, 0.00000e+0, 2.00000e+1, 0.00000e+0, 3, 1, 
06/29/2023 16:35:30.236, 06/29/2023 16:35:30.178, 4.15814e+0, 0.00000e+0, 9.79372e+1, 0.00000e+0, 2.35666e+0, 0.00000e+0, 1.50291e+4, 0.00000e+0, 9.60671e+2, 0.00000e+0, 2.39262e+0, 0.00000e+0, 9.75329e+2, 0.00000e+0, 4.87967e+2, 0.00000e+0, 3.45922e+1, 0.00000e+0, 3.47116e+1, 0.00000e+0, 3.78204e+0, 0.00000e+0, 3.26713e+0, 0.00000e+0, 2.00000e+1, 0.00000e+0, 2.00000e+1, 0.00000e+0, 3, 1, 
06/29/2023 16:35:31.227, 06/29/2023 16:35:31.172, 4.15800e+0, 0.00000e+0, 9.79167e+1, 0.00000e+0, 2.35706e+0, 0.00000e+0, 1.51019e+4, 0.00000e+0, 9.60275e+2, 0.00000e+0, 2.39320e+0, 0.00000e+0, 9.74999e+2, 0.00000e+0, 4.87939e+2, 0.00000e+0, 3.45883e+1, 0.00000e+0, 3.47123e+1, 0.00000e+0, 3.78092e+0, 0.00000e+0, 3.26678e+0, 0.00000e+0, 2.00000e+1, 0.00000e+0, 2.00000e+1, 0.00000e+0, 3, 1, 
06/29/2023 16:35:32.221, 06/29/2023 16:35:32.166, 4.15794e+0, 0.00000e+0, 9.79081e+1, 0.00000e+0, 2.35889e+0, 0.00000e+0, 1.49538e+4, 0.00000e+0, 9.60156e+2, 0.00000e+0, 2.39470e+0, 0.00000e+0, 9.74732e+2, 0.00000e+0, 4.87886e+2, 0.00000e+0, 3.45847e+1, 0.00000e+0, 3.46958e+1, 0.00000e+0, 3.78124e+0, 0.00000e+0, 3.26798e+0, 0.00000e+0, 2.00000e+1, 0.00000e+0, 2.00000e+1, 0.00000e+0, 3, 1, 
06/29/2023 16:35:33.216, 06/29/2023 16:35:33.160, 4.15788e+0, 0.00000e+0, 9.78988e+1, 0.00000e+0, 2.35690e+0, 0.00000e+0, 1.52608e+4, 0.00000e+0, 9.60329e+2, 0.00000e+0, 2.39342e+0, 0.00000e+0, 9.75211e+2, 0.00000e+0, 4.87881e+2, 0.00000e+0, 3.45887e+1, 0.00000e+0, 3.46804e+1, 0.00000e+0, 3.78146e+0, 0.00000e+0, 3.26715e+0, 0.00000e+0, 2.00000e+1, 0.00000e+0, 2.00000e+1, 0.00000e+0, 3, 1, 
06/29/2023 16:35:34.218, 06/29/2023 16:35:34.155, 4.15800e+0, 0.00000e+0, 9.79171e+1, 0.00000e+0, 2.35558e+0, 0.00000e+0, 1.50721e+4, 0.00000e+0, 9.59568e+2, 0.00000e+0, 2.39162e+0, 0.00000e+0, 9.74252e+2, 0.00000e+0, 4.87897e+2, 0.00000e+0, 3.45889e+1, 0.00000e+0, 3.46748e+1, 0.00000e+0, 3.78125e+0, 0.00000e+0, 3.26709e+0, 0.00000e+0, 2.00000e+1, 0.00000e+0, 2.00000e+1, 0.00000e+0, 3, 1, 
06/29/2023 16:35:35.206, 06/29/2023 16:35:35.150, 4.15803e+0, 0.00000e+0, 9.79204e+1, 0.00000e+0, 2.35750e+0, 0.00000e+0, 1.50267e+4, 0.00000e+0, 9.60076e+2, 0.00000e+0, 2.39346e+0, 0.00000e+0, 9.74723e+2, 0.00000e+0, 4.87903e+2, 0.00000e+0, 3.45867e+1, 0.00000e+0, 3.46567e+1, 0.00000e+0, 3.78082e+0, 0.00000e+0, 3.26657e+0, 0.00000e+0, 2.00000e+1, 0.00000e+0, 2.00000e+1, 0.00000e+0, 3, 1, 
06/29/2023 16:35:36.200, 06/29/2023 16:35:36.143, 4.15810e+0, 0.00000e+0, 9.79315e+1, 0.00000e+0, 2.35664e+0, 0.00000e+0, 1.50888e+4, 0.00000e+0, 9.60083e+2, 0.00000e+0, 2.39274e+0, 0.00000e+0, 9.74791e+2, 0.00000e+0, 4.87954e+2, 0.00000e+0, 3.45840e+1, 0.00000e+0, 3.46320e+1, 0.00000e+0, 3.78124e+0, 0.00000e+0, 3.26686e+0, 0.00000e+0, 2.00000e+1, 0.00000e+0, 2.00000e+1, 0.00000e+0, 3, 1, 
06/29/2023 16:35:37.196, 06/29/2023 16:35:37.139, 4.15814e+0, 0.00000e+0, 9.79378e+1, 0.00000e+0, 2.35480e+0, 0.00000e+0, 1.50730e+4, 0.00000e+0, 9.60024e+2, 0.00000e+0, 2.39083e+0, 0.00000e+0, 9.74716e+2, 0.00000e+0, 4.88070e+2, 0.00000e+0, 3.45816e+1, 0.00000e+0, 3.46336e+1, 0.00000e+0, 3.78137e+0, 0.00000e+0, 3.26699e+0, 0.00000e+0, 2.00000e+1, 0.00000e+0, 2.00000e+1, 0.00000e+0, 3, 1, 
06/29/2023 16:35:38.224, 06/29/2023 16:35:38.134, 4.15810e+0, 0.00000e+0, 9.79313e+1, 0.00000e+0, 2.35234e+0, 0.00000e+0, 1.50280e+4, 0.00000e+0, 9.60708e+2, 0.00000e+0, 2.38823e+0, 0.00000e+0, 9.75366e+2, 0.00000e+0, 4.88021e+2, 0.00000e+0, 3.45799e+1, 0.00000e+0, 3.46281e+1, 0.00000e+0, 3.78148e+0, 0.00000e+0, 3.26656e+0, 0.00000e+0, 2.00000e+1, 0.00000e+0, 2.00000e+1, 0.00000e+0, 3, 1, 
06/29/2023 16:35:39.185, 06/29/2023 16:35:39.128, 4.15816e+0, 0.00000e+0, 9.79407e+1, 0.00000e+0, 2.35743e+0, 0.00000e+0, 1.50076e+4, 0.00000e+0, 9.60818e+2, 0.00000e+0, 2.39335e+0, 0.00000e+0, 9.75457e+2, 0.00000e+0, 4.87984e+2, 0.00000e+0, 3.45771e+1, 0.00000e+0, 3.46390e+1, 0.00000e+0, 3.78095e+0, 0.00000e+0, 3.26703e+0, 0.00000e+0, 2.00000e+1, 0.00000e+0, 2.00000e+1, 0.00000e+0, 3, 1, 
06/29/2023 16:35:40.183, 06/29/2023 16:35:40.123, 4.15817e+0, 0.00000e+0, 9.79419e+1, 0.00000e+0, 2.35603e+0, 0.00000e+0, 1.50541e+4, 0.00000e+0, 9.59545e+2, 0.00000e+0, 2.39204e+0, 0.00000e+0, 9.74211e+2, 0.00000e+0, 4.87966e+2, 0.00000e+0, 3.45727e+1, 0.00000e+0, 3.46395e+1, 0.00000e+0, 3.78249e+0, 0.00000e+0, 3.26704e+0, 0.00000e+0, 2.00000e+1, 0.00000e+0, 2.00000e+1, 0.00000e+0, 3, 1, 
06/29/2023 16:35:41.179, 06/29/2023 16:35:41.117, 4.15804e+0, 0.00000e+0, 9.79226e+1, 0.00000e+0, 2.35596e+0, 0.00000e+0, 1.51503e+4, 0.00000e+0, 9.60993e+2, 0.00000e+0, 2.39220e+0, 0.00000e+0, 9.75776e+2, 0.00000e+0, 4.87938e+2, 0.00000e+0, 3.45688e+1, 0.00000e+0, 3.46341e+1, 0.00000e+0, 3.78112e+0, 0.00000e+0, 3.26693e+0, 0.00000e+0, 2.00000e+1, 0.00000e+0, 2.00000e+1, 0.00000e+0, 3, 1, 
06/29/2023 16:35:42.170, 06/29/2023 16:35:42.111, 4.15808e+0, 0.00000e+0, 9.79290e+1, 0.00000e+0, 2.35343e+0, 0.00000e+0, 1.51000e+4, 0.00000e+0, 9.60067e+2, 0.00000e+0, 2.38951e+0, 0.00000e+0, 9.74787e+2, 0.00000e+0, 4.87919e+2, 0.00000e+0, 3.45664e+1, 0.00000e+0, 3.46327e+1, 0.00000e+0, 3.78146e+0, 0.00000e+0, 3.26686e+0, 0.00000e+0, 2.00000e+1, 0.00000e+0, 2.00000e+1, 0.00000e+0, 3, 1, 
06/29/2023 16:35:43.160, 06/29/2023 16:35:43.106, 4.15799e+0, 0.00000e+0, 9.79157e+1, 0.00000e+0, 2.35575e+0, 0.00000e+0, 1.50454e+4, 0.00000e+0, 9.59171e+2, 0.00000e+0, 2.39174e+0, 0.00000e+0, 9.73822e+2, 0.00000e+0, 4.88006e+2, 0.00000e+0, 3.45633e+1, 0.00000e+0, 3.46312e+1, 0.00000e+0, 3.78114e+0, 0.00000e+0, 3.26636e+0, 0.00000e+0, 2.00000e+1, 0.00000e+0, 2.00000e+1, 0.00000e+0, 3, 1, 
06/29/2023 16:35:44.160, 06/29/2023 16:35:44.101, 4.15800e+0, 0.00000e+0, 9.79164e+1, 0.00000e+0, 2.35466e+0, 0.00000e+0, 1.50184e+4, 0.00000e+0, 9.59037e+2, 0.00000e+0, 2.39057e+0, 0.00000e+0, 9.73660e+2, 0.00000e+0, 4.88024e+2, 0.00000e+0, 3.45646e+1, 0.00000e+0, 3.46164e+1, 0.00000e+0, 3.78058e+0, 0.00000e+0, 3.26720e+0, 0.00000e+0, 2.00000e+1, 0.00000e+0, 2.00000e+1, 0.00000e+0, 3, 1, 
06/29/2023 16:35:45.150, 06/29/2023 16:35:45.094, 4.15813e+0, 0.00000e+0, 9.79353e+1, 0.00000e+0, 2.35517e+0, 0.00000e+0, 1.50787e+4, 0.00000e+0, 9.59648e+2, 0.00000e+0, 2.39123e+0, 0.00000e+0, 9.74340e+2, 0.00000e+0, 4.88068e+2, 0.00000e+0, 3.45633e+1, 0.00000e+0, 3.46226e+1, 0.00000e+0, 3.78154e+0, 0.00000e+0, 3.26686e+0, 0.00000e+0, 2.00000e+1, 0.00000e+0, 2.00000e+1, 0.00000e+0, 3, 1, 
06/29/2023 16:35:46.147, 06/29/2023 16:35:46.090, 4.15816e+0, 0.00000e+0, 9.79412e+1, 0.00000e+0, 2.35677e+0, 0.00000e+0, 1.50865e+4, 0.00000e+0, 9.59442e+2, 0.00000e+0, 2.39287e+0, 0.00000e+0, 9.74138e+2, 0.00000e+0, 4.88093e+2, 0.00000e+0, 3.45618e+1, 0.00000e+0, 3.46160e+1, 0.00000e+0, 3.78089e+0, 0.00000e+0, 3.26613e+0, 0.00000e+0, 2.00000e+1, 0.00000e+0, 2.00000e+1, 0.00000e+0, 3, 1, 
06/29/2023 16:35:47.137, 06/29/2023 16:35:47.085, 4.15832e+0, 0.00000e+0, 9.79648e+1, 0.00000e+0, 2.35521e+0, 0.00000e+0, 1.50865e+4, 0.00000e+0, 9.57785e+2, 0.00000e+0, 2.39129e+0, 0.00000e+0, 9.72456e+2, 0.00000e+0, 4.88008e+2, 0.00000e+0, 3.45579e+1, 0.00000e+0, 3.46113e+1, 0.00000e+0, 3.78079e+0, 0.00000e+0, 3.26638e+0, 0.00000e+0, 2.00000e+1, 0.00000e+0, 2.00000e+1, 0.00000e+0, 3, 1, 
06/29/2023 16:35:48.140, 06/29/2023 16:35:48.079, 4.15811e+0, 0.00000e+0, 9.79328e+1, 0.00000e+0, 2.35646e+0, 0.00000e+0, 1.51484e+4, 0.00000e+0, 9.59307e+2, 0.00000e+0, 2.39271e+0, 0.00000e+0, 9.74062e+2, 0.00000e+0, 4.88027e+2, 0.00000e+0, 3.45494e+1, 0.00000e+0, 3.46090e+1, 0.00000e+0, 3.77973e+0, 0.00000e+0, 3.26697e+0, 0.00000e+0, 2.00000e+1, 0.00000e+0, 2.00000e+1, 0.00000e+0, 3, 1, 
06/29/2023 16:35:49.131, 06/29/2023 16:35:49.073, 4.15801e+0, 0.00000e+0, 9.79180e+1, 0.00000e+0, 2.35688e+0, 0.00000e+0, 1.50781e+4, 0.00000e+0, 9.60418e+2, 0.00000e+0, 2.39296e+0, 0.00000e+0, 9.75120e+2, 0.00000e+0, 4.88010e+2, 0.00000e+0, 3.45511e+1, 0.00000e+0, 3.46176e+1, 0.00000e+0, 3.78065e+0, 0.00000e+0, 3.26564e+0, 0.00000e+0, 2.00000e+1, 0.00000e+0, 2.00000e+1, 0.00000e+0, 3, 1, 
06/29/2023 16:35:50.126, 06/29/2023 16:35:50.068, 4.15812e+0, 0.00000e+0, 9.79349e+1, 0.00000e+0, 2.35661e+0, 0.00000e+0, 1.50782e+4, 0.00000e+0, 9.59942e+2, 0.00000e+0, 2.39269e+0, 0.00000e+0, 9.74637e+2, 0.00000e+0, 4.88013e+2, 0.00000e+0, 3.45577e+1, 0.00000e+0, 3.46152e+1, 0.00000e+0, 3.78013e+0, 0.00000e+0, 3.26672e+0, 0.00000e+0, 2.00000e+1, 0.00000e+0, 2.00000e+1, 0.00000e+0, 3, 1, 
06/29/2023 16:35:51.121, 06/29/2023 16:35:51.063, 4.15813e+0, 0.00000e+0, 9.79357e+1, 0.00000e+0, 2.35323e+0, 0.00000e+0, 1.51201e+4, 0.00000e+0, 9.60033e+2, 0.00000e+0, 2.38935e+0, 0.00000e+0, 9.74771e+2, 0.00000e+0, 4.88118e+2, 0.00000e+0, 3.45608e+1, 0.00000e+0, 3.46059e+1, 0.00000e+0, 3.78138e+0, 0.00000e+0, 3.26623e+0, 0.00000e+0, 2.00000e+1, 0.00000e+0, 2.00000e+1, 0.00000e+0, 3, 1, 
06/29/2023 16:35:52.111, 06/29/2023 16:35:52.056, 4.15807e+0, 0.00000e+0, 9.79278e+1, 0.00000e+0, 2.35819e+0, 0.00000e+0, 1.52468e+4, 0.00000e+0, 9.61350e+2, 0.00000e+0, 2.39470e+0, 0.00000e+0, 9.76234e+2, 0.00000e+0, 4.88101e+2, 0.00000e+0, 3.45572e+1, 0.00000e+0, 3.46040e+1, 0.00000e+0, 3.78034e+0, 0.00000e+0, 3.26544e+0, 0.00000e+0, 2.00000e+1, 0.00000e+0, 2.00000e+1, 0.00000e+0, 3, 1, 
06/29/2023 16:35:53.107, 06/29/2023 16:35:53.052, 4.15815e+0, 0.00000e+0, 9.79383e+1, 0.00000e+0, 2.35696e+0, 0.00000e+0, 1.50588e+4, 0.00000e+0, 9.60382e+2, 0.00000e+0, 2.39300e+0, 0.00000e+0, 9.75065e+2, 0.00000e+0, 4.88065e+2, 0.00000e+0, 3.45528e+1, 0.00000e+0, 3.45899e+1, 0.00000e+0, 3.78098e+0, 0.00000e+0, 3.26669e+0, 0.00000e+0, 2.00000e+1, 0.00000e+0, 2.00000e+1, 0.00000e+0, 3, 2, 
06/29/2023 16:35:54.100, 06/29/2023 16:35:54.046, 4.15820e+0, 0.00000e+0, 9.79465e+1, 0.00000e+0, 2.35300e+0, 0.00000e+0, 1.51386e+4, 0.00000e+0, 9.59366e+2, 0.00000e+0, 2.38917e+0, 0.00000e+0, 9.74113e+2, 0.00000e+0, 4.88079e+2, 0.00000e+0, 3.45478e+1, 0.00000e+0, 3.45786e+1, 0.00000e+0, 3.78050e+0, 0.00000e+0, 3.26587e+0, 0.00000e+0, 2.00000e+1, 0.00000e+0, 2.00000e+1, 0.00000e+0, 3, 2, 
06/29/2023 16:35:55.099, 06/29/2023 16:35:55.040, 4.15818e+0, 0.00000e+0, 9.79437e+1, 0.00000e+0, 2.35544e+0, 0.00000e+0, 1.50168e+4, 0.00000e+0, 9.58838e+2, 0.00000e+0, 2.39135e+0, 0.00000e+0, 9.73456e+2, 0.00000e+0, 4.87905e+2, 0.00000e+0, 3.45458e+1, 0.00000e+0, 3.45753e+1, 0.00000e+0, 3.78029e+0, 0.00000e+0, 3.26630e+0, 0.00000e+0, 2.00000e+1, 0.00000e+0, 5.00000e+0, 0.00000e+0, 3, 2, 
06/29/2023 16:35:56.095, 06/29/2023 16:35:56.034, 4.15806e+0, 0.00000e+0, 9.79253e+1, 0.00000e+0, 2.35834e+0, 0.00000e+0, 1.50302e+4, 0.00000e+0, 9.59325e+2, 0.00000e+0, 2.39433e+0, 0.00000e+0, 9.73963e+2, 0.00000e+0, 4.88001e+2, 0.00000e+0, 3.45412e+1, 0.00000e+0, 3.45657e+1, 0.00000e+0, 3.77988e+0, 0.00000e+0, 3.26641e+0, 0.00000e+0, 2.00000e+1, 0.00000e+0, 5.00000e+0, 0.00000e+0, 3, 2, 
06/29/2023 16:35:57.084, 06/29/2023 16:35:57.030, 4.15813e+0, 0.00000e+0, 9.79363e+1, 0.00000e+0, 2.35646e+0, 0.00000e+0, 1.51927e+4, 0.00000e+0, 9.59826e+2, 0.00000e+0, 2.39281e+0, 0.00000e+0, 9.74633e+2, 0.00000e+0, 4.88027e+2, 0.00000e+0, 3.45361e+1, 0.00000e+0, 3.45693e+1, 0.00000e+0, 3.77981e+0, 0.00000e+0, 3.26616e+0, 0.00000e+0, 2.00000e+1, 0.00000e+0, 5.00000e+0, 0.00000e+0, 3, 2, 
06/29/2023 16:35:58.085, 06/29/2023 16:35:58.025, 4.15805e+0, 0.00000e+0, 9.79242e+1, 0.00000e+0, 2.35511e+0, 0.00000e+0, 1.51990e+4, 0.00000e+0, 9.61160e+2, 0.00000e+0, 2.39146e+0, 0.00000e+0, 9.75994e+2, 0.00000e+0, 4.88026e+2, 0.00000e+0, 3.45336e+1, 0.00000e+0, 3.45652e+1, 0.00000e+0, 3.77987e+0, 0.00000e+0, 3.26607e+0, 0.00000e+0, 2.00000e+1, 0.00000e+0, 5.00000e+0, 0.00000e+0, 3, 2, 
06/29/2023 16:35:59.081, 06/29/2023 16:35:59.018, 4.15822e+0, 0.00000e+0, 9.79497e+1, 0.00000e+0, 2.35868e+0, 0.00000e+0, 1.50733e+4, 0.00000e+0, 9.59603e+2, 0.00000e+0, 2.39478e+0, 0.00000e+0, 9.74289e+2, 0.00000e+0, 4.88146e+2, 0.00000e+0, 3.45324e+1, 0.00000e+0, 3.45657e+1, 0.00000e+0, 3.77974e+0, 0.00000e+0, 3.26582e+0, 0.00000e+0, 2.00000e+1, 0.00000e+0, 5.00000e+0, 0.00000e+0, 3, 2, 
06/29/2023 16:36:00.070, 06/29/2023 16:36:00.013, 4.15821e+0, 0.00000e+0, 9.79473e+1, 0.00000e+0, 2.35550e+0, 0.00000e+0, 1.51013e+4, 0.00000e+0, 9.60398e+2, 0.00000e+0, 2.39162e+0, 0.00000e+0, 9.75124e+2, 0.00000e+0, 4.88083e+2, 0.00000e+0, 3.45342e+1, 0.00000e+0, 3.45616e+1, 0.00000e+0, 3.77880e+0, 0.00000e+0, 3.26591e+0, 0.00000e+0, 2.00000e+1, 0.00000e+0, 5.00000e+0, 0.00000e+0, 3, 2, 
06/29/2023 16:36:01.061, 06/29/2023 16:36:01.008, 4.15818e+0, 0.00000e+0, 9.79433e+1, 0.00000e+0, 2.35323e+0, 0.00000e+0, 1.50364e+4, 0.00000e+0, 9.59748e+2, 0.00000e+0, 2.38915e+0, 0.00000e+0, 9.74400e+2, 0.00000e+0, 4.88099e+2, 0.00000e+0, 3.45335e+1, 0.00000e+0, 3.45574e+1, 0.00000e+0, 3.78003e+0, 0.00000e+0, 3.26553e+0, 0.00000e+0, 2.00000e+1, 0.00000e+0, 5.00000e+0, 0.00000e+0, 3, 2, 
06/29/2023 16:36:02.060, 06/29/2023 16:36:02.003, 4.15827e+0, 0.00000e+0, 9.79568e+1, 0.00000e+0, 2.35299e+0, 0.00000e+0, 1.51149e+4, 0.00000e+0, 9.60017e+2, 0.00000e+0, 2.38910e+0, 0.00000e+0, 9.74750e+2, 0.00000e+0, 4.88020e+2, 0.00000e+0, 3.45304e+1, 0.00000e+0, 3.45530e+1, 0.00000e+0, 3.77909e+0, 0.00000e+0, 3.26569e+0, 0.00000e+0, 2.00000e+1, 0.00000e+0, 5.00000e+0, 0.00000e+0, 3, 2, 
06/29/2023 16:36:03.055, 06/29/2023 16:36:02.996, 4.15819e+0, 0.00000e+0, 9.79451e+1, 0.00000e+0, 2.35712e+0, 0.00000e+0, 1.49451e+4, 0.00000e+0, 9.60384e+2, 0.00000e+0, 2.39288e+0, 0.00000e+0, 9.74955e+2, 0.00000e+0, 4.88028e+2, 0.00000e+0, 3.45286e+1, 0.00000e+0, 3.45332e+1, 0.00000e+0, 3.77990e+0, 0.00000e+0, 3.26595e+0, 0.00000e+0, 2.00000e+1, 0.00000e+0, 5.00000e+0, 0.00000e+0, 3, 2, 
06/29/2023 16:36:04.074, 06/29/2023 16:36:03.992, 4.15825e+0, 0.00000e+0, 9.79537e+1, 0.00000e+0, 2.35397e+0, 0.00000e+0, 1.50036e+4, 0.00000e+0, 9.58652e+2, 0.00000e+0, 2.38983e+0, 0.00000e+0, 9.73254e+2, 0.00000e+0, 4.88113e+2, 0.00000e+0, 3.45265e+1, 0.00000e+0, 3.45394e+1, 0.00000e+0, 3.77909e+0, 0.00000e+0, 3.26523e+0, 0.00000e+0, 2.00000e+1, 0.00000e+0, 5.00000e+0, 0.00000e+0, 3, 2, 
06/29/2023 16:36:05.063, 06/29/2023 16:36:04.987, 4.15826e+0, 0.00000e+0, 9.79558e+1, 0.00000e+0, 2.35607e+0, 0.00000e+0, 1.50638e+4, 0.00000e+0, 9.59668e+2, 0.00000e+0, 2.39210e+0, 0.00000e+0, 9.74345e+2, 0.00000e+0, 4.88084e+2, 0.00000e+0, 3.45267e+1, 0.00000e+0, 3.45383e+1, 0.00000e+0, 3.77963e+0, 0.00000e+0, 3.26550e+0, 0.00000e+0, 2.00000e+1, 0.00000e+0, 5.00000e+0, 0.00000e+0, 3, 2, 
06/29/2023 16:36:06.041, 06/29/2023 16:36:05.981, 4.15823e+0, 0.00000e+0, 9.79503e+1, 0.00000e+0, 2.35313e+0, 0.00000e+0, 1.49879e+4, 0.00000e+0, 9.60036e+2, 0.00000e+0, 2.38893e+0, 0.00000e+0, 9.74643e+2, 0.00000e+0, 4.88157e+2, 0.00000e+0, 3.45200e+1, 0.00000e+0, 3.45295e+1, 0.00000e+0, 3.77919e+0, 0.00000e+0, 3.26511e+0, 0.00000e+0, 2.00000e+1, 0.00000e+0, 5.00000e+0, 0.00000e+0, 3, 2, 
06/29/2023 16:36:07.028, 06/29/2023 16:36:06.975, 4.15820e+0, 0.00000e+0, 9.79470e+1, 0.00000e+0, 2.35422e+0, 0.00000e+0, 1.50465e+4, 0.00000e+0, 9.59596e+2, 0.00000e+0, 2.39018e+0, 0.00000e+0, 9.74255e+2, 0.00000e+0, 4.88199e+2, 0.00000e+0, 3.45244e+1, 0.00000e+0, 3.45254e+1, 0.00000e+0, 3.78014e+0, 0.00000e+0, 3.26444e+0, 0.00000e+0, 2.00000e+1, 0.00000e+0, 5.00000e+0, 0.00000e+0, 3, 2, 
06/29/2023 16:36:08.023, 06/29/2023 16:36:07.970, 4.15814e+0, 0.00000e+0, 9.79381e+1, 0.00000e+0, 2.35834e+0, 0.00000e+0, 1.50359e+4, 0.00000e+0, 9.60109e+2, 0.00000e+0, 2.39434e+0, 0.00000e+0, 9.74765e+2, 0.00000e+0, 4.88235e+2, 0.00000e+0, 3.45197e+1, 0.00000e+0, 3.45180e+1, 0.00000e+0, 3.77935e+0, 0.00000e+0, 3.26438e+0, 0.00000e+0, 2.00000e+1, 0.00000e+0, 5.00000e+0, 0.00000e+0, 3, 2, 
06/29/2023 16:36:09.022, 06/29/2023 16:36:08.965, 4.15824e+0, 0.00000e+0, 9.79520e+1, 0.00000e+0, 2.35721e+0, 0.00000e+0, 1.48633e+4, 0.00000e+0, 9.59625e+2, 0.00000e+0, 2.39277e+0, 0.00000e+0, 9.74103e+2, 0.00000e+0, 4.88138e+2, 0.00000e+0, 3.45172e+1, 0.00000e+0, 3.45086e+1, 0.00000e+0, 3.77932e+0, 0.00000e+0, 3.26522e+0, 0.00000e+0, 2.00000e+1, 0.00000e+0, 5.00000e+0, 0.00000e+0, 3, 2, 
06/29/2023 16:36:10.024, 06/29/2023 16:36:09.958, 4.15822e+0, 0.00000e+0, 9.79498e+1, 0.00000e+0, 2.35548e+0, 0.00000e+0, 1.50850e+4, 0.00000e+0, 9.61145e+2, 0.00000e+0, 2.39156e+0, 0.00000e+0, 9.75866e+2, 0.00000e+0, 4.88111e+2, 0.00000e+0, 3.45147e+1, 0.00000e+0, 3.45118e+1, 0.00000e+0, 3.78040e+0, 0.00000e+0, 3.26436e+0, 0.00000e+0, 2.00000e+1, 0.00000e+0, 5.00000e+0, 0.00000e+0, 3, 2, 
06/29/2023 16:36:11.011, 06/29/2023 16:36:10.953, 4.15822e+0, 0.00000e+0, 9.79496e+1, 0.00000e+0, 2.35312e+0, 0.00000e+0, 1.49664e+4, 0.00000e+0, 9.58817e+2, 0.00000e+0, 2.38888e+0, 0.00000e+0, 9.73385e+2, 0.00000e+0, 4.88145e+2, 0.00000e+0, 3.45167e+1, 0.00000e+0, 3.45118e+1, 0.00000e+0, 3.77957e+0, 0.00000e+0, 3.26507e+0, 0.00000e+0, 2.00000e+1, 0.00000e+0, 5.00000e+0, 0.00000e+0, 3, 2, 
06/29/2023 16:36:12.005, 06/29/2023 16:36:11.948, 4.15831e+0, 0.00000e+0, 9.79623e+1, 0.00000e+0, 2.35617e+0, 0.00000e+0, 1.49452e+4, 0.00000e+0, 9.59357e+2, 0.00000e+0, 2.39192e+0, 0.00000e+0, 9.73913e+2, 0.00000e+0, 4.88253e+2, 0.00000e+0, 3.45163e+1, 0.00000e+0, 3.45059e+1, 0.00000e+0, 3.77927e+0, 0.00000e+0, 3.26536e+0, 0.00000e+0, 2.00000e+1, 0.00000e+0, 5.00000e+0, 0.00000e+0, 3, 2, 
06/29/2023 16:36:12.997, 06/29/2023 16:36:12.942, 4.15821e+0, 0.00000e+0, 9.79478e+1, 0.00000e+0, 2.35657e+0, 0.00000e+0, 1.49738e+4, 0.00000e+0, 9.60198e+2, 0.00000e+0, 2.39240e+0, 0.00000e+0, 9.74795e+2, 0.00000e+0, 4.88188e+2, 0.00000e+0, 3.45129e+1, 0.00000e+0, 3.44938e+1, 0.00000e+0, 3.77922e+0, 0.00000e+0, 3.26463e+0, 0.00000e+0, 2.00000e+1, 0.00000e+0, 5.00000e+0, 0.00000e+0, 3, 2, 
06/29/2023 16:36:13.989, 06/29/2023 16:36:13.937, 4.15822e+0, 0.00000e+0, 9.79494e+1, 0.00000e+0, 2.35391e+0, 0.00000e+0, 1.47945e+4, 0.00000e+0, 9.59675e+2, 0.00000e+0, 2.38926e+0, 0.00000e+0, 9.74086e+2, 0.00000e+0, 4.88209e+2, 0.00000e+0, 3.45065e+1, 0.00000e+0, 3.44951e+1, 0.00000e+0, 3.77937e+0, 0.00000e+0, 3.26481e+0, 0.00000e+0, 2.00000e+1, 0.00000e+0, 5.00000e+0, 0.00000e+0, 3, 2, 
06/29/2023 16:36:14.988, 06/29/2023 16:36:14.932, 4.15832e+0, 0.00000e+0, 9.79645e+1, 0.00000e+0, 2.35702e+0, 0.00000e+0, 1.49130e+4, 0.00000e+0, 9.60305e+2, 0.00000e+0, 2.39270e+0, 0.00000e+0, 9.74843e+2, 0.00000e+0, 4.88303e+2, 0.00000e+0, 3.45009e+1, 0.00000e+0, 3.44969e+1, 0.00000e+0, 3.77970e+0, 0.00000e+0, 3.26455e+0, 0.00000e+0, 2.00000e+1, 0.00000e+0, 5.00000e+0, 0.00000e+0, 3, 2, 
06/29/2023 16:36:15.984, 06/29/2023 16:36:15.926, 4.15837e+0, 0.00000e+0, 9.79717e+1, 0.00000e+0, 2.35505e+0, 0.00000e+0, 1.49924e+4, 0.00000e+0, 9.58634e+2, 0.00000e+0, 2.39090e+0, 0.00000e+0, 9.73225e+2, 0.00000e+0, 4.88094e+2, 0.00000e+0, 3.45031e+1, 0.00000e+0, 3.44942e+1, 0.00000e+0, 3.77937e+0, 0.00000e+0, 3.26445e+0, 0.00000e+0, 2.00000e+1, 0.00000e+0, 5.00000e+0, 0.00000e+0, 3, 2, 
06/29/2023 16:36:16.979, 06/29/2023 16:36:16.920, 4.15837e+0, 0.00000e+0, 9.79721e+1, 0.00000e+0, 2.35572e+0, 0.00000e+0, 1.49642e+4, 0.00000e+0, 9.61143e+2, 0.00000e+0, 2.39150e+0, 0.00000e+0, 9.75745e+2, 0.00000e+0, 4.88104e+2, 0.00000e+0, 3.44988e+1, 0.00000e+0, 3.45040e+1, 0.00000e+0, 3.77972e+0, 0.00000e+0, 3.26478e+0, 0.00000e+0, 2.00000e+1, 0.00000e+0, 5.00000e+0, 0.00000e+0, 3, 2, 
06/29/2023 16:36:17.971, 06/29/2023 16:36:17.916, 4.15827e+0, 0.00000e+0, 9.79573e+1, 0.00000e+0, 2.35297e+0, 0.00000e+0, 1.48283e+4, 0.00000e+0, 9.60247e+2, 0.00000e+0, 2.38839e+0, 0.00000e+0, 9.74700e+2, 0.00000e+0, 4.88198e+2, 0.00000e+0, 3.44963e+1, 0.00000e+0, 3.44942e+1, 0.00000e+0, 3.77834e+0, 0.00000e+0, 3.26470e+0, 0.00000e+0, 2.00000e+1, 0.00000e+0, 5.00000e+0, 0.00000e+0, 3, 2, 
06/29/2023 16:36:18.963, 06/29/2023 16:36:18.909, 4.15824e+0, 0.00000e+0, 9.79525e+1, 0.00000e+0, 2.35360e+0, 0.00000e+0, 1.50249e+4, 0.00000e+0, 9.61090e+2, 0.00000e+0, 2.38950e+0, 0.00000e+0, 9.75751e+2, 0.00000e+0, 4.88128e+2, 0.00000e+0, 3.44947e+1, 0.00000e+0, 3.44934e+1, 0.00000e+0, 3.77983e+0, 0.00000e+0, 3.26385e+0, 0.00000e+0, 2.00000e+1, 0.00000e+0, 5.00000e+0, 0.00000e+0, 3, 2, 
06/29/2023 16:36:19.964, 06/29/2023 16:36:19.904, 4.15834e+0, 0.00000e+0, 9.79674e+1, 0.00000e+0, 2.35488e+0, 0.00000e+0, 1.49411e+4, 0.00000e+0, 9.60536e+2, 0.00000e+0, 2.39060e+0, 0.00000e+0, 9.75105e+2, 0.00000e+0, 4.88258e+2, 0.00000e+0, 3.44890e+1, 0.00000e+0, 3.44902e+1, 0.00000e+0, 3.77838e+0, 0.00000e+0, 3.26479e+0, 0.00000e+0, 2.00000e+1, 0.00000e+0, 5.00000e+0, 0.00000e+0, 3, 2, 
06/29/2023 16:36:20.951, 06/29/2023 16:36:20.899, 4.15832e+0, 0.00000e+0, 9.79640e+1, 0.00000e+0, 2.35548e+0, 0.00000e+0, 1.49348e+4, 0.00000e+0, 9.60516e+2, 0.00000e+0, 2.39120e+0, 0.00000e+0, 9.75078e+2, 0.00000e+0, 4.88183e+2, 0.00000e+0, 3.44906e+1, 0.00000e+0, 3.44857e+1, 0.00000e+0, 3.77932e+0, 0.00000e+0, 3.26456e+0, 0.00000e+0, 2.00000e+1, 0.00000e+0, 5.00000e+0, 0.00000e+0, 3, 2, 
06/29/2023 16:36:21.949, 06/29/2023 16:36:21.893, 4.15838e+0, 0.00000e+0, 9.79729e+1, 0.00000e+0, 2.35567e+0, 0.00000e+0, 1.50239e+4, 0.00000e+0, 9.60118e+2, 0.00000e+0, 2.39160e+0, 0.00000e+0, 9.74763e+2, 0.00000e+0, 4.88291e+2, 0.00000e+0, 3.44874e+1, 0.00000e+0, 3.44843e+1, 0.00000e+0, 3.77795e+0, 0.00000e+0, 3.26480e+0, 0.00000e+0, 2.00000e+1, 0.00000e+0, 5.00000e+0, 0.00000e+0, 3, 2, 
06/29/2023 16:36:22.949, 06/29/2023 16:36:22.887, 4.15820e+0, 0.00000e+0, 9.79458e+1, 0.00000e+0, 2.35607e+0, 0.00000e+0, 1.50512e+4, 0.00000e+0, 9.61962e+2, 0.00000e+0, 2.39208e+0, 0.00000e+0, 9.76662e+2, 0.00000e+0, 4.88262e+2, 0.00000e+0, 3.44795e+1, 0.00000e+0, 3.44806e+1, 0.00000e+0, 3.77888e+0, 0.00000e+0, 3.26404e+0, 0.00000e+0, 2.00000e+1, 0.00000e+0, 5.00000e+0, 0.00000e+0, 3, 2, 
06/29/2023 16:36:23.947, 06/29/2023 16:36:23.882, 4.15834e+0, 0.00000e+0, 9.79676e+1, 0.00000e+0, 2.35146e+0, 0.00000e+0, 1.51921e+4, 0.00000e+0, 9.62123e+2, 0.00000e+0, 2.38773e+0, 0.00000e+0, 9.76965e+2, 0.00000e+0, 4.88222e+2, 0.00000e+0, 3.44833e+1, 0.00000e+0, 3.44679e+1, 0.00000e+0, 3.77929e+0, 0.00000e+0, 3.26442e+0, 0.00000e+0, 2.00000e+1, 0.00000e+0, 5.00000e+0, 0.00000e+0, 3, 2, 
06/29/2023 16:36:24.934, 06/29/2023 16:36:24.877, 4.15831e+0, 0.00000e+0, 9.79635e+1, 0.00000e+0, 2.35451e+0, 0.00000e+0, 1.50282e+4, 0.00000e+0, 9.61580e+2, 0.00000e+0, 2.39044e+0, 0.00000e+0, 9.76252e+2, 0.00000e+0, 4.88175e+2, 0.00000e+0, 3.44863e+1, 0.00000e+0, 3.44625e+1, 0.00000e+0, 3.77912e+0, 0.00000e+0, 3.26464e+0, 0.00000e+0, 2.00000e+1, 0.00000e+0, 5.00000e+0, 0.00000e+0, 3, 2, 
06/29/2023 16:36:25.939, 06/29/2023 16:36:25.872, 4.15834e+0, 0.00000e+0, 9.79674e+1, 0.00000e+0, 2.35076e+0, 0.00000e+0, 1.50204e+4, 0.00000e+0, 9.61681e+2, 0.00000e+0, 2.38661e+0, 0.00000e+0, 9.76346e+2, 0.00000e+0, 4.88180e+2, 0.00000e+0, 3.44871e+1, 0.00000e+0, 3.44540e+1, 0.00000e+0, 3.77983e+0, 0.00000e+0, 3.26454e+0, 0.00000e+0, 2.00000e+1, 0.00000e+0, 5.00000e+0, 0.00000e+0, 3, 2, 
06/29/2023 16:36:26.924, 06/29/2023 16:36:26.866, 4.15846e+0, 0.00000e+0, 9.79853e+1, 0.00000e+0, 2.35382e+0, 0.00000e+0, 1.49995e+4, 0.00000e+0, 9.61595e+2, 0.00000e+0, 2.38967e+0, 0.00000e+0, 9.76238e+2, 0.00000e+0, 4.88259e+2, 0.00000e+0, 3.44884e+1, 0.00000e+0, 3.44532e+1, 0.00000e+0, 3.77978e+0, 0.00000e+0, 3.26513e+0, 0.00000e+0, 2.00000e+1, 0.00000e+0, 5.00000e+0, 0.00000e+0, 3, 2, 
06/29/2023 16:36:27.916, 06/29/2023 16:36:27.860, 4.15826e+0, 0.00000e+0, 9.79558e+1, 0.00000e+0, 2.35470e+0, 0.00000e+0, 1.49888e+4, 0.00000e+0, 9.61265e+2, 0.00000e+0, 2.39053e+0, 0.00000e+0, 9.75893e+2, 0.00000e+0, 4.88307e+2, 0.00000e+0, 3.44842e+1, 0.00000e+0, 3.44366e+1, 0.00000e+0, 3.77938e+0, 0.00000e+0, 3.26446e+0, 0.00000e+0, 2.00000e+1, 0.00000e+0, 5.00000e+0, 0.00000e+0, 3, 2, 
06/29/2023 16:36:28.934, 06/29/2023 16:36:28.855, 4.15834e+0, 0.00000e+0, 9.79670e+1, 0.00000e+0, 2.35366e+0, 0.00000e+0, 1.50483e+4, 0.00000e+0, 9.61458e+2, 0.00000e+0, 2.38962e+0, 0.00000e+0, 9.76147e+2, 0.00000e+0, 4.88276e+2, 0.00000e+0, 3.44802e+1, 0.00000e+0, 3.44296e+1, 0.00000e+0, 3.77980e+0, 0.00000e+0, 3.26425e+0, 0.00000e+0, 2.00000e+1, 0.00000e+0, 5.00000e+0, 0.00000e+0, 3, 2, 
06/29/2023 16:36:29.899, 06/29/2023 16:36:29.849, 4.15836e+0, 0.00000e+0, 9.79702e+1, 0.00000e+0, 2.35299e+0, 0.00000e+0, 1.50852e+4, 0.00000e+0, 9.61385e+2, 0.00000e+0, 2.38903e+0, 0.00000e+0, 9.76109e+2, 0.00000e+0, 4.88316e+2, 0.00000e+0, 3.44764e+1, 0.00000e+0, 3.44330e+1, 0.00000e+0, 3.77913e+0, 0.00000e+0, 3.26470e+0, 0.00000e+0, 2.00000e+1, 0.00000e+0, 5.00000e+0, 0.00000e+0, 3, 2, 
06/29/2023 16:36:30.910, 06/29/2023 16:36:30.844, 4.15829e+0, 0.00000e+0, 9.79595e+1, 0.00000e+0, 2.35546e+0, 0.00000e+0, 1.48451e+4, 0.00000e+0, 9.61868e+2, 0.00000e+0, 2.39095e+0, 0.00000e+0, 9.76362e+2, 0.00000e+0, 4.88155e+2, 0.00000e+0, 3.44721e+1, 0.00000e+0, 3.44491e+1, 0.00000e+0, 3.77807e+0, 0.00000e+0, 3.26418e+0, 0.00000e+0, 2.00000e+1, 0.00000e+0, 5.00000e+0, 0.00000e+0, 3, 2, 
06/29/2023 16:36:31.892, 06/29/2023 16:36:31.838, 4.15833e+0, 0.00000e+0, 9.79663e+1, 0.00000e+0, 2.35313e+0, 0.00000e+0, 1.51301e+4, 0.00000e+0, 9.62230e+2, 0.00000e+0, 2.38928e+0, 0.00000e+0, 9.77013e+2, 0.00000e+0, 4.88230e+2, 0.00000e+0, 3.44659e+1, 0.00000e+0, 3.44438e+1, 0.00000e+0, 3.77897e+0, 0.00000e+0, 3.26445e+0, 0.00000e+0, 2.00000e+1, 0.00000e+0, 5.00000e+0, 0.00000e+0, 3, 2, 
06/29/2023 16:36:32.889, 06/29/2023 16:36:32.832, 4.15830e+0, 0.00000e+0, 9.79612e+1, 0.00000e+0, 2.35236e+0, 0.00000e+0, 1.50917e+4, 0.00000e+0, 9.62696e+2, 0.00000e+0, 2.38840e+0, 0.00000e+0, 9.77447e+2, 0.00000e+0, 4.88253e+2, 0.00000e+0, 3.44654e+1, 0.00000e+0, 3.44422e+1, 0.00000e+0, 3.77875e+0, 0.00000e+0, 3.26442e+0, 0.00000e+0, 2.00000e+1, 0.00000e+0, 5.00000e+0, 0.00000e+0, 3, 2, 
06/29/2023 16:36:33.884, 06/29/2023 16:36:33.828, 4.15834e+0, 0.00000e+0, 9.79668e+1, 0.00000e+0, 2.35628e+0, 0.00000e+0, 1.48896e+4, 0.00000e+0, 9.62746e+2, 0.00000e+0, 2.39189e+0, 0.00000e+0, 9.77298e+2, 0.00000e+0, 4.88224e+2, 0.00000e+0, 3.44659e+1, 0.00000e+0, 3.44410e+1, 0.00000e+0, 3.77942e+0, 0.00000e+0, 3.26382e+0, 0.00000e+0, 2.00000e+1, 0.00000e+0, 5.00000e+0, 0.00000e+0, 3, 2, 
06/29/2023 16:36:34.878, 06/29/2023 16:36:34.822, 4.15840e+0, 0.00000e+0, 9.79761e+1, 0.00000e+0, 2.35271e+0, 0.00000e+0, 1.51138e+4, 0.00000e+0, 9.62146e+2, 0.00000e+0, 2.38882e+0, 0.00000e+0, 9.76911e+2, 0.00000e+0, 4.88206e+2, 0.00000e+0, 3.44661e+1, 0.00000e+0, 3.44320e+1, 0.00000e+0, 3.77918e+0, 0.00000e+0, 3.26430e+0, 0.00000e+0, 2.00000e+1, 0.00000e+0, 5.00000e+0, 0.00000e+0, 3, 2, 
06/29/2023 16:36:35.874, 06/29/2023 16:36:35.816, 4.15840e+0, 0.00000e+0, 9.79758e+1, 0.00000e+0, 2.35387e+0, 0.00000e+0, 1.50166e+4, 0.00000e+0, 9.61479e+2, 0.00000e+0, 2.38976e+0, 0.00000e+0, 9.76138e+2, 0.00000e+0, 4.88219e+2, 0.00000e+0, 3.44635e+1, 0.00000e+0, 3.44237e+1, 0.00000e+0, 3.77951e+0, 0.00000e+0, 3.26374e+0, 0.00000e+0, 2.00000e+1, 0.00000e+0, 5.00000e+0, 0.00000e+0, 3, 2, 
06/29/2023 16:36:36.868, 06/29/2023 16:36:36.812, 4.15835e+0, 0.00000e+0, 9.79690e+1, 0.00000e+0, 2.35445e+0, 0.00000e+0, 1.50595e+4, 0.00000e+0, 9.61864e+2, 0.00000e+0, 2.39045e+0, 0.00000e+0, 9.76570e+2, 0.00000e+0, 4.88294e+2, 0.00000e+0, 3.44609e+1, 0.00000e+0, 3.44160e+1, 0.00000e+0, 3.77890e+0, 0.00000e+0, 3.26472e+0, 0.00000e+0, 2.00000e+1, 0.00000e+0, 5.00000e+0, 0.00000e+0, 3, 2, 
06/29/2023 16:36:37.862, 06/29/2023 16:36:37.806, 4.15836e+0, 0.00000e+0, 9.79700e+1, 0.00000e+0, 2.35504e+0, 0.00000e+0, 1.50803e+4, 0.00000e+0, 9.63098e+2, 0.00000e+0, 2.39110e+0, 0.00000e+0, 9.77845e+2, 0.00000e+0, 4.88231e+2, 0.00000e+0, 3.44586e+1, 0.00000e+0, 3.44229e+1, 0.00000e+0, 3.77940e+0, 0.00000e+0, 3.26366e+0, 0.00000e+0, 2.00000e+1, 0.00000e+0, 5.00000e+0, 0.00000e+0, 3, 2, 
06/29/2023 16:36:38.857, 06/29/2023 16:36:38.800, 4.15843e+0, 0.00000e+0, 9.79814e+1, 0.00000e+0, 2.35111e+0, 0.00000e+0, 1.50473e+4, 0.00000e+0, 9.62450e+2, 0.00000e+0, 2.38702e+0, 0.00000e+0, 9.77154e+2, 0.00000e+0, 4.88290e+2, 0.00000e+0, 3.44557e+1, 0.00000e+0, 3.44133e+1, 0.00000e+0, 3.78011e+0, 0.00000e+0, 3.26430e+0, 0.00000e+0, 2.00000e+1, 0.00000e+0, 5.00000e+0, 0.00000e+0, 3, 2, 
06/29/2023 16:36:39.851, 06/29/2023 16:36:39.794, 4.15840e+0, 0.00000e+0, 9.79759e+1, 0.00000e+0, 2.35261e+0, 0.00000e+0, 1.50993e+4, 0.00000e+0, 9.62825e+2, 0.00000e+0, 2.38867e+0, 0.00000e+0, 9.77586e+2, 0.00000e+0, 4.88236e+2, 0.00000e+0, 3.44482e+1, 0.00000e+0, 3.44176e+1, 0.00000e+0, 3.77982e+0, 0.00000e+0, 3.26362e+0, 0.00000e+0, 2.00000e+1, 0.00000e+0, 5.00000e+0, 0.00000e+0, 3, 2, 
06/29/2023 16:36:40.846, 06/29/2023 16:36:40.790, 4.15840e+0, 0.00000e+0, 9.79762e+1, 0.00000e+0, 2.35599e+0, 0.00000e+0, 1.49640e+4, 0.00000e+0, 9.62377e+2, 0.00000e+0, 2.39178e+0, 0.00000e+0, 9.76997e+2, 0.00000e+0, 4.88283e+2, 0.00000e+0, 3.44448e+1, 0.00000e+0, 3.44224e+1, 0.00000e+0, 3.77901e+0, 0.00000e+0, 3.26407e+0, 0.00000e+0, 2.00000e+1, 0.00000e+0, 5.00000e+0, 0.00000e+0, 3, 2, 
06/29/2023 16:36:41.837, 06/29/2023 16:36:41.783, 4.15847e+0, 0.00000e+0, 9.79865e+1, 0.00000e+0, 2.35458e+0, 0.00000e+0, 1.49807e+4, 0.00000e+0, 9.64728e+2, 0.00000e+0, 2.39039e+0, 0.00000e+0, 9.79400e+2, 0.00000e+0, 4.88213e+2, 0.00000e+0, 3.44483e+1, 0.00000e+0, 3.44243e+1, 0.00000e+0, 3.77840e+0, 0.00000e+0, 3.26265e+0, 0.00000e+0, 2.00000e+1, 0.00000e+0, 5.00000e+0, 0.00000e+0, 3, 2, 
06/29/2023 16:36:42.835, 06/29/2023 16:36:42.779, 4.15842e+0, 0.00000e+0, 9.79792e+1, 0.00000e+0, 2.35140e+0, 0.00000e+0, 1.50809e+4, 0.00000e+0, 9.63233e+2, 0.00000e+0, 2.38740e+0, 0.00000e+0, 9.77982e+2, 0.00000e+0, 4.88272e+2, 0.00000e+0, 3.44437e+1, 0.00000e+0, 3.44320e+1, 0.00000e+0, 3.77889e+0, 0.00000e+0, 3.26375e+0, 0.00000e+0, 2.00000e+1, 0.00000e+0, 5.00000e+0, 0.00000e+0, 3, 2, 
06/29/2023 16:36:43.826, 06/29/2023 16:36:43.773, 4.15839e+0, 0.00000e+0, 9.79744e+1, 0.00000e+0, 2.35339e+0, 0.00000e+0, 1.47780e+4, 0.00000e+0, 9.62420e+2, 0.00000e+0, 2.38869e+0, 0.00000e+0, 9.76856e+2, 0.00000e+0, 4.88305e+2, 0.00000e+0, 3.44458e+1, 0.00000e+0, 3.44428e+1, 0.00000e+0, 3.77941e+0, 0.00000e+0, 3.26326e+0, 0.00000e+0, 2.00000e+1, 0.00000e+0, 5.00000e+0, 0.00000e+0, 3, 2, 
06/29/2023 16:36:44.828, 06/29/2023 16:36:44.767, 4.15846e+0, 0.00000e+0, 9.79851e+1, 0.00000e+0, 2.35545e+0, 0.00000e+0, 1.50785e+4, 0.00000e+0, 9.63431e+2, 0.00000e+0, 2.39151e+0, 0.00000e+0, 9.78181e+2, 0.00000e+0, 4.88294e+2, 0.00000e+0, 3.44412e+1, 0.00000e+0, 3.44295e+1, 0.00000e+0, 3.77792e+0, 0.00000e+0, 3.26346e+0, 0.00000e+0, 2.00000e+1, 0.00000e+0, 5.00000e+0, 0.00000e+0, 3, 2, 
06/29/2023 16:36:45.819, 06/29/2023 16:36:45.762, 4.15853e+0, 0.00000e+0, 9.79954e+1, 0.00000e+0, 2.35559e+0, 0.00000e+0, 1.51465e+4, 0.00000e+0, 9.60797e+2, 0.00000e+0, 2.39182e+0, 0.00000e+0, 9.75573e+2, 0.00000e+0, 4.88381e+2, 0.00000e+0, 3.44412e+1, 0.00000e+0, 3.44226e+1, 0.00000e+0, 3.77962e+0, 0.00000e+0, 3.26364e+0, 0.00000e+0, 2.00000e+1, 0.00000e+0, 5.00000e+0, 0.00000e+0, 3, 2, 
06/29/2023 16:36:46.826, 06/29/2023 16:36:46.757, 4.15845e+0, 0.00000e+0, 9.79843e+1, 0.00000e+0, 2.34980e+0, 0.00000e+0, 1.50068e+4, 0.00000e+0, 9.62351e+2, 0.00000e+0, 2.38560e+0, 0.00000e+0, 9.77013e+2, 0.00000e+0, 4.88329e+2, 0.00000e+0, 3.44422e+1, 0.00000e+0, 3.44087e+1, 0.00000e+0, 3.77954e+0, 0.00000e+0, 3.26381e+0, 0.00000e+0, 2.00000e+1, 0.00000e+0, 5.00000e+0, 0.00000e+0, 3, 2, 
06/29/2023 16:36:47.802, 06/29/2023 16:36:47.752, 4.15825e+0, 0.00000e+0, 9.79546e+1, 0.00000e+0, 2.35403e+0, 0.00000e+0, 1.49610e+4, 0.00000e+0, 9.61679e+2, 0.00000e+0, 2.38978e+0, 0.00000e+0, 9.76285e+2, 0.00000e+0, 4.88215e+2, 0.00000e+0, 3.44554e+1, 0.00000e+0, 3.44072e+1, 0.00000e+0, 3.77956e+0, 0.00000e+0, 3.26339e+0, 0.00000e+0, 2.00000e+1, 0.00000e+0, 5.00000e+0, 0.00000e+0, 3, 2, 
06/29/2023 16:36:48.804, 06/29/2023 16:36:48.746, 4.15808e+0, 0.00000e+0, 9.79282e+1, 0.00000e+0, 2.35392e+0, 0.00000e+0, 1.49862e+4, 0.00000e+0, 9.63071e+2, 0.00000e+0, 2.38973e+0, 0.00000e+0, 9.77723e+2, 0.00000e+0, 4.88164e+2, 0.00000e+0, 3.44454e+1, 0.00000e+0, 3.44095e+1, 0.00000e+0, 3.77873e+0, 0.00000e+0, 3.26259e+0, 0.00000e+0, 2.00000e+1, 0.00000e+0, 5.00000e+0, 0.00000e+0, 3, 2, 
06/29/2023 16:36:49.796, 06/29/2023 16:36:49.740, 4.15836e+0, 0.00000e+0, 9.79705e+1, 0.00000e+0, 2.35388e+0, 0.00000e+0, 1.50070e+4, 0.00000e+0, 9.63005e+2, 0.00000e+0, 2.38974e+0, 0.00000e+0, 9.77677e+2, 0.00000e+0, 4.88208e+2, 0.00000e+0, 3.44463e+1, 0.00000e+0, 3.44121e+1, 0.00000e+0, 3.77913e+0, 0.00000e+0, 3.26330e+0, 0.00000e+0, 2.00000e+1, 0.00000e+0, 5.00000e+0, 0.00000e+0, 3, 2, 
06/29/2023 16:36:50.790, 06/29/2023 16:36:50.735, 4.15837e+0, 0.00000e+0, 9.79710e+1, 0.00000e+0, 2.35340e+0, 0.00000e+0, 1.50403e+4, 0.00000e+0, 9.63148e+2, 0.00000e+0, 2.38933e+0, 0.00000e+0, 9.77855e+2, 0.00000e+0, 4.88264e+2, 0.00000e+0, 3.44468e+1, 0.00000e+0, 3.44000e+1, 0.00000e+0, 3.77898e+0, 0.00000e+0, 3.26377e+0, 0.00000e+0, 2.00000e+1, 0.00000e+0, 5.00000e+0, 0.00000e+0, 3, 2, 
06/29/2023 16:36:51.788, 06/29/2023 16:36:51.729, 4.15833e+0, 0.00000e+0, 9.79654e+1, 0.00000e+0, 2.35052e+0, 0.00000e+0, 1.50201e+4, 0.00000e+0, 9.63463e+2, 0.00000e+0, 2.38637e+0, 0.00000e+0, 9.78155e+2, 0.00000e+0, 4.88362e+2, 0.00000e+0, 3.44445e+1, 0.00000e+0, 3.43827e+1, 0.00000e+0, 3.77902e+0, 0.00000e+0, 3.26283e+0, 0.00000e+0, 2.00000e+1, 0.00000e+0, 5.00000e+0, 0.00000e+0, 3, 2, 
06/29/2023 16:36:52.777, 06/29/2023 16:36:52.723, 4.15834e+0, 0.00000e+0, 9.79679e+1, 0.00000e+0, 2.35261e+0, 0.00000e+0, 1.50540e+4, 0.00000e+0, 9.64850e+2, 0.00000e+0, 2.38857e+0, 0.00000e+0, 9.79597e+2, 0.00000e+0, 4.88373e+2, 0.00000e+0, 3.44467e+1, 0.00000e+0, 3.43788e+1, 0.00000e+0, 3.77927e+0, 0.00000e+0, 3.26350e+0, 0.00000e+0, 2.00000e+1, 0.00000e+0, 5.00000e+0, 0.00000e+0, 3, 2, 
06/29/2023 16:36:53.773, 06/29/2023 16:36:53.718, 4.15846e+0, 0.00000e+0, 9.79846e+1, 0.00000e+0, 2.35280e+0, 0.00000e+0, 1.49102e+4, 0.00000e+0, 9.63149e+2, 0.00000e+0, 2.38841e+0, 0.00000e+0, 9.77727e+2, 0.00000e+0, 4.88335e+2, 0.00000e+0, 3.44436e+1, 0.00000e+0, 3.43685e+1, 0.00000e+0, 3.78028e+0, 0.00000e+0, 3.26434e+0, 0.00000e+0, 2.00000e+1, 0.00000e+0, 5.00000e+0, 0.00000e+0, 3, 1, 
06/29/2023 16:36:54.768, 06/29/2023 16:36:54.713, 4.15821e+0, 0.00000e+0, 9.79476e+1, 0.00000e+0, 2.35441e+0, 0.00000e+0, 1.50247e+4, 0.00000e+0, 9.64581e+2, 0.00000e+0, 2.39032e+0, 0.00000e+0, 9.79295e+2, 0.00000e+0, 4.88311e+2, 0.00000e+0, 3.44355e+1, 0.00000e+0, 3.43625e+1, 0.00000e+0, 3.77941e+0, 0.00000e+0, 3.26286e+0, 0.00000e+0, 2.00000e+1, 0.00000e+0, 5.00000e+0, 0.00000e+0, 3, 1, 
06/29/2023 16:36:55.771, 06/29/2023 16:36:55.707, 4.15836e+0, 0.00000e+0, 9.79703e+1, 0.00000e+0, 2.35626e+0, 0.00000e+0, 1.50664e+4, 0.00000e+0, 9.64119e+2, 0.00000e+0, 2.39230e+0, 0.00000e+0, 9.78867e+2, 0.00000e+0, 4.88306e+2, 0.00000e+0, 3.44302e+1, 0.00000e+0, 3.43526e+1, 0.00000e+0, 3.77824e+0, 0.00000e+0, 3.26327e+0, 0.00000e+0, 2.00000e+1, 0.00000e+0, 5.00000e+0, 0.00000e+0, 3, 1, 
06/29/2023 16:36:56.755, 06/29/2023 16:36:56.702, 4.15841e+0, 0.00000e+0, 9.79770e+1, 0.00000e+0, 2.35334e+0, 0.00000e+0, 1.49314e+4, 0.00000e+0, 9.64131e+2, 0.00000e+0, 2.38901e+0, 0.00000e+0, 9.78744e+2, 0.00000e+0, 4.88278e+2, 0.00000e+0, 3.44298e+1, 0.00000e+0, 3.43537e+1, 0.00000e+0, 3.77858e+0, 0.00000e+0, 3.26437e+0, 0.00000e+0, 2.00000e+1, 0.00000e+0, 5.00000e+0, 0.00000e+0, 3, 1, 
06/29/2023 16:36:57.752, 06/29/2023 16:36:57.696, 4.15824e+0, 0.00000e+0, 9.79527e+1, 0.00000e+0, 2.35257e+0, 0.00000e+0, 1.49851e+4, 0.00000e+0, 9.64266e+2, 0.00000e+0, 2.38836e+0, 0.00000e+0, 9.78936e+2, 0.00000e+0, 4.88257e+2, 0.00000e+0, 3.44293e+1, 0.00000e+0, 3.43490e+1, 0.00000e+0, 3.77942e+0, 0.00000e+0, 3.26429e+0, 0.00000e+0, 2.00000e+1, 0.00000e+0, 5.00000e+0, 0.00000e+0, 3, 1, 
06/29/2023 16:36:58.750, 06/29/2023 16:36:58.690, 4.15822e+0, 0.00000e+0, 9.79489e+1, 0.00000e+0, 2.35162e+0, 0.00000e+0, 1.49582e+4, 0.00000e+0, 9.64364e+2, 0.00000e+0, 2.38733e+0, 0.00000e+0, 9.79008e+2, 0.00000e+0, 4.88296e+2, 0.00000e+0, 3.44300e+1, 0.00000e+0, 3.43550e+1, 0.00000e+0, 3.77796e+0, 0.00000e+0, 3.26389e+0, 0.00000e+0, 2.00000e+1, 0.00000e+0, 5.00000e+0, 0.00000e+0, 3, 1, 
06/29/2023 16:36:59.740, 06/29/2023 16:36:59.685, 4.15848e+0, 0.00000e+0, 9.79883e+1, 0.00000e+0, 2.35487e+0, 0.00000e+0, 1.48834e+4, 0.00000e+0, 9.65290e+2, 0.00000e+0, 2.39045e+0, 0.00000e+0, 9.79874e+2, 0.00000e+0, 4.88432e+2, 0.00000e+0, 3.44258e+1, 0.00000e+0, 3.43459e+1, 0.00000e+0, 3.77897e+0, 0.00000e+0, 3.26377e+0, 0.00000e+0, 2.00000e+1, 0.00000e+0, 5.00000e+0, 0.00000e+0, 3, 1, 
06/29/2023 16:37:00.739, 06/29/2023 16:37:00.680, 4.15833e+0, 0.00000e+0, 9.79660e+1, 0.00000e+0, 2.35612e+0, 0.00000e+0, 1.50625e+4, 0.00000e+0, 9.62895e+2, 0.00000e+0, 2.39215e+0, 0.00000e+0, 9.77621e+2, 0.00000e+0, 4.88392e+2, 0.00000e+0, 3.44268e+1, 0.00000e+0, 3.43473e+1, 0.00000e+0, 3.77740e+0, 0.00000e+0, 3.26426e+0, 0.00000e+0, 2.00000e+1, 0.00000e+0, 5.00000e+0, 0.00000e+0, 3, 1, 
06/29/2023 16:37:01.730, 06/29/2023 16:37:01.675, 4.15847e+0, 0.00000e+0, 9.79860e+1, 0.00000e+0, 2.35585e+0, 0.00000e+0, 1.49356e+4, 0.00000e+0, 9.62839e+2, 0.00000e+0, 2.39157e+0, 0.00000e+0, 9.77437e+2, 0.00000e+0, 4.88394e+2, 0.00000e+0, 3.44192e+1, 0.00000e+0, 3.43510e+1, 0.00000e+0, 3.77703e+0, 0.00000e+0, 3.26356e+0, 0.00000e+0, 2.00000e+1, 0.00000e+0, 5.00000e+0, 0.00000e+0, 3, 1, 
06/29/2023 16:37:02.725, 06/29/2023 16:37:02.670, 4.15832e+0, 0.00000e+0, 9.79640e+1, 0.00000e+0, 2.35304e+0, 0.00000e+0, 1.49836e+4, 0.00000e+0, 9.62096e+2, 0.00000e+0, 2.38883e+0, 0.00000e+0, 9.76731e+2, 0.00000e+0, 4.88317e+2, 0.00000e+0, 3.44214e+1, 0.00000e+0, 3.43518e+1, 0.00000e+0, 3.77889e+0, 0.00000e+0, 3.26310e+0, 0.00000e+0, 2.00000e+1, 0.00000e+0, 5.00000e+0, 0.00000e+0, 3, 1, 
06/29/2023 16:37:03.719, 06/29/2023 16:37:03.664, 4.15830e+0, 0.00000e+0, 9.79612e+1, 0.00000e+0, 2.35443e+0, 0.00000e+0, 1.51275e+4, 0.00000e+0, 9.61857e+2, 0.00000e+0, 2.39059e+0, 0.00000e+0, 9.76631e+2, 0.00000e+0, 4.88287e+2, 0.00000e+0, 3.44216e+1, 0.00000e+0, 3.43471e+1, 0.00000e+0, 3.77889e+0, 0.00000e+0, 3.26347e+0, 0.00000e+0, 2.00000e+1, 0.00000e+0, 5.00000e+0, 0.00000e+0, 3, 1, 
06/29/2023 16:37:04.731, 06/29/2023 16:37:04.658, 4.15833e+0, 0.00000e+0, 9.79657e+1, 0.00000e+0, 2.35327e+0, 0.00000e+0, 1.49000e+4, 0.00000e+0, 9.62046e+2, 0.00000e+0, 2.38887e+0, 0.00000e+0, 9.76597e+2, 0.00000e+0, 4.88245e+2, 0.00000e+0, 3.44176e+1, 0.00000e+0, 3.43523e+1, 0.00000e+0, 3.77849e+0, 0.00000e+0, 3.26357e+0, 0.00000e+0, 2.00000e+1, 0.00000e+0, 5.00000e+0, 0.00000e+0, 3, 1, 
06/29/2023 16:37:05.707, 06/29/2023 16:37:05.652, 4.15824e+0, 0.00000e+0, 9.79529e+1, 0.00000e+0, 2.35472e+0, 0.00000e+0, 1.48736e+4, 0.00000e+0, 9.61301e+2, 0.00000e+0, 2.39027e+0, 0.00000e+0, 9.75815e+2, 0.00000e+0, 4.88318e+2, 0.00000e+0, 3.44129e+1, 0.00000e+0, 3.43540e+1, 0.00000e+0, 3.77888e+0, 0.00000e+0, 3.26326e+0, 0.00000e+0, 2.00000e+1, 0.00000e+0, 5.00000e+0, 0.00000e+0, 3, 1, 
06/29/2023 16:37:06.702, 06/29/2023 16:37:06.647, 4.15826e+0, 0.00000e+0, 9.79550e+1, 0.00000e+0, 2.35175e+0, 0.00000e+0, 1.49565e+4, 0.00000e+0, 9.63337e+2, 0.00000e+0, 2.38746e+0, 0.00000e+0, 9.77964e+2, 0.00000e+0, 4.88434e+2, 0.00000e+0, 3.44094e+1, 0.00000e+0, 3.43573e+1, 0.00000e+0, 3.77898e+0, 0.00000e+0, 3.26315e+0, 0.00000e+0, 2.00000e+1, 0.00000e+0, 5.00000e+0, 0.00000e+0, 3, 1, 
06/29/2023 16:37:07.698, 06/29/2023 16:37:07.642, 4.15814e+0, 0.00000e+0, 9.79380e+1, 0.00000e+0, 2.35325e+0, 0.00000e+0, 1.49848e+4, 0.00000e+0, 9.62072e+2, 0.00000e+0, 2.38905e+0, 0.00000e+0, 9.76708e+2, 0.00000e+0, 4.88378e+2, 0.00000e+0, 3.44215e+1, 0.00000e+0, 3.43451e+1, 0.00000e+0, 3.77743e+0, 0.00000e+0, 3.26316e+0, 0.00000e+0, 2.00000e+1, 0.00000e+0, 5.00000e+0, 0.00000e+0, 3, 1, 
06/29/2023 16:37:08.719, 06/29/2023 16:37:08.636, 4.15813e+0, 0.00000e+0, 9.79361e+1, 0.00000e+0, 2.35310e+0, 0.00000e+0, 1.47600e+4, 0.00000e+0, 9.62918e+2, 0.00000e+0, 2.38835e+0, 0.00000e+0, 9.77344e+2, 0.00000e+0, 4.88343e+2, 0.00000e+0, 3.44055e+1, 0.00000e+0, 3.43411e+1, 0.00000e+0, 3.77859e+0, 0.00000e+0, 3.26321e+0, 0.00000e+0, 2.00000e+1, 0.00000e+0, 5.00000e+0, 0.00000e+0, 3, 1, 
06/29/2023 16:37:09.688, 06/29/2023 16:37:09.630, 4.15831e+0, 0.00000e+0, 9.79635e+1, 0.00000e+0, 2.35303e+0, 0.00000e+0, 1.48532e+4, 0.00000e+0, 9.63191e+2, 0.00000e+0, 2.38850e+0, 0.00000e+0, 9.77714e+2, 0.00000e+0, 4.88453e+2, 0.00000e+0, 3.44039e+1, 0.00000e+0, 3.43387e+1, 0.00000e+0, 3.77853e+0, 0.00000e+0, 3.26322e+0, 0.00000e+0, 2.00000e+1, 0.00000e+0, 5.00000e+0, 0.00000e+0, 3, 1, 
06/29/2023 16:37:10.684, 06/29/2023 16:37:10.625, 4.15834e+0, 0.00000e+0, 9.79678e+1, 0.00000e+0, 2.35398e+0, 0.00000e+0, 1.49239e+4, 0.00000e+0, 9.64437e+2, 0.00000e+0, 2.38964e+0, 0.00000e+0, 9.79048e+2, 0.00000e+0, 4.88329e+2, 0.00000e+0, 3.44044e+1, 0.00000e+0, 3.43238e+1, 0.00000e+0, 3.77811e+0, 0.00000e+0, 3.26367e+0, 0.00000e+0, 2.00000e+1, 0.00000e+0, 5.00000e+0, 0.00000e+0, 3, 1, 
06/29/2023 16:37:11.678, 06/29/2023 16:37:11.619, 4.15817e+0, 0.00000e+0, 9.79418e+1, 0.00000e+0, 2.34990e+0, 0.00000e+0, 1.48374e+4, 0.00000e+0, 9.65565e+2, 0.00000e+0, 2.38529e+0, 0.00000e+0, 9.80107e+2, 0.00000e+0, 4.88133e+2, 0.00000e+0, 3.44039e+1, 0.00000e+0, 3.43285e+1, 0.00000e+0, 3.77897e+0, 0.00000e+0, 3.26355e+0, 0.00000e+0, 2.00000e+1, 0.00000e+0, 5.00000e+0, 0.00000e+0, 3, 1, 
06/29/2023 16:37:12.680, 06/29/2023 16:37:12.614, 4.15814e+0, 0.00000e+0, 9.79379e+1, 0.00000e+0, 2.35148e+0, 0.00000e+0, 1.47493e+4, 0.00000e+0, 9.67331e+2, 0.00000e+0, 2.38668e+0, 0.00000e+0, 9.81812e+2, 0.00000e+0, 4.88240e+2, 0.00000e+0, 3.44033e+1, 0.00000e+0, 3.43233e+1, 0.00000e+0, 3.77779e+0, 0.00000e+0, 3.26317e+0, 0.00000e+0, 2.00000e+1, 0.00000e+0, 5.00000e+0, 0.00000e+0, 3, 1, 
06/29/2023 16:37:13.664, 06/29/2023 16:37:13.609, 4.15832e+0, 0.00000e+0, 9.79640e+1, 0.00000e+0, 2.35683e+0, 0.00000e+0, 1.49848e+4, 0.00000e+0, 9.66661e+2, 0.00000e+0, 2.39269e+0, 0.00000e+0, 9.81366e+2, 0.00000e+0, 4.88257e+2, 0.00000e+0, 3.44077e+1, 0.00000e+0, 3.43255e+1, 0.00000e+0, 3.77900e+0, 0.00000e+0, 3.26299e+0, 0.00000e+0, 2.00000e+1, 0.00000e+0, 5.00000e+0, 0.00000e+0, 3, 1, 
06/29/2023 16:37:14.656, 06/29/2023 16:37:14.603, 4.15823e+0, 0.00000e+0, 9.79515e+1, 0.00000e+0, 2.35282e+0, 0.00000e+0, 1.49574e+4, 0.00000e+0, 9.68549e+2, 0.00000e+0, 2.38854e+0, 0.00000e+0, 9.83256e+2, 0.00000e+0, 4.88325e+2, 0.00000e+0, 3.44029e+1, 0.00000e+0, 3.43252e+1, 0.00000e+0, 3.77831e+0, 0.00000e+0, 3.26370e+0, 0.00000e+0, 2.00000e+1, 0.00000e+0, 5.00000e+0, 0.00000e+0, 3, 1, 
06/29/2023 16:37:15.651, 06/29/2023 16:37:15.598, 4.15776e+0, 0.00000e+0, 9.78816e+1, 0.00000e+0, 2.35231e+0, 0.00000e+0, 1.48234e+4, 0.00000e+0, 9.67332e+2, 0.00000e+0, 2.38770e+0, 0.00000e+0, 9.81886e+2, 0.00000e+0, 4.88164e+2, 0.00000e+0, 3.43991e+1, 0.00000e+0, 3.43186e+1, 0.00000e+0, 3.77897e+0, 0.00000e+0, 3.26353e+0, 0.00000e+0, 2.00000e+1, 0.00000e+0, 5.00000e+0, 0.00000e+0, 3, 1, 
06/29/2023 16:37:16.652, 06/29/2023 16:37:16.593, 4.15819e+0, 0.00000e+0, 9.79445e+1, 0.00000e+0, 2.35125e+0, 0.00000e+0, 1.47515e+4, 0.00000e+0, 9.66725e+2, 0.00000e+0, 2.38645e+0, 0.00000e+0, 9.81199e+2, 0.00000e+0, 4.88356e+2, 0.00000e+0, 3.44071e+1, 0.00000e+0, 3.43095e+1, 0.00000e+0, 3.77859e+0, 0.00000e+0, 3.26361e+0, 0.00000e+0, 2.00000e+1, 0.00000e+0, 5.00000e+0, 0.00000e+0, 3, 1, 
06/29/2023 16:37:17.638, 06/29/2023 16:37:17.587, 4.15662e+0, 0.00000e+0, 9.77111e+1, 0.00000e+0, 2.35413e+0, 0.00000e+0, 1.48779e+4, 0.00000e+0, 9.66433e+2, 0.00000e+0, 2.38968e+0, 0.00000e+0, 9.81028e+2, 0.00000e+0, 4.87834e+2, 0.00000e+0, 3.44080e+1, 0.00000e+0, 3.43000e+1, 0.00000e+0, 3.77928e+0, 0.00000e+0, 3.26285e+0, 0.00000e+0, 2.00000e+1, 0.00000e+0, 5.00000e+0, 0.00000e+0, 3, 1, 
06/29/2023 16:37:18.953, 06/29/2023 16:37:18.896, 4.15781e+0, 0.00000e+0, 9.78891e+1, 0.00000e+0, 2.35456e+0, 0.00000e+0, 1.47836e+4, 0.00000e+0, 9.66037e+2, 0.00000e+0, 2.38989e+0, 0.00000e+0, 9.80533e+2, 0.00000e+0, 4.88241e+2, 0.00000e+0, 3.43974e+1, 0.00000e+0, 3.43078e+1, 0.00000e+0, 3.77809e+0, 0.00000e+0, 3.26295e+0, 0.00000e+0, 2.00000e+1, 0.00000e+0, 5.00000e+0, 0.00000e+0, 3, 1, 
06/29/2023 16:37:19.632, 06/29/2023 16:37:19.578, 4.15720e+0, 0.00000e+0, 9.77972e+1, 0.00000e+0, 2.35271e+0, 0.00000e+0, 1.47626e+4, 0.00000e+0, 9.65841e+2, 0.00000e+0, 2.38796e+0, 0.00000e+0, 9.80313e+2, 0.00000e+0, 4.88022e+2, 0.00000e+0, 3.44187e+1, 0.00000e+0, 3.43059e+1, 0.00000e+0, 3.77801e+0, 0.00000e+0, 3.26428e+0, 0.00000e+0, 2.00000e+1, 0.00000e+0, 5.00000e+0, 0.00000e+0, 3, 1, 
06/29/2023 16:37:20.632, 06/29/2023 16:37:20.571, 4.15683e+0, 0.00000e+0, 9.77420e+1, 0.00000e+0, 2.35559e+0, 0.00000e+0, 1.47182e+4, 0.00000e+0, 9.67316e+2, 0.00000e+0, 2.39077e+0, 0.00000e+0, 9.81766e+2, 0.00000e+0, 4.87851e+2, 0.00000e+0, 3.44015e+1, 0.00000e+0, 3.42822e+1, 0.00000e+0, 3.77856e+0, 0.00000e+0, 3.26294e+0, 0.00000e+0, 2.00000e+1, 0.00000e+0, 5.00000e+0, 0.00000e+0, 3, 1, 
06/29/2023 16:37:21.620, 06/29/2023 16:37:21.566, 4.15807e+0, 0.00000e+0, 9.79271e+1, 0.00000e+0, 2.35236e+0, 0.00000e+0, 1.47619e+4, 0.00000e+0, 9.64777e+2, 0.00000e+0, 2.38761e+0, 0.00000e+0, 9.79232e+2, 0.00000e+0, 4.88343e+2, 0.00000e+0, 3.43936e+1, 0.00000e+0, 3.42882e+1, 0.00000e+0, 3.77828e+0, 0.00000e+0, 3.26312e+0, 0.00000e+0, 2.00000e+1, 0.00000e+0, 5.00000e+0, 0.00000e+0, 3, 1, 
06/29/2023 16:37:22.643, 06/29/2023 16:37:22.590, 4.15724e+0, 0.00000e+0, 9.78037e+1, 0.00000e+0, 2.35572e+0, 0.00000e+0, 1.45898e+4, 0.00000e+0, 9.64629e+2, 0.00000e+0, 2.39060e+0, 0.00000e+0, 9.78911e+2, 0.00000e+0, 4.87951e+2, 0.00000e+0, 3.43977e+1, 0.00000e+0, 3.42770e+1, 0.00000e+0, 3.77914e+0, 0.00000e+0, 3.26320e+0, 0.00000e+0, 2.00000e+1, 0.00000e+0, 5.00000e+0, 0.00000e+0, 3, 1, 
