SN:3K60180500001583 BD:Jul 23 2018 VC:834b9c1 MD5:48f99e4865ed8b810be1bb0eaaabf929
SysTime,                      Time,         Batt_v,      Batt_v_sd,   BATT_PERCENT,BATT_PERCENT_sd,      [CH4]_ppm,   [CH4]_ppm_sd,      [H2O]_ppm,   [H2O]_ppm_sd,      [CO2]_ppm,   [CO2]_ppm_sd,     [CH4]d_ppm,  [CH4]d_ppm_sd,     [CO2]d_ppm,  [CO2]d_ppm_sd,      GasP_torr,   GasP_torr_sd,         GasT_C,      GasT_C_sd,         AmbT_C,      AmbT_C_sd,         RD0_us,      RD0_us_sd,         RD1_us,      RD1_us_sd, Temp_Status_mA,Temp_Status_mA_sd,Analyzer_Status_mA,Analyzer_Status_mA_sd,       Fit_Flag,      MIU_VALVE,       MIU_DESC
05/20/2021 19:01:40.889, 05/20/2021 19:01:40.797, 4.16529e+0, 0.00000e+0, -2.09050e+2, 0.00000e+0, 1.22470e-1, 0.00000e+0, -1.75681e+3, 0.00000e+0, 5.87927e+1, 0.00000e+0, 6.11276e-2, 0.00000e+0, 2.93448e+1, 0.00000e+0, 5.00815e+2, 0.00000e+0, 3.18959e+1, 0.00000e+0, 2.98714e+1, 0.00000e+0, 1.19532e+0, 0.00000e+0, 1.53074e+0, 0.00000e+0, 2.00000e+1, 0.00000e+0, 1.50000e+1, 0.00000e+0, 2, 1, 
05/20/2021 19:01:41.882, 05/20/2021 19:01:41.792, 4.16516e+0, 0.00000e+0, 9.81062e+1, 0.00000e+0, -9.90454e-2, 0.00000e+0, -8.32844e+3, 0.00000e+0, -1.10956e+2, 0.00000e+0, -9.82273e-2, 0.00000e+0, -1.10040e+2, 0.00000e+0, 5.00880e+2, 0.00000e+0, 3.18802e+1, 0.00000e+0, 2.98613e+1, 0.00000e+0, 1.28814e+0, 0.00000e+0, 1.57722e+0, 0.00000e+0, 2.00000e+1, 0.00000e+0, 1.50000e+1, 0.00000e+0, 2, 1, 
05/20/2021 19:01:42.949, 05/20/2021 19:01:42.786, 4.16510e+0, 0.00000e+0, 9.80967e+1, 0.00000e+0, 3.24477e-1, 0.00000e+0, 5.44501e+3, 0.00000e+0, 1.74925e+2, 0.00000e+0, 3.26254e-1, 0.00000e+0, 1.75882e+2, 0.00000e+0, 5.00736e+2, 0.00000e+0, 3.19105e+1, 0.00000e+0, 2.98532e+1, 0.00000e+0, 1.15816e+0, 0.00000e+0, 1.41951e+0, 0.00000e+0, 2.00000e+1, 0.00000e+0, 1.50000e+1, 0.00000e+0, 2, 1, 
05/20/2021 19:01:43.932, 05/20/2021 19:01:43.781, 4.16538e+0, 0.00000e+0, 9.81391e+1, 0.00000e+0, 7.02949e-1, 0.00000e+0, -3.98396e+4, 0.00000e+0, 1.21338e+2, 0.00000e+0, 6.76017e-1, 0.00000e+0, 1.16689e+2, 0.00000e+0, 5.00555e+2, 0.00000e+0, 3.18778e+1, 0.00000e+0, 2.98629e+1, 0.00000e+0, 1.19815e+0, 0.00000e+0, 1.46968e+0, 0.00000e+0, 2.00000e+1, 0.00000e+0, 1.50000e+1, 0.00000e+0, 2, 1, 
05/20/2021 19:01:45.222, 05/20/2021 19:01:45.072, 4.16505e+0, 0.00000e+0, 9.80903e+1, 0.00000e+0, 2.65034e-1, 0.00000e+0, 3.61808e+3, 0.00000e+0, -3.95509e+1, 0.00000e+0, 2.65996e-1, 0.00000e+0, -3.96945e+1, 0.00000e+0, 5.00109e+2, 0.00000e+0, 3.18858e+1, 0.00000e+0, 2.98553e+1, 0.00000e+0, 1.10064e+0, 0.00000e+0, 1.55426e+0, 0.00000e+0, 2.00000e+1, 0.00000e+0, 1.50000e+1, 0.00000e+0, 2, 1, 
05/20/2021 19:01:45.938, 05/20/2021 19:01:45.770, 4.16519e+0, 0.00000e+0, 9.81099e+1, 0.00000e+0, 2.79420e-1, 0.00000e+0, -4.69632e+3, 0.00000e+0, -5.36211e+1, 0.00000e+0, 2.78113e-1, 0.00000e+0, -5.33704e+1, 0.00000e+0, 5.00108e+2, 0.00000e+0, 3.18654e+1, 0.00000e+0, 2.98530e+1, 0.00000e+0, 1.08241e+0, 0.00000e+0, 1.40616e+0, 0.00000e+0, 2.00000e+1, 0.00000e+0, 1.50000e+1, 0.00000e+0, 2, 1, 
05/20/2021 19:01:46.862, 05/20/2021 19:01:46.792, 4.16483e+0, 0.00000e+0, 9.80580e+1, 0.00000e+0, 1.17323e-1, 0.00000e+0, -5.94745e+3, 0.00000e+0, -9.67061e+1, 0.00000e+0, 1.16629e-1, 0.00000e+0, -9.61344e+1, 0.00000e+0, 5.00869e+2, 0.00000e+0, 3.18913e+1, 0.00000e+0, 2.98423e+1, 0.00000e+0, 1.10628e+0, 0.00000e+0, 1.37047e+0, 0.00000e+0, 2.00000e+1, 0.00000e+0, 1.50000e+1, 0.00000e+0, 2, 1, 
05/20/2021 19:01:47.862, 05/20/2021 19:01:47.779, 4.16390e+0, 0.00000e+0, 9.79209e+1, 0.00000e+0, 2.86996e-1, 0.00000e+0, 8.81398e+3, 0.00000e+0, 1.80214e+2, 0.00000e+0, 2.89549e-1, 0.00000e+0, 1.81816e+2, 0.00000e+0, 5.00358e+2, 0.00000e+0, 3.19487e+1, 0.00000e+0, 2.98105e+1, 0.00000e+0, 1.32631e+0, 0.00000e+0, 1.45009e+0, 0.00000e+0, 2.00000e+1, 0.00000e+0, 1.50000e+1, 0.00000e+0, 2, 1, 
05/20/2021 19:01:48.819, 05/20/2021 19:01:48.753, 4.16379e+0, 0.00000e+0, 9.79044e+1, 0.00000e+0, 6.47147e-1, 0.00000e+0, 9.00116e+3, 0.00000e+0, -3.16862e+1, 0.00000e+0, 6.53025e-1, 0.00000e+0, -3.19740e+1, 0.00000e+0, 5.00371e+2, 0.00000e+0, 3.19335e+1, 0.00000e+0, 2.97983e+1, 0.00000e+0, 1.21778e+0, 0.00000e+0, 1.39944e+0, 0.00000e+0, 2.00000e+1, 0.00000e+0, 1.50000e+1, 0.00000e+0, 2, 1, 
05/20/2021 19:01:49.832, 05/20/2021 19:01:49.748, 4.16364e+0, 0.00000e+0, 9.78825e+1, 0.00000e+0, 5.05263e-1, 0.00000e+0, -3.42657e+3, 0.00000e+0, 1.33548e+2, 0.00000e+0, 5.03538e-1, 0.00000e+0, 1.33092e+2, 0.00000e+0, 5.00598e+2, 0.00000e+0, 3.19353e+1, 0.00000e+0, 2.98005e+1, 0.00000e+0, 1.12794e+0, 0.00000e+0, 1.36973e+0, 0.00000e+0, 2.00000e+1, 0.00000e+0, 1.50000e+1, 0.00000e+0, 2, 1, 
05/20/2021 19:01:50.818, 05/20/2021 19:01:50.747, 4.16381e+0, 0.00000e+0, 9.79068e+1, 0.00000e+0, -1.34157e-1, 0.00000e+0, 3.76122e+3, 0.00000e+0, 2.69366e+2, 0.00000e+0, -1.34663e-1, 0.00000e+0, 2.70383e+2, 0.00000e+0, 5.00743e+2, 0.00000e+0, 3.19456e+1, 0.00000e+0, 2.97944e+1, 0.00000e+0, 1.39149e+0, 0.00000e+0, 1.41801e+0, 0.00000e+0, 2.00000e+1, 0.00000e+0, 1.50000e+1, 0.00000e+0, 2, 1, 
05/20/2021 19:01:51.879, 05/20/2021 19:01:51.736, 4.16500e+0, 0.00000e+0, 9.80830e+1, 0.00000e+0, 2.19372e-2, 0.00000e+0, -9.65534e+3, 0.00000e+0, -1.88564e+2, 0.00000e+0, 2.17274e-2, 0.00000e+0, -1.86760e+2, 0.00000e+0, 5.01175e+2, 0.00000e+0, 3.18891e+1, 0.00000e+0, 2.98293e+1, 0.00000e+0, 1.15953e+0, 0.00000e+0, 1.31381e+0, 0.00000e+0, 2.00000e+1, 0.00000e+0, 1.50000e+1, 0.00000e+0, 2, 1, 
05/20/2021 19:01:52.897, 05/20/2021 19:01:52.731, 4.16446e+0, 0.00000e+0, 9.80032e+1, 0.00000e+0, 6.87075e-2, 0.00000e+0, 9.51186e+3, 0.00000e+0, 1.04571e+2, 0.00000e+0, 6.93673e-2, 0.00000e+0, 1.05575e+2, 0.00000e+0, 5.01007e+2, 0.00000e+0, 3.18961e+1, 0.00000e+0, 2.98156e+1, 0.00000e+0, 1.21186e+0, 0.00000e+0, 1.65066e+0, 0.00000e+0, 2.00000e+1, 0.00000e+0, 1.50000e+1, 0.00000e+0, 3, 1, 
05/20/2021 19:01:53.858, 05/20/2021 19:01:53.725, 4.16503e+0, 0.00000e+0, 9.80867e+1, 0.00000e+0, -2.13027e-1, 0.00000e+0, 6.07383e+3, 0.00000e+0, -8.31194e+1, 0.00000e+0, -2.14329e-1, 0.00000e+0, -8.36274e+1, 0.00000e+0, 5.00826e+2, 0.00000e+0, 3.18847e+1, 0.00000e+0, 2.98343e+1, 0.00000e+0, 1.26837e+0, 0.00000e+0, 1.38132e+0, 0.00000e+0, 2.00000e+1, 0.00000e+0, 1.50000e+1, 0.00000e+0, 3, 1, 
05/20/2021 19:01:54.775, 05/20/2021 19:01:54.720, 4.16539e+0, 0.00000e+0, 9.81398e+1, 0.00000e+0, -1.18731e-1, 0.00000e+0, 8.71240e+4, 0.00000e+0, -7.14264e+1, 0.00000e+0, -1.30062e-1, 0.00000e+0, -7.82433e+1, 0.00000e+0, 5.00303e+2, 0.00000e+0, 3.18848e+1, 0.00000e+0, 2.98450e+1, 0.00000e+0, 1.42066e+0, 0.00000e+0, 1.39408e+0, 0.00000e+0, 2.00000e+1, 0.00000e+0, 1.50000e+1, 0.00000e+0, 3, 1, 
05/20/2021 19:01:55.817, 05/20/2021 19:01:55.716, 4.16539e+0, 0.00000e+0, 9.81394e+1, 0.00000e+0, 3.20403e-1, 0.00000e+0, -4.83554e+3, 0.00000e+0, -6.26260e+1, 0.00000e+0, 3.18861e-1, 0.00000e+0, -6.23246e+1, 0.00000e+0, 5.00567e+2, 0.00000e+0, 3.18891e+1, 0.00000e+0, 2.98476e+1, 0.00000e+0, 1.29093e+0, 0.00000e+0, 1.52500e+0, 0.00000e+0, 2.00000e+1, 0.00000e+0, 1.50000e+1, 0.00000e+0, 3, 1, 
05/20/2021 19:01:56.823, 05/20/2021 19:01:56.710, 4.16548e+0, 0.00000e+0, 9.81537e+1, 0.00000e+0, 1.17051e-1, 0.00000e+0, 9.91731e+4, 0.00000e+0, -3.09574e+1, 0.00000e+0, 1.29938e-1, 0.00000e+0, -3.43656e+1, 0.00000e+0, 5.00928e+2, 0.00000e+0, 3.18817e+1, 0.00000e+0, 2.98438e+1, 0.00000e+0, 1.29318e+0, 0.00000e+0, 1.62153e+0, 0.00000e+0, 2.00000e+1, 0.00000e+0, 1.50000e+1, 0.00000e+0, 3, 1, 
05/20/2021 19:01:57.766, 05/20/2021 19:01:57.704, 4.16564e+0, 0.00000e+0, 9.81767e+1, 0.00000e+0, 1.00086e-2, 0.00000e+0, 1.02908e+5, 0.00000e+0, -6.63609e+1, 0.00000e+0, 1.11567e-2, 0.00000e+0, -7.39733e+1, 0.00000e+0, 5.00757e+2, 0.00000e+0, 3.18772e+1, 0.00000e+0, 2.98373e+1, 0.00000e+0, 1.23739e+0, 0.00000e+0, 1.38043e+0, 0.00000e+0, 2.00000e+1, 0.00000e+0, 1.50000e+1, 0.00000e+0, 3, 1, 
05/20/2021 19:01:58.755, 05/20/2021 19:01:58.699, 4.16541e+0, 0.00000e+0, 9.81429e+1, 0.00000e+0, 2.37805e-1, 0.00000e+0, -4.25341e+4, 0.00000e+0, 6.07846e+1, 0.00000e+0, 2.28103e-1, 0.00000e+0, 5.83046e+1, 0.00000e+0, 5.00866e+2, 0.00000e+0, 3.18811e+1, 0.00000e+0, 2.98332e+1, 0.00000e+0, 1.34291e+0, 0.00000e+0, 1.35086e+0, 0.00000e+0, 2.00000e+1, 0.00000e+0, 1.50000e+1, 0.00000e+0, 3, 1, 
05/20/2021 19:01:59.799, 05/20/2021 19:01:59.694, 4.16557e+0, 0.00000e+0, 9.81667e+1, 0.00000e+0, -4.23239e-2, 0.00000e+0, -3.42849e+4, 0.00000e+0, 1.22241e+2, 0.00000e+0, -4.09209e-2, 0.00000e+0, 1.18188e+2, 0.00000e+0, 5.00666e+2, 0.00000e+0, 3.18852e+1, 0.00000e+0, 2.98333e+1, 0.00000e+0, 1.23352e+0, 0.00000e+0, 1.54433e+0, 0.00000e+0, 2.00000e+1, 0.00000e+0, 1.50000e+1, 0.00000e+0, 3, 2, 
05/20/2021 19:02:00.772, 05/20/2021 19:02:00.687, 4.16548e+0, 0.00000e+0, 9.81541e+1, 0.00000e+0, 8.82720e-2, 0.00000e+0, 1.18953e+3, 0.00000e+0, -3.47254e+1, 0.00000e+0, 8.83772e-2, 0.00000e+0, -3.47668e+1, 0.00000e+0, 5.00867e+2, 0.00000e+0, 3.18836e+1, 0.00000e+0, 2.98248e+1, 0.00000e+0, 1.37712e+0, 0.00000e+0, 1.43402e+0, 0.00000e+0, 2.00000e+1, 0.00000e+0, 1.50000e+1, 0.00000e+0, 3, 2, 
05/20/2021 19:02:01.775, 05/20/2021 19:02:01.683, 4.16549e+0, 0.00000e+0, 9.81545e+1, 0.00000e+0, 1.27393e-1, 0.00000e+0, -3.78087e+3, 0.00000e+0, 1.09830e+2, 0.00000e+0, 1.26913e-1, 0.00000e+0, 1.09416e+2, 0.00000e+0, 5.00666e+2, 0.00000e+0, 3.19088e+1, 0.00000e+0, 2.98240e+1, 0.00000e+0, 1.31004e+0, 0.00000e+0, 1.27478e+0, 0.00000e+0, 2.00000e+1, 0.00000e+0, 1.50000e+1, 0.00000e+0, 3, 2, 
05/20/2021 19:02:02.729, 05/20/2021 19:02:02.677, 4.16531e+0, 0.00000e+0, 9.81283e+1, 0.00000e+0, 1.05180e-1, 0.00000e+0, -3.69085e+3, 0.00000e+0, -2.10293e+2, 0.00000e+0, 1.04793e-1, 0.00000e+0, -2.09520e+2, 0.00000e+0, 5.00493e+2, 0.00000e+0, 3.19181e+1, 0.00000e+0, 2.98174e+1, 0.00000e+0, 1.27354e+0, 0.00000e+0, 1.54293e+0, 0.00000e+0, 2.00000e+1, 0.00000e+0, 1.50000e+1, 0.00000e+0, 3, 2, 
05/20/2021 19:02:03.764, 05/20/2021 19:02:03.671, 4.16533e+0, 0.00000e+0, 9.81315e+1, 0.00000e+0, -5.51573e-1, 0.00000e+0, -2.62476e+3, 0.00000e+0, -1.29077e+2, 0.00000e+0, -5.50129e-1, 0.00000e+0, -1.28739e+2, 0.00000e+0, 5.00607e+2, 0.00000e+0, 3.19437e+1, 0.00000e+0, 2.98117e+1, 0.00000e+0, 1.14234e+0, 0.00000e+0, 1.50461e+0, 0.00000e+0, 2.00000e+1, 0.00000e+0, 1.50000e+1, 0.00000e+0, 3, 2, 
05/20/2021 19:02:04.741, 05/20/2021 19:02:04.665, 4.16530e+0, 0.00000e+0, 9.81270e+1, 0.00000e+0, -2.78610e-1, 0.00000e+0, 3.50377e+3, 0.00000e+0, 2.42885e+2, 0.00000e+0, -2.79590e-1, 0.00000e+0, 2.43739e+2, 0.00000e+0, 5.00925e+2, 0.00000e+0, 3.19236e+1, 0.00000e+0, 2.98160e+1, 0.00000e+0, 1.20796e+0, 0.00000e+0, 1.51138e+0, 0.00000e+0, 2.00000e+1, 0.00000e+0, 1.50000e+1, 0.00000e+0, 3, 2, 
05/20/2021 19:02:05.812, 05/20/2021 19:02:05.660, 4.16544e+0, 0.00000e+0, 9.81482e+1, 0.00000e+0, 9.65998e-2, 0.00000e+0, 2.11589e+3, 0.00000e+0, -7.39977e+1, 0.00000e+0, 9.68046e-2, 0.00000e+0, -7.41546e+1, 0.00000e+0, 5.00855e+2, 0.00000e+0, 3.18877e+1, 0.00000e+0, 2.98125e+1, 0.00000e+0, 1.28012e+0, 0.00000e+0, 1.37574e+0, 0.00000e+0, 2.00000e+1, 0.00000e+0, 1.50000e+1, 0.00000e+0, 3, 2, 
05/20/2021 19:02:06.823, 05/20/2021 19:02:06.656, 4.16527e+0, 0.00000e+0, 9.81230e+1, 0.00000e+0, 9.12357e-2, 0.00000e+0, -2.60405e+4, 0.00000e+0, 2.12807e+1, 0.00000e+0, 8.89202e-2, 0.00000e+0, 2.07406e+1, 0.00000e+0, 5.00893e+2, 0.00000e+0, 3.19075e+1, 0.00000e+0, 2.98127e+1, 0.00000e+0, 1.24886e+0, 0.00000e+0, 1.49278e+0, 0.00000e+0, 2.00000e+1, 0.00000e+0, 1.50000e+1, 0.00000e+0, 3, 2, 
05/20/2021 19:02:07.730, 05/20/2021 19:02:07.650, 4.16525e+0, 0.00000e+0, 9.81195e+1, 0.00000e+0, 5.23900e-1, 0.00000e+0, 1.85533e+3, 0.00000e+0, -1.18284e+2, 0.00000e+0, 5.24874e-1, 0.00000e+0, -1.18503e+2, 0.00000e+0, 5.00715e+2, 0.00000e+0, 3.19123e+1, 0.00000e+0, 2.98146e+1, 0.00000e+0, 1.37221e+0, 0.00000e+0, 1.52411e+0, 0.00000e+0, 2.00000e+1, 0.00000e+0, 1.50000e+1, 0.00000e+0, 3, 2, 
05/20/2021 19:02:08.699, 05/20/2021 19:02:08.643, 4.16566e+0, 0.00000e+0, 9.81798e+1, 0.00000e+0, 6.11295e-2, 0.00000e+0, -1.81779e+4, 0.00000e+0, 1.31098e+2, 0.00000e+0, 6.00381e-2, 0.00000e+0, 1.28757e+2, 0.00000e+0, 5.00582e+2, 0.00000e+0, 3.18864e+1, 0.00000e+0, 2.98272e+1, 0.00000e+0, 1.26753e+0, 0.00000e+0, 1.28551e+0, 0.00000e+0, 2.00000e+1, 0.00000e+0, 1.50000e+1, 0.00000e+0, 3, 2, 
05/20/2021 19:02:09.713, 05/20/2021 19:02:09.639, 4.16557e+0, 0.00000e+0, 9.81661e+1, 0.00000e+0, -4.64635e-1, 0.00000e+0, 1.75632e+3, 0.00000e+0, -5.83271e+0, 0.00000e+0, -4.65452e-1, 0.00000e+0, -5.84297e+0, 0.00000e+0, 5.00635e+2, 0.00000e+0, 3.19065e+1, 0.00000e+0, 2.98139e+1, 0.00000e+0, 1.17290e+0, 0.00000e+0, 1.24981e+0, 0.00000e+0, 2.00000e+1, 0.00000e+0, 1.50000e+1, 0.00000e+0, 3, 2, 
05/20/2021 19:02:10.710, 05/20/2021 19:02:10.633, 4.16555e+0, 0.00000e+0, 9.81631e+1, 0.00000e+0, 1.28546e-1, 0.00000e+0, 9.81515e+4, 0.00000e+0, 7.79176e+1, 0.00000e+0, 1.42536e-1, 0.00000e+0, 8.63977e+1, 0.00000e+0, 5.00849e+2, 0.00000e+0, 3.19255e+1, 0.00000e+0, 2.98124e+1, 0.00000e+0, 1.25489e+0, 0.00000e+0, 1.41190e+0, 0.00000e+0, 2.00000e+1, 0.00000e+0, 1.50000e+1, 0.00000e+0, 3, 2, 
05/20/2021 19:02:11.713, 05/20/2021 19:02:11.628, 4.16564e+0, 0.00000e+0, 9.81766e+1, 0.00000e+0, -7.25284e-2, 0.00000e+0, -5.72454e+3, 0.00000e+0, 1.31003e+2, 0.00000e+0, -7.21155e-2, 0.00000e+0, 1.30257e+2, 0.00000e+0, 5.00779e+2, 0.00000e+0, 3.18924e+1, 0.00000e+0, 2.98191e+1, 0.00000e+0, 1.11255e+0, 0.00000e+0, 1.31317e+0, 0.00000e+0, 2.00000e+1, 0.00000e+0, 1.50000e+1, 0.00000e+0, 3, 2, 
05/20/2021 19:02:12.727, 05/20/2021 19:02:12.622, 4.16544e+0, 0.00000e+0, 9.81471e+1, 0.00000e+0, -2.10584e-2, 0.00000e+0, -8.02411e+3, 0.00000e+0, 1.18837e+1, 0.00000e+0, -2.08907e-2, 0.00000e+0, 1.17891e+1, 0.00000e+0, 5.00684e+2, 0.00000e+0, 3.18809e+1, 0.00000e+0, 2.98140e+1, 0.00000e+0, 1.20873e+0, 0.00000e+0, 1.35848e+0, 0.00000e+0, 2.00000e+1, 0.00000e+0, 1.50000e+1, 0.00000e+0, 3, 2, 
05/20/2021 19:02:13.715, 05/20/2021 19:02:13.617, 4.16533e+0, 0.00000e+0, 9.81309e+1, 0.00000e+0, 3.90760e-1, 0.00000e+0, -5.17186e+3, 0.00000e+0, -7.04307e+1, 0.00000e+0, 3.88749e-1, 0.00000e+0, -7.00683e+1, 0.00000e+0, 5.00774e+2, 0.00000e+0, 3.18969e+1, 0.00000e+0, 2.98118e+1, 0.00000e+0, 1.14417e+0, 0.00000e+0, 1.38878e+0, 0.00000e+0, 2.00000e+1, 0.00000e+0, 1.50000e+1, 0.00000e+0, 3, 2, 
05/20/2021 19:02:14.690, 05/20/2021 19:02:14.618, 4.16523e+0, 0.00000e+0, 9.81170e+1, 0.00000e+0, 1.19798e-1, 0.00000e+0, 9.54753e+4, 0.00000e+0, 1.02234e+2, 0.00000e+0, 1.32443e-1, 0.00000e+0, 1.13026e+2, 0.00000e+0, 5.00480e+2, 0.00000e+0, 3.19058e+1, 0.00000e+0, 2.98069e+1, 0.00000e+0, 1.27051e+0, 0.00000e+0, 1.44217e+0, 0.00000e+0, 2.00000e+1, 0.00000e+0, 1.50000e+1, 0.00000e+0, 3, 2, 
05/20/2021 19:02:15.704, 05/20/2021 19:02:15.612, 4.16535e+0, 0.00000e+0, 9.81343e+1, 0.00000e+0, 4.56412e-1, 0.00000e+0, -4.33151e+3, 0.00000e+0, -8.60930e+1, 0.00000e+0, 4.54444e-1, 0.00000e+0, -8.57217e+1, 0.00000e+0, 5.00516e+2, 0.00000e+0, 3.18932e+1, 0.00000e+0, 2.98086e+1, 0.00000e+0, 1.24485e+0, 0.00000e+0, 1.53823e+0, 0.00000e+0, 2.00000e+1, 0.00000e+0, 1.50000e+1, 0.00000e+0, 3, 2, 
05/20/2021 19:02:16.996, 05/20/2021 19:02:16.845, 4.16528e+0, 0.00000e+0, 9.81239e+1, 0.00000e+0, 7.59246e-2, 0.00000e+0, 4.17552e+1, 0.00000e+0, 1.86527e+2, 0.00000e+0, 7.59278e-2, 0.00000e+0, 1.86535e+2, 0.00000e+0, 5.00723e+2, 0.00000e+0, 3.18986e+1, 0.00000e+0, 2.98056e+1, 0.00000e+0, 1.23763e+0, 0.00000e+0, 1.30228e+0, 0.00000e+0, 2.00000e+1, 0.00000e+0, 1.50000e+1, 0.00000e+0, 3, 2, 
05/20/2021 19:02:17.693, 05/20/2021 19:02:17.602, 4.16501e+0, 0.00000e+0, 9.80842e+1, 0.00000e+0, -3.09696e-1, 0.00000e+0, -7.37657e+3, 0.00000e+0, 1.70356e+1, 0.00000e+0, -3.07428e-1, 0.00000e+0, 1.69108e+1, 0.00000e+0, 5.00798e+2, 0.00000e+0, 3.19409e+1, 0.00000e+0, 2.98017e+1, 0.00000e+0, 1.15753e+0, 0.00000e+0, 1.44088e+0, 0.00000e+0, 2.00000e+1, 0.00000e+0, 1.50000e+1, 0.00000e+0, 3, 2, 
05/20/2021 19:02:18.746, 05/20/2021 19:02:18.596, 4.16526e+0, 0.00000e+0, 9.81208e+1, 0.00000e+0, 2.70862e-2, 0.00000e+0, 6.63783e+2, 0.00000e+0, 5.42779e+1, 0.00000e+0, 2.71042e-2, 0.00000e+0, 5.43140e+1, 0.00000e+0, 5.00472e+2, 0.00000e+0, 3.18926e+1, 0.00000e+0, 2.98160e+1, 0.00000e+0, 1.25023e+0, 0.00000e+0, 1.42034e+0, 0.00000e+0, 2.00000e+1, 0.00000e+0, 1.50000e+1, 0.00000e+0, 3, 2, 
05/20/2021 19:02:19.646, 05/20/2021 19:02:19.592, 4.16516e+0, 0.00000e+0, 9.81056e+1, 0.00000e+0, 2.89855e-1, 0.00000e+0, -3.08256e+4, 0.00000e+0, -9.62738e+1, 0.00000e+0, 2.81187e-1, 0.00000e+0, -9.33949e+1, 0.00000e+0, 5.00830e+2, 0.00000e+0, 3.19091e+1, 0.00000e+0, 2.98053e+1, 0.00000e+0, 1.12631e+0, 0.00000e+0, 1.35816e+0, 0.00000e+0, 2.00000e+1, 0.00000e+0, 1.50000e+1, 0.00000e+0, 3, 2, 
05/20/2021 19:02:20.691, 05/20/2021 19:02:20.585, 4.16544e+0, 0.00000e+0, 9.81480e+1, 0.00000e+0, 3.77125e-1, 0.00000e+0, 3.07076e+3, 0.00000e+0, -6.47126e+0, 0.00000e+0, 3.78287e-1, 0.00000e+0, -6.49119e+0, 0.00000e+0, 5.00558e+2, 0.00000e+0, 3.19308e+1, 0.00000e+0, 2.98155e+1, 0.00000e+0, 1.27237e+0, 0.00000e+0, 1.31884e+0, 0.00000e+0, 2.00000e+1, 0.00000e+0, 1.50000e+1, 0.00000e+0, 3, 2, 
05/20/2021 19:02:21.674, 05/20/2021 19:02:21.580, 4.16538e+0, 0.00000e+0, 9.81390e+1, 0.00000e+0, 6.10131e-2, 0.00000e+0, -1.12545e+4, 0.00000e+0, 1.24389e+1, 0.00000e+0, 6.03340e-2, 0.00000e+0, 1.23004e+1, 0.00000e+0, 5.00371e+2, 0.00000e+0, 3.19023e+1, 0.00000e+0, 2.98230e+1, 0.00000e+0, 1.14839e+0, 0.00000e+0, 1.49982e+0, 0.00000e+0, 2.00000e+1, 0.00000e+0, 1.50000e+1, 0.00000e+0, 3, 2, 
05/20/2021 19:02:22.630, 05/20/2021 19:02:22.574, 4.16526e+0, 0.00000e+0, 9.81213e+1, 0.00000e+0, 3.15506e-2, 0.00000e+0, -5.75493e+3, 0.00000e+0, -6.42615e+0, 0.00000e+0, 3.13701e-2, 0.00000e+0, -6.38937e+0, 0.00000e+0, 5.00348e+2, 0.00000e+0, 3.19013e+1, 0.00000e+0, 2.98150e+1, 0.00000e+0, 1.33706e+0, 0.00000e+0, 1.51855e+0, 0.00000e+0, 2.00000e+1, 0.00000e+0, 1.50000e+1, 0.00000e+0, 3, 2, 
05/20/2021 19:02:25.136, 05/20/2021 19:02:25.048, 4.16465e+0, 0.00000e+0, 9.80314e+1, 0.00000e+0, -1.23552e-1, 0.00000e+0, 1.07422e+5, 0.00000e+0, 5.15677e+1, 0.00000e+0, -1.38422e-1, 0.00000e+0, 5.77738e+1, 0.00000e+0, 5.00144e+2, 0.00000e+0, 3.18752e+1, 0.00000e+0, 2.97863e+1, 0.00000e+0, 1.13883e+0, 0.00000e+0, 1.47962e+0, 0.00000e+0, 2.00000e+1, 0.00000e+0, 1.50000e+1, 0.00000e+0, 3, 2, 
05/20/2021 19:02:25.228, 05/20/2021 19:02:25.145, 4.16451e+0, 0.00000e+0, 9.80099e+1, 0.00000e+0, 1.16506e-1, 0.00000e+0, -1.46877e+4, 0.00000e+0, -6.17841e+1, 0.00000e+0, 1.14820e-1, 0.00000e+0, -6.08898e+1, 0.00000e+0, 5.00106e+2, 0.00000e+0, 3.18382e+1, 0.00000e+0, 2.98080e+1, 0.00000e+0, 1.35343e+0, 0.00000e+0, 1.44124e+0, 0.00000e+0, 2.00000e+1, 0.00000e+0, 1.50000e+1, 0.00000e+0, 3, 2, 
05/20/2021 19:02:25.651, 05/20/2021 19:02:25.557, 4.16468e+0, 0.00000e+0, 9.80361e+1, 0.00000e+0, 1.57559e-2, 0.00000e+0, -1.15414e+3, 0.00000e+0, -9.13860e+1, 0.00000e+0, 1.57378e-2, 0.00000e+0, -9.12806e+1, 0.00000e+0, 5.00143e+2, 0.00000e+0, 3.19254e+1, 0.00000e+0, 2.97916e+1, 0.00000e+0, 1.17349e+0, 0.00000e+0, 1.44778e+0, 0.00000e+0, 2.00000e+1, 0.00000e+0, 1.50000e+1, 0.00000e+0, 3, 2, 
05/20/2021 19:02:26.609, 05/20/2021 19:02:26.553, 4.16541e+0, 0.00000e+0, 9.81437e+1, 0.00000e+0, 3.48927e-1, 0.00000e+0, 2.45984e+3, 0.00000e+0, -2.97508e+1, 0.00000e+0, 3.49788e-1, 0.00000e+0, -2.98242e+1, 0.00000e+0, 5.00545e+2, 0.00000e+0, 3.19280e+1, 0.00000e+0, 2.98099e+1, 0.00000e+0, 1.21016e+0, 0.00000e+0, 1.41735e+0, 0.00000e+0, 2.00000e+1, 0.00000e+0, 1.50000e+1, 0.00000e+0, 3, 2, 
05/20/2021 19:02:27.651, 05/20/2021 19:02:27.546, 4.16551e+0, 0.00000e+0, 9.81584e+1, 0.00000e+0, 1.02785e-1, 0.00000e+0, -2.91524e+3, 0.00000e+0, 2.25614e+2, 0.00000e+0, 1.02486e-1, 0.00000e+0, 2.24958e+2, 0.00000e+0, 5.00995e+2, 0.00000e+0, 3.18981e+1, 0.00000e+0, 2.98200e+1, 0.00000e+0, 1.36450e+0, 0.00000e+0, 1.46210e+0, 0.00000e+0, 2.00000e+1, 0.00000e+0, 1.50000e+1, 0.00000e+0, 3, 2, 
05/20/2021 19:02:28.621, 05/20/2021 19:02:28.570, 4.16493e+0, 0.00000e+0, 9.80720e+1, 0.00000e+0, 1.89200e-1, 0.00000e+0, 1.28984e+4, 0.00000e+0, 8.40498e+0, 0.00000e+0, 1.91672e-1, 0.00000e+0, 8.51481e+0, 0.00000e+0, 5.00828e+2, 0.00000e+0, 3.19441e+1, 0.00000e+0, 2.98039e+1, 0.00000e+0, 1.17857e+0, 0.00000e+0, 1.47909e+0, 0.00000e+0, 2.00000e+1, 0.00000e+0, 1.50000e+1, 0.00000e+0, 3, 2, 
05/20/2021 19:02:29.633, 05/20/2021 19:02:29.536, 4.16435e+0, 0.00000e+0, 9.79865e+1, 0.00000e+0, 1.56448e-1, 0.00000e+0, -2.61776e+4, 0.00000e+0, -6.72370e+1, 0.00000e+0, 1.52457e-1, 0.00000e+0, -6.55218e+1, 0.00000e+0, 5.00508e+2, 0.00000e+0, 3.20162e+1, 0.00000e+0, 2.97838e+1, 0.00000e+0, 1.28361e+0, 0.00000e+0, 1.42801e+0, 0.00000e+0, 2.00000e+1, 0.00000e+0, 1.50000e+1, 0.00000e+0, 3, 3, 
05/20/2021 19:02:30.581, 05/20/2021 19:02:30.530, 4.16278e+0, 0.00000e+0, 9.77545e+1, 0.00000e+0, -5.45188e-1, 0.00000e+0, 1.12968e+5, 0.00000e+0, 1.06571e+2, 0.00000e+0, -6.14621e-1, 0.00000e+0, 1.20143e+2, 0.00000e+0, 5.00252e+2, 0.00000e+0, 3.20476e+1, 0.00000e+0, 2.97463e+1, 0.00000e+0, 1.14131e+0, 0.00000e+0, 1.38186e+0, 0.00000e+0, 2.00000e+1, 0.00000e+0, 7.00000e+0, 0.00000e+0, 3, 3, 
05/20/2021 19:02:31.655, 05/20/2021 19:02:31.525, 4.16406e+0, 0.00000e+0, 9.79440e+1, 0.00000e+0, -6.83379e-2, 0.00000e+0, -5.37939e+3, 0.00000e+0, 2.07215e+2, 0.00000e+0, -6.79722e-2, 0.00000e+0, 2.06107e+2, 0.00000e+0, 5.00781e+2, 0.00000e+0, 3.19524e+1, 0.00000e+0, 2.97836e+1, 0.00000e+0, 1.19319e+0, 0.00000e+0, 1.30575e+0, 0.00000e+0, 2.00000e+1, 0.00000e+0, 7.00000e+0, 0.00000e+0, 3, 3, 
05/20/2021 19:02:32.570, 05/20/2021 19:02:32.519, 4.16457e+0, 0.00000e+0, 9.80198e+1, 0.00000e+0, 3.68360e-1, 0.00000e+0, -2.78006e+3, 0.00000e+0, -1.90420e+2, 0.00000e+0, 3.67339e-1, 0.00000e+0, -1.89892e+2, 0.00000e+0, 5.00793e+2, 0.00000e+0, 3.19118e+1, 0.00000e+0, 2.97946e+1, 0.00000e+0, 1.21404e+0, 0.00000e+0, 1.39364e+0, 0.00000e+0, 2.00000e+1, 0.00000e+0, 7.00000e+0, 0.00000e+0, 3, 3, 
05/20/2021 19:02:33.594, 05/20/2021 19:02:33.513, 4.16484e+0, 0.00000e+0, 9.80589e+1, 0.00000e+0, 3.54766e-1, 0.00000e+0, 9.87373e+4, 0.00000e+0, -6.21936e+1, 0.00000e+0, 3.93632e-1, 0.00000e+0, -6.90072e+1, 0.00000e+0, 5.00757e+2, 0.00000e+0, 3.18878e+1, 0.00000e+0, 2.98097e+1, 0.00000e+0, 1.36432e+0, 0.00000e+0, 1.45944e+0, 0.00000e+0, 2.00000e+1, 0.00000e+0, 7.00000e+0, 0.00000e+0, 3, 3, 
05/20/2021 19:02:34.561, 05/20/2021 19:02:34.508, 4.16365e+0, 0.00000e+0, 9.78839e+1, 0.00000e+0, -4.23879e-1, 0.00000e+0, -2.25414e+3, 0.00000e+0, 1.11267e+2, 0.00000e+0, -4.22926e-1, 0.00000e+0, 1.11017e+2, 0.00000e+0, 5.00433e+2, 0.00000e+0, 3.19341e+1, 0.00000e+0, 2.97801e+1, 0.00000e+0, 1.19346e+0, 0.00000e+0, 1.46415e+0, 0.00000e+0, 2.00000e+1, 0.00000e+0, 7.00000e+0, 0.00000e+0, 3, 3, 
05/20/2021 19:02:35.567, 05/20/2021 19:02:35.503, 4.16432e+0, 0.00000e+0, 9.79820e+1, 0.00000e+0, 3.37743e-1, 0.00000e+0, 3.27963e+3, 0.00000e+0, -9.11848e+0, 0.00000e+0, 3.38854e-1, 0.00000e+0, -9.14849e+0, 0.00000e+0, 5.00828e+2, 0.00000e+0, 3.19299e+1, 0.00000e+0, 2.97950e+1, 0.00000e+0, 1.20841e+0, 0.00000e+0, 1.40723e+0, 0.00000e+0, 2.00000e+1, 0.00000e+0, 7.00000e+0, 0.00000e+0, 3, 3, 
05/20/2021 19:02:36.564, 05/20/2021 19:02:36.497, 4.16432e+0, 0.00000e+0, 9.79817e+1, 0.00000e+0, -4.05965e-1, 0.00000e+0, 9.90721e+4, 0.00000e+0, -1.02680e+2, 0.00000e+0, -4.50607e-1, 0.00000e+0, -1.13971e+2, 0.00000e+0, 5.00312e+2, 0.00000e+0, 3.19133e+1, 0.00000e+0, 2.98032e+1, 0.00000e+0, 1.28574e+0, 0.00000e+0, 1.51462e+0, 0.00000e+0, 2.00000e+1, 0.00000e+0, 7.00000e+0, 0.00000e+0, 3, 3, 
05/20/2021 19:02:37.682, 05/20/2021 19:02:37.492, 4.16382e+0, 0.00000e+0, 9.79092e+1, 0.00000e+0, 2.83938e-1, 0.00000e+0, -5.39012e+4, 0.00000e+0, -3.90211e+1, 0.00000e+0, 2.69416e-1, 0.00000e+0, -3.70253e+1, 0.00000e+0, 5.00634e+2, 0.00000e+0, 3.19408e+1, 0.00000e+0, 2.97825e+1, 0.00000e+0, 1.26751e+0, 0.00000e+0, 1.43931e+0, 0.00000e+0, 2.00000e+1, 0.00000e+0, 7.00000e+0, 0.00000e+0, 3, 3, 
05/20/2021 19:02:38.685, 05/20/2021 19:02:38.486, 4.16436e+0, 0.00000e+0, 9.79884e+1, 0.00000e+0, -2.61638e-1, 0.00000e+0, -3.36433e+4, 0.00000e+0, 6.38454e+1, 0.00000e+0, -2.53122e-1, 0.00000e+0, 6.17673e+1, 0.00000e+0, 5.00899e+2, 0.00000e+0, 3.19062e+1, 0.00000e+0, 2.98051e+1, 0.00000e+0, 8.16011e-1, 0.00000e+0, 1.58399e+0, 0.00000e+0, 2.00000e+1, 0.00000e+0, 7.00000e+0, 0.00000e+0, 3, 3, 
05/20/2021 19:02:39.565, 05/20/2021 19:02:39.481, 4.16369e+0, 0.00000e+0, 9.78890e+1, 0.00000e+0, 8.18084e-2, 0.00000e+0, -6.74089e+3, 0.00000e+0, -2.19409e+2, 0.00000e+0, 8.12607e-2, 0.00000e+0, -2.17940e+2, 0.00000e+0, 5.00696e+2, 0.00000e+0, 3.19249e+1, 0.00000e+0, 2.97897e+1, 0.00000e+0, 1.29426e+0, 0.00000e+0, 1.44522e+0, 0.00000e+0, 2.00000e+1, 0.00000e+0, 7.00000e+0, 0.00000e+0, 3, 3, 
05/20/2021 19:02:40.542, 05/20/2021 19:02:40.480, 4.16467e+0, 0.00000e+0, 9.80338e+1, 0.00000e+0, 2.92031e-1, 0.00000e+0, -1.21432e+4, 0.00000e+0, -3.60607e+1, 0.00000e+0, 2.88528e-1, 0.00000e+0, -3.56281e+1, 0.00000e+0, 5.00777e+2, 0.00000e+0, 3.18859e+1, 0.00000e+0, 2.98139e+1, 0.00000e+0, 1.22564e+0, 0.00000e+0, 1.55634e+0, 0.00000e+0, 2.00000e+1, 0.00000e+0, 7.00000e+0, 0.00000e+0, 3, 3, 
05/20/2021 19:02:41.579, 05/20/2021 19:02:41.477, 4.16358e+0, 0.00000e+0, 9.78727e+1, 0.00000e+0, 2.44286e-1, 0.00000e+0, 7.32015e+3, 0.00000e+0, 3.84852e+1, 0.00000e+0, 2.46087e-1, 0.00000e+0, 3.87690e+1, 0.00000e+0, 5.00400e+2, 0.00000e+0, 3.19712e+1, 0.00000e+0, 2.97872e+1, 0.00000e+0, 1.17927e+0, 0.00000e+0, 1.35920e+0, 0.00000e+0, 2.00000e+1, 0.00000e+0, 7.00000e+0, 0.00000e+0, 3, 3, 
05/20/2021 19:02:42.558, 05/20/2021 19:02:42.471, 4.16470e+0, 0.00000e+0, 9.80378e+1, 0.00000e+0, -4.87260e-1, 0.00000e+0, 5.84121e+3, 0.00000e+0, 1.52051e+2, 0.00000e+0, -4.90123e-1, 0.00000e+0, 1.52944e+2, 0.00000e+0, 5.00804e+2, 0.00000e+0, 3.18959e+1, 0.00000e+0, 2.98182e+1, 0.00000e+0, 1.22113e+0, 0.00000e+0, 1.26973e+0, 0.00000e+0, 2.00000e+1, 0.00000e+0, 7.00000e+0, 0.00000e+0, 3, 3, 
05/20/2021 19:02:43.613, 05/20/2021 19:02:43.465, 4.16353e+0, 0.00000e+0, 9.78664e+1, 0.00000e+0, 4.91692e-1, 0.00000e+0, 1.34703e+5, 0.00000e+0, 1.09987e+2, 0.00000e+0, 5.68235e-1, 0.00000e+0, 1.27109e+2, 0.00000e+0, 5.00626e+2, 0.00000e+0, 3.19548e+1, 0.00000e+0, 2.97803e+1, 0.00000e+0, 9.55754e-1, 0.00000e+0, 1.26772e+0, 0.00000e+0, 2.00000e+1, 0.00000e+0, 7.00000e+0, 0.00000e+0, 3, 3, 
05/20/2021 19:02:44.641, 05/20/2021 19:02:44.460, 4.16441e+0, 0.00000e+0, 9.79956e+1, 0.00000e+0, 1.50839e-1, 0.00000e+0, 1.18154e+5, 0.00000e+0, -9.69250e+1, 0.00000e+0, 1.71049e-1, 0.00000e+0, -1.09911e+2, 0.00000e+0, 5.00956e+2, 0.00000e+0, 3.19026e+1, 0.00000e+0, 2.98063e+1, 0.00000e+0, 1.08302e+0, 0.00000e+0, 1.55698e+0, 0.00000e+0, 2.00000e+1, 0.00000e+0, 7.00000e+0, 0.00000e+0, 3, 3, 
05/20/2021 19:02:45.541, 05/20/2021 19:02:45.455, 4.16374e+0, 0.00000e+0, 9.78970e+1, 0.00000e+0, 3.80604e-2, 0.00000e+0, -1.17181e+4, 0.00000e+0, -1.09479e+2, 0.00000e+0, 3.76196e-2, 0.00000e+0, -1.08211e+2, 0.00000e+0, 5.00880e+2, 0.00000e+0, 3.19196e+1, 0.00000e+0, 2.97886e+1, 0.00000e+0, 1.28087e+0, 0.00000e+0, 1.28812e+0, 0.00000e+0, 2.00000e+1, 0.00000e+0, 7.00000e+0, 0.00000e+0, 3, 3, 
05/20/2021 19:02:46.533, 05/20/2021 19:02:46.449, 4.16495e+0, 0.00000e+0, 9.80749e+1, 0.00000e+0, -1.40004e-1, 0.00000e+0, -2.30915e+4, 0.00000e+0, 9.91229e+1, 0.00000e+0, -1.36844e-1, 0.00000e+0, 9.68857e+1, 0.00000e+0, 5.01126e+2, 0.00000e+0, 3.18800e+1, 0.00000e+0, 2.98315e+1, 0.00000e+0, 1.15431e+0, 0.00000e+0, 1.35380e+0, 0.00000e+0, 2.00000e+1, 0.00000e+0, 7.00000e+0, 0.00000e+0, 3, 3, 
05/20/2021 19:02:47.525, 05/20/2021 19:02:47.444, 4.16418e+0, 0.00000e+0, 9.79611e+1, 0.00000e+0, 1.07634e-1, 0.00000e+0, -1.61779e+4, 0.00000e+0, 3.02945e+1, 0.00000e+0, 1.05921e-1, 0.00000e+0, 2.98122e+1, 0.00000e+0, 5.00502e+2, 0.00000e+0, 3.19126e+1, 0.00000e+0, 2.97979e+1, 0.00000e+0, 1.39911e+0, 0.00000e+0, 1.13755e+0, 0.00000e+0, 2.00000e+1, 0.00000e+0, 7.00000e+0, 0.00000e+0, 3, 3, 
05/20/2021 19:02:48.526, 05/20/2021 19:02:48.439, 4.16317e+0, 0.00000e+0, 9.78134e+1, 0.00000e+0, -1.80805e-1, 0.00000e+0, 4.99572e+3, 0.00000e+0, 8.06774e-1, 0.00000e+0, -1.81713e-1, 0.00000e+0, 8.10825e-1, 0.00000e+0, 5.00150e+2, 0.00000e+0, 3.19982e+1, 0.00000e+0, 2.97681e+1, 0.00000e+0, 1.15524e+0, 0.00000e+0, 1.38034e+0, 0.00000e+0, 2.00000e+1, 0.00000e+0, 7.00000e+0, 0.00000e+0, 3, 3, 
05/20/2021 19:02:49.519, 05/20/2021 19:02:49.433, 4.16479e+0, 0.00000e+0, 9.80523e+1, 0.00000e+0, -3.29308e-1, 0.00000e+0, -1.51519e+4, 0.00000e+0, -1.53232e+2, 0.00000e+0, -3.24392e-1, 0.00000e+0, -1.50944e+2, 0.00000e+0, 5.00666e+2, 0.00000e+0, 3.18858e+1, 0.00000e+0, 2.98190e+1, 0.00000e+0, 1.17925e+0, 0.00000e+0, 1.46331e+0, 0.00000e+0, 2.00000e+1, 0.00000e+0, 7.00000e+0, 0.00000e+0, 3, 3, 
05/20/2021 19:02:50.531, 05/20/2021 19:02:50.427, 4.16415e+0, 0.00000e+0, 9.79571e+1, 0.00000e+0, 2.00612e-1, 0.00000e+0, 2.81044e+3, 0.00000e+0, -1.54771e+1, 0.00000e+0, 2.01177e-1, 0.00000e+0, -1.55207e+1, 0.00000e+0, 5.00575e+2, 0.00000e+0, 3.19187e+1, 0.00000e+0, 2.98048e+1, 0.00000e+0, 1.21998e+0, 0.00000e+0, 1.43709e+0, 0.00000e+0, 2.00000e+1, 0.00000e+0, 7.00000e+0, 0.00000e+0, 3, 3, 
05/20/2021 19:02:51.543, 05/20/2021 19:02:51.422, 4.16388e+0, 0.00000e+0, 9.79169e+1, 0.00000e+0, -1.02829e+0, 0.00000e+0, -1.44817e+4, 0.00000e+0, 8.53731e+1, 0.00000e+0, -1.01362e+0, 0.00000e+0, 8.41544e+1, 0.00000e+0, 5.00484e+2, 0.00000e+0, 3.19631e+1, 0.00000e+0, 2.98063e+1, 0.00000e+0, 1.18032e+0, 0.00000e+0, 1.50003e+0, 0.00000e+0, 2.00000e+1, 0.00000e+0, 7.00000e+0, 0.00000e+0, 3, 3, 
05/20/2021 19:02:52.485, 05/20/2021 19:02:52.416, 4.16378e+0, 0.00000e+0, 9.79027e+1, 0.00000e+0, -3.11296e-1, 0.00000e+0, 4.35870e+2, 0.00000e+0, -1.66858e+1, 0.00000e+0, -3.11431e-1, 0.00000e+0, -1.66931e+1, 0.00000e+0, 5.00494e+2, 0.00000e+0, 3.19459e+1, 0.00000e+0, 2.97954e+1, 0.00000e+0, 1.08455e+0, 0.00000e+0, 1.51136e+0, 0.00000e+0, 2.00000e+1, 0.00000e+0, 7.00000e+0, 0.00000e+0, 3, 3, 
05/20/2021 19:02:53.530, 05/20/2021 19:02:53.413, 4.16426e+0, 0.00000e+0, 9.79733e+1, 0.00000e+0, -5.39975e-1, 0.00000e+0, -1.73061e+4, 0.00000e+0, 1.20774e+1, 0.00000e+0, -5.30789e-1, 0.00000e+0, 1.18720e+1, 0.00000e+0, 5.00645e+2, 0.00000e+0, 3.19225e+1, 0.00000e+0, 2.98132e+1, 0.00000e+0, 1.19647e+0, 0.00000e+0, 1.45126e+0, 0.00000e+0, 2.00000e+1, 0.00000e+0, 7.00000e+0, 0.00000e+0, 3, 3, 
05/20/2021 19:02:54.526, 05/20/2021 19:02:54.406, 4.16464e+0, 0.00000e+0, 9.80289e+1, 0.00000e+0, 2.48077e-1, 0.00000e+0, -1.54056e+4, 0.00000e+0, -2.33036e+1, 0.00000e+0, 2.44313e-1, 0.00000e+0, -2.29501e+1, 0.00000e+0, 5.00756e+2, 0.00000e+0, 3.18685e+1, 0.00000e+0, 2.98271e+1, 0.00000e+0, 1.23394e+0, 0.00000e+0, 1.50744e+0, 0.00000e+0, 2.00000e+1, 0.00000e+0, 7.00000e+0, 0.00000e+0, 3, 3, 
05/20/2021 19:02:55.519, 05/20/2021 19:02:55.400, 4.16378e+0, 0.00000e+0, 9.79032e+1, 0.00000e+0, 3.84275e-1, 0.00000e+0, -3.60243e+3, 0.00000e+0, 3.70964e+1, 0.00000e+0, 3.82895e-1, 0.00000e+0, 3.69632e+1, 0.00000e+0, 5.00223e+2, 0.00000e+0, 3.19338e+1, 0.00000e+0, 2.98003e+1, 0.00000e+0, 1.12946e+0, 0.00000e+0, 1.38463e+0, 0.00000e+0, 2.00000e+1, 0.00000e+0, 7.00000e+0, 0.00000e+0, 3, 3, 
05/20/2021 19:02:56.515, 05/20/2021 19:02:56.394, 4.16435e+0, 0.00000e+0, 9.79864e+1, 0.00000e+0, 5.08770e-1, 0.00000e+0, 9.04352e+4, 0.00000e+0, 1.50676e+1, 0.00000e+0, 5.59356e-1, 0.00000e+0, 1.65657e+1, 0.00000e+0, 5.00272e+2, 0.00000e+0, 3.19063e+1, 0.00000e+0, 2.98141e+1, 0.00000e+0, 1.36801e+0, 0.00000e+0, 1.57251e+0, 0.00000e+0, 2.00000e+1, 0.00000e+0, 7.00000e+0, 0.00000e+0, 3, 3, 
05/20/2021 19:02:57.494, 05/20/2021 19:02:57.389, 4.16434e+0, 0.00000e+0, 9.79848e+1, 0.00000e+0, -1.00257e-1, 0.00000e+0, -2.08600e+3, 0.00000e+0, -2.06673e+2, 0.00000e+0, -1.00048e-1, 0.00000e+0, -2.06243e+2, 0.00000e+0, 5.00722e+2, 0.00000e+0, 3.19395e+1, 0.00000e+0, 2.98212e+1, 0.00000e+0, 1.26365e+0, 0.00000e+0, 1.38793e+0, 0.00000e+0, 2.00000e+1, 0.00000e+0, 7.00000e+0, 0.00000e+0, 3, 3, 
05/20/2021 19:02:58.528, 05/20/2021 19:02:58.384, 4.16445e+0, 0.00000e+0, 9.80012e+1, 0.00000e+0, 5.80978e-2, 0.00000e+0, -9.36172e+3, 0.00000e+0, -1.56854e+2, 0.00000e+0, 5.75590e-2, 0.00000e+0, -1.55400e+2, 0.00000e+0, 5.00347e+2, 0.00000e+0, 3.18843e+1, 0.00000e+0, 2.98281e+1, 0.00000e+0, 1.21467e+0, 0.00000e+0, 1.42009e+0, 0.00000e+0, 2.00000e+1, 0.00000e+0, 7.00000e+0, 0.00000e+0, 3, 3, 
05/20/2021 19:02:59.495, 05/20/2021 19:02:59.378, 4.16421e+0, 0.00000e+0, 9.79660e+1, 0.00000e+0, -3.52851e-1, 0.00000e+0, -2.13402e+4, 0.00000e+0, 1.20672e+2, 0.00000e+0, -3.45478e-1, 0.00000e+0, 1.18150e+2, 0.00000e+0, 5.00603e+2, 0.00000e+0, 3.18976e+1, 0.00000e+0, 2.98245e+1, 0.00000e+0, 1.29410e+0, 0.00000e+0, 1.28722e+0, 0.00000e+0, 2.00000e+1, 0.00000e+0, 7.00000e+0, 0.00000e+0, 3, 4, 
05/20/2021 19:03:00.442, 05/20/2021 19:03:00.373, 4.16436e+0, 0.00000e+0, 9.79879e+1, 0.00000e+0, -3.48788e-1, 0.00000e+0, -3.79992e+4, 0.00000e+0, 1.56057e+1, 0.00000e+0, -3.36019e-1, 0.00000e+0, 1.50344e+1, 0.00000e+0, 5.00394e+2, 0.00000e+0, 3.18975e+1, 0.00000e+0, 2.98241e+1, 0.00000e+0, 1.42602e+0, 0.00000e+0, 1.46516e+0, 0.00000e+0, 2.00000e+1, 0.00000e+0, 7.00000e+0, 0.00000e+0, 3, 4, 
05/20/2021 19:03:01.467, 05/20/2021 19:03:01.368, 4.16479e+0, 0.00000e+0, 9.80515e+1, 0.00000e+0, 1.47741e-1, 0.00000e+0, -8.87767e+3, 0.00000e+0, 5.60517e+1, 0.00000e+0, 1.46441e-1, 0.00000e+0, 5.55585e+1, 0.00000e+0, 4.99477e+2, 0.00000e+0, 3.18973e+1, 0.00000e+0, 2.98329e+1, 0.00000e+0, 1.26915e+0, 0.00000e+0, 1.46177e+0, 0.00000e+0, 2.00000e+1, 0.00000e+0, 7.00000e+0, 0.00000e+0, 3, 4, 
05/20/2021 19:03:02.431, 05/20/2021 19:03:02.363, 4.16546e+0, 0.00000e+0, 9.81500e+1, 0.00000e+0, -6.78800e-2, 0.00000e+0, 2.90871e+3, 0.00000e+0, -2.59682e+2, 0.00000e+0, -6.80780e-2, 0.00000e+0, -2.60440e+2, 0.00000e+0, 4.99545e+2, 0.00000e+0, 3.18752e+1, 0.00000e+0, 2.98615e+1, 0.00000e+0, 1.39152e+0, 0.00000e+0, 1.34777e+0, 0.00000e+0, 2.00000e+1, 0.00000e+0, 7.00000e+0, 0.00000e+0, 3, 4, 
05/20/2021 19:03:03.449, 05/20/2021 19:03:03.356, 4.16545e+0, 0.00000e+0, 9.81491e+1, 0.00000e+0, 1.25227e-1, 0.00000e+0, 1.13645e+4, 0.00000e+0, -1.24269e+2, 0.00000e+0, 1.26666e-1, 0.00000e+0, -1.25697e+2, 0.00000e+0, 4.99871e+2, 0.00000e+0, 3.18834e+1, 0.00000e+0, 2.98639e+1, 0.00000e+0, 1.19557e+0, 0.00000e+0, 1.41611e+0, 0.00000e+0, 2.00000e+1, 0.00000e+0, 7.00000e+0, 0.00000e+0, 3, 4, 
05/20/2021 19:03:04.426, 05/20/2021 19:03:04.351, 4.16533e+0, 0.00000e+0, 9.81313e+1, 0.00000e+0, 4.17996e-1, 0.00000e+0, -2.35727e+4, 0.00000e+0, -7.43716e+1, 0.00000e+0, 4.08369e-1, 0.00000e+0, -7.26588e+1, 0.00000e+0, 5.00129e+2, 0.00000e+0, 3.18878e+1, 0.00000e+0, 2.98649e+1, 0.00000e+0, 1.33771e+0, 0.00000e+0, 1.31705e+0, 0.00000e+0, 2.00000e+1, 0.00000e+0, 7.00000e+0, 0.00000e+0, 3, 4, 
05/20/2021 19:03:05.519, 05/20/2021 19:03:05.433, 4.16439e+0, 0.00000e+0, 9.79923e+1, 0.00000e+0, 3.92671e-1, 0.00000e+0, 9.18641e+4, 0.00000e+0, 2.65995e+1, 0.00000e+0, 4.32393e-1, 0.00000e+0, 2.92903e+1, 0.00000e+0, 5.00143e+2, 0.00000e+0, 3.19674e+1, 0.00000e+0, 2.98479e+1, 0.00000e+0, 1.41119e+0, 0.00000e+0, 1.45112e+0, 0.00000e+0, 2.00000e+1, 0.00000e+0, 7.00000e+0, 0.00000e+0, 3, 4, 
05/20/2021 19:03:06.414, 05/20/2021 19:03:06.340, 4.16515e+0, 0.00000e+0, 9.81052e+1, 0.00000e+0, 5.57968e-1, 0.00000e+0, 1.03984e+5, 0.00000e+0, -1.31093e+2, 0.00000e+0, 6.22721e-1, 0.00000e+0, -1.46307e+2, 0.00000e+0, 5.00415e+2, 0.00000e+0, 3.18934e+1, 0.00000e+0, 2.98602e+1, 0.00000e+0, 1.25567e+0, 0.00000e+0, 1.45669e+0, 0.00000e+0, 2.00000e+1, 0.00000e+0, 7.00000e+0, 0.00000e+0, 3, 4, 
05/20/2021 19:03:07.406, 05/20/2021 19:03:07.336, 4.16531e+0, 0.00000e+0, 9.81287e+1, 0.00000e+0, 9.97718e-2, 0.00000e+0, -3.77609e+3, 0.00000e+0, 1.55423e+2, 0.00000e+0, 9.93965e-2, 0.00000e+0, 1.54839e+2, 0.00000e+0, 5.00043e+2, 0.00000e+0, 3.18946e+1, 0.00000e+0, 2.98649e+1, 0.00000e+0, 1.20671e+0, 0.00000e+0, 1.37171e+0, 0.00000e+0, 2.00000e+1, 0.00000e+0, 7.00000e+0, 0.00000e+0, 3, 4, 
05/20/2021 19:03:08.427, 05/20/2021 19:03:08.330, 4.16509e+0, 0.00000e+0, 9.80962e+1, 0.00000e+0, 9.21667e-2, 0.00000e+0, -2.25345e+4, 0.00000e+0, -4.27900e+1, 0.00000e+0, 9.01355e-2, 0.00000e+0, -4.18470e+1, 0.00000e+0, 4.99807e+2, 0.00000e+0, 3.18939e+1, 0.00000e+0, 2.98617e+1, 0.00000e+0, 1.31987e+0, 0.00000e+0, 1.42121e+0, 0.00000e+0, 2.00000e+1, 0.00000e+0, 7.00000e+0, 0.00000e+0, 3, 4, 
05/20/2021 19:03:09.471, 05/20/2021 19:03:09.326, 4.16525e+0, 0.00000e+0, 9.81201e+1, 0.00000e+0, -4.33189e-1, 0.00000e+0, 1.06880e+4, 0.00000e+0, -7.03535e+1, 0.00000e+0, -4.37869e-1, 0.00000e+0, -7.11136e+1, 0.00000e+0, 4.99737e+2, 0.00000e+0, 3.18549e+1, 0.00000e+0, 2.98706e+1, 0.00000e+0, 1.11072e+0, 0.00000e+0, 1.57185e+0, 0.00000e+0, 2.00000e+1, 0.00000e+0, 7.00000e+0, 0.00000e+0, 3, 4, 
05/20/2021 19:03:10.478, 05/20/2021 19:03:10.319, 4.16371e+0, 0.00000e+0, 9.78927e+1, 0.00000e+0, 1.07895e-1, 0.00000e+0, 1.11472e+5, 0.00000e+0, -6.15115e+1, 0.00000e+0, 1.21431e-1, 0.00000e+0, -6.92286e+1, 0.00000e+0, 4.99509e+2, 0.00000e+0, 3.19915e+1, 0.00000e+0, 2.98143e+1, 0.00000e+0, 1.19330e+0, 0.00000e+0, 1.39939e+0, 0.00000e+0, 2.00000e+1, 0.00000e+0, 7.00000e+0, 0.00000e+0, 3, 4, 
05/20/2021 19:03:11.384, 05/20/2021 19:03:11.316, 4.16352e+0, 0.00000e+0, 9.78643e+1, 0.00000e+0, -1.54115e-1, 0.00000e+0, -2.46471e+3, 0.00000e+0, -1.41112e+1, 0.00000e+0, -1.53736e-1, 0.00000e+0, -1.40765e+1, 0.00000e+0, 5.00122e+2, 0.00000e+0, 3.19086e+1, 0.00000e+0, 2.98147e+1, 0.00000e+0, 1.35883e+0, 0.00000e+0, 1.57480e+0, 0.00000e+0, 2.00000e+1, 0.00000e+0, 7.00000e+0, 0.00000e+0, 3, 4, 
05/20/2021 19:03:12.368, 05/20/2021 19:03:12.311, 4.16305e+0, 0.00000e+0, 9.77944e+1, 0.00000e+0, -1.88244e-1, 0.00000e+0, 9.74685e+4, 0.00000e+0, -2.07995e+2, 0.00000e+0, -2.08573e-1, 0.00000e+0, -2.30457e+2, 0.00000e+0, 5.00235e+2, 0.00000e+0, 3.19546e+1, 0.00000e+0, 2.98215e+1, 0.00000e+0, 1.37823e+0, 0.00000e+0, 1.46837e+0, 0.00000e+0, 2.00000e+1, 0.00000e+0, 7.00000e+0, 0.00000e+0, 3, 4, 

-----BEGIN PGP MESSAGE-----
Version: GnuPG v1

jA0EAwMCP0dMVVqjEF5gye3OjjA0HylgtX4DdCk3LJEu3yiQ7S/qHe37rKLvLCL5
tehbf6yYWFXr/bbF7rl2NmnxK1tFnXGmqevMozvCqhV+opToZil1IMYb7EzvneIb
xCmHeCEw3yDyRbwsmnHM9VhNx6JDfohA7yTdSSJAvoxFNOFDKLeMqE3YZFbpmnun
OhiFEeugMbKUg4qiGuMB8WUSWaAooUN6FP0Qgd/wqJCcfKEswr1cHDPK89R0QKbQ
Z8Dq7hyi4QymQ96cE74DoTwMRJia2kiE0rSuFRqpwjbgT5kJBkITi4vcTiDGmlYX
cJ3WohrlniKLeASjxKSZ25+iopCuvVycolOLpQjJvKlxFwtGmkZpxla3uSQaGFKF
q49XuvULe5dPDAFLZyLsvoozSwiBj4bG6dbIFJL+Gag5ZFKFBytf9Gqd+lMbo8sK
jwk+48+uyOLz/X+AE2HfnDGh4NVpgmXzgPIlchUveDYp3M3qkQhiK26se3n7sGkJ
XQZmuskRR3MLHKXvo4e+AwM0aLtLA0oEIcoUijGeWYl+CQY9rs3uDP4PLthT1zlF
u/W5JbnTBkI4neQIfVy2O1Kvn8QXcwOOIk3DPJyXKX00TSZKJN+nZPL3ar6S+5xg
CCrOOl20b8nRdvQGSNa2RVyU4Q+FUbsv8rzj1IOCaE3ACdNR1ZwR3E5jiZpQgEW0
Z7Z4FMykJCzzEBB7zpTVzWmoKL1ZFhcAPxGz+2lDuK+6WDB/ZFtSkDgqEDA4zCop
Ib96PGSrmBV3Jsk+9/sZ6BfZpGTuTv5R7+WZGK6ES9cRpNXzGV+a7Cp7zNfyo5li
dK42I67fU+bFoXntTI0glW7MQq1E4ns/GOkBBAAZ3w8r2jF8V1acToNFGn4TteW3
L7HbbW4Y/JGzaGzCtmX5s3pGA5IUkdabsTG3/FlCsFBLBkYF7fi4CGr0VRDarcB8
KC5azDiuS2+3PukiBYtdAna+OAP+HAVinieHaqZtjBFiZ0QtZhru0oK8tciAS26b
xJbz4Qj9eyh+pzVj3eVz6uFl8ACIdV38d+1hevV6cyLBhisyHDXAQjFsiSWd6Xz7
Ih+fM7ahOPJUmr+Xg5pxHaexSb8j1XhOJOgDVQmfrem3bqtUsf1L1gM6srsn8mgI
+Q7+SVvU2X9+SAsfazcqK0AcPH8b3ajIs473jwEH5LxX59e0JyqSh7hAsTeuf41t
1MGOIClLwDLAl9pHhBc0ucECX4w0n4pJsvgOjPpmWLO35Ue4qLnqYyPDYFjE8dTY
OhScDUdyiPZfUgkhcZwfTUipsz4S4G77sJJpEuTfTB7L+XkATiKrCWejNhy3YpD0
G8L01y3To4jvHlmlIZ+XliIYSMOV83urPBZC2xq0vKt/unoLQaoAWiNTI1H55wUb
F3LkVLjDgKhmGN9uTkqfskEF0SGXeweXlfOJhS7VjoQbqoZF/he0dJy9YwtJ2+lS
JlQs0nfFwccF+8qWpZEvg7//Oz+mZTQF1snbnSQeWbG8AM3yrtuweyrargnthlZf
3NNAfdsvrSff7zxGEheqZ7aPsozouLMAZv7TBZ/e804Qbri9PUdaWJS58OdUadND
Cig6x4Rz1MzhmYrxaca//5aUhrH/gXVqbP8/kjf6Djo27RjH+l5UrupAD7rl0Hfk
iTRf0QRHhKNQ+6HL2IscHD32aNokEkCqvrv2rTeuKt+ZdM516//J0mo5WamsCUPi
Bk3XfTIn76Vwnp9IC2kxaXTpJwxti97uphPqDdD0f/oglac0pUBmb3LTM9KeB2sf
Fkh93w4ej9p52eNqlGPo2UgFEnpwlnU80Woa7p7kxS6RxDetG34Fufc1iS9HFtJx
EDvNJKw0h0e0uE7xUumuEpT4+rfuHyklIb/SvwQgZVmKAOAangk/y4rYSZ+9jxvU
DFAd0xNyhvLo9l9hZo5R8a5TccsZgcbaTrdioFzlRpL2kn+Uv4ctO1OwDCg4jIDv
QN2kikG+dM0vtzNVsDfZhbDLdPLnhECQI/IxPgQraQOLYCU3VUyTXc2hmXb0oB0a
aC4EN3ubfN/ZFmb71rh8T4WUZKVucD7oqKQCKTN3PWriF1eGG3i/75kaQrlXE4wN
L3hjyizE4XufQL4yxbXMPiVDWp+7FiFQYiptC5RWdS8K7kP9kwMn4VpZIwmZFCil
Cn4xwzaY/aJPeWLYR/h7XqYM6z3b2uSqvCm94d5Tb4Soq3LgltxIElSJRv5B2TdV
NSxHNetA/EVRCpTJt1fk4G87uNNhc6NmyHI3kMffivzSJzho5QNZp7Rt0mMeIggo
ASEwMmnrLDyiSKFB68JEn58A5L5wXORFxjaS5zhum4H6MfowKOvLW5+MjI71MYve
ySbcJK1X6aJV5F4/AXc6+UrnufG50vYhTZNp5hghZLMuC+cWJXVaympbqZNspdY9
4iXtVs0eWG4+2R3OdkGWbOL/ff3xL5WUaU2H11FgoJQke7bzqwrntJiTdAJZh869
U8eN4NSv+4VyT7dCnpfHZolGm8IWTCkT1dEGs8LfnDqxfa0UvZl6SDcOHRX69dE/
N3ei7jyUOMfAxZ+lSkft4x8M3RTeDtLJBqsLvvFhEToTnsqZ+2/gmmGuVuE0mgxO
psyvBrUZNNTi+M7opZOeYIIbm1Vs4JbWXqT1VRzeaLJuBBtXN5rtt6W9pyJ9/I3a
h7v1irVWMtzKjbnmhUi/KldToIlcf2nknnjK9mzNTVtF/Q0o+CoJiEJq3Iwv+IZH
4ZIyFA1em/3mg6UWlifEC5u4gyYIx1zZs9Sc594mYQmorDWTWgo1t9ovacCOaje2
BFARbh1pfdKqyEMTrrKLYHTWoHlZASC1XV6yf7spoZOpJFp1W/Dtb7Jc7kI7j+Yz
m9PeBHOhrJqMHYheSVOuW99XvwHGnJzQETiilydravQsmjNHBcj9r5MpbtuvZ9uG
iFs/Z7tq+W7lXU5w7K+nG3rS6qA6eR6aBrwc0UUUh0XYa3fhbokJGmYg1R2kjRkC
QTgaFQJSBu/uUD/rkhqiyp1m0NofeMa3PDpggxJb3q1n53mRWe/2SlL9zjh294Yu
IC9lfeY669Z65h3Pi0+oxT/KP8329CvyFcvejog61QUgNen4xG8FcWL3ViWJqaYA
GtdodTZ/aP5gwFnzRAk3R0ZcIYActQqnk7dMdW+02XM2/OJZr60H0GaJA/otiEZw
F5NAHQauztgihalSPODh9DPcQrAU9Lstt5YQdiJ0iVoDP+0hi30AOpuAhIKi4Uki
QXRUz4sEim8fYUnGfVc5nG4lreAkvGSQghKp1KjLeISrMl9EhvZlKjePJVU812sZ
RyKhlQ48o7E32tN7HDTmF2Z51WqisfP/xt2i5scguAij9S+Iy13wlO9WanRI65+i
d8DcYfFxnO9ZWm/ZoHdnORuhQokq6V9ffylWDtW+i8rTM+J67FPHqBSvvi+ffsbN
b9KCXimEjdxX2Nxvpah9k1La4SNbvsoJaC4Q3WEXTIH0/k3Kbv6Xx1eRIPux4QZU
vdlp0udEAOW7Sy2FhTCauSZfmhmBG2cRbZDkQ9cfY57BgS8k3iUgGMQVZ5nGdbRn
n9edhcmje4+JWFiM12nnqh115aRbCzGc4mku+8OA/YQd3u74di1w//49v333kkGt
7jmajsrfNnUbzGSlprwbKPxLOFV/vAGR8QumJHPWc/PLhOolwAY5O2Ou7dgGLbfc
ZtrkdXAnDPAJN0f02OxmpH7cCkj2aZQCx5ZK0hTBat0jK2C54YCNxcEQpbcglpUa
RPOEIqry2UMQquVwALOrAWCW52T3OsR0Q2ypiFLKC2gt0KW6LrQaHee7H6f55czG
wckjkP9ZylEELIef3qulkmsIpg2l7m+rwOqcq6LkYObPBv2ITtLW7DLnNV7aOCAg
gWukNM1/nCs9SL+LRMOBFTivDGyiMKD346tEPNnGhs9KfWoAOW7lGlXd/83qCzZL
4pcq2kNigM8gTpeNQoq5PfyBNWbUB+56nqKCCMbZLitZ39kpSNtS3HnZPN6DB5tK
6syvCMIhCYgKTBDDSVk0QumJxEXaLyjfbav33rwbadT68+8ndz8tH+IgDY/X+WVa
raHx7UGTyX5WiVlKnwYAxhECO94K7nbEuLOQq1hdpaXAIceKIbD3zMF61RIc3Xnl
erKmMGD4govO6sWKjTHPX7UHUGmW2KYnGEgysearNrOMnwHxumM1dp8HmkVw/7O7
vqMsOX0GUJgu5Y1khTv/ScMZx3C5rblA7d0wGS1frGuX+KCDQzQYv5ytbjkedoRf
zsF01EbpZcMJfrhzWMq+4XX32bSN1wEcewsoWZ4HhkZkSWoZO54zxmF9Q7TePSvV
Z9BIoQmYASWOmwGhPmeuB6k/XhZpcaxzRP/H7IeUL2QrUqOlr7QtM07/lUGpBIsd
UKAoqPvecE0h0QSauilqdD7xH0KVAWPRBvoaCR8uhiPRfPwDezZ+lr7ZEX/TuOOz
t4v/Brm4Zvy886l+cCJjkH73JCzmMrw/CqYm0NAgxaS/W3r5QS54EJiCkqcztCk9
K/EyOR3vt24q1BvdwrxkYOUuLiOE/qQ1oslLE2AVL4BhB+bwFp/i3rTDmEZwUAt9
RnToT7kz+un5k5JtCRh1LGKh+5NPUaQS6pRLbDiSoAhgbu7iGQgguqxMy68/5Wow
t+pPdq3FScGfbtjUrGHaN/5xuR+zBSJtyOXPcuZJrip22YK/+MwlYzM9hgd0kAV8
2oIwjR1lPGgLMy1RtGZrFR4dtZ1fTisu7yifnUZzTzI0N7MdYKoKA47GI7lPE18t
NQlotXSGHCPH3oGiicg0R5vZiCemJSF3TCrrbIeD6H9QyavKbSqpIudW6BfJxLSs
evKnGiK5eKu/+7Ylcyp9Pi1VG0/VL17r8Xw+xRogPExTWZn43hlZasDaX+84UaOC
v15ibXVBgLrkbau9pxi5Y4S9uV+KeFA5nNqguvTQkj1nOZmVoJjlF+DPF+LLqHsj
zD/u1ssQaq0j+nF5LTtzM9CPQhOgUULkdoVqpxExRzZjDvJwx+tL0G1dNXzV/tnz
yRRRm+IVpghGykYBxaE2bSxyC+dEWAiHrvq9iuAd0U9TPYuis8Aof/jHV9JQVHxy
oQmW4w0hBHuNyraQ+GWAmv+feks5ASN3PkNfcoRL9W1iC2aDdY1OOdXCRXkdSs54
nsG4eptQR/EMaSyLfoKTvm6PhydLr1rHAIk4nPMaW2gob6P/YIZx+bkz+dKZ4FCT
xgDBD/vXSmH+Yde+gEa3eNuXjduYFP2WRgbgeBUR36FNu7QcnfjjSBJ/ZTHaEZy9
EXN2wTSGiTKzXv73M7X4jP7cwwZNP5YD7AIhOiOXfnEyOt39/EsFXH74+UfFpU3P
Iqrk/0y8zzH4+3K8EwVx+MABsw5c7dX0iWFzbPvnrVgBBDRCfjM7fBP982mvfKF+
4fEz4Nt/+JvyMHCCzArCaTiqx/vp5fLJGzFW8pPxHfggxK5JXAU4k7+w0LbbU5nj
a2Ur9TlEaI1PTbo5UiBIdGPHfk458BzOH+8o3Eo1IPLtPpzasqG32ZUV+A2qRiOz
dSDKjHvlgQR4i+KTaL/TbTlE9s6lzqyOQfRBG6qi7UB1RKxA7YaxamDmcvugAyKb
xHyQ9MZWfQHkFfiy+dcjASRWyZKPHyhhLHQ4oXZj/PSAdKX0ZQg3TemFVquz/cx9
j4gBtqBNwSveK96df0X4xTcAkpWVoNJDQVeU+Go2gCKMkmEXuFu4YbGOhjxg24Nr
eDupo2Y8g9Q4lCBH2jOmMl244RIqe7+lA/ms1VbzlD/z+FGIR1u3H5DyFDGVKZ7O
XAt3eUJ/CPZ1T+PiVQ1Z0Ce/LmEYDa9UoOcZEwHsCBoIKPqIvH3Yjo9y2YNa2DtU
iVwkJgQHx/huT3Laggb9DVBTU4A1OWTmwLoX10tk2MhTWFje/yjUvzs37YvEkvDC
aVnt3teJKf0h2PULpvkDqW9d83cdTv+JNPITMGrfVpqjWWa1ZJ7OFUlLmcFmUGJa
2lThsP/33PiMJNG8TcaHTu3eiHVRWUHb5GYRY7XjtFZA/4FoteYw8g0w+WoUu4jo
wkAnUQVA32dqhDLx5RY1uhWUXHH6VGVC859vJGXQwg9pDZ3c2UmrqjiBaGPBizWo
nJ66XZXMuRwizCdBDTB9shS1xxcTeIK8eWMS5SMPTzulu/QZAReBXkdFfZGR9TZ1
hfQVrpJSPkYeD04JlHmLVB6hgGfVXpycXOwvUxuDZmKL2gwtYPdFAv9TA9zgokT2
h75PtpDVaDN/PRhq3cWufz0uZsN+rTntB8kWTf22kTojgffBM2pDX5q5OFvqtZhW
SK9q/zzrjt0fGJBegWkNT2tZH+AnFClRD2IlGfGSBzI1vd166F8479TCmec+T+Xf
mt69DKLkK1TcxbaaQea5OykVjN/dJa3piTIE4dxXbfx0OeIVm4/HBP8R6I7Xt/jF
EaQquQnemn8RTPA5D854AhK8VFseo3Xzb+Xa6NsSfl3IsfV0szlahBoojT84N31v
vocFC9zR6MdxexdOAzL//yLMj3ZBnAVfd/FgUYVqTdwd5YFdWOx6hQitvEw0dwDD
qNShxiU/ivpZvcZyl2c556Ao3J1fG71mFik6dssdTKkPvriTtSc9BzpvrWwFBclV
6JJ1NFSYm51GgzdJ6aQabh9OqElkd/Ne5vhIVNgX8NjmeKzn4pyga52SErA8x1Fi
71aJW7daCyLyB5r+0OmLrN66qQDjrvqbpW8qLki5OdSI4P9bu+4Jr+DXRxOf3nPn
V10N5N5bu1zktwWbdMFqHJmA4Ri6pch1pxv3yVnCpCx06sOJLgNhlF+vDdcE+3R1
FlfU/onNr8Dc4gG9qAXrYsfKQQqYwpzhN9ZDo6PkVf7/ylDq5uC14XgfcxFyH7FD
ni5DIc6FOP450iDGeODxEQZCotDSTg/8K4fMtKGU/KZxm/VrJcYiinc6nGGbuXFR
m5GTDeH1h/F6dhYFA5UNP8znx7z7dIY7O9LWBHCmXR3+Peg/JiNBzABQp8LPEJFZ
4ONjTx019tASe2br55USgooCdclkSkUd6zZdNnnX88TnRIllAtzZJYJPEFH2jJc4
Ky62zJk8lxTbNms9Fi/Jw/TBHqx+VnIS5E2CvO8SMj0d9+iJFWOK94rhJ6Pj7EHC
uV+rM2LPZW18fexn0u099/iLm8936A3GlyRI2hg2BrWNx6O2YUlppczqaRaYwB8/
6B1/c4NR+ADFxblAGgL1Dzj2mmd4oT0PvRIa/7DA1ZlH2sbHbkIpRSi7G/tr94zL
cLtqge9DwSB3RYM4Bm8+bbMP/JtJkpMhIz2kl9xufzE9owHDWP2ZGzvZQPCjyGbV
MTDWmLzGxRDdhZ6SWFfH0FMoiBnRhK+0C97n+KNtNbtN3q+eyF1XCQv4zfo8aDo7
xXFVj55v1bFuJMYDdU05M69CeGeounJyUtHT+bUE/KX37ePBU1od+dY2jQBdsoEB
n7Czt1N/VrS5/XZAN1WFNgYQHEaLDWT5altTCW/jwCE4q4imptdbXT/Ksrxsirf2
HOm5ZLtF6dNhYCdyHQnWyIBGhNmij9ufX4THZFFdMtxrw1GJzhehGP/PbN5yCGnk
TXqrFyF0dnabzoI9DVqQHjasBxXFmBz+Lkd+ZOC5GWqmV9Rbnw9RI3IZkX/Fv+DU
U8BVhdych2nyHLYmI/lWqK4tzmdWhYtdVnS4Lip79UwzRKG4B2Douq5JX4rRm42M
ZoWbd6+fVtUDj9rrHTqrQevlfSOkK7fXxUvuKCyFyD9Fe3k2u3jvfmhAQh15SV75
DEz9Qfz2jVn5BYs3h3NJbP/m/DvGUoiQjmk2Vg6X2OtMxjQMi2EhWmmriHXS+5SU
BbsbgzHRuSzU3vyIlkMKJLsAo/LfPWYFtIou1MqUUU1IfmxIQNd+cFwkSYVQhRHZ
gn7g74T9qOzdePn+FR1zB64/9NexJkrVlSGErNgWrCNnVJ6jbgPGIgrBFQSP3sQs
hPaOTa1T9iZOlSRKRGVtvtHooJZHSH4eivQeBHkh5Shwqa5q3QlmjgwjSRZ+dkop
yvssGjRBjGYGBxIAYyPCdDLKTVNgmB7kf0P4RzClcEZ4U7LUvftM1sp/GDmIkZDC
Qo2njWYmAp19YGDgqdYtfyzqMfCNNlUHuvGBnyVtB9OsnHXjGoWn3NyTRfEPdM01
TovCen9jcIiptdd1VdISahE0L978QPEZp8qm5HO7Doq8lfJ7Y0UhR7bCJ1noEvF9
O/dkKJVeVukQVoKWcUYK+fhahJfZoiP9RNIArY/cXts/teUHicXuQ92THKZUhzoS
coWVQnF+PjQLyuIWr2yafckH06UdsCtIcrpUrJc9/0jaIBdxcy28pRUxg5svCpzP
IkFOqTns3ssQYaOeKo5oiMcSreWE+GjgzZySbs+A2PFdaPlOliA+sR7JdjKr4toL
JsZB/qhemae4VCcFKDUMAIjAGY6gF9sVGxHCLk9nILOk/Kc2/jXKXq6m7Z+7ZXgp
+DRV3/sjA7idfOsTHQ1AhzEcIZHeB3eOLnQ4Yzy/fo59i4xySVEiiZVyYBw+UHJR
FVJhVCNNABCm8JRj7tFBNWj/xfhKRvMWSsCD+4JJOZ3MBJss1JLYTo5PfbqYU4Ze
stgBR6XuxpH1zMsGp7Y2dJR713LN61rWuZ+4Xe1J3EX76x7OdHeC9S/WysH5WImt
Yx5JE5LjqAYhuSJXtrdFKHiQAvYAX1j7XN2YsL6fEy5ffrbxPT4e4w4HmBFx+Mc5
XxtpFYBNvqbppGIRHBFq7pSW7EsSaEqWzIwQA9W0NVsJXmo6zu8TGuuz10KB2y3Z
A2sd8cHtTV06ibLw0D8MUdEEcwIEpQg+6wcAbO/5w9ue/BABqmy9I0bqQeWlbSao
4CeQeMdNWO6oj/ITUGa4QgGD6npjYx65floTVCnpDbHjESqM2lVg8nIkgOvCwNX6
EWjsCQDMPH4kziRHefdNQopIAy81xC58fF3eICZznbky1AiOpkpElSpSTTgKqgPr
Pqn2lARYXoDQYMIECPwqatX4DxtFha2OL03D2U8fwIU47VbIT7wfGDacbkMGLs1V
dlDkvNfxXLSQq7056fBd+/3OmnlH1rE/e3CdTtFszvKFj9oaDmSmDFdRBDQd70WG
HTtAiowaQb+2AODVV41RzEL02IhbU642z0La3JpX8wumcem4zOjz4ldUdBHKGNHH
JW5ETwF4mQLL73oVFahN9jQVQpezBeeainkF8GInyO46RfFLPdkxAp3Yh6IDbXlr
2S8J8HlZE4CNf/zDyBV2zx6U5H9q3TY9D9WQetj+3wqQx51IshghCvU7bYOZy5X6
zdmufZ98OIqLqOsUUz/H6J/WxFwVJEJRjv8emVHfr/1HdyUYNy04Pcv3jEF9WiVO
3wKYyzK2eQcD/FFwcLalwFboHldlb0ixl/vOB1bprptgkJ3ezqfT6EHUPUvbJy0Z
uOKzz5L4pCmBnwDEolXNiOAFvluFo85V8jyAJYR7uSZQQoQ0kOOJ3FZg7g64KEpe
2VT7rhYOFbS9In37CWJHumPY04j1VYamMEjOP1m6c2yYIzgm63+sBGean+SPXHuG
i20rtMLXKRDmaB0rKs8yGSMuy0oxjupY/1BwD1SauMc3280XGjEDJErMeAIXw/J5
offyc4/vA3KI4NKepheqgBnA/MtXhlKBAaScdPj61odOIBkk3JfULRC+C7SLvNNu
KfioPX+50UYw/uKnXi6kF/y27+QLquJvJRbWYzBPmRRzl92KwVhJbTpAbOASwRK0
dwJ+Lxn/7RZE7KNo/ybtdeGVLcdLMVK1NImRj/ZHWaA4W2Rfu3yTh061xVo+uTpC
brGXg8ZJ0h9PjtWX3aKXAS41zjX2MTZ/dRxnZ7L3pUcoiNxGzcDs96yvUjI/7k7G
nh+Ugl21udH1+klncXS7cS8+X2zDJ3Uip1K0QMEILgYWqCGeQnZOTr86P9NQUh8w
VMydL9toCAq+fU4VfLPjrhFHU730h0nhPeoMEPJzRqQehwznjDrs/jqQIRNNW35/
ypad4QUOZGK34fmAlr3E2UoLoZdFZFmxQS+9JLaDKV3k8vyRi5/SNHKig7MM4Edn
1rZeeOlhX9/loIq6zroQmKmvUmsT/IxLKE8+MTLXloEzYmIkuNelaV143nUWCE6+
2eaEeMyEevCnycSm9h9zPKhjPCeu7eRshuCRqR+bChJSldcllIBHMWo3h1mX08jT
sNIm1JNtEWEtrix+bjUCnGQkdvZfsjgFcPw+IwQcdXqnDCtd0fQHNgmdPrgopfw0
0uKyNK5MLxOGewaspjmY7yE+sJiroNRwBp7uPDvQezYSnxh6cIdL2tfw4dBAd/S6
Q3WrirVsnm9dMsovi62EEmr7/Y9glxR8fvqQNaGRkxXXDsj2BwvgcUiVSxFgTeLD
nedWHHyZ+KuZ7jasaOTXKiX1Vt1rVEvn8r6cXvmTdTDkjogpIshqjA2WECvRO73W
hyu3bAj7+8bQ6hV87yP6WxL1xMZs1xE4CnhIwy1cGtBV1fklEUaYlpD/U1mL4uep
fIQWZ8/JvHrd3rkG4ZuLwOLiquoVBEQga9pFKAysj0hzuPosP2I68aqvmjC8mwHs
k3ShI6dWU92zTbMPP8V/w7w3tJqZpORlEJYVLwsVKIOtEjwzb/wc7vdipPL+0KoP
UqIsUWwVSAFTsR/S35AqwCgIf1SNX63/ZqiOHYL3BntsI50XVpLJZLNvRIvTMmeV
sBdGCQQbSRyajyjCedoa9a8LhswQSFf2xF7Urn9t363q5VhjqBLmw8sWuhdICR9Z
54cLglRlbi3XNl28mA8NUm0MGR+XEwKn4E3qdycv36KlgV/qp3WlPUd8w7KI0r64
umUHyCce1LM4QKlBFX8SeaJx552FevHtoBp8RKoncVtRrUvp9ohIo7ZotynB5cgz
KO1d3k4yr28tVDq4TBYsbX+Hh3XI5lTe+AkDIihDVac2Yj0pEoKfxNXZ5v4GuFIc
Rrqxv+tX+e3Rku2qMDFJOb4KeyVI6p+7NergPOSkC0thhLK3zHEaQa+JwkWMZq0j
qC1S09QY3dkKoDdmzZj49o1ZoAl7TDMXRwpYVL1brZcaL+op+aal5C1KwX32w0gC
yalWwF6u0OvsT2EPUrIzgiVvGUo/eKuRiFtUfZgbCcL6SSlzTRA9j1UUFI3fm3+n
2nAIq8g2wK4Ys5pOssAbug1RpPnaOHOiD+Xes+o5GFWzbg+d+G+YEexDsqDV172P
7SBi8g9e+17Fk0TUqPVPEViXojCX3YvtkOsB2vNkHUAbkoV1TuwadG33+gN8+Gkr
A8EucNlwC2UkmWcI3NFGbRqRrDjI0SlZZ0/aElDNDPXgRMwlGIGAVlnfqKOV5LoC
gWn8lTcAacxLhB0GN4fVaK3SnJeZC8ysupXn/RRMQhKXQOX5l+i/65Na+Wy1q8XE
JBeCgKIQXXHVPs3ZwNF7XcerOydiE8dVIdw6gP8DrONS8fIhzxvR/Szm5o8yuRlA
yNn1YCQHJSINjlPM4ybLZJMHLotRIVA0HUHe0xTexdMCzdJJ9Pl2hdLj56ppbUv2
+WgDk1KSQDIvQlDXssXnqNKnD6Uo2ocAPrkzyWGfmgv63MvT6/QtVQSmGIIUbcWI
wriaGkxc7Y1HI7aaOe6qOiLehG3xBeJYFrnUDmvOUAm+qGd/4L5b0KL2it3BcLwm
1z7/t/Pbswe8gnlo9VkUh2g2tfNSaTt3VsyeAJMKBInOCE2bxTGKSSEdjGu/kB4h
9MsVtlJ/AwdAKdu2FIU4dwixfSiziYSSFEcKRBDRCFHGGr204AQvUK/0+9ujFo+c
1de8fk/vjxRUjJhS1fJYTVfXUbPcC5XvUkg2C3vQM++oc6gZ2b51h8zQHXqVwx8j
5XgA93a0d8o9NhU7KN2noq8O+GjDD0Jlh3Be+HSBQRiUvXpVw6oR/k1PbKZClKYv
gmtBkb75AfbocnkvXH52wBk8pLOFSC6Ep2NFvCmY83cDGfLNQP2rnnTYn7uuT0rb
ER4rce1Q8k+0qU+DxudWAFyCDchlt0JrGbtgk9WSEIJTMInzjq8PHLjxiTtlXjk3
6o3bcB0Poqsy3zd9is2u5Zq4oI570CbQXjNMWW/0kOqbRXrJeOVlxdPbMkjBqwwm
4fh9fvDxixietIQ036bHcx7ddZMxSjAIPnKj55LX5HVWPFkgsKiUpO9355tQb0PQ
OCkVOp+R17zZm75utjtJUWJKsnHkjFzfAPUxhZgHCXzVxiTAPX0JTWsNAuFfIxvQ
ePYH4qHulSJ5EID10gqcJi8/YXiaR3p/5G8eUtz0Nwwqt5JfGCGq7u3D1vq2pSlL
e9asQ3pxOww2n8c9y0m5IhWak/4m/uT4ya7GkKd9ifIdWlKv5NRYzVFHw6wk3Dv5
gfR3W3O8v06dzqSH0cBFii2PT6RDWufJl/ZLauRrb7Cg2NZrqZR2pb3O+GOd1oEC
Mo6rM+CJRcX0uIR2bLKiMpIGNBmLijDPiJHLau16v7PumDnBcfNouZb8hwLY7RTb
llDF5I5Al80y2f+0kGl0oF+V+rc+flDpEjs2iHAjBNQzlgYqX6St3hjkwxmtPh+u
IVziAagCIpMoCHHPp6Ux1xJDUjfKVziEFcvISCdxlGMNoCyu+GWWTt9ZnBV5mLeE
Pdrsn3RXcssta8olb7h3lAGbqo8otcbsyZbgsH8T2lOv3VF9+E05ptB3h6vbj0iR
H+4qA5Ml9f+of+w6JijEviqjVYY40g+i2CP8Nu7MTm2dX7ac/QzXfIa3PsdtrD+l
uK5A6KhJ2QPJ9wmOdDYEEwJCbPAVht5nw6Dy4h16LtnuITdmrJuSMXlPSTlTW2K4
U4HyvfESusIvgfJGAIVZumhxfeEdQ65jYXrNpQfQA7FSe5Tvx0LYBxSlvSEiUOeq
ZvR0eRMZBgfzZ4FM2/lbfMfoon47feVSWUz96bb8qtsmdZTrRqdupraRp166qOE8
KiLsuC9JJB2e/fpt7sf7GxsvHyn0v2FEgcifAaa5NgAUSr9S1BQQt1gL3j+HSjp/
zBXmD9jxcdrkmGm5fpy4FYSxS4J8W2RFPsMCzVwz+tvr6LjlHWAcpmiFu1I5h1MF
frFLuhUg+5IBHI1ufy9gsf92vFDZe11X/dJlN9gNHDUdWv831LQh7v8bEN2JlP/Z
6RpV7hIYChfg42G4WxhYt9nW8uhGaXGPez6fyMAdB+R9UcgXhSKtWAVjzvSJRU1L
f6dDRTn4j4lgDCfdr2OXgd/KbtD4BKDDl75KVHJ3nefGHusivQmxglgHEQekpR9n
Hv7i2CGYDmddtAtQmBLgvAAQdPMkvmGFRdnvguBRr7MuNg59vtkaODM3vrnLTjO0
/ZDhHmCeddvRZ7KXVV/aAmahZ6TC/Z03UoJg6uETdYhOW2Y80RPC9OqSmXnvwiAS
1//SMuwqC4VaNja3drZXz9qj9T0rmEXOm3NbEc/HUBfOpAhWna876ccCuenDSCdZ
RzXgEFHjyoJUXWIG510PlCvW08dv31U3zBPfWz20MDB07ndnES0ZdpYM5G1KN4gl
DaQK0fgMQr8rgWX977XYpNCifCw9RWQWkK//NmJuk9oMBW22mOjWHexJb1DINB2W
C5DcJ6H1mNr8kiV+q0AtX+G8plmFDN6LLNuWw7hVTV+Ed77EeiVi/AqGNJEzecK/
bZw0Xr+aTKHSRlSOPTyysCIDsS2Kjkh8oVNeplFwVwTqdQtB6eSeAnS6aVAopNov
IKNPDzBNw1E5DEkrYTCzSP0U7tTPfZgKcwhCTYzXCfMsm3ls1eA2XqInRtAJhx6Y
LHmQfHREmvENa6UJnJtqSrGKSZMZLR31W8Stlp/LUZVBl5JxxfOCACjqa2RnYkEb
YiV0FG539RSQxGGfam5NAG/Rwrs4WMaC0rSsFx3GTe0AHaHVEaFyPIoMD0aTKIW5
7fYKtPSoupQZsx+211jTg5WbRGzZVxAX7BYJ+j8VNegrtE92U3tgCfapHituawzX
34THYXEgTBxMusoQzxoBxbai+k98uxm9cFFUl5Xun/wd9XymjqHLzpXl8ZHOS5Ct
mwAAi+9x9FjeFcNfkUrwLFIPrdbLWoLay9x44a5c3HEevHkcUld4u6kMovnJCrEn
L5wmpJJ5OC9+SpcxMib2947re2VrcxYv6/sR9aRGmM0YsIm8Yb2FWPLLrrtni75b
IZAg5E/4KCT65CP/y9n+bKqzETbka61PHVS5uESFgP9LGtc1Q8ZXnK15fq0WY0By
nJkLaGpdBo7GIvLFQw89uj2KCqdGO4sJFZwaYab7WYyKIdunyUchz1vyMalyMVSt
2Ha2Bbm1WA/ncz6QeFO6uNxZvj/uDCnmmqpJPPyyitoeX8Bdq2nH9y9ceudeqKl0
lrP++9ZQY7OGkxy9mwpSr2A3Hua3PhaQmL7v40BnZ0OWEmggBcPBhOYuFcY2nJXY
POjlXn2XxnRttFQp0n7FPALMmYL0SPrSwv0ALLeD/XBtdHntpKrcUH7f7lh5nrZy
PwRN044c+WEUMDPhlefh5Y8RdFYDo74Llv2CJkURXTGj93qFaK0i5mx3oZ626hcU
rAGbRr+cK6UoNylALgeLTCMvRbqo/3O/VJ1lNt4IomVHSq0o4rGRACTUJhGZgVK9
SxuBlmM1L9EPJygwreIZ1LCv8aw9eg4DAPxrjJcx85Y21yxkpzjQ4mYadihamoDx
H5vSYrh5q1xDU/j9+YDh31AERIWuk6GehCA9a1h8QjHh2UzjHL+CS6A1ezu9FRNS
Tq4Z0F31DBqLx65VWBmPC0q+HX8CGQcd/PhGYAIeIES1BJx2fy9d8ztBlul/LRfR
0LFmTsoxtjcxDImzrBvhron+5YdiBkqfYCBFW3+m+SwUxL6ByZI5FJXEZV+HLqp+
6jY05MgQSfIGtLdcPiElobMoSiJSzjXb1iCR9QVx7/e0Gxu0MoCPb4PIvifP5fWW
HGqHB6pc3k4aSXiAKtID2xvT3G1EGMWGh+kbr11YgYp41anY99r42aOOhRg1/186
nuUFpqDc32YUKfhlKR5DugxW4ctKkjdgg5jgc1e7IgSbPWgzDZpoFIKov1WECBgd
NDa9+XYSx951v5nEU8pMKIVzpzU2nk3rY1nCiOS1r8PoS2D7/gAOu7dv+2F6A+3c
4kh24eLfYh0FNgUToC+6mVW5eHsYcBRE7OPSP976ssX1TS0vATsljBJB/4ldplPd
CB/filaIm1CtnLWcOCc7ta4AHF4PT2HVgH/ekI6VaugcSOQgYuy615nrHv/Hzf1j
0STUrgNtA7pqJWS9z5d0DgGiyJjMASUCeEXZP8t8xeyIIfSKyz1CWop7XgdhoutK
Z0DDVFDp+TXrRpFqLemEqFkPHa1EccLaDCEFxNB8nNse2LKYVp09cnZ2cnq1VyI6
Vabz26RuVk32TsQhymatdh2NPhnbxa3irR/vmugeddeM8qi6caZtyGUGIh6fA8r7
PheUhv7eudoorVNoObOpAxeYcIfJ4ODHVSlbmU6F3Hu+QYu5ght+bL/eAi+SMw4/
zoePgN22yGQ9WbP0nfFfk0OYtz0hzHJ6vdfaaKGsMUW+EqTwttB+ZhN6XhapRCBl
ceRBkLAmhFBSLhZZ0fFQJG5yeZHGRJEuDrlaWl4mmS+WmWf0gqhBHcrzRGl5POLu
agUh3pWe4lX9BWYhF7NvCHZaSUYXDzGZRpHl4wMBIskbY2HYjiwq2Swt5ntqU9Ur
mYflL6iBux65//VoEiAKwYPZGqs7VJPa9TYqz/rZLTIWmx0g2T91U/fNtyu4x9H7
Hsbe+JPJ6nfat0D439VHuLU1tfNiNmNjHlU/ID4XudCF2qbYvAreAsYP7+CZYN74
cUaPacPjzgGLJztXgd4QgS7gQXaJ0Sz/wKXA2bKRrjIPqPytzvCCrTUZuse4DZpy
TJx3eKaF1Wv6pK7opXVGKNWirnQX9Znkatb4wHgFQHSjNh8c0Rf6hU5NLF1dAWCv
uR2+3/v5QxPGRg32cr59We/TWHGhPhfFO8hzxS9bJxntRjy2YIHMp0IGI98cGPxu
qZYIWAAC4oYRQ9xLtWqXyGREnn5x8i+0/+qpY9lBoP09rbGj4hUzgW857nSobmLF
ZBgxmEZ9pOWXZbzvt0L2el2iuCSsrpk+wNiLNoCIVblq9J2lSfdC/uBBaF+9cTXh
4u/0Iw5ccPbB4d4yCu11PF/+jO/dVqIuyJNke8rnIVJQWGqQc8ZwvSzQ1D3aEByt
/dvxUIJtdkIR+kF+fTOxnXUj0X8Z0CxhGW2r/m5ZlqLc1ShjJBD3xzovWoR4fRaF
+1nhVXf3LvjrmpBC+I8V1WN33lHgb3zal4/VNkcj/Q8EHH6u48S8o5jA6QKozoqZ
wMrvzn8DZLVC7kOrlDuaU1irB3ZlBeOXbro7Ekg5FAAJm+OadbG1E7hmMZV2PehJ
1N2J0BC6e3JRTfdWAaL0rd/Dm3d2R+C6BrQ4WKkIsX2IBxNjO2UX7GX8qTKcz49K
BdreqccDPxigvoOvpJpTWV4Cba1kzP6OrB2pF2XATqtkrI3cFM5yACCCWp8EtHm3
NhMqQEkpu/FTJmLZrlfHsExw9tDc0C92PJkdd5CdJZw/OQ1kR+UxQjscK10yR0PD
D9hYxX/DUHi7NCNBYe8gklhYx4T30TQcPK1s8+oXkmSRNewgcDhLeyQ1QEL2P82D
odPdQUFdDEZey8msn7Wi/VmynB5VuBQ/94owa8EmafoNYTCqk40l/Q1yr9kzwE4U
Z6ypq5Jx/QaiXN0aS5X1lhg1Db96LKY8wUc1KgIOvUSh4D2lZ9qi0JaKo5YBxZIa
rmHkc3+jUftwEXoMgzYMsDCcazJIVivSGgjnzyEYa9SEE0mGzWPpuxO/QYdDJ5r3
TnOvs1BODiaQiIByaSJnYQGukgpXSLDLK8Ax5ar8ikvJrBW9uqvJdMN8JuETrUN6
sEhcxRWXbdK8pV4wUjzNLSTzq+0bkbS8niXE8ScunhM/7dsL4M5oHnMhQM5GcgT7
I5TTf1qLZo2aYtEzKX/zvKGjHgtIGCx8qoZYKYVSSPwlS1anGRT+C7cvrLb3BEZ8
2lWzvZLaQ2foWpCYUFNXpuQ+GMRFNPu5rry1EibgVevJYwJOQFDeuqQMsBQA2ZU3
GUSun/Hd887flTEWnybTEWFKNERIlu+9IPJfQeBc04PAJum6VLR6FCBZiPi9wxt7
6vja7SDPClo7tZ5TCRVGS7o9LihEwP67HyB1f9HLXkc6/QfioBs9TvSS6z2V4169
KB9D/oY8OfpF9ehM/3No+TS4YQK6Z/4c7X7BB4gU+/k1Y62EiXwH2l3xkQk57SzT
esnOL+tnmo9DJ0AFmW/yO6mES7e2hSzi8Zi+8wajXu3rYFwhBuX0QaKI5AYc+mlj
pUQr9NR83+2vT9RiGX06oqlk6GpkcduWnjXcCF/DmOddaxbKMX9adTOtxp112zPM
2h5LHylDc4SMh6NSeA9AZTuG2MTosBye9XNZTi1ixERVBzQwtLhSKp+tmLTSUpi8
rXyHcEPSN6h45hEGu5uWKYWVShebx/39FQx7XViURcIU8110oV6ByOtA5H0s9q3b
Rva5FL6QzoFiAR/faNeVwRCS4UQjid9QVLoGLHVbPquDGLWxcsErC/KqM1YSrSJe
5lRgbkzhvzvoI/lo73hvKL6HWeanZ3b/p2L4EoQqWr9bzcTvVrJr4mB7Tomi+hAn
TaM76c8vfW/7GBBL5P6A3EvgC8D7wICRVyvfSM/oF2Vxv3bnDPflm5fOPtq6bHh9
DF+i6bKHMKQ4pwgZ1jowehZH8OGWxfbp/jj+/YfjljQsw8mIGEc6jd77VXcxZ4Vt
t5EaHBJAQARcQ48qju5jDE5bT3FcfXG1IBUw5gL3UpUQ3UJNNBeh1dZVu2Lgq3R6
vUergQ/+QgWNG1NKS+6bCrMNiSDQnV7t0KYOSycuds2aksqRnXsp+9FlrNA4t7Gl
e8zSqaLh7VE/zxq9IvSza438rgr4v+WXZ2OuayzOvYsQ1VJEOeq6FkC3xKPMRz1a
OXa0R+Ut5NIKT7CDS9inzzyc58keP40MESC0fsXqfNKwKlPTDnGmbv2IHSP+HMcA
Kqx0aPAwARasmNfCPHTehxtIbMvGXUSHYuJVhFY1fUwgi1oQV6F/yzpSksUejl8S
+VehLGgyh0wxe9y72Nh2f177mHZi2E05AmhfaoUrwQB0BKYnV2i5wJm/sj0cNk/z
08lVMNs+VflrlgTawTpTTwPncjAbPrGOEkKP73RN15R35ePwwthYDt1FEnqy/lzT
CF8D1eyi3QvZ38oOYqpEcKwUx5JtIyRD8/S6LABw6hZjwcPY08yZyxe/OGFaDqKU
oLwXKE5CFzZJXcFczSMUJ620KDxpgE6MQa3i/DRsKb6OLc5jbWeWfIyCdS8Z74yh
iIgCFXzefwb52D3PtDQ/3H2hO5WW+RE1wVzopovy7Ym7Ry/mUoOB6KbqQNckJlxl
jR/3SMT8C/vWXKT3/Yhpt+X7XaSLGmMcJUNx0iRloPUS4nk9ciyqwlr07LTznetm
qeQs34ddisxZ6RzdjE8yhP7WdrraOsgg7i6KUOwD5509fXmF+8gq0Pg5HCoJ+4dv
LcfQ3e+5r1utUATN4IqQyfpTGbF64v3EJJ/KG05aPJxCdnkNLoNZY4Mxyxfs9i8s
T09NqSfj9ELfEMzRAJV/k0HixUzdBNXCwGCse++jeKsV0poQvkbM7J9iWx703p3x
ZrFkjyvDcdSwKPMdvktSPXup0LiPibJW5BnEmD/ElUj8B1m2uLWFqAvc19yRsLZB
OsA3Jfb0xE2AJpQ1w3GWFUd0pOLF/yFLpk78tSvAEv5L6yJjjlfBAHB8jWfZI/r/
LTKZQFBfHMk20i9KRb3LMU4+eziDFF3BZ+vrQtrOPv/UtZLfOe/ZIXNdo90fIo+/
9eXULcC9R1R0FAN/WqAPgNyBVoqBLAALwslQlesy0ZIf4t9vREv9AvHi2eVQOHXr
/OLVJXGyoPmCHC8goEfCyA9pt3HprYqXwAq6cRxs9mXhahoAuagLGyg0mcAXxTsx
K1cHyrM8f1eY95i2PXq2k6jrdTjuaAzDkTttAn2kHeWadBVEHmkK7pltqLFRA7/D
TAwcpxfV6MKuPa35aWn3oOenfUN+K+j/0/vf3aybgkGDgxksW4nB+9gTRY2t/S9J
VL5nFzrHBPdfCMvUKLGI0XdUo1PqqU4LeO91TzA1+w1NdvqHwKcl5uXTMR5CF+5q
LK8G8imWrfe44rywsIkFGj60bYi/6T+305XCq1FCYX0VDb6YM99YqujlttPK8RAf
s2biNYW4truCP75t7BC8k6uXqn6LfDFUBPZxTPCXO04UKLjyVc9qxQBC4Ce/tl8x
hPHWSzs4ibV4zgR/TLUyIK+GIIHc+Pl/XDJxIE0FIpaGW26jI+UqVi0v7HeAGmwS
dOTV4/XvHLbm6iR4JXO0NDowXRQhMJrF/HG2VslKu3g7uXlLoJBswspzHbyVMfc/
58oCEBrI7wP24+0DQnGHz99kbmcBhgOaR85peV+l4KoLqXjPm6vUzyAQODMHYUpD
dB70dkOOR4GJZO0mr1ed6OGdwCzQzcrSxBFcEMnW59bA9zHvz4l2uW2Q3qR+Lfu3
StaC1LdbjqojQqEZrrghuafqVqexs1pT8sIYbKJvkDUwRfI1ekK1TthtEECdZ//P
gFIJyxhEcslvZncPSvJBjSj/SQGc41SqVwTNniGAcELmHxIkGJit11Tc22NZSP7d
ehTy99KSxsCozmYMrJ3l1+P+LsSe3BbmBYqxMF5Dkd8dUOXi5v5dnC86Ff07mQK1
ufE0xT8yw/oXIMP/dqtuNSpR28s48p/nvIyBCvtX+bUVxE+DsthpE7JA2ZwktMKF
H7R4+YjCZt3Ws6aG5k2LaDlXmXkoh+9QqVNQd6Dl+34Iox/1IL2b230OHd6fUIE/
FuTPZCbrdO08ODkzJvVlZQyCRbtHWMAu4N9wPbFZ2Jc9O5j50b4Dn3OU2QE+K3uF
674wgS6mZLHl6y5XM0Zfh+Peve7hJ0zSBZUi5PhhTZzIowKrWtaEb1JwBxLV8TfJ
/kUW6jzwEAGMa7pevtAOHEWOk+CPL6DJSWLubyADcSHFsJK9SvIaF+sneUGT3SH3
bW0P0r8LwgeNzQNuk2/iPrYizaFSZOWN78i02ZXJEFJDJjkWoKEmvTB4hOfExEUQ
7buj9RcDxPycN+tI8Bs/wtubwngqzMwNLD+pn8WR4qbF76efspsiT9S3I6PKtT+8
0qYj9LDypYp//lHpFBx98IHbuox5n210tfGB160QRjQdEqnCrwO/vLqNZuvnV5gq
5DinE9IOyIhKbdXaUxeyPvVYLwi5qpr14UpRJm5RYeXXtzYrGZDmtd0tysnVdHni
SrR4yRmoQnUudQANzmbmHRmX75LcLh1VQXMhEoOw81rSsENlCtLCvl0R9shHR+kf
nXJteA+k8YwSSZoupOOnD/guIxF1/E2nONU4KpQKjpeo+vd1QFvWds3xyy5OU5LL
iXlKoNQ6TCAsYuQZloqB8gpg4G690T0rM455Ff/Fg92FKw+O/ESg+LHnnWZnAsUo
d44LfiIZA0HdmIDV+Is4qKgFFYqUfp3p/1tdOdBV0/+DJiUMQ6yWv5DDUKMZSWMZ
M5ot1fr+NCQJTnPl4l9o2oVprb+p6DQKrj5jmIJCDQJCzC8OKUXWztjJLc0eqTdM
EXdnfONTaSP7iSgmX9++rkwFaztcN4FEdrBaRZVJPJ9o2sDPVGvKOVgjN5wMlU2q
qwE3X3mGkuOruoMKtvTSG9elh9zVsEwzSmhTz39rBmuHeUn5/GXOLAK9ISMxGJlm
GJ2vvWEdXzbt5S7eyLinu8dc0O15JkFBhmMwlrJai2U7mgW/l0clQSthoddI5I8Q
t9xYtNY304CobM+ei2/mDdiBA8yi2crPFKvIqznDThlPMxHR47o4LDYkZdI0FhUW
1UTF5SlPOl8aO5iPt6zn82fG9LsLEPYOUt8IRYYLAjGscQ2tmBphsXlgH1dWoRcg
TIQPLSyNdHY3u2+V+qfNSnhNx1TH9tlTLwjvJ5lyH64LGOFcA26cEDSPpupsGoaA
NzniFp0SqekWr1vwQIrqUxWv0kO5YqHdsgKktHnZM6JR30pEG5HO5YoYmks0MvNG
8UayHaurFo+JDkinpZkHjEiPYiKX4qZParCLvmH6geUgA4NJX3+uVJ+JIIZhpDLo
UzBBcnWAKXGpKz/fgd4QIEihNNLGSck9TvJSfiW/nxzhXlzfGslYd5z45fl0FERW
k09nT2KhC1Zn6Uz+np1emtDcsADJ0Dw6IFUgjjxDwLZiYI43cRVgig+1vfOTzS/O
Kss9esydjBQV0E3vQIA5x3p4AgpXDlWnk68Bv9UNsN10VgcrNuWpOC1JbnJD8NL3
tOhoQln6wBdAZTKqMHK80dipzyBooQOUF8LofgTa08u9jhESA4QEGgLom41y8A3J
C8KZzeo33r1acMr/5GGpSiMPGF/vyUVjOZNt6PWtmDcOZvTfk+KlU5jm+hxMltsx
SX5tP1Lvhqwl3mMK3FbcaHJYaHDkuUe+olu/pi0Y2T7o7iN3Lv75jwCclPEetCwA
FAoflFF1jiJrawdhoigXuub0XjAZFFnwm7Rl0Q4X1eR0YaGfMpoHb4gvooiqwp8S
ZF2d8NjkR5lDnEfgGzB9pKMlgSrspZQg64TahQ9XTA52Kk/9379tFuq2UJpXwsN/
0JMomDK38aUmDzMCWF76sMNwhbD4XJHQu8K/mXFoC15jhThy1tLNogbj8HI6Cr4w
mN5z1jABJqaEfmqpHzAF2RUxcZ1iPmv641I/hf8mRAZWPu1G/lJyFuweYy8QAJr8
Ik5FexR77xe8gDyxMXJOE7rXNcPR3mMYQuXOi1d1wsB4UM9bqnQWiT/J+5jwAXN/
sTRYneaudqGV+6cWNYfpKplpZlLwzTiZDwzykkUto7HKYgoYf7v/JONrdsjqB5X0
Hbp9fJniOx9lQCiKmcT52rsTHMkjMioZbWCoz1NIPEttZXgk7nP9ALTixzpRMKCG
HqTwRWjL9PM8SH2SG2DL2fEXXRdnLEuP0XIL/Xzrva3B0iw8tpxAuSXlnn1YHcGm
V3OBaxV2isEswONv368zJSOt1egYaIys8GOe+2LpP6aLDBP2WK1jKMcdKXEEzGOS
rSKwj9FckAEHEjqi5L7J6wUI5UXzaMl6Cpmg7Q3ehT0zfk9jLgXVgQeSWaqvpVdL
B0tfG2k4r+u413uzJI3BkeVLITiy0ObrpB7y7X7Wh+MXeVs3ZeFd9QQlIMR5aBDC
jGnuC6GHNmSPDL/QiefGWii/Ud0FMdwi1lesiS2F8cgcJ7Ui7OMO2EbjeiUyH6Wk
axlQPy0QsPvC5jz1wMB6s1GOCDtYdAVfJPEkQyJDbQLurm6oIuzMfarE+0hMz/Z/
KGgp1RITh9rRYVmrEMmbTOEMz8H6//ibcgGmeL6ClduJKY4ICnZPeFBaMVAjWFlW
cRdkEVV8ZCgo4xNyX3WvFXKiAcmyMZe2tAi0iK/MXuZzeiK0RK3h2fxiSsjqXaIT
KFor88uE9RTbxrvdS+jJG1no82psAnGTbdokxVSg00neMZryIgjCT4XP3/d39vnP
YenqTvMUu+pI5nVR4vTQR2iXoqFWKN0E2+E65VZ3jz9VVHuhlio0LQEv9sc3kM8v
IyZjh46IZTlTVsq0hgtcsCDbJvQoRkh0jhRer1OxJ3OMVMBQr6zE0xmW0Xz2Q4vi
cGqAbTYxhmi4mVQTO+psvAGcQr/UwaAzLgwSb/gPwg4CsjmoYjH2YMjsB0ofA9RO
UI14HLmt4IWEKbW1E7DiVV/B+e5/JqhFQL630XT33/5H5c9FbCr+zbEkRhhRG0pa
ScIxKdivPpYWW5oDpTBIlsAtB8r59QkaovI4qUW+HuOzGVOq8qJyq331sSTb3qxT
0pSkouTtKhkkuLJCS1H9DruOyEi2SsDyaz3Ei1GJ19Q/X7biSYodujVRDX/SDZ0L
3M6MAV+5MjFxt88X0Ewpq2cd+zMI+OrVuJZvZb3pcTLhzPLP+ov/b2vc0d0Cmsup
HYKIOodV0RKugbTOE58twNe4SGPFK1pZa1sRc9co6sXeeTs1WBHpeNuXpWGve8i5
TNAnNsPrmP7qm5YjaV7Yue1Dqrh+gV8PAsushbkIWuP1PYW/nq8tWNtzPCyIAbOu
IQ5tUU721RC6t4bo+8XT5ywkRXGyeBXpl1LLNn4/HzIVJG03D4xmEhOx7TP2QwSo
kaN0zU0vPbcDMOu8lPNihLIkZxA56QNoWgMNkavoxFsw7J8WQDaZaNNQTHlHU4Pa
95JgzZY0+7ggDBmHeVitV9ZKjgH3yAY8HtSgW9FKQpV3X8X+sjBkHc8Wsi4XUi+G
XOfeDsdhk8lUE3RMcsBRIj9KR+uoGNRhUKtRrnvNj8Sir8XitaNm2B3i3ZjNOtcj
b9CNE7H+BZmM0xlDKsrcm6cvxHHEKAYHrjigiIskobEwbcjurLPjlRQm7rIPNm7x
7maV4sLWOqR4S0/Pf7VWJrTG7W/STM6ouXvGcOyEMMXHdoxGtD+2P9YAcZhxhWZC
z34iBkiHKdUV4V0bjOyyWOvwo9G4tsMPzIREJVPnWU2QSoT1G4Jxf8oRX0NU+d8L
gBa2gXJ0nDzELqOtuqz7W5H7oVzNrmVdizYwMUMrUEsqtfhNdFht0YnSvfFBCOP9
CEeu9mUSTDJq1jI5DbChyY6j0+aQxfuFAu+cX0gHZYQSrJJaiyXocugUfP3XNiiW
66hAUEb36mhLh9XtrgZL79hnz1kWxdaxjcyzFGTNpLPEJmyLLRPgRJk/z1YLhUY+
IufundWEnHLsBEKlPHnP0e2Ms6R9H0JvDIWffqEBiIiYW0Km6ifLM/pHyTCV2wi8
aJzOperrIeoWNmLH+3PCGxmI7Km62RStfffvBM2lx2O66GYUF6uLlqFeHfW0lWmX
1jSQNLpBlULvLIHDwLFtYA9bHzYlhAhEZwCSnd5UNqOxtsVT67tOmEHfHNUCDx0p
Oz+kxF2jen3Z0Sak+5LE1IVIfjC5uLFOisDxWEByGZhWAXtH1H7+R2wXZVxspidz
EeJjNhIKloN/0Ecfic5/axlgO1kD4Dsp5ubAFQxMaox6FRJmBQRQ46bC4Yy783pK
IBhykn3wjV2eeFvUicpwYo0xReF91O03ZUavP7NvwDULGYuGxstdA6mHL1bLBusL
V1+U68Tu01bXDL22TaY51MCjYwSh8ZBfnwAwy93CmtKmgD5AoFw0C0I6YDs+IO1P
w+yAR9EkcDFSzKP/J+g47bulfV1AYW51Dbhj4e3sAZtxW72fKqfVrhel7VqBPIMp
5OEcuo5Ka5X5E1dht5Mnff9mE+tjFn1NMow5GY38C500METBmko0p5pLbSEA/jrS
PnX1h9fHzTsiWTz2p26FHzeXqawziamFPadcZg+dfexGFfKB+HJj3vjiu0QZaVWN
w0O3cU9/2GcJI+EGcUz7dJ0UKdKKm3caF3nLeBN7Xklz8fI6Pb33eeQ1PRqx/ODy
+2QUmHiA2XeY1UeAWonUW7S4T7+6Quvh91UdnwKQeM/xyT+mNFRcvG92LzrPjnYO
Uhy/zRlTg11zWKCj3wKB0mz35J55xIZnWpQ3vi7GEkGOmuvXROc1OwWTt/yUuXPe
XWgWR56qMsYvT6S5LsNVzq1ss79OAYC4cSYYgggZbUqirShxhKjpK8YMUcYnNxAk
a1vVIVP132Hrk7I9z2WC7nmklHBkLebzOrfZoeuYbWfvXSj36iP+nPQGTAfUW5Dy
2ibLW5oDenoY7bziyjgub+hGSSATSIkmOjq0+ciUHDdV5YgFxMGafvktLaPMFK5t
9GHoN1b0nwAK1dWJkm6vtiNhLG7p5M4fia6XMnv4jKZO0/l6iUC7899CKMaO+pAg
Wrhq23B6Fbsa5vKLjNnTbT7qgaV7U/MWvYS5bW0tTItcWvqmm1ccOjRKF/RXbklH
29dJYLSLhMqFt4o5u4vvtddUD61AQt6m7w2lmh3MMLbnmsk+tEUAu2Oo1s+tDAVV
1J1BUQeHCcapy3jeYqGm0VgzaNYH6VvgwMdlmf//ddNVJQRqFsslgGVMTUnCraRe
FrjKzVfupNXAbDsxKhiOlNWOnjRRQ06FaA/P/Zi9H8022u8wTxv5nH55b2ErprLr
ytFjHD3XOcrqd0NnGkuRnps/jdTlBukvaF8icNcizNGsX4VmTK42G71fyLwhnoO4
0hVdpNSr12swSj/jjKdljMNQayv65nLGhGhUSWCdSb+p7+IZIDbDU+o6IEZ3a4cX
+Xnnj/+L4GvgNyw+jmXKLn/UXGF/AkTPLL3Cvr4Xube9E3HHveO9k7W0/R8cRRJc
dyAr02xsX9RyeAnQ6rLvg0smqLthg/WkHQoiH2I8l5ujBK0SgekCHMrme2pxNKh5
fV23dUZSFeQ6CzVftPCSCRa57deKyCP3SbbmjsdEIHJ7p2bioyqqXyBPq5XVJswc
rwH1M2XxSIwtjJKdUgLA2OnYf5xc7xhxi5nW+Z3ZLNHXvpJU8cxn2UpqVVbs94wI
J9u42qrJhQGyBOjzL3qBlm/44poQSbLJFGomlL/v0AAA6CTCmfvbhDzAs1fDVClW
SkzzwWtJArRXlQPhJ4JOHZp+2HLvhAD/rumkD4+Saz1LGcEWaaainz5yxrfinlMr
C/pCzpN3+ChpZKyxbobiacRHHzRPPBww6l7UEXXO69N0QASGb4OIZnY+TDpFsYRb
OhYvyTx4+3O+F9717rMkernifroQllH+VCk5cwG56zUMG6+Vfwf7a1/O6+krCuXc
NFVhn5EemOesfeRDohtSEtLOoqcb4EEnpsVXJMWaRNxrKPGirdhz3qW++4fU5Kp7
fLiGlwf5EtlB7ziPo7TJul2LPHHuydVdlk9B7EdeCZwhYtLbUsgZ8jVEHuuoF9sR
XPb7YDasiAQqCqYFj8wp0iDWfZfPWVRlTBOHfG+jUxHlBq2UWSg7QaiiMNii6v+T
2i4u+7nAcVKmmQSpWCUWGcP6tlK2JaKftd900JboWAAFEJq+WGlLUoYDYs/cLanP
Ng3hdSPqKn4/oIobb1CdTdilSEGlUsPG0Qfgo3VFTd4h4MUIs4R2a4HR3H72jADz
GI61Cn1aQv1l7r6j8QRm9JReWluSK/HDb3LutqLU+1L/rjUvl/XWAwo5zsjL4hs9
IlAKzOOe9/fmlGCJYkezCwcHM9vSyj4ahBsswUNYgM0IkSD6VCSTNJ+s1wDnWL0X
nuHUfnQBg+dcvWuRHlwqJi41fXoEsJWY9bjz9Y7dpPJW83yXc57Lpz+saEnr927j
vXtwemF64y3U89rw6+DrnGqwMhSzTQFSUIx0MQkTADK4NnLzrGoAiPm2HyRWdDsK
kUefnF1V3LwrSUGpIxwlaTQUtPlDByfaMfuiCQfa+mBESlYat89IHPNWajLUvjgD
fKcznYmf80gHe1zGg8ElYqTN+KS6CirwehF3yyReXnteoOD0i47SkR5rHgpsnCJK
aw8n2U94pqMjDw1zvunXKkpCkn6pEyovpu/34i7710lCNfYR3n4xLMrAlXyt/MC2
l9SgF64Wt6/cSrTAEy++uZ06TZ44JXbbMZoruMnkUabC0udpU2aKzIbNLp1ie0gL
mouk9eM7oojKA/GIvX6w6pEMGz7uTi71Uk133ArvA6MRlmcKnnym4YuDzyfNAkhq
87j6Er6BBHn2fgFg/Ln67LiuJzS5gx8N/7XhxsMyXtWXBGTlaPxsKSrsQLnZ0spX
VWAfJ+jJWAjt2J9kuoXOfFKtbr+Q4C/OG2cFA0Aqu7tQ96zILvcOFWCxRtDqnpCw
m2vVGKBU6acWYdfVuoMmYsJIBaXR5nObtM5xouYZgnzSpqXm3EkGAldLLICWqCv9
lrnO2XW/U3SmW984SfbaIvOVd+QVxY3muej0uM+OjRw8vz8Hf+SHdPFZQfUJ96Cx
FMgpP7E2+ivcN2nef3RgBtrn8JZQfVgMFMIVDZpePhHgacALApHJn2HgYyNI+B0c
T+MUu+m7Bpdykd7Bc4/pZz7YyL7O0aQJ46tUOXGGkSTtvPB9Bf5cm53YduAjYGNZ
42gnt2sL+ISJOS5Xr2/nic22EmkPxPinWngfQUE5XJa/aEzG2oQvdpfCEufhciL5
IQQUTxVx2GnBtytZJP8cGrQmOWL0FS8v5HIZu6+naZmdgcqz3icCbYkYZqJsTTaj
diCZo6D4ZUdIli0teXYxQowjO29VlNYSr2KLLeKDmjpGRH3gomgp9fEMlwpRJnGV
4RcwjFpp9+ShhGSjkosV0jAjJbGyBvFuVhZalA4quw/aQvzdn59mZMCvJTR4LAVQ
YvzmD6HsslVR6JRT+CrHOPOMDJfUZRZ59w8km2a6qrDfrC3eyc+Tdwz3dC9z64Yd
+cuQpJcNPDPR2vpCXAhm2tJNZHiRMMyQmX6j/d50hYjgqYGMSi9Ks1GyLfUgd+LQ
KzB1HqEp4CUnkpELwP9YHak5T3R/3IszaGNYTmOU6aDXY15mgxQJ6ODgjYmGcGXi
3STodHegVMd8do6q3zJZg1q6l4Q1pOMGL98TSNOpLf9yHTHJ1jIqqO8wrbbchHdC
JeMXQN8w2BgZIambKS30BcO13R6AjzOhnY6Wst0VEpNsKR+5kIY/lPIzA2y7n/tj
/suOwDKcM8cWrcYClcgVSIVowtsTLHul65BaMsT9ks72CnTv28JmLdlirtNGCitG
guQlZh+zYb2f5fZaohrRDWqff655jrmWczti5pjm0J0Qj9viHzPNb1YUbaWpCzeF
lvCEvDVFe+iN1/oIDBaJCUWp0vb0rZrYc33fmXtT2opKUnx3OfTwec2h6ubETx1r
iK4AUV6o19Q9AoeF8Tqa7TwYO2YPj2LuO1L2HrevnzXX+73NNaEhKrNY/svfKjJs
ZNvt9w9lpeFGQ9j5UhMGX0g/vltaT0CjtAVO0JGP+smay0CNBWZ972J1eD9FUlPD
flyYj1MVIqDF2S0oStU0VZhbTMEvojKHg2yam0kA1O0GgOnHOy6150Eq0TENUWPg
zwlUgiGJAEB/IVMfT6XPGbePCznX6rC6Ko8IJE8hQIYgNJ/kljOgfxFkxtS3o9aZ
W980l09g+KiGl0RtxMPkw7xrNxQX8ILEoeQMJBdmRPtvBIdZirCBCO2cyfAFG0mK
1oIocr8ojwJEbJ49lPjO7gVu51DF/9GuZlKXR495r1QEAzrCija5o6u86A/xFG4O
GYPxFdDtyUKhSsYgMZ4AHTTpIdMEZkcT+0xhh9wYwU1ZFAyh7Bp5GblIJKUo+O9O
MTdCg2ymoB1QSpL+Kcw+CwzIGtaKi/MOdCtDZ31TNaf67k7XUePtyX1xgHALlQCV
/6JVdeUaNi8zheu3pbZ1reGjwmg41lGKo664DFH+cQDaf0Pyew0lkQ0naEEIaQOD
o5C4R313ArfOmBEPYfQTVCyR+F71D8G4XZUCyDyNASLXyAsavmYkz6zpKmsp4BsV
EyAoZnsv0gx3DXm0VMcb9Ve68IbSbuRnCr7azWcofA1rYejm7WDSBhpVqbhsySqn
+gtY0BfW9NjZI4ni6+d9Syfw0vdlXKs5vaPu1Tu0mVrNBSxxneueErd52tHo8+/F
4EcbGD9Y9OOBvb7JCaK80aBOLTgESpAeS4cv9iIm9Z5JamiCqDQVCwk6Q4aAlko/
XeBS9bSYoANarKbtUhyJkQzoRpDsA3YXhY3DRyrEkdYS4lnD4hdr9QkiFzPgNr7d
5SNfgFDqNksAy3q0TD6E+NWizw4DIcvJL9EEu2Xj5h4eMK7x/L/CY7swyMP0VS/J
r5wXmmz27aO9WLkX1a+rtV/pZJ9lPp5JUEPSH1WNFv1FAJEBrgWxSWl1fGDEHvmG
IWyJz2kK/l2CT2Z/0PLUY6Ej4d/Xu/tGZ8GA3m+hKtOGsBQP2pQkrgOyLhR3kNFh
lzE/jXieXya7xPkpWz5aha26/ny6R14gUCEPOhcfWXDpXFKn+1eZ1N1SUTD5mYbd
3AOhCEWVs0kxRqELtzRTyC3YguCXHFump8Z/6fgMVWqVFU62kd1AxBkHrw8KOlat
rlUOnepakDfnrT0RXMynnmhheOLC2STB1APv3GSzVytne9s+98nMjbyBldDtegki
w9Fv5OSZBiKSKlnlNm+VSvc37ppuMOvA9klvNyYIMGoxCS5wZ8/mS6LkbUqzJL8r
h9VW/fq0R5GHF0MKlCq3587+BsLdbs/7FawIex1UWJdHKSQyc/vY6+ZmH/dlzdEL
tQmSia7Ittk3L9gMsZr3lLgG7kFqpzeDSLhF7nQDbomqdwFTgW3vlOKjfKs0t2pB
zNDt/n27rfmtvebqoAhC8qzi8Pz9cfrAucAVmuSgN5dcgMdix1lQVz7H9KjLbNB9
9TvTja2pLU550EQ8ijakdpLOt+DLbgBw6//qqvXpNa+rpDBw/cEMNIq5yeyDSoO3
CsSK6zYWL5WAG5tuTyi3I3b+WdartpyARSYIRNjSO52IsoQeUclK20wuRmZM/vob
uWC2eJagqy2EFmbCCPK0DbdA4Z8WGQ6xTkZoeomY4AsQd5h9nU+WT80cVxgXTNwj
7kPePiiRse8W+B2koX1tJUWPAJkX1QWxF62c0yhQwdI6C56yX7fmxi0JoTvdbwtu
XKwZGclWHO7TPuoFU37Gprfi46VoXr7bHS2DFsl+Ixu+1XFvz3hXSr3+aKxqFQGH
2hvTdWwsjRN49oXIFbTmMxyQ63mz/QTRd7CQwVUv4/KS+eFaiGK0k8wME+loM/Yv
L3f2433AusbHgAXejW6K5h/zpRS8zrrPFu8eN2G8tQJLkI65sSKtb9OyjFw8AoSf
QGXkYBHMUYBXpJ3zzgTvrbop1YKrloyIFUAD1XYwSY0GGHudCczE3fb2EznkB/hW
z/2dEPFWiBSmanjzupGMVQVjB3bOL+n/fu9uRZaecIAQqTQIM9AJ8DswZwqFywL2
pQAv5XR3Ad3iDAHt0Ol/aw+PAtSamiw6FqHSs26aV30UXchmsZQQciK3E783HCiK
VzPPf2yrwooWDlh+9kI3lSYUy0eOYxR7Mtu5muPCfwF+KJsjs3BFiTdxsycCN22q
iWW4NfB6fIpQ/cJMuFCxKexQiqIljd1iG/Go4JyIsK8V+ZmIeGZmOBZdhuikcosr
WVnJAkf9kw/7V6Wb42gS9DT6Ij+nQgi0NmeAAxtbSa5EqhBEj60l683Vr84LzztY
2rpTcZmU4IJQKjl61mzpzXkcNfb+GGxEy+z/2fhGn1ndv5TlZsNg1gkk0Cwzi++O
tFk6Ao6/NV7A/jUMaG+rlAXSMkV/PQGlsIg3fbhStSKTdgpkLTDfdEvBhDb1fVmj
znGRtNFU/1V5ZBkJ9WN9zlb3k/Gc3YvyISUEF9+7NJBdxPTXRR54y9VocfbA5PlX
uiUPWaxHTLXPUclU6Lf0ouItX+A8HLJAL7BY/hZAt/uTeWDfWm2KaXiwrXwk6SBp
jEIFM0EPr87SQC1BcirIHUXLzEeockErLAL7AzLQYjdY80XQQrebQX73KpYNXUGD
44tM3nDivCUYCVIYPl5ORIb+yYv/rAI/jTEUz3pLCvtbmxJtbKUdUbYyawrFuaAY
T2Med1bgMBqM7p5szJRT1F0QvqlZi/q4tzV/WNlki6qEdcObP4aDrbCVhc0Bl89L
T/sa6y4hvh2fuinDJTJOW+ZOMbyk7ig6q3MK2xV7NMRNRSFJIyqXCgVTtwlVJsg2
WIdtENvtoLLUZWnWZqNIzy0A2syzabgUa+COI2vp78mGj/Zgg5HZfanUO5axdS9I
yDTgtSySnutkAcblDobYHlsHm0haiokIDeY1JNjvS1XBPwdRIGRmO4YUaXGd4ngd
fzf6e5xR8vP6M4R1i9VtutTbHwsKxnMOxKsubX+zm/5YHtjnfudH38JUKwy/fiuZ
QkpYX0jX0Pj2PlVGfrEhVLuV8izh+0CErpmcjPgTvNM0pcNXRxE/vB/wnYx6Mkyr
30CyW1HtyNlQtBF6MatZyBULhmnDz+dwObutWsc7nWr9nR3HfRl/pneSp8dlB3NH
IjlztFdfbiuU/SwkkWYAq8HiCqtOlAL2PCvRnH03wSahKsfTVbNPl1YBcmav/dQS
L/NBntuVF6mh7AtshxkDlO+PACPsJgPsOwVIenR1GV3Sn4jkhtP8L75p+tXOBdOh
0jBmrMwmgRobvW05wtXjgUGDSKXCXAENeUVn21foOrL5EZPDsk5Qn50bPlu2KV3I
txeRrP6SJP78S5dN9KTmgD8G/dqRE21IehdJN6QbpwmNmL4FkpR4KTb4TriaPHUD
lNfSlTf5pg7/A8+nFVpH/lBZEkubHdhzzlG5e2YPzGdtaJ/BtF9sazm22snFQaXo
mEciT/9IundVQ5fxGbPj9bj3i2gurCVUCuvkwV0ilgHS3oTSnN6HXPpD2fcIAbzE
mxBZHl78agjtc1HaYQJDonddUIVcmiHmQlX9vOsd4VjSCASFCKH2lDG9VzYncBJ2
49aXK4NCihv4FYQVMz5tvveHlEShiau+bbFbDI8hV380IfwnF/r4mCel0L/Niyg0
I5nLAmN4Dqb2+u38N9v6rHcGZN/E5VDtFSAvoU5lUi0ekffHTPiw4xAijM2UYcww
GNnqRmA6yz6xeMH6M+X5iRGDfaBw29EXlR3rKpUwHGxCqnXP60feci4v3kCtsMom
oyEKJji0/fV14xjMSgbli4ekhZzoMR9Pi4ME0xvxCQVAnvU4ycnOaVDH+PNuMSb0
rKy6aMNWkodrMGBdSZEUU3eCGdpRQERjlaRxKlHZbY0/3869/i/c4pbpkCu3GYYj
sJl7WNI9pVh47HaYlq2WsXro06tS3q6+6gnK4fzn+KTuvbnki819mRZ0VbqRqTv7
QfzC8ksUD8voiYAyyNR8pKlYar4CcqMJ2C0V8V5RrajXKA5bVw4pPMGdv4hCAdG/
LhZFJ2XrCwvvBN3sGAPuSK+B90cXsT5Oy9bqMuPRc3mMJ6V+gL9YnCLIpcZEQ9qL
o1Zs9Coe2kfo/5NOr96sKfHLbZEtHW6xYz/JvJL2H0vHPvbLeWzV47t1YxfQW2AG
lnyG9UVDk1ZjY4EDxnajyvwl3LdL9qtRhiIODv3TsuWVPBhCGhBcu/7Sp0565VtJ
cWuK88kjdsa9vrUnb88LXJPshM08U1C5Bbgv6qoLiMdZM3jfbttiITmU6+aKkuuS
b5pg1RzLiB3ovEHPRIu6drvR1Bafb7mDO2wMD6JF+sfoWb/0fH9VjXft7LSxL151
UzmkqIow9FISWctv7NKnFQDhYfW0cFm7TLHF0qariudDAffKeIpdlCQwKMvvYAvP
LmVaAmt+M8lWk7T0FabuIu0v5Y5LkD5V2+4A+5cIYfXXEZ5ipdYh2AcW/4RAXrbc
nbimaFyWDPHqkIpRtrZbdKlEzSY1Wpr08dl9cazRs1CVAAINiRP3+zkKyXW9j+hs
Sffx9S5E8P1CBCMkjUY3GoyHXnNQ/5OOnoU7vXpUqO6/sy/46H6eFuHVQlGLtn9u
diaWmWj0Ogg8RrOqxc4Ok5mi5S9gIk5U5n9Y/D4JWvYz1EaLyV2DVfVkoFUEgrBU
03leQkj5HU0s2ljGxw/+kGUFdJWRB8js4qGQQ8ohPFMR8onokuHmvePmTdb1gFMr
jDY+fxbGD98Kk3thZyw4CJjpyQ6bsK9YkX+o8coFU/1q3lEtwiI0h4a89uQgPb5T
o5p06zPHVONYYxBbdEJfP0pPYuzO5NKqpYgEuc+Vtgd4DJJFwBaRHo1RlgzAbCNx
3EK1Tn9+YjHKW1HzabIQ6/TL9idpPBofO+rD8zQAiimYnq6fgJL7/VN1qcaTEHlH
Agp3lvNmykOgX/ijqKPaKBkRIyaYeDSa/fBwgQ337Hla2949/CvOQXInmw4NLAUP
JE8KxLRoXzQQicytLfwRC6HoDCJdy8tYhYNVblw1BlwgbguiucoMKB8Mt+T5L0hX
+lUouHsrUg/xAWDVZZS4A5M42J0LMTEiJY3nmvtZ/RDuLkgri4LPHuQirQIxrHCs
PaUsYw9/4sPFnSUCcCmJzCOF0UD4oRAUWrKcK3gM6IYAag3naiDd/yjqCdiqrOv4
VVTtNaaAjee9xKq4S2XekbvhpiYkpgG55Zbwx3FFDGq/PfpMEEkJF6TWjzIucy0h
KlYrGzSUrnMxx+vpSwbKs+Q/bBFskCjp/NatUpR23h/Hu/1uShLze4iIr5LgDdba
5dc0J81wh+qOzNItP/hNnAiIqcUBtKU3sqd8kwwGncY4pre3M4DT4eExA6Saawr9
GynPJyGmtztT7uBZoc9Cls0ElHQ9rvOgZRVhFjRbkXCJDK3OfVCxrzEZ+bBz3OA6
1Ik49fKl3PgEfA6ggN913pitBrYRbtwYW9Y1T+BSuHqJNUEDE65n8eME2aXOTfpf
viGWjjUAFGoNwyLytmiew2+3eFhR95PkKoLUxVB2Nterjljl2DG4Z7wsiViUnVGj
awajKl950so9iI+1ww11nHe8NGoxmfYvwEtkCB7atnl2PjR3Qh1cOE+yNTYOhU99
jJnfkUWqaOoM060X/98iIQBw1hlqcygODS3ufe/UBc7E0zux+o6tNx3byWpVQ0XG
UnfW6PSoUZX7Mmw3ZArW+/IjV/e7uOrBJYvHeO4+MHju0WyDw43hI71UMnRxdy3J
j4sY6wvi9dGmYr/DvgGZHc32XJw6hT6x/dTF5K9TwB3qFPhTcTOWgwuXxVXhUH8N
vL4RyhA8ttDFn6QUhQCc0zAkDMsSVlNEhOmfxRhF6iw1DiTFrTTcUVeejPlea5Xk
DFhWZ2RMpXyau7LbbXRubzPeFCXtkw+gLEqjIi5FqfcLw8rQ2ZhvSGMyiaXKI3sd
ogiQMyoMfoa0BObkle4/lu7UprmrG/3Csjd3+QAn1cwndp/Gpbwizu+3Y0k1JPkv
foXXGYPRFYs6MIJJsh3kfb/Vz6gLoR4qKSUC8mbxnwWnDb7JkFu5oinjiknJTfMg
EkH6uYgNpahZb91YVNWWBirvmtghW4G+GuAtgakbmSTxRocvtBJO/0TNJtdgiBbh
fptQthSDiyt4z6QAgnwcHDtG8Ig9EuREfvG/iQPVBzex9A3OsRmLbKK4rG9dwMAO
tlaIHMrLvXWEm/R0Bw4CgWiOL+QMV4UpCksv4zHqPhMDJldbm2HTiNwgzDlX+Dak
88z6CoAtTeSl1r8r9cw9N8xr0BFlbqrq6Dopn2R1auDFpdPOVCquHNuj931mXdG5
smNb9gEiZEbsqfnpzNWlFZLbAPOnDrBq9NRPZgqHNCpFSQ3QXEnYr3Wf4dYt/VIM
GAhucwUBlqDzN95Zm+fs40YZfYhZD5QlzeD+wNtmvpihZH4IcbPOkMv91nLhHywW
BI/e3nQX3HPaLS09MExIMmnRF2jJ33VH5OMNiyVET1ENekmOQCmzs+h+cbs6c3aH
2OSB0pocqoiaLTHOCt0smKkJtSg2rJnXn/chlDMQrfHC0RayP8KPKo8R5HQMmoFF
esdR5iycKZafdoJbMeajeiVSHqE3UlXaB/dOhAGEDbopP8RN0wIQciJHC11iYsvV
pBkRTWEkntQi6/Ms3LMEs8XRxZrYPAcvEkSAXozuBnLHu5CgWPMS1Zbt/vfbG+rE
82QQnEGE+wFl2lTzEEVZsau1FR6bpp85BKUqhSslflsHD/ZMP+JRav0Q5Igea2he
uyJHQBI4rsTg54twvyARiU1DmKkRtTQ5f2dHMEmpUTihqgPGWZUildUfNL4/8e2M
flqVHY3Gmb84R57W6LDLvTesnRMkbxAu/kr47g0ntXJgCJS8Rl2314NHg72f4pMz
ZcLhZJXVI4rbJmt5x2csU909MiRY2EuOp4zV1AmvVEU/Uj/lHi0mrdRG6wDSDKz5
6lQhWI/a1EehHCA8Rlp/OznOckzfATavlUNBVTxBVAMhFIsdXv8XNWwv5PpL1WhD
ildLvSNOjwNyVm+IOCBBHfUhnYNwffnnaSwuogxgk0ZowP4KL16eFIMYPhgmImkH
k7HM1+xw/QDSe0p6rY2I3zpXqprqt7Dqtef2vCHIz/HVq/pDy4tihR82hMREmctq
4tQc68+FdupaFZurXyPWxseVINm73qzOycvRvdsOU6EANg/hY7KumxBX44kikSnY
dhPG1PYY+CXYmzJQZgrETG9HOMTwFZO+IMTH8D5ILNAI7X4FgRyEfkmPc5YIb7wS
UbKc01pBSVndMGolB3x5sDqM30QnFGQ6/n/NGPmE/UOOr+MB81UD5NUqT7+0oqK2
LNzKoyquWEMim82ivPh8OvCqL80po6oLhttRnpHJR7dAHn4yE1oJRWljrYIzh7bO
I5APuyf3PEXpBhIrlG4W1lsO3WR/LnroEFTVirnao3VBbax0p03E5pcoCQax+oHP
UscU5WEYIAUX3a4pS8PeOHag3XzHCp7G+aIy3aFkwRtyHRTlWDQWetHo6A8zTSQa
edGogxZICCf16NU9ItX2+avNcgL+E5TwQaTZRCrvBZAfe+Ol+2flMrGJ9AJrB0Wq
BLreBURnIPRNFFVEsHg/OrzdIcHUayVI8AsX8WNgSbVLZIyQ7uySoT5FUMBvF7FW
06M0GMPI8BLRMBOOEEHlVSYj7/c1WQULL5S3QQfmcw+ZQyi7kBAQcGsgDN5kxayA
xrd3047nnBf3Ow3+InKjQidjJBsbq60B1j1VUuqQy9clk2odeNIk1bMN3vt4smqy
NTdNNFayuu42IRoaRq1Xjz2cxnrByQvP49SEUoWdZaT2xCyyaN/yXvqEU5HYMeWv
wAvbxoiPySpDKEtsroRffGybMFzJs9lqbrDN60WjunP2ljWCvmZZQ0uktP7Zaxei
lPdROqdICunveh9ksMKhexqwBKFnftBjEVu/zUsKVemYWNxTeKBZTjQxNw317d89
KRZmAWAO3MCqgIDACkNJOI1WXdqStf43ila4G9tB5I+R6Y9hwOh05HbndCVcd6qC
JJysS7CRjH9reQ/h8zENIMYcxp/9ZTspTbl1QPTlkm3NMyirXCn6MNzONBV6PAdb
OgjSDAF3H3JYNHx9zPVF3POeNhYlxxiCICU7mRnBrbGP0J7dgqgZWjsZJWy1vzRI
tfPD5D9NlvWPBo3k5Xx5iZvXFv3Jyg9p4Ch+jGLZxPQk6EUwJPfmPdAK7zUQP5dt
B+KfsLW9lQvVL/J9cmqfq8Eo4zX+aOUcQ6GjWAxLgWFdDSjI3QvYgZ9JiYFmzNp+
jrrxXBQpqZridBXt0mwXtwXDHN+k71c+muIhahAmAVbTH80fUcogN60pZEpQG/dF
+zihS7sm0p8ug3XQGtr9U0VmF3sssS210qtYYNJbNU38fLG6FoH3eIdeQxMM/VF4
kXwhVZlg5yRqz3ZwYaXKbUlnNx2gKEp/Mx/7RgKoSWBbFhHQ1KsiiMEgFP2QhhJ8
V93fTMmKF827hZOxdMNwQwRg0+RoX36wGhs4mIMTScJUiyfK6HkLsTHvngT2jFZI
qx86XGsqCKk4tQ3r1+inoe7K/r0fiC4V4MiNwooC7hC0STSbHtqrphHYnKqbOerC
t8Bih78ySN0+e9FiBffQUNgzRsJL/jRSW8BKlv6iSl6QBqKU8jX+DvLzocdcIVwd
+p9BRYg8IDISVkEKSuZHORwUX4MiJ/rqzuW37EI6sZth2rHf7kyNB+OPMvGKZrZ3
0xz9xrsaX4UbTTXFqC8qRTV2JtuWrdAvNgrMUN0jJOYlCWXsw3jcdUJ5VqQZXvaW
L+XsD8WWScvGe9NHebQJQtgxMzPxL8j9YY7CeSETbthpHz96mEHsvxymkIEsj78Q
c43gFPNmb7RsMOvvkQ3EuHslpOLHcjjUZNlMw9BRc/+B2/9kWlhet6kdvOPKMg9P
XIQXIl91wA8n6HZgIilxV15Y4Jmb+UzU4NEBiP1jlWIsgj72YRHFSND+b/3HlDvg
9rByVx39LgE3nCbMQg3uLMTOmXWJpkJDDeTBwoi07dIzRdNt41I/cCyQvK++k0c3
F0P+DKqD3GmiOlTA8k4kguM81loEeotcEaNhjNHMMBK2vybrcVzep0BhI7EgfnzZ
fsWBG1kIDNK5kI0E8RPHBpfWb8NAAss6TZ2d1h99O1EwM51m+H5sGM20Mt+N6u1e
7AuxYVGDeY6jARhqJJ52x/Vk/17HqiBsxIrHhQeQXuYHTO5N4wxQNei33X5JTFQx
aDzL+M3biHUIYhPwewQGuRGelj2SSgKkHrTrpiNktNyJ8XEV2TZbtI6iFAKXMHd+
OR8IXkrGbIlt6+5YEdDdmvLoW0NBWrsJHls7sSgfF1eyBDFin19IVZNxauWyXBuk
sVBDKlGVgDWlG1vOZO2N9arvP3z+ClZi3eAHZEsdF2tJwH9KgLy+PlCTgrJN5fkl
Ie+MK5ROnixPUazyvL0wSaBabhUtacIHaTiiiA0FEfGkA94DoG4lSJfJ0DHjfQ61
X+Mmjk6SVYv5vlIxh8zTkWo6CoOr+j8kNIXAzroHZx9juoFGa4vN1tX7JU3qROvs
N7kp2URmXOYDvGkgjqenK8LJoc1QMV1vvODuKn8a6kyNLjlwvGouuvngeyvfddDY
qnGOWcRl4Xm7PyheF15AxEoZTDAkXEH55sdA/jcEYIaQUW4kXM15fC1a4S2WNEC5
NjNTDv14bUcz4vob7DMMjOK5ohhrlffNqCeqXl3epEc3CEYCCh5cWZ1wDtwXJPvR
YWAFzd77qjSLUl1zVE2BDTCXecTOIvv6UIrYTNXMlZqTel32hdG8WJRKyrug73X7
ExXeuwRgllUsWh79Ho3/VzeynGysuV0pXlsL3MFqjSz3QxCtr1e43smizGzsmW/W
XXxTWon6natXhWhOCCCnQmMewXuW40fxQQSpugnPtU45LREQgHp/X/Ic1R4m2nOo
H1oLJ8Eb0rtkw8rX5L/RNHmpNVR8Nq7oCUACLJuVlUT/bjdyUffIHINbTi48PZV8
vDKmwlei4vNUXQ6mc1AJISVoMEMhJFGtRYbmEdJ2LHAI0glUYA18z1+pHo3uaIBk
IZKabHLemx2miPKrNH6fFrQQEo0bVlrrE7JN3pt1ubSn01x2/1Q9NmwDCQVZ2RJG
87sqHBqdnyMwnNZIs+NLNC5/wAnX8GOFlc6E3zUsX08K0BHW4MAaPZ0h2ToWHI19
q+j79bLLZmklfOZnNdcu5bQGyhwAINM5I68Au4qW+hbiVnEaE0nSfeo1lAEkimAr
kqW4wE4ndgo=
=MoS+
-----END PGP MESSAGE-----
