SN:3K60180500001583 BD:Jul 23 2018 VC:834b9c1 MD5:48f99e4865ed8b810be1bb0eaaabf929
SysTime,                      Time,         Batt_v,      Batt_v_sd,   BATT_PERCENT,BATT_PERCENT_sd,      [CH4]_ppm,   [CH4]_ppm_sd,      [H2O]_ppm,   [H2O]_ppm_sd,      [CO2]_ppm,   [CO2]_ppm_sd,     [CH4]d_ppm,  [CH4]d_ppm_sd,     [CO2]d_ppm,  [CO2]d_ppm_sd,      GasP_torr,   GasP_torr_sd,         GasT_C,      GasT_C_sd,         AmbT_C,      AmbT_C_sd,         RD0_us,      RD0_us_sd,         RD1_us,      RD1_us_sd, Temp_Status_mA,Temp_Status_mA_sd,Analyzer_Status_mA,Analyzer_Status_mA_sd,       Fit_Flag,      MIU_VALVE,       MIU_DESC
12/14/2020 10:23:15.426, 12/14/2020 10:23:15.346, 4.14278e+0, 0.00000e+0, -2.10710e+2, 0.00000e+0, 1.98776e+0, 0.00000e+0, 7.00089e+3, 0.00000e+0, 3.86707e+2, 0.00000e+0, 1.00088e+0, 0.00000e+0, 1.94717e+2, 0.00000e+0, 5.02291e+2, 0.00000e+0, 9.99537e+0, 0.00000e+0, 8.09352e+0, 0.00000e+0, 3.58260e+0, 0.00000e+0, 3.19098e+0, 0.00000e+0, 2.00000e+1, 0.00000e+0, 1.70000e+1, 0.00000e+0, 2, 1, 
12/14/2020 10:23:16.399, 12/14/2020 10:23:16.340, 4.14276e+0, 0.00000e+0, 9.48017e+1, 0.00000e+0, 1.99157e+0, 0.00000e+0, 6.90906e+3, 0.00000e+0, 3.89195e+2, 0.00000e+0, 2.00543e+0, 0.00000e+0, 3.91903e+2, 0.00000e+0, 5.02267e+2, 0.00000e+0, 9.99644e+0, 0.00000e+0, 8.09544e+0, 0.00000e+0, 3.58359e+0, 0.00000e+0, 3.18809e+0, 0.00000e+0, 2.00000e+1, 0.00000e+0, 1.70000e+1, 0.00000e+0, 2, 1, 
12/14/2020 10:23:17.413, 12/14/2020 10:23:17.334, 4.14286e+0, 0.00000e+0, 9.48169e+1, 0.00000e+0, 1.98930e+0, 0.00000e+0, 7.12842e+3, 0.00000e+0, 3.89695e+2, 0.00000e+0, 2.00358e+0, 0.00000e+0, 3.92493e+2, 0.00000e+0, 5.02265e+2, 0.00000e+0, 9.99220e+0, 0.00000e+0, 8.09900e+0, 0.00000e+0, 3.58509e+0, 0.00000e+0, 3.18866e+0, 0.00000e+0, 2.00000e+1, 0.00000e+0, 1.70000e+1, 0.00000e+0, 2, 1, 
12/14/2020 10:23:18.382, 12/14/2020 10:23:18.330, 4.14290e+0, 0.00000e+0, 9.48228e+1, 0.00000e+0, 1.98916e+0, 0.00000e+0, 7.27805e+3, 0.00000e+0, 3.89456e+2, 0.00000e+0, 2.00375e+0, 0.00000e+0, 3.92311e+2, 0.00000e+0, 5.02280e+2, 0.00000e+0, 9.99682e+0, 0.00000e+0, 8.08978e+0, 0.00000e+0, 3.58486e+0, 0.00000e+0, 3.19123e+0, 0.00000e+0, 2.00000e+1, 0.00000e+0, 1.70000e+1, 0.00000e+0, 2, 1, 
12/14/2020 10:23:19.380, 12/14/2020 10:23:19.323, 4.14276e+0, 0.00000e+0, 9.48017e+1, 0.00000e+0, 1.98535e+0, 0.00000e+0, 6.90921e+3, 0.00000e+0, 3.91413e+2, 0.00000e+0, 1.99917e+0, 0.00000e+0, 3.94136e+2, 0.00000e+0, 5.02276e+2, 0.00000e+0, 1.00019e+1, 0.00000e+0, 8.09504e+0, 0.00000e+0, 3.58533e+0, 0.00000e+0, 3.18933e+0, 0.00000e+0, 2.00000e+1, 0.00000e+0, 1.70000e+1, 0.00000e+0, 2, 1, 
12/14/2020 10:23:20.371, 12/14/2020 10:23:20.318, 4.14297e+0, 0.00000e+0, 9.48329e+1, 0.00000e+0, 1.98801e+0, 0.00000e+0, 7.00246e+3, 0.00000e+0, 3.89794e+2, 0.00000e+0, 2.00203e+0, 0.00000e+0, 3.92543e+2, 0.00000e+0, 5.02285e+2, 0.00000e+0, 1.00029e+1, 0.00000e+0, 8.09163e+0, 0.00000e+0, 3.58771e+0, 0.00000e+0, 3.19062e+0, 0.00000e+0, 2.00000e+1, 0.00000e+0, 1.70000e+1, 0.00000e+0, 2, 1, 
12/14/2020 10:23:21.365, 12/14/2020 10:23:21.312, 4.14298e+0, 0.00000e+0, 9.48350e+1, 0.00000e+0, 1.98901e+0, 0.00000e+0, 6.97255e+3, 0.00000e+0, 3.90931e+2, 0.00000e+0, 2.00298e+0, 0.00000e+0, 3.93676e+2, 0.00000e+0, 5.02291e+2, 0.00000e+0, 9.99439e+0, 0.00000e+0, 8.09807e+0, 0.00000e+0, 3.58338e+0, 0.00000e+0, 3.19098e+0, 0.00000e+0, 2.00000e+1, 0.00000e+0, 1.70000e+1, 0.00000e+0, 2, 1, 
12/14/2020 10:23:22.362, 12/14/2020 10:23:22.307, 4.14304e+0, 0.00000e+0, 9.48441e+1, 0.00000e+0, 1.99073e+0, 0.00000e+0, 6.91064e+3, 0.00000e+0, 3.91366e+2, 0.00000e+0, 2.00458e+0, 0.00000e+0, 3.94089e+2, 0.00000e+0, 5.02270e+2, 0.00000e+0, 1.00028e+1, 0.00000e+0, 8.10075e+0, 0.00000e+0, 3.58232e+0, 0.00000e+0, 3.19323e+0, 0.00000e+0, 2.00000e+1, 0.00000e+0, 1.70000e+1, 0.00000e+0, 2, 1, 
12/14/2020 10:23:23.358, 12/14/2020 10:23:23.301, 4.14311e+0, 0.00000e+0, 9.48546e+1, 0.00000e+0, 1.98804e+0, 0.00000e+0, 7.04454e+3, 0.00000e+0, 3.91636e+2, 0.00000e+0, 2.00214e+0, 0.00000e+0, 3.94415e+2, 0.00000e+0, 5.02251e+2, 0.00000e+0, 9.99620e+0, 0.00000e+0, 8.10375e+0, 0.00000e+0, 3.58341e+0, 0.00000e+0, 3.19429e+0, 0.00000e+0, 2.00000e+1, 0.00000e+0, 1.70000e+1, 0.00000e+0, 2, 1, 
12/14/2020 10:23:24.350, 12/14/2020 10:23:24.296, 4.14313e+0, 0.00000e+0, 9.48562e+1, 0.00000e+0, 1.98987e+0, 0.00000e+0, 6.89497e+3, 0.00000e+0, 3.91612e+2, 0.00000e+0, 2.00368e+0, 0.00000e+0, 3.94331e+2, 0.00000e+0, 5.02259e+2, 0.00000e+0, 9.99427e+0, 0.00000e+0, 8.10258e+0, 0.00000e+0, 3.58175e+0, 0.00000e+0, 3.19547e+0, 0.00000e+0, 2.00000e+1, 0.00000e+0, 1.70000e+1, 0.00000e+0, 2, 1, 
12/14/2020 10:23:25.369, 12/14/2020 10:23:25.291, 4.14315e+0, 0.00000e+0, 9.48593e+1, 0.00000e+0, 1.98654e+0, 0.00000e+0, 6.67828e+3, 0.00000e+0, 3.91028e+2, 0.00000e+0, 1.99990e+0, 0.00000e+0, 3.93657e+2, 0.00000e+0, 5.02252e+2, 0.00000e+0, 9.98655e+0, 0.00000e+0, 8.10346e+0, 0.00000e+0, 3.58367e+0, 0.00000e+0, 3.19379e+0, 0.00000e+0, 2.00000e+1, 0.00000e+0, 1.70000e+1, 0.00000e+0, 2, 1, 
12/14/2020 10:23:26.376, 12/14/2020 10:23:26.285, 4.14321e+0, 0.00000e+0, 9.48683e+1, 0.00000e+0, 1.98532e+0, 0.00000e+0, 6.76084e+3, 0.00000e+0, 3.92357e+2, 0.00000e+0, 1.99883e+0, 0.00000e+0, 3.95028e+2, 0.00000e+0, 5.02270e+2, 0.00000e+0, 9.99042e+0, 0.00000e+0, 8.09211e+0, 0.00000e+0, 3.58119e+0, 0.00000e+0, 3.19446e+0, 0.00000e+0, 2.00000e+1, 0.00000e+0, 1.70000e+1, 0.00000e+0, 3, 1, 
12/14/2020 10:23:27.350, 12/14/2020 10:23:27.280, 4.14308e+0, 0.00000e+0, 9.48493e+1, 0.00000e+0, 1.98808e+0, 0.00000e+0, 6.82630e+3, 0.00000e+0, 3.92250e+2, 0.00000e+0, 2.00174e+0, 0.00000e+0, 3.94946e+2, 0.00000e+0, 5.02266e+2, 0.00000e+0, 9.99859e+0, 0.00000e+0, 8.09382e+0, 0.00000e+0, 3.58223e+0, 0.00000e+0, 3.19358e+0, 0.00000e+0, 2.00000e+1, 0.00000e+0, 1.70000e+1, 0.00000e+0, 3, 1, 
12/14/2020 10:23:28.362, 12/14/2020 10:23:28.274, 4.14307e+0, 0.00000e+0, 9.48474e+1, 0.00000e+0, 1.99059e+0, 0.00000e+0, 6.68226e+3, 0.00000e+0, 3.92075e+2, 0.00000e+0, 2.00398e+0, 0.00000e+0, 3.94712e+2, 0.00000e+0, 5.02257e+2, 0.00000e+0, 1.00097e+1, 0.00000e+0, 8.09106e+0, 0.00000e+0, 3.58216e+0, 0.00000e+0, 3.19403e+0, 0.00000e+0, 2.00000e+1, 0.00000e+0, 1.70000e+1, 0.00000e+0, 3, 1, 
12/14/2020 10:23:29.360, 12/14/2020 10:23:29.269, 4.14329e+0, 0.00000e+0, 9.48799e+1, 0.00000e+0, 1.99111e+0, 0.00000e+0, 7.02731e+3, 0.00000e+0, 3.91945e+2, 0.00000e+0, 2.00520e+0, 0.00000e+0, 3.94719e+2, 0.00000e+0, 5.02261e+2, 0.00000e+0, 9.99960e+0, 0.00000e+0, 8.09469e+0, 0.00000e+0, 3.58367e+0, 0.00000e+0, 3.19305e+0, 0.00000e+0, 2.00000e+1, 0.00000e+0, 1.70000e+1, 0.00000e+0, 3, 1, 
12/14/2020 10:23:30.319, 12/14/2020 10:23:30.263, 4.14314e+0, 0.00000e+0, 9.48587e+1, 0.00000e+0, 1.99121e+0, 0.00000e+0, 6.80607e+3, 0.00000e+0, 3.89937e+2, 0.00000e+0, 2.00486e+0, 0.00000e+0, 3.92609e+2, 0.00000e+0, 5.02258e+2, 0.00000e+0, 1.00107e+1, 0.00000e+0, 8.09792e+0, 0.00000e+0, 3.58266e+0, 0.00000e+0, 3.19420e+0, 0.00000e+0, 2.00000e+1, 0.00000e+0, 1.70000e+1, 0.00000e+0, 3, 1, 
12/14/2020 10:23:31.324, 12/14/2020 10:23:31.257, 4.14332e+0, 0.00000e+0, 9.48845e+1, 0.00000e+0, 1.99143e+0, 0.00000e+0, 6.86614e+3, 0.00000e+0, 3.90661e+2, 0.00000e+0, 2.00520e+0, 0.00000e+0, 3.93361e+2, 0.00000e+0, 5.02258e+2, 0.00000e+0, 1.00042e+1, 0.00000e+0, 8.10603e+0, 0.00000e+0, 3.58097e+0, 0.00000e+0, 3.19363e+0, 0.00000e+0, 2.00000e+1, 0.00000e+0, 1.70000e+1, 0.00000e+0, 3, 1, 
12/14/2020 10:23:32.317, 12/14/2020 10:23:32.259, 4.14331e+0, 0.00000e+0, 9.48828e+1, 0.00000e+0, 1.99170e+0, 0.00000e+0, 6.77192e+3, 0.00000e+0, 3.91836e+2, 0.00000e+0, 2.00528e+0, 0.00000e+0, 3.94508e+2, 0.00000e+0, 5.02237e+2, 0.00000e+0, 1.00050e+1, 0.00000e+0, 8.10190e+0, 0.00000e+0, 3.58319e+0, 0.00000e+0, 3.19266e+0, 0.00000e+0, 2.00000e+1, 0.00000e+0, 1.70000e+1, 0.00000e+0, 3, 1, 
12/14/2020 10:23:33.309, 12/14/2020 10:23:33.254, 4.14337e+0, 0.00000e+0, 9.48920e+1, 0.00000e+0, 1.99165e+0, 0.00000e+0, 6.75460e+3, 0.00000e+0, 3.92759e+2, 0.00000e+0, 2.00520e+0, 0.00000e+0, 3.95430e+2, 0.00000e+0, 5.02229e+2, 0.00000e+0, 1.00023e+1, 0.00000e+0, 8.11591e+0, 0.00000e+0, 3.58244e+0, 0.00000e+0, 3.19440e+0, 0.00000e+0, 2.00000e+1, 0.00000e+0, 1.70000e+1, 0.00000e+0, 3, 1, 
12/14/2020 10:23:34.309, 12/14/2020 10:23:34.248, 4.14345e+0, 0.00000e+0, 9.49045e+1, 0.00000e+0, 1.98817e+0, 0.00000e+0, 6.89134e+3, 0.00000e+0, 3.92326e+2, 0.00000e+0, 2.00197e+0, 0.00000e+0, 3.95048e+2, 0.00000e+0, 5.02237e+2, 0.00000e+0, 1.00040e+1, 0.00000e+0, 8.11870e+0, 0.00000e+0, 3.58294e+0, 0.00000e+0, 3.19323e+0, 0.00000e+0, 2.00000e+1, 0.00000e+0, 1.70000e+1, 0.00000e+0, 3, 1, 
12/14/2020 10:23:35.297, 12/14/2020 10:23:35.242, 4.14340e+0, 0.00000e+0, 9.48975e+1, 0.00000e+0, 1.99064e+0, 0.00000e+0, 6.85512e+3, 0.00000e+0, 3.92355e+2, 0.00000e+0, 2.00438e+0, 0.00000e+0, 3.95063e+2, 0.00000e+0, 5.02253e+2, 0.00000e+0, 1.00040e+1, 0.00000e+0, 8.11602e+0, 0.00000e+0, 3.58119e+0, 0.00000e+0, 3.19308e+0, 0.00000e+0, 2.00000e+1, 0.00000e+0, 1.70000e+1, 0.00000e+0, 3, 2, 
12/14/2020 10:23:36.288, 12/14/2020 10:23:36.237, 4.14335e+0, 0.00000e+0, 9.48901e+1, 0.00000e+0, 1.99115e+0, 0.00000e+0, 6.88909e+3, 0.00000e+0, 3.93757e+2, 0.00000e+0, 2.00497e+0, 0.00000e+0, 3.96488e+2, 0.00000e+0, 5.02230e+2, 0.00000e+0, 1.00083e+1, 0.00000e+0, 8.12773e+0, 0.00000e+0, 3.58173e+0, 0.00000e+0, 3.19385e+0, 0.00000e+0, 2.00000e+1, 0.00000e+0, 1.70000e+1, 0.00000e+0, 3, 2, 
12/14/2020 10:23:37.305, 12/14/2020 10:23:37.231, 4.14341e+0, 0.00000e+0, 9.48985e+1, 0.00000e+0, 1.99560e+0, 0.00000e+0, 7.00798e+3, 0.00000e+0, 3.91887e+2, 0.00000e+0, 2.00969e+0, 0.00000e+0, 3.94653e+2, 0.00000e+0, 5.02242e+2, 0.00000e+0, 1.00073e+1, 0.00000e+0, 8.12826e+0, 0.00000e+0, 3.58102e+0, 0.00000e+0, 3.19515e+0, 0.00000e+0, 2.00000e+1, 0.00000e+0, 1.70000e+1, 0.00000e+0, 3, 2, 
12/14/2020 10:23:38.283, 12/14/2020 10:23:38.226, 4.14342e+0, 0.00000e+0, 9.48995e+1, 0.00000e+0, 1.99300e+0, 0.00000e+0, 6.90057e+3, 0.00000e+0, 3.91487e+2, 0.00000e+0, 2.00684e+0, 0.00000e+0, 3.94207e+2, 0.00000e+0, 5.02296e+2, 0.00000e+0, 1.00080e+1, 0.00000e+0, 8.13681e+0, 0.00000e+0, 3.58077e+0, 0.00000e+0, 3.19391e+0, 0.00000e+0, 2.00000e+1, 0.00000e+0, 1.70000e+1, 0.00000e+0, 3, 2, 
12/14/2020 10:23:39.280, 12/14/2020 10:23:39.221, 4.14351e+0, 0.00000e+0, 9.49123e+1, 0.00000e+0, 1.98849e+0, 0.00000e+0, 7.16864e+3, 0.00000e+0, 3.91755e+2, 0.00000e+0, 2.00285e+0, 0.00000e+0, 3.94583e+2, 0.00000e+0, 5.02161e+2, 0.00000e+0, 1.00070e+1, 0.00000e+0, 8.13402e+0, 0.00000e+0, 3.58493e+0, 0.00000e+0, 3.19278e+0, 0.00000e+0, 2.00000e+1, 0.00000e+0, 1.70000e+1, 0.00000e+0, 3, 2, 
12/14/2020 10:23:40.273, 12/14/2020 10:23:40.216, 4.14342e+0, 0.00000e+0, 9.48998e+1, 0.00000e+0, 1.99000e+0, 0.00000e+0, 7.06740e+3, 0.00000e+0, 3.90941e+2, 0.00000e+0, 2.00416e+0, 0.00000e+0, 3.93724e+2, 0.00000e+0, 5.02106e+2, 0.00000e+0, 1.00061e+1, 0.00000e+0, 8.14559e+0, 0.00000e+0, 3.58188e+0, 0.00000e+0, 3.19232e+0, 0.00000e+0, 2.00000e+1, 0.00000e+0, 1.70000e+1, 0.00000e+0, 3, 2, 
12/14/2020 10:23:41.267, 12/14/2020 10:23:41.211, 4.14357e+0, 0.00000e+0, 9.49220e+1, 0.00000e+0, 1.99078e+0, 0.00000e+0, 7.55795e+3, 0.00000e+0, 3.89480e+2, 0.00000e+0, 2.00594e+0, 0.00000e+0, 3.92446e+2, 0.00000e+0, 5.02235e+2, 0.00000e+0, 1.00092e+1, 0.00000e+0, 8.14198e+0, 0.00000e+0, 3.58534e+0, 0.00000e+0, 3.19219e+0, 0.00000e+0, 2.00000e+1, 0.00000e+0, 1.70000e+1, 0.00000e+0, 3, 2, 
12/14/2020 10:23:42.259, 12/14/2020 10:23:42.204, 4.14346e+0, 0.00000e+0, 9.49056e+1, 0.00000e+0, 1.99145e+0, 0.00000e+0, 7.00221e+3, 0.00000e+0, 3.89803e+2, 0.00000e+0, 2.00549e+0, 0.00000e+0, 3.92552e+2, 0.00000e+0, 5.02204e+2, 0.00000e+0, 1.00132e+1, 0.00000e+0, 8.14756e+0, 0.00000e+0, 3.58173e+0, 0.00000e+0, 3.19300e+0, 0.00000e+0, 2.00000e+1, 0.00000e+0, 1.70000e+1, 0.00000e+0, 3, 2, 
12/14/2020 10:23:43.249, 12/14/2020 10:23:43.198, 4.14343e+0, 0.00000e+0, 9.49006e+1, 0.00000e+0, 1.98814e+0, 0.00000e+0, 6.83651e+3, 0.00000e+0, 3.90587e+2, 0.00000e+0, 2.00183e+0, 0.00000e+0, 3.93275e+2, 0.00000e+0, 5.02182e+2, 0.00000e+0, 9.99847e+0, 0.00000e+0, 8.15066e+0, 0.00000e+0, 3.58255e+0, 0.00000e+0, 3.19248e+0, 0.00000e+0, 2.00000e+1, 0.00000e+0, 1.70000e+1, 0.00000e+0, 3, 2, 
12/14/2020 10:23:44.252, 12/14/2020 10:23:44.194, 4.14374e+0, 0.00000e+0, 9.49465e+1, 0.00000e+0, 1.98974e+0, 0.00000e+0, 7.31221e+3, 0.00000e+0, 3.90327e+2, 0.00000e+0, 2.00440e+0, 0.00000e+0, 3.93203e+2, 0.00000e+0, 5.02221e+2, 0.00000e+0, 9.99250e+0, 0.00000e+0, 8.14610e+0, 0.00000e+0, 3.58314e+0, 0.00000e+0, 3.19290e+0, 0.00000e+0, 2.00000e+1, 0.00000e+0, 1.70000e+1, 0.00000e+0, 3, 2, 
12/14/2020 10:23:45.246, 12/14/2020 10:23:45.187, 4.14348e+0, 0.00000e+0, 9.49091e+1, 0.00000e+0, 1.98993e+0, 0.00000e+0, 7.04059e+3, 0.00000e+0, 3.92557e+2, 0.00000e+0, 2.00404e+0, 0.00000e+0, 3.95340e+2, 0.00000e+0, 5.02218e+2, 0.00000e+0, 1.00041e+1, 0.00000e+0, 8.15144e+0, 0.00000e+0, 3.58109e+0, 0.00000e+0, 3.19172e+0, 0.00000e+0, 2.00000e+1, 0.00000e+0, 1.70000e+1, 0.00000e+0, 3, 2, 
12/14/2020 10:23:46.241, 12/14/2020 10:23:46.182, 4.14361e+0, 0.00000e+0, 9.49272e+1, 0.00000e+0, 1.99591e+0, 0.00000e+0, 7.06536e+3, 0.00000e+0, 3.97727e+2, 0.00000e+0, 2.01011e+0, 0.00000e+0, 4.00557e+2, 0.00000e+0, 5.02193e+2, 0.00000e+0, 1.00044e+1, 0.00000e+0, 8.14449e+0, 0.00000e+0, 3.58217e+0, 0.00000e+0, 3.19144e+0, 0.00000e+0, 2.00000e+1, 0.00000e+0, 1.70000e+1, 0.00000e+0, 3, 2, 
12/14/2020 10:23:47.229, 12/14/2020 10:23:47.178, 4.14358e+0, 0.00000e+0, 9.49239e+1, 0.00000e+0, 1.99382e+0, 0.00000e+0, 6.99842e+3, 0.00000e+0, 4.04021e+2, 0.00000e+0, 2.00787e+0, 0.00000e+0, 4.06868e+2, 0.00000e+0, 5.02198e+2, 0.00000e+0, 1.00085e+1, 0.00000e+0, 8.15677e+0, 0.00000e+0, 3.58554e+0, 0.00000e+0, 3.19260e+0, 0.00000e+0, 2.00000e+1, 0.00000e+0, 1.70000e+1, 0.00000e+0, 3, 2, 
12/14/2020 10:23:48.243, 12/14/2020 10:23:48.172, 4.14360e+0, 0.00000e+0, 9.49258e+1, 0.00000e+0, 1.99810e+0, 0.00000e+0, 7.13426e+3, 0.00000e+0, 4.09014e+2, 0.00000e+0, 2.01246e+0, 0.00000e+0, 4.11953e+2, 0.00000e+0, 5.02219e+2, 0.00000e+0, 1.00051e+1, 0.00000e+0, 8.15882e+0, 0.00000e+0, 3.58156e+0, 0.00000e+0, 3.19154e+0, 0.00000e+0, 2.00000e+1, 0.00000e+0, 1.70000e+1, 0.00000e+0, 3, 2, 
12/14/2020 10:23:49.224, 12/14/2020 10:23:49.166, 4.14354e+0, 0.00000e+0, 9.49173e+1, 0.00000e+0, 1.99272e+0, 0.00000e+0, 7.56288e+3, 0.00000e+0, 4.13201e+2, 0.00000e+0, 2.00790e+0, 0.00000e+0, 4.16350e+2, 0.00000e+0, 5.02214e+2, 0.00000e+0, 1.00039e+1, 0.00000e+0, 8.16326e+0, 0.00000e+0, 3.58259e+0, 0.00000e+0, 3.19138e+0, 0.00000e+0, 2.00000e+1, 0.00000e+0, 1.70000e+1, 0.00000e+0, 3, 2, 
12/14/2020 10:23:50.228, 12/14/2020 10:23:50.160, 4.14366e+0, 0.00000e+0, 9.49352e+1, 0.00000e+0, 1.98450e+0, 0.00000e+0, 7.53311e+3, 0.00000e+0, 4.12431e+2, 0.00000e+0, 1.99956e+0, 0.00000e+0, 4.15562e+2, 0.00000e+0, 5.02212e+2, 0.00000e+0, 9.99823e+0, 0.00000e+0, 8.16443e+0, 0.00000e+0, 3.58272e+0, 0.00000e+0, 3.19098e+0, 0.00000e+0, 2.00000e+1, 0.00000e+0, 1.70000e+1, 0.00000e+0, 3, 2, 
12/14/2020 10:23:51.236, 12/14/2020 10:23:51.155, 4.14361e+0, 0.00000e+0, 9.49274e+1, 0.00000e+0, 1.98186e+0, 0.00000e+0, 7.13662e+3, 0.00000e+0, 4.11422e+2, 0.00000e+0, 1.99611e+0, 0.00000e+0, 4.14380e+2, 0.00000e+0, 5.02210e+2, 0.00000e+0, 9.99840e+0, 0.00000e+0, 8.16452e+0, 0.00000e+0, 3.58244e+0, 0.00000e+0, 3.18944e+0, 0.00000e+0, 2.00000e+1, 0.00000e+0, 1.70000e+1, 0.00000e+0, 3, 2, 
12/14/2020 10:23:52.207, 12/14/2020 10:23:52.149, 4.14358e+0, 0.00000e+0, 9.49233e+1, 0.00000e+0, 1.98164e+0, 0.00000e+0, 7.11875e+3, 0.00000e+0, 4.11643e+2, 0.00000e+0, 1.99584e+0, 0.00000e+0, 4.14594e+2, 0.00000e+0, 5.02190e+2, 0.00000e+0, 9.99774e+0, 0.00000e+0, 8.17012e+0, 0.00000e+0, 3.58257e+0, 0.00000e+0, 3.18905e+0, 0.00000e+0, 2.00000e+1, 0.00000e+0, 1.70000e+1, 0.00000e+0, 3, 2, 
12/14/2020 10:23:53.210, 12/14/2020 10:23:53.143, 4.14357e+0, 0.00000e+0, 9.49216e+1, 0.00000e+0, 1.97970e+0, 0.00000e+0, 6.82239e+3, 0.00000e+0, 4.10707e+2, 0.00000e+0, 1.99330e+0, 0.00000e+0, 4.13528e+2, 0.00000e+0, 5.02225e+2, 0.00000e+0, 9.99698e+0, 0.00000e+0, 8.17059e+0, 0.00000e+0, 3.58185e+0, 0.00000e+0, 3.18869e+0, 0.00000e+0, 2.00000e+1, 0.00000e+0, 1.70000e+1, 0.00000e+0, 3, 2, 
12/14/2020 10:23:54.195, 12/14/2020 10:23:54.139, 4.14365e+0, 0.00000e+0, 9.49329e+1, 0.00000e+0, 1.97970e+0, 0.00000e+0, 7.13221e+3, 0.00000e+0, 4.08219e+2, 0.00000e+0, 1.99392e+0, 0.00000e+0, 4.11152e+2, 0.00000e+0, 5.02221e+2, 0.00000e+0, 9.99756e+0, 0.00000e+0, 8.16784e+0, 0.00000e+0, 3.58417e+0, 0.00000e+0, 3.18990e+0, 0.00000e+0, 2.00000e+1, 0.00000e+0, 1.70000e+1, 0.00000e+0, 3, 2, 
12/14/2020 10:23:55.191, 12/14/2020 10:23:55.133, 4.14371e+0, 0.00000e+0, 9.49420e+1, 0.00000e+0, 1.97889e+0, 0.00000e+0, 7.38631e+3, 0.00000e+0, 4.06876e+2, 0.00000e+0, 1.99361e+0, 0.00000e+0, 4.09903e+2, 0.00000e+0, 5.02216e+2, 0.00000e+0, 9.99768e+0, 0.00000e+0, 8.16618e+0, 0.00000e+0, 3.58350e+0, 0.00000e+0, 3.18912e+0, 0.00000e+0, 2.00000e+1, 0.00000e+0, 1.70000e+1, 0.00000e+0, 3, 2, 
12/14/2020 10:23:56.199, 12/14/2020 10:23:56.127, 4.14379e+0, 0.00000e+0, 9.49550e+1, 0.00000e+0, 1.97873e+0, 0.00000e+0, 7.20106e+3, 0.00000e+0, 4.06361e+2, 0.00000e+0, 1.99308e+0, 0.00000e+0, 4.09308e+2, 0.00000e+0, 5.02209e+2, 0.00000e+0, 9.99778e+0, 0.00000e+0, 8.16106e+0, 0.00000e+0, 3.58295e+0, 0.00000e+0, 3.18929e+0, 0.00000e+0, 2.00000e+1, 0.00000e+0, 1.70000e+1, 0.00000e+0, 3, 2, 
12/14/2020 10:23:57.175, 12/14/2020 10:23:57.122, 4.14375e+0, 0.00000e+0, 9.49489e+1, 0.00000e+0, 1.97925e+0, 0.00000e+0, 7.00367e+3, 0.00000e+0, 4.06148e+2, 0.00000e+0, 1.99321e+0, 0.00000e+0, 4.09012e+2, 0.00000e+0, 5.02205e+2, 0.00000e+0, 9.99952e+0, 0.00000e+0, 8.16536e+0, 0.00000e+0, 3.58350e+0, 0.00000e+0, 3.18820e+0, 0.00000e+0, 2.00000e+1, 0.00000e+0, 1.70000e+1, 0.00000e+0, 3, 2, 
12/14/2020 10:23:58.184, 12/14/2020 10:23:58.116, 4.14357e+0, 0.00000e+0, 9.49224e+1, 0.00000e+0, 1.97490e+0, 0.00000e+0, 7.42245e+3, 0.00000e+0, 4.05949e+2, 0.00000e+0, 1.98966e+0, 0.00000e+0, 4.08984e+2, 0.00000e+0, 5.02215e+2, 0.00000e+0, 9.99502e+0, 0.00000e+0, 8.16946e+0, 0.00000e+0, 3.58698e+0, 0.00000e+0, 3.18823e+0, 0.00000e+0, 2.00000e+1, 0.00000e+0, 1.70000e+1, 0.00000e+0, 3, 2, 
12/14/2020 10:23:59.189, 12/14/2020 10:23:59.111, 4.14368e+0, 0.00000e+0, 9.49380e+1, 0.00000e+0, 1.97933e+0, 0.00000e+0, 7.37445e+3, 0.00000e+0, 4.04800e+2, 0.00000e+0, 1.99403e+0, 0.00000e+0, 4.07807e+2, 0.00000e+0, 5.02224e+2, 0.00000e+0, 9.99884e+0, 0.00000e+0, 8.17212e+0, 0.00000e+0, 3.58529e+0, 0.00000e+0, 3.18943e+0, 0.00000e+0, 2.00000e+1, 0.00000e+0, 1.70000e+1, 0.00000e+0, 3, 2, 
12/14/2020 10:24:00.181, 12/14/2020 10:24:00.106, 4.14348e+0, 0.00000e+0, 9.49086e+1, 0.00000e+0, 1.97739e+0, 0.00000e+0, 7.66897e+3, 0.00000e+0, 4.03876e+2, 0.00000e+0, 1.99267e+0, 0.00000e+0, 4.06997e+2, 0.00000e+0, 5.02223e+2, 0.00000e+0, 9.99113e+0, 0.00000e+0, 8.16875e+0, 0.00000e+0, 3.58394e+0, 0.00000e+0, 3.18912e+0, 0.00000e+0, 2.00000e+1, 0.00000e+0, 1.70000e+1, 0.00000e+0, 3, 2, 
12/14/2020 10:24:01.160, 12/14/2020 10:24:01.101, 4.14334e+0, 0.00000e+0, 9.48878e+1, 0.00000e+0, 1.98022e+0, 0.00000e+0, 7.43504e+3, 0.00000e+0, 4.02533e+2, 0.00000e+0, 1.99505e+0, 0.00000e+0, 4.05549e+2, 0.00000e+0, 5.02209e+2, 0.00000e+0, 1.00128e+1, 0.00000e+0, 8.16535e+0, 0.00000e+0, 3.58411e+0, 0.00000e+0, 3.18946e+0, 0.00000e+0, 2.00000e+1, 0.00000e+0, 1.70000e+1, 0.00000e+0, 3, 2, 
12/14/2020 10:24:02.141, 12/14/2020 10:24:02.094, 4.14350e+0, 0.00000e+0, 9.49121e+1, 0.00000e+0, 1.97890e+0, 0.00000e+0, 7.53346e+3, 0.00000e+0, 4.02420e+2, 0.00000e+0, 1.99393e+0, 0.00000e+0, 4.05475e+2, 0.00000e+0, 5.02195e+2, 0.00000e+0, 1.00017e+1, 0.00000e+0, 8.18310e+0, 0.00000e+0, 3.58284e+0, 0.00000e+0, 3.18896e+0, 0.00000e+0, 2.00000e+1, 0.00000e+0, 1.70000e+1, 0.00000e+0, 3, 2, 
12/14/2020 10:24:03.138, 12/14/2020 10:24:03.090, 4.14392e+0, 0.00000e+0, 9.49727e+1, 0.00000e+0, 1.97567e+0, 0.00000e+0, 7.01837e+3, 0.00000e+0, 4.02092e+2, 0.00000e+0, 1.98963e+0, 0.00000e+0, 4.04934e+2, 0.00000e+0, 5.02277e+2, 0.00000e+0, 1.00034e+1, 0.00000e+0, 8.19076e+0, 0.00000e+0, 3.58535e+0, 0.00000e+0, 3.18945e+0, 0.00000e+0, 2.00000e+1, 0.00000e+0, 1.70000e+1, 0.00000e+0, 3, 2, 
12/14/2020 10:24:04.134, 12/14/2020 10:24:04.083, 4.14382e+0, 0.00000e+0, 9.49581e+1, 0.00000e+0, 1.97825e+0, 0.00000e+0, 7.48247e+3, 0.00000e+0, 4.01732e+2, 0.00000e+0, 1.99316e+0, 0.00000e+0, 4.04761e+2, 0.00000e+0, 5.02215e+2, 0.00000e+0, 9.99415e+0, 0.00000e+0, 8.18729e+0, 0.00000e+0, 3.58434e+0, 0.00000e+0, 3.19054e+0, 0.00000e+0, 2.00000e+1, 0.00000e+0, 1.70000e+1, 0.00000e+0, 3, 2, 
12/14/2020 10:24:05.129, 12/14/2020 10:24:05.078, 4.14324e+0, 0.00000e+0, 9.48735e+1, 0.00000e+0, 1.98066e+0, 0.00000e+0, 7.46636e+3, 0.00000e+0, 4.01122e+2, 0.00000e+0, 1.99556e+0, 0.00000e+0, 4.04139e+2, 0.00000e+0, 5.02244e+2, 0.00000e+0, 1.00557e+1, 0.00000e+0, 8.16248e+0, 0.00000e+0, 3.58430e+0, 0.00000e+0, 3.18873e+0, 0.00000e+0, 2.00000e+1, 0.00000e+0, 1.70000e+1, 0.00000e+0, 3, 3, 
12/14/2020 10:24:06.120, 12/14/2020 10:24:06.072, 4.14357e+0, 0.00000e+0, 9.49224e+1, 0.00000e+0, 1.98164e+0, 0.00000e+0, 7.33994e+3, 0.00000e+0, 3.99914e+2, 0.00000e+0, 1.99630e+0, 0.00000e+0, 4.02871e+2, 0.00000e+0, 5.02284e+2, 0.00000e+0, 1.00094e+1, 0.00000e+0, 8.17220e+0, 0.00000e+0, 3.58205e+0, 0.00000e+0, 3.18979e+0, 0.00000e+0, 2.00000e+1, 0.00000e+0, 1.70000e+1, 0.00000e+0, 3, 3, 
12/14/2020 10:24:07.114, 12/14/2020 10:24:07.067, 4.14398e+0, 0.00000e+0, 9.49818e+1, 0.00000e+0, 1.97817e+0, 0.00000e+0, 7.21628e+3, 0.00000e+0, 4.02285e+2, 0.00000e+0, 1.99255e+0, 0.00000e+0, 4.05209e+2, 0.00000e+0, 5.02210e+2, 0.00000e+0, 9.99676e+0, 0.00000e+0, 8.18185e+0, 0.00000e+0, 3.58415e+0, 0.00000e+0, 3.18963e+0, 0.00000e+0, 2.00000e+1, 0.00000e+0, 1.00000e+1, 0.00000e+0, 3, 3, 
12/14/2020 10:24:08.113, 12/14/2020 10:24:08.063, 4.14397e+0, 0.00000e+0, 9.49813e+1, 0.00000e+0, 1.97850e+0, 0.00000e+0, 7.40607e+3, 0.00000e+0, 4.00343e+2, 0.00000e+0, 1.99326e+0, 0.00000e+0, 4.03330e+2, 0.00000e+0, 5.02235e+2, 0.00000e+0, 9.99931e+0, 0.00000e+0, 8.18228e+0, 0.00000e+0, 3.58464e+0, 0.00000e+0, 3.18797e+0, 0.00000e+0, 2.00000e+1, 0.00000e+0, 1.00000e+1, 0.00000e+0, 3, 3, 
12/14/2020 10:24:09.108, 12/14/2020 10:24:09.057, 4.14376e+0, 0.00000e+0, 9.49497e+1, 0.00000e+0, 1.97877e+0, 0.00000e+0, 7.26235e+3, 0.00000e+0, 3.99248e+2, 0.00000e+0, 1.99324e+0, 0.00000e+0, 4.02169e+2, 0.00000e+0, 5.02250e+2, 0.00000e+0, 9.99796e+0, 0.00000e+0, 8.17783e+0, 0.00000e+0, 3.58573e+0, 0.00000e+0, 3.18885e+0, 0.00000e+0, 2.00000e+1, 0.00000e+0, 1.00000e+1, 0.00000e+0, 3, 3, 
12/14/2020 10:24:10.098, 12/14/2020 10:24:10.052, 4.14392e+0, 0.00000e+0, 9.49733e+1, 0.00000e+0, 1.97529e+0, 0.00000e+0, 7.15069e+3, 0.00000e+0, 3.98372e+2, 0.00000e+0, 1.98952e+0, 0.00000e+0, 4.01241e+2, 0.00000e+0, 5.02242e+2, 0.00000e+0, 9.99262e+0, 0.00000e+0, 8.17637e+0, 0.00000e+0, 3.58521e+0, 0.00000e+0, 3.18922e+0, 0.00000e+0, 2.00000e+1, 0.00000e+0, 1.00000e+1, 0.00000e+0, 3, 3, 
12/14/2020 10:24:11.098, 12/14/2020 10:24:11.045, 4.14405e+0, 0.00000e+0, 9.49930e+1, 0.00000e+0, 1.97766e+0, 0.00000e+0, 7.28491e+3, 0.00000e+0, 3.97734e+2, 0.00000e+0, 1.99217e+0, 0.00000e+0, 4.00653e+2, 0.00000e+0, 5.02220e+2, 0.00000e+0, 1.00059e+1, 0.00000e+0, 8.17705e+0, 0.00000e+0, 3.58348e+0, 0.00000e+0, 3.18836e+0, 0.00000e+0, 2.00000e+1, 0.00000e+0, 1.00000e+1, 0.00000e+0, 3, 3, 
12/14/2020 10:24:12.093, 12/14/2020 10:24:12.041, 4.14399e+0, 0.00000e+0, 9.49841e+1, 0.00000e+0, 1.97952e+0, 0.00000e+0, 7.53862e+3, 0.00000e+0, 3.97661e+2, 0.00000e+0, 1.99456e+0, 0.00000e+0, 4.00681e+2, 0.00000e+0, 5.02235e+2, 0.00000e+0, 9.99653e+0, 0.00000e+0, 8.17627e+0, 0.00000e+0, 3.58524e+0, 0.00000e+0, 3.18889e+0, 0.00000e+0, 2.00000e+1, 0.00000e+0, 1.00000e+1, 0.00000e+0, 3, 3, 
12/14/2020 10:24:13.089, 12/14/2020 10:24:13.034, 4.14391e+0, 0.00000e+0, 9.49724e+1, 0.00000e+0, 1.97775e+0, 0.00000e+0, 7.35652e+3, 0.00000e+0, 3.97200e+2, 0.00000e+0, 1.99240e+0, 0.00000e+0, 4.00144e+2, 0.00000e+0, 5.02214e+2, 0.00000e+0, 9.99952e+0, 0.00000e+0, 8.17472e+0, 0.00000e+0, 3.58563e+0, 0.00000e+0, 3.18884e+0, 0.00000e+0, 2.00000e+1, 0.00000e+0, 1.00000e+1, 0.00000e+0, 3, 3, 
12/14/2020 10:24:14.082, 12/14/2020 10:24:14.029, 4.14401e+0, 0.00000e+0, 9.49864e+1, 0.00000e+0, 1.97779e+0, 0.00000e+0, 7.14735e+3, 0.00000e+0, 3.98646e+2, 0.00000e+0, 1.99202e+0, 0.00000e+0, 4.01516e+2, 0.00000e+0, 5.02290e+2, 0.00000e+0, 1.00316e+1, 0.00000e+0, 8.18016e+0, 0.00000e+0, 3.58621e+0, 0.00000e+0, 3.18887e+0, 0.00000e+0, 2.00000e+1, 0.00000e+0, 1.00000e+1, 0.00000e+0, 3, 3, 
12/14/2020 10:24:15.076, 12/14/2020 10:24:15.024, 4.14413e+0, 0.00000e+0, 9.50047e+1, 0.00000e+0, 1.98016e+0, 0.00000e+0, 7.29332e+3, 0.00000e+0, 3.98868e+2, 0.00000e+0, 1.99470e+0, 0.00000e+0, 4.01799e+2, 0.00000e+0, 5.02237e+2, 0.00000e+0, 9.99385e+0, 0.00000e+0, 8.18258e+0, 0.00000e+0, 3.58665e+0, 0.00000e+0, 3.18993e+0, 0.00000e+0, 2.00000e+1, 0.00000e+0, 1.00000e+1, 0.00000e+0, 3, 3, 
12/14/2020 10:24:16.069, 12/14/2020 10:24:16.018, 4.14415e+0, 0.00000e+0, 9.50074e+1, 0.00000e+0, 1.98024e+0, 0.00000e+0, 7.04637e+3, 0.00000e+0, 3.98685e+2, 0.00000e+0, 1.99429e+0, 0.00000e+0, 4.01514e+2, 0.00000e+0, 5.02244e+2, 0.00000e+0, 9.99896e+0, 0.00000e+0, 8.18336e+0, 0.00000e+0, 3.58597e+0, 0.00000e+0, 3.18841e+0, 0.00000e+0, 2.00000e+1, 0.00000e+0, 1.00000e+1, 0.00000e+0, 3, 3, 
12/14/2020 10:24:17.075, 12/14/2020 10:24:17.019, 4.14417e+0, 0.00000e+0, 9.50100e+1, 0.00000e+0, 1.98067e+0, 0.00000e+0, 6.88892e+3, 0.00000e+0, 3.97441e+2, 0.00000e+0, 1.99441e+0, 0.00000e+0, 4.00198e+2, 0.00000e+0, 5.02230e+2, 0.00000e+0, 9.99977e+0, 0.00000e+0, 8.19140e+0, 0.00000e+0, 3.58368e+0, 0.00000e+0, 3.18839e+0, 0.00000e+0, 2.00000e+1, 0.00000e+0, 1.00000e+1, 0.00000e+0, 3, 3, 
12/14/2020 10:24:18.063, 12/14/2020 10:24:18.014, 4.14414e+0, 0.00000e+0, 9.50062e+1, 0.00000e+0, 1.97957e+0, 0.00000e+0, 7.08647e+3, 0.00000e+0, 3.97049e+2, 0.00000e+0, 1.99370e+0, 0.00000e+0, 3.99883e+2, 0.00000e+0, 5.02218e+2, 0.00000e+0, 9.97827e+0, 0.00000e+0, 8.19236e+0, 0.00000e+0, 3.58569e+0, 0.00000e+0, 3.18925e+0, 0.00000e+0, 2.00000e+1, 0.00000e+0, 1.00000e+1, 0.00000e+0, 3, 3, 
12/14/2020 10:24:19.057, 12/14/2020 10:24:19.009, 4.14413e+0, 0.00000e+0, 9.50038e+1, 0.00000e+0, 1.98296e+0, 0.00000e+0, 7.20661e+3, 0.00000e+0, 3.94425e+2, 0.00000e+0, 1.99735e+0, 0.00000e+0, 3.97288e+2, 0.00000e+0, 5.02237e+2, 0.00000e+0, 9.97748e+0, 0.00000e+0, 8.19861e+0, 0.00000e+0, 3.58541e+0, 0.00000e+0, 3.18978e+0, 0.00000e+0, 2.00000e+1, 0.00000e+0, 1.00000e+1, 0.00000e+0, 3, 3, 
12/14/2020 10:24:20.064, 12/14/2020 10:24:20.003, 4.14418e+0, 0.00000e+0, 9.50121e+1, 0.00000e+0, 1.98349e+0, 0.00000e+0, 7.46981e+3, 0.00000e+0, 3.94199e+2, 0.00000e+0, 1.99842e+0, 0.00000e+0, 3.97166e+2, 0.00000e+0, 5.02242e+2, 0.00000e+0, 9.98817e+0, 0.00000e+0, 8.19333e+0, 0.00000e+0, 3.58378e+0, 0.00000e+0, 3.18904e+0, 0.00000e+0, 2.00000e+1, 0.00000e+0, 1.00000e+1, 0.00000e+0, 3, 3, 
12/14/2020 10:24:21.047, 12/14/2020 10:24:20.997, 4.14417e+0, 0.00000e+0, 9.50101e+1, 0.00000e+0, 1.98854e+0, 0.00000e+0, 7.06318e+3, 0.00000e+0, 3.92433e+2, 0.00000e+0, 2.00269e+0, 0.00000e+0, 3.95224e+2, 0.00000e+0, 5.02245e+2, 0.00000e+0, 9.99603e+0, 0.00000e+0, 8.19658e+0, 0.00000e+0, 3.58429e+0, 0.00000e+0, 3.18968e+0, 0.00000e+0, 2.00000e+1, 0.00000e+0, 1.00000e+1, 0.00000e+0, 3, 3, 
12/14/2020 10:24:22.043, 12/14/2020 10:24:21.993, 4.14418e+0, 0.00000e+0, 9.50112e+1, 0.00000e+0, 1.98775e+0, 0.00000e+0, 7.19278e+3, 0.00000e+0, 3.92723e+2, 0.00000e+0, 2.00215e+0, 0.00000e+0, 3.95569e+2, 0.00000e+0, 5.02225e+2, 0.00000e+0, 9.98075e+0, 0.00000e+0, 8.19590e+0, 0.00000e+0, 3.58489e+0, 0.00000e+0, 3.18944e+0, 0.00000e+0, 2.00000e+1, 0.00000e+0, 1.00000e+1, 0.00000e+0, 3, 3, 
12/14/2020 10:24:23.037, 12/14/2020 10:24:22.987, 4.14436e+0, 0.00000e+0, 9.50384e+1, 0.00000e+0, 1.98898e+0, 0.00000e+0, 7.31983e+3, 0.00000e+0, 3.91454e+2, 0.00000e+0, 2.00365e+0, 0.00000e+0, 3.94341e+2, 0.00000e+0, 5.02230e+2, 0.00000e+0, 9.98349e+0, 0.00000e+0, 8.19497e+0, 0.00000e+0, 3.58507e+0, 0.00000e+0, 3.19021e+0, 0.00000e+0, 2.00000e+1, 0.00000e+0, 1.00000e+1, 0.00000e+0, 3, 3, 
12/14/2020 10:24:24.034, 12/14/2020 10:24:23.981, 4.14433e+0, 0.00000e+0, 9.50337e+1, 0.00000e+0, 1.98786e+0, 0.00000e+0, 7.16231e+3, 0.00000e+0, 3.92216e+2, 0.00000e+0, 2.00220e+0, 0.00000e+0, 3.95046e+2, 0.00000e+0, 5.02219e+2, 0.00000e+0, 9.98665e+0, 0.00000e+0, 8.19660e+0, 0.00000e+0, 3.58511e+0, 0.00000e+0, 3.18936e+0, 0.00000e+0, 2.00000e+1, 0.00000e+0, 1.00000e+1, 0.00000e+0, 3, 3, 
12/14/2020 10:24:25.025, 12/14/2020 10:24:24.977, 4.14426e+0, 0.00000e+0, 9.50231e+1, 0.00000e+0, 1.98797e+0, 0.00000e+0, 7.30731e+3, 0.00000e+0, 3.91679e+2, 0.00000e+0, 2.00261e+0, 0.00000e+0, 3.94563e+2, 0.00000e+0, 5.02253e+2, 0.00000e+0, 9.99108e+0, 0.00000e+0, 8.19390e+0, 0.00000e+0, 3.58620e+0, 0.00000e+0, 3.18923e+0, 0.00000e+0, 2.00000e+1, 0.00000e+0, 1.00000e+1, 0.00000e+0, 3, 3, 
12/14/2020 10:24:26.028, 12/14/2020 10:24:25.970, 4.14434e+0, 0.00000e+0, 9.50347e+1, 0.00000e+0, 1.99114e+0, 0.00000e+0, 7.36977e+3, 0.00000e+0, 3.90161e+2, 0.00000e+0, 2.00592e+0, 0.00000e+0, 3.93058e+2, 0.00000e+0, 5.02204e+2, 0.00000e+0, 9.99528e+0, 0.00000e+0, 8.19291e+0, 0.00000e+0, 3.58435e+0, 0.00000e+0, 3.19093e+0, 0.00000e+0, 2.00000e+1, 0.00000e+0, 1.00000e+1, 0.00000e+0, 3, 3, 
12/14/2020 10:24:27.016, 12/14/2020 10:24:26.964, 4.14435e+0, 0.00000e+0, 9.50375e+1, 0.00000e+0, 1.98969e+0, 0.00000e+0, 7.55364e+3, 0.00000e+0, 3.89866e+2, 0.00000e+0, 2.00484e+0, 0.00000e+0, 3.92834e+2, 0.00000e+0, 5.02237e+2, 0.00000e+0, 9.98289e+0, 0.00000e+0, 8.19280e+0, 0.00000e+0, 3.58611e+0, 0.00000e+0, 3.19108e+0, 0.00000e+0, 2.00000e+1, 0.00000e+0, 1.00000e+1, 0.00000e+0, 3, 3, 
12/14/2020 10:24:28.012, 12/14/2020 10:24:27.960, 4.14436e+0, 0.00000e+0, 9.50388e+1, 0.00000e+0, 1.98962e+0, 0.00000e+0, 7.43461e+3, 0.00000e+0, 3.90576e+2, 0.00000e+0, 2.00452e+0, 0.00000e+0, 3.93502e+2, 0.00000e+0, 5.02212e+2, 0.00000e+0, 9.98726e+0, 0.00000e+0, 8.19832e+0, 0.00000e+0, 3.58641e+0, 0.00000e+0, 3.18964e+0, 0.00000e+0, 2.00000e+1, 0.00000e+0, 1.00000e+1, 0.00000e+0, 3, 3, 
12/14/2020 10:24:29.004, 12/14/2020 10:24:28.955, 4.14444e+0, 0.00000e+0, 9.50495e+1, 0.00000e+0, 1.98566e+0, 0.00000e+0, 7.60891e+3, 0.00000e+0, 3.88848e+2, 0.00000e+0, 2.00088e+0, 0.00000e+0, 3.91830e+2, 0.00000e+0, 5.02227e+2, 0.00000e+0, 9.98012e+0, 0.00000e+0, 8.19836e+0, 0.00000e+0, 3.58759e+0, 0.00000e+0, 3.18990e+0, 0.00000e+0, 2.00000e+1, 0.00000e+0, 1.00000e+1, 0.00000e+0, 3, 3, 
12/14/2020 10:24:30.003, 12/14/2020 10:24:29.948, 4.14439e+0, 0.00000e+0, 9.50434e+1, 0.00000e+0, 1.98860e+0, 0.00000e+0, 7.18973e+3, 0.00000e+0, 3.88646e+2, 0.00000e+0, 2.00300e+0, 0.00000e+0, 3.91460e+2, 0.00000e+0, 5.02227e+2, 0.00000e+0, 9.97895e+0, 0.00000e+0, 8.20151e+0, 0.00000e+0, 3.58524e+0, 0.00000e+0, 3.19113e+0, 0.00000e+0, 2.00000e+1, 0.00000e+0, 1.00000e+1, 0.00000e+0, 3, 3, 
12/14/2020 10:24:30.997, 12/14/2020 10:24:30.942, 4.14436e+0, 0.00000e+0, 9.50376e+1, 0.00000e+0, 1.99165e+0, 0.00000e+0, 7.15950e+3, 0.00000e+0, 3.86646e+2, 0.00000e+0, 2.00601e+0, 0.00000e+0, 3.89434e+2, 0.00000e+0, 5.02228e+2, 0.00000e+0, 9.97748e+0, 0.00000e+0, 8.20591e+0, 0.00000e+0, 3.58586e+0, 0.00000e+0, 3.19063e+0, 0.00000e+0, 2.00000e+1, 0.00000e+0, 1.00000e+1, 0.00000e+0, 3, 3, 
12/14/2020 10:24:31.985, 12/14/2020 10:24:31.938, 4.14446e+0, 0.00000e+0, 9.50526e+1, 0.00000e+0, 1.99301e+0, 0.00000e+0, 6.88577e+3, 0.00000e+0, 3.86250e+2, 0.00000e+0, 2.00683e+0, 0.00000e+0, 3.88928e+2, 0.00000e+0, 5.02205e+2, 0.00000e+0, 9.98753e+0, 0.00000e+0, 8.20775e+0, 0.00000e+0, 3.58587e+0, 0.00000e+0, 3.18919e+0, 0.00000e+0, 2.00000e+1, 0.00000e+0, 1.00000e+1, 0.00000e+0, 3, 3, 
12/14/2020 10:24:32.990, 12/14/2020 10:24:32.931, 4.14453e+0, 0.00000e+0, 9.50641e+1, 0.00000e+0, 1.99457e+0, 0.00000e+0, 6.77278e+3, 0.00000e+0, 3.88272e+2, 0.00000e+0, 2.00817e+0, 0.00000e+0, 3.90920e+2, 0.00000e+0, 5.02200e+2, 0.00000e+0, 9.97890e+0, 0.00000e+0, 8.21101e+0, 0.00000e+0, 3.58413e+0, 0.00000e+0, 3.19004e+0, 0.00000e+0, 2.00000e+1, 0.00000e+0, 1.00000e+1, 0.00000e+0, 3, 3, 
12/14/2020 10:24:33.976, 12/14/2020 10:24:33.927, 4.14461e+0, 0.00000e+0, 9.50758e+1, 0.00000e+0, 1.99365e+0, 0.00000e+0, 7.05497e+3, 0.00000e+0, 3.86361e+2, 0.00000e+0, 2.00781e+0, 0.00000e+0, 3.89106e+2, 0.00000e+0, 5.02213e+2, 0.00000e+0, 9.97964e+0, 0.00000e+0, 8.21582e+0, 0.00000e+0, 3.58673e+0, 0.00000e+0, 3.19017e+0, 0.00000e+0, 2.00000e+1, 0.00000e+0, 1.00000e+1, 0.00000e+0, 3, 3, 
12/14/2020 10:24:34.972, 12/14/2020 10:24:34.921, 4.14456e+0, 0.00000e+0, 9.50673e+1, 0.00000e+0, 1.99418e+0, 0.00000e+0, 7.16705e+3, 0.00000e+0, 3.87264e+2, 0.00000e+0, 2.00857e+0, 0.00000e+0, 3.90060e+2, 0.00000e+0, 5.02201e+2, 0.00000e+0, 9.98198e+0, 0.00000e+0, 8.22359e+0, 0.00000e+0, 3.58590e+0, 0.00000e+0, 3.18996e+0, 0.00000e+0, 2.00000e+1, 0.00000e+0, 1.00000e+1, 0.00000e+0, 3, 3, 
12/14/2020 10:24:35.964, 12/14/2020 10:24:35.916, 4.14454e+0, 0.00000e+0, 9.50647e+1, 0.00000e+0, 1.99211e+0, 0.00000e+0, 7.20700e+3, 0.00000e+0, 3.85636e+2, 0.00000e+0, 2.00658e+0, 0.00000e+0, 3.88435e+2, 0.00000e+0, 5.02204e+2, 0.00000e+0, 9.97615e+0, 0.00000e+0, 8.22299e+0, 0.00000e+0, 3.58985e+0, 0.00000e+0, 3.19040e+0, 0.00000e+0, 2.00000e+1, 0.00000e+0, 1.00000e+1, 0.00000e+0, 3, 4, 
12/14/2020 10:24:36.955, 12/14/2020 10:24:36.910, 4.14449e+0, 0.00000e+0, 9.50576e+1, 0.00000e+0, 1.98862e+0, 0.00000e+0, 7.26110e+3, 0.00000e+0, 3.86450e+2, 0.00000e+0, 2.00317e+0, 0.00000e+0, 3.89277e+2, 0.00000e+0, 5.02185e+2, 0.00000e+0, 9.98760e+0, 0.00000e+0, 8.22265e+0, 0.00000e+0, 3.58895e+0, 0.00000e+0, 3.18911e+0, 0.00000e+0, 2.00000e+1, 0.00000e+0, 1.00000e+1, 0.00000e+0, 3, 4, 
12/14/2020 10:24:37.960, 12/14/2020 10:24:37.904, 4.14447e+0, 0.00000e+0, 9.50543e+1, 0.00000e+0, 1.99023e+0, 0.00000e+0, 7.01980e+3, 0.00000e+0, 3.86372e+2, 0.00000e+0, 2.00430e+0, 0.00000e+0, 3.89103e+2, 0.00000e+0, 5.02179e+2, 0.00000e+0, 9.98115e+0, 0.00000e+0, 8.21932e+0, 0.00000e+0, 3.58921e+0, 0.00000e+0, 3.18959e+0, 0.00000e+0, 2.00000e+1, 0.00000e+0, 1.00000e+1, 0.00000e+0, 3, 4, 
12/14/2020 10:24:38.956, 12/14/2020 10:24:38.899, 4.14433e+0, 0.00000e+0, 9.50344e+1, 0.00000e+0, 1.99399e+0, 0.00000e+0, 6.99168e+3, 0.00000e+0, 3.86202e+2, 0.00000e+0, 2.00803e+0, 0.00000e+0, 3.88922e+2, 0.00000e+0, 5.02195e+2, 0.00000e+0, 9.97836e+0, 0.00000e+0, 8.22017e+0, 0.00000e+0, 3.58950e+0, 0.00000e+0, 3.19151e+0, 0.00000e+0, 2.00000e+1, 0.00000e+0, 1.00000e+1, 0.00000e+0, 3, 4, 
12/14/2020 10:24:39.945, 12/14/2020 10:24:39.895, 4.14448e+0, 0.00000e+0, 9.50561e+1, 0.00000e+0, 1.98970e+0, 0.00000e+0, 7.15154e+3, 0.00000e+0, 3.85710e+2, 0.00000e+0, 2.00403e+0, 0.00000e+0, 3.88489e+2, 0.00000e+0, 5.02189e+2, 0.00000e+0, 9.97896e+0, 0.00000e+0, 8.21698e+0, 0.00000e+0, 3.59038e+0, 0.00000e+0, 3.18880e+0, 0.00000e+0, 2.00000e+1, 0.00000e+0, 1.00000e+1, 0.00000e+0, 3, 4, 
12/14/2020 10:24:40.943, 12/14/2020 10:24:40.889, 4.14447e+0, 0.00000e+0, 9.50540e+1, 0.00000e+0, 1.98991e+0, 0.00000e+0, 7.11229e+3, 0.00000e+0, 3.86184e+2, 0.00000e+0, 2.00417e+0, 0.00000e+0, 3.88951e+2, 0.00000e+0, 5.02186e+2, 0.00000e+0, 9.97993e+0, 0.00000e+0, 8.21851e+0, 0.00000e+0, 3.59094e+0, 0.00000e+0, 3.19086e+0, 0.00000e+0, 2.00000e+1, 0.00000e+0, 1.00000e+1, 0.00000e+0, 3, 4, 
12/14/2020 10:24:41.934, 12/14/2020 10:24:41.882, 4.14436e+0, 0.00000e+0, 9.50383e+1, 0.00000e+0, 1.99093e+0, 0.00000e+0, 7.21766e+3, 0.00000e+0, 3.84807e+2, 0.00000e+0, 2.00541e+0, 0.00000e+0, 3.87605e+2, 0.00000e+0, 5.02197e+2, 0.00000e+0, 9.97697e+0, 0.00000e+0, 8.22477e+0, 0.00000e+0, 3.58877e+0, 0.00000e+0, 3.19095e+0, 0.00000e+0, 2.00000e+1, 0.00000e+0, 1.00000e+1, 0.00000e+0, 3, 4, 
12/14/2020 10:24:42.929, 12/14/2020 10:24:42.878, 4.14461e+0, 0.00000e+0, 9.50746e+1, 0.00000e+0, 1.98841e+0, 0.00000e+0, 7.21484e+3, 0.00000e+0, 3.86565e+2, 0.00000e+0, 2.00286e+0, 0.00000e+0, 3.89374e+2, 0.00000e+0, 5.02182e+2, 0.00000e+0, 9.99245e+0, 0.00000e+0, 8.22005e+0, 0.00000e+0, 3.58940e+0, 0.00000e+0, 3.19129e+0, 0.00000e+0, 2.00000e+1, 0.00000e+0, 1.00000e+1, 0.00000e+0, 3, 4, 
12/14/2020 10:24:43.923, 12/14/2020 10:24:43.871, 4.14447e+0, 0.00000e+0, 9.50550e+1, 0.00000e+0, 1.99154e+0, 0.00000e+0, 7.41158e+3, 0.00000e+0, 3.85521e+2, 0.00000e+0, 2.00641e+0, 0.00000e+0, 3.88400e+2, 0.00000e+0, 5.02189e+2, 0.00000e+0, 9.97716e+0, 0.00000e+0, 8.23395e+0, 0.00000e+0, 3.58838e+0, 0.00000e+0, 3.19088e+0, 0.00000e+0, 2.00000e+1, 0.00000e+0, 1.00000e+1, 0.00000e+0, 3, 4, 
12/14/2020 10:24:44.917, 12/14/2020 10:24:44.866, 4.14454e+0, 0.00000e+0, 9.50643e+1, 0.00000e+0, 1.99095e+0, 0.00000e+0, 7.15307e+3, 0.00000e+0, 3.86360e+2, 0.00000e+0, 2.00530e+0, 0.00000e+0, 3.89144e+2, 0.00000e+0, 5.02178e+2, 0.00000e+0, 9.97401e+0, 0.00000e+0, 8.23200e+0, 0.00000e+0, 3.58950e+0, 0.00000e+0, 3.18993e+0, 0.00000e+0, 2.00000e+1, 0.00000e+0, 1.00000e+1, 0.00000e+0, 3, 4, 
12/14/2020 10:24:45.911, 12/14/2020 10:24:45.862, 4.14458e+0, 0.00000e+0, 9.50701e+1, 0.00000e+0, 1.99106e+0, 0.00000e+0, 7.26178e+3, 0.00000e+0, 3.85301e+2, 0.00000e+0, 2.00563e+0, 0.00000e+0, 3.88120e+2, 0.00000e+0, 5.02180e+2, 0.00000e+0, 9.97464e+0, 0.00000e+0, 8.23376e+0, 0.00000e+0, 3.59010e+0, 0.00000e+0, 3.18976e+0, 0.00000e+0, 2.00000e+1, 0.00000e+0, 1.00000e+1, 0.00000e+0, 3, 4, 
12/14/2020 10:24:46.906, 12/14/2020 10:24:46.856, 4.14445e+0, 0.00000e+0, 9.50517e+1, 0.00000e+0, 1.98904e+0, 0.00000e+0, 7.24144e+3, 0.00000e+0, 3.85373e+2, 0.00000e+0, 2.00355e+0, 0.00000e+0, 3.88184e+2, 0.00000e+0, 5.02188e+2, 0.00000e+0, 9.97315e+0, 0.00000e+0, 8.23936e+0, 0.00000e+0, 3.59053e+0, 0.00000e+0, 3.19055e+0, 0.00000e+0, 2.00000e+1, 0.00000e+0, 1.00000e+1, 0.00000e+0, 3, 4, 
12/14/2020 10:24:47.900, 12/14/2020 10:24:47.850, 4.14452e+0, 0.00000e+0, 9.50621e+1, 0.00000e+0, 1.99377e+0, 0.00000e+0, 7.39314e+3, 0.00000e+0, 3.83335e+2, 0.00000e+0, 2.00862e+0, 0.00000e+0, 3.86190e+2, 0.00000e+0, 5.02184e+2, 0.00000e+0, 9.97330e+0, 0.00000e+0, 8.23807e+0, 0.00000e+0, 3.58907e+0, 0.00000e+0, 3.19004e+0, 0.00000e+0, 2.00000e+1, 0.00000e+0, 1.00000e+1, 0.00000e+0, 3, 4, 
12/14/2020 10:24:48.898, 12/14/2020 10:24:48.844, 4.14460e+0, 0.00000e+0, 9.50742e+1, 0.00000e+0, 1.99054e+0, 0.00000e+0, 7.26067e+3, 0.00000e+0, 3.84601e+2, 0.00000e+0, 2.00510e+0, 0.00000e+0, 3.87414e+2, 0.00000e+0, 5.02194e+2, 0.00000e+0, 9.97157e+0, 0.00000e+0, 8.23339e+0, 0.00000e+0, 3.58876e+0, 0.00000e+0, 3.19029e+0, 0.00000e+0, 2.00000e+1, 0.00000e+0, 1.00000e+1, 0.00000e+0, 3, 4, 
12/14/2020 10:24:49.896, 12/14/2020 10:24:49.839, 4.14461e+0, 0.00000e+0, 9.50757e+1, 0.00000e+0, 1.98843e+0, 0.00000e+0, 7.29732e+3, 0.00000e+0, 3.83428e+2, 0.00000e+0, 2.00305e+0, 0.00000e+0, 3.86246e+2, 0.00000e+0, 5.02197e+2, 0.00000e+0, 9.97406e+0, 0.00000e+0, 8.22541e+0, 0.00000e+0, 3.58886e+0, 0.00000e+0, 3.19078e+0, 0.00000e+0, 2.00000e+1, 0.00000e+0, 1.00000e+1, 0.00000e+0, 3, 4, 
12/14/2020 10:24:50.894, 12/14/2020 10:24:50.840, 4.14448e+0, 0.00000e+0, 9.50554e+1, 0.00000e+0, 1.99325e+0, 0.00000e+0, 7.57921e+3, 0.00000e+0, 3.83798e+2, 0.00000e+0, 2.00847e+0, 0.00000e+0, 3.86729e+2, 0.00000e+0, 5.02190e+2, 0.00000e+0, 9.97151e+0, 0.00000e+0, 8.23658e+0, 0.00000e+0, 3.58979e+0, 0.00000e+0, 3.19110e+0, 0.00000e+0, 2.00000e+1, 0.00000e+0, 1.00000e+1, 0.00000e+0, 3, 4, 
12/14/2020 10:24:51.891, 12/14/2020 10:24:51.834, 4.14462e+0, 0.00000e+0, 9.50761e+1, 0.00000e+0, 1.99597e+0, 0.00000e+0, 7.29759e+3, 0.00000e+0, 3.84396e+2, 0.00000e+0, 2.01065e+0, 0.00000e+0, 3.87222e+2, 0.00000e+0, 5.02187e+2, 0.00000e+0, 9.96692e+0, 0.00000e+0, 8.23283e+0, 0.00000e+0, 3.58982e+0, 0.00000e+0, 3.18988e+0, 0.00000e+0, 2.00000e+1, 0.00000e+0, 1.00000e+1, 0.00000e+0, 3, 4, 
12/14/2020 10:24:52.882, 12/14/2020 10:24:52.829, 4.14469e+0, 0.00000e+0, 9.50865e+1, 0.00000e+0, 1.99408e+0, 0.00000e+0, 7.30169e+3, 0.00000e+0, 3.84260e+2, 0.00000e+0, 2.00875e+0, 0.00000e+0, 3.87087e+2, 0.00000e+0, 5.02210e+2, 0.00000e+0, 9.97152e+0, 0.00000e+0, 8.24478e+0, 0.00000e+0, 3.59027e+0, 0.00000e+0, 3.19059e+0, 0.00000e+0, 2.00000e+1, 0.00000e+0, 1.00000e+1, 0.00000e+0, 3, 4, 
12/14/2020 10:24:53.874, 12/14/2020 10:24:53.824, 4.14444e+0, 0.00000e+0, 9.50504e+1, 0.00000e+0, 1.99044e+0, 0.00000e+0, 7.58748e+3, 0.00000e+0, 3.85429e+2, 0.00000e+0, 2.00565e+0, 0.00000e+0, 3.88375e+2, 0.00000e+0, 5.02188e+2, 0.00000e+0, 9.96510e+0, 0.00000e+0, 8.23850e+0, 0.00000e+0, 3.59020e+0, 0.00000e+0, 3.19019e+0, 0.00000e+0, 2.00000e+1, 0.00000e+0, 1.00000e+1, 0.00000e+0, 3, 4, 
12/14/2020 10:24:54.877, 12/14/2020 10:24:54.818, 4.14458e+0, 0.00000e+0, 9.50705e+1, 0.00000e+0, 1.99314e+0, 0.00000e+0, 7.38262e+3, 0.00000e+0, 3.83679e+2, 0.00000e+0, 2.00796e+0, 0.00000e+0, 3.86532e+2, 0.00000e+0, 5.02195e+2, 0.00000e+0, 9.97565e+0, 0.00000e+0, 8.23963e+0, 0.00000e+0, 3.58942e+0, 0.00000e+0, 3.19050e+0, 0.00000e+0, 2.00000e+1, 0.00000e+0, 1.00000e+1, 0.00000e+0, 3, 4, 
12/14/2020 10:24:55.862, 12/14/2020 10:24:55.813, 4.14462e+0, 0.00000e+0, 9.50774e+1, 0.00000e+0, 1.99323e+0, 0.00000e+0, 7.44383e+3, 0.00000e+0, 3.83453e+2, 0.00000e+0, 2.00818e+0, 0.00000e+0, 3.86328e+2, 0.00000e+0, 5.02177e+2, 0.00000e+0, 9.97559e+0, 0.00000e+0, 8.24424e+0, 0.00000e+0, 3.58938e+0, 0.00000e+0, 3.19083e+0, 0.00000e+0, 2.00000e+1, 0.00000e+0, 1.00000e+1, 0.00000e+0, 3, 4, 
12/14/2020 10:24:56.856, 12/14/2020 10:24:56.807, 4.14457e+0, 0.00000e+0, 9.50690e+1, 0.00000e+0, 1.99482e+0, 0.00000e+0, 7.40913e+3, 0.00000e+0, 3.83137e+2, 0.00000e+0, 2.00971e+0, 0.00000e+0, 3.85997e+2, 0.00000e+0, 5.02186e+2, 0.00000e+0, 9.97316e+0, 0.00000e+0, 8.24103e+0, 0.00000e+0, 3.58819e+0, 0.00000e+0, 3.19060e+0, 0.00000e+0, 2.00000e+1, 0.00000e+0, 1.00000e+1, 0.00000e+0, 3, 4, 
12/14/2020 10:24:57.851, 12/14/2020 10:24:57.802, 4.14465e+0, 0.00000e+0, 9.50818e+1, 0.00000e+0, 1.99345e+0, 0.00000e+0, 7.30546e+3, 0.00000e+0, 3.83002e+2, 0.00000e+0, 2.00812e+0, 0.00000e+0, 3.85821e+2, 0.00000e+0, 5.02195e+2, 0.00000e+0, 9.96702e+0, 0.00000e+0, 8.24900e+0, 0.00000e+0, 3.58891e+0, 0.00000e+0, 3.18930e+0, 0.00000e+0, 2.00000e+1, 0.00000e+0, 1.00000e+1, 0.00000e+0, 3, 4, 
12/14/2020 10:24:58.850, 12/14/2020 10:24:58.796, 4.14475e+0, 0.00000e+0, 9.50958e+1, 0.00000e+0, 1.99392e+0, 0.00000e+0, 7.58414e+3, 0.00000e+0, 3.84169e+2, 0.00000e+0, 2.00916e+0, 0.00000e+0, 3.87105e+2, 0.00000e+0, 5.02211e+2, 0.00000e+0, 9.96291e+0, 0.00000e+0, 8.24623e+0, 0.00000e+0, 3.58664e+0, 0.00000e+0, 3.19037e+0, 0.00000e+0, 2.00000e+1, 0.00000e+0, 1.00000e+1, 0.00000e+0, 3, 4, 
12/14/2020 10:24:59.844, 12/14/2020 10:24:59.791, 4.14445e+0, 0.00000e+0, 9.50520e+1, 0.00000e+0, 1.99647e+0, 0.00000e+0, 7.34792e+3, 0.00000e+0, 3.84216e+2, 0.00000e+0, 2.01125e+0, 0.00000e+0, 3.87060e+2, 0.00000e+0, 5.02197e+2, 0.00000e+0, 9.98055e+0, 0.00000e+0, 8.24038e+0, 0.00000e+0, 3.58818e+0, 0.00000e+0, 3.19169e+0, 0.00000e+0, 2.00000e+1, 0.00000e+0, 1.00000e+1, 0.00000e+0, 3, 4, 
12/14/2020 10:25:00.845, 12/14/2020 10:25:00.786, 4.14399e+0, 0.00000e+0, 9.49832e+1, 0.00000e+0, 1.99351e+0, 0.00000e+0, 7.33365e+3, 0.00000e+0, 3.84080e+2, 0.00000e+0, 2.00824e+0, 0.00000e+0, 3.86917e+2, 0.00000e+0, 5.02230e+2, 0.00000e+0, 9.98903e+0, 0.00000e+0, 8.23118e+0, 0.00000e+0, 3.58907e+0, 0.00000e+0, 3.19142e+0, 0.00000e+0, 2.00000e+1, 0.00000e+0, 1.00000e+1, 0.00000e+0, 3, 4, 
12/14/2020 10:25:01.838, 12/14/2020 10:25:01.780, 4.14452e+0, 0.00000e+0, 9.50616e+1, 0.00000e+0, 1.99340e+0, 0.00000e+0, 7.48493e+3, 0.00000e+0, 3.85647e+2, 0.00000e+0, 2.00843e+0, 0.00000e+0, 3.88555e+2, 0.00000e+0, 5.02214e+2, 0.00000e+0, 9.96329e+0, 0.00000e+0, 8.24973e+0, 0.00000e+0, 3.58891e+0, 0.00000e+0, 3.18832e+0, 0.00000e+0, 2.00000e+1, 0.00000e+0, 1.00000e+1, 0.00000e+0, 3, 4, 
12/14/2020 10:25:02.846, 12/14/2020 10:25:02.775, 4.14474e+0, 0.00000e+0, 9.50951e+1, 0.00000e+0, 1.99495e+0, 0.00000e+0, 7.63292e+3, 0.00000e+0, 3.84297e+2, 0.00000e+0, 2.01030e+0, 0.00000e+0, 3.87253e+2, 0.00000e+0, 5.02173e+2, 0.00000e+0, 9.96382e+0, 0.00000e+0, 8.25572e+0, 0.00000e+0, 3.59043e+0, 0.00000e+0, 3.19098e+0, 0.00000e+0, 2.00000e+1, 0.00000e+0, 1.00000e+1, 0.00000e+0, 3, 4, 
12/14/2020 10:25:03.819, 12/14/2020 10:25:03.769, 4.14463e+0, 0.00000e+0, 9.50775e+1, 0.00000e+0, 1.99016e+0, 0.00000e+0, 7.33108e+3, 0.00000e+0, 3.84934e+2, 0.00000e+0, 2.00486e+0, 0.00000e+0, 3.87777e+2, 0.00000e+0, 5.02198e+2, 0.00000e+0, 9.95851e+0, 0.00000e+0, 8.26104e+0, 0.00000e+0, 3.58956e+0, 0.00000e+0, 3.19062e+0, 0.00000e+0, 2.00000e+1, 0.00000e+0, 1.00000e+1, 0.00000e+0, 3, 4, 
12/14/2020 10:25:04.811, 12/14/2020 10:25:04.764, 4.14475e+0, 0.00000e+0, 9.50957e+1, 0.00000e+0, 1.99378e+0, 0.00000e+0, 7.38452e+3, 0.00000e+0, 3.84595e+2, 0.00000e+0, 2.00862e+0, 0.00000e+0, 3.87457e+2, 0.00000e+0, 5.02204e+2, 0.00000e+0, 9.96473e+0, 0.00000e+0, 8.27119e+0, 0.00000e+0, 3.58956e+0, 0.00000e+0, 3.18935e+0, 0.00000e+0, 2.00000e+1, 0.00000e+0, 1.00000e+1, 0.00000e+0, 3, 4, 
12/14/2020 10:25:05.810, 12/14/2020 10:25:05.758, 4.14487e+0, 0.00000e+0, 9.51135e+1, 0.00000e+0, 1.99015e+0, 0.00000e+0, 7.34463e+3, 0.00000e+0, 3.84833e+2, 0.00000e+0, 2.00487e+0, 0.00000e+0, 3.87680e+2, 0.00000e+0, 5.02187e+2, 0.00000e+0, 9.96646e+0, 0.00000e+0, 8.27107e+0, 0.00000e+0, 3.59201e+0, 0.00000e+0, 3.18991e+0, 0.00000e+0, 2.00000e+1, 0.00000e+0, 1.00000e+1, 0.00000e+0, 3, 5, 
12/14/2020 10:25:06.808, 12/14/2020 10:25:06.752, 4.14470e+0, 0.00000e+0, 9.50878e+1, 0.00000e+0, 1.99741e+0, 0.00000e+0, 7.45812e+3, 0.00000e+0, 3.85044e+2, 0.00000e+0, 2.01242e+0, 0.00000e+0, 3.87938e+2, 0.00000e+0, 5.02207e+2, 0.00000e+0, 9.96285e+0, 0.00000e+0, 8.27558e+0, 0.00000e+0, 3.59050e+0, 0.00000e+0, 3.19071e+0, 0.00000e+0, 2.00000e+1, 0.00000e+0, 1.00000e+1, 0.00000e+0, 3, 5, 
12/14/2020 10:25:07.797, 12/14/2020 10:25:07.747, 4.14476e+0, 0.00000e+0, 9.50973e+1, 0.00000e+0, 1.99652e+0, 0.00000e+0, 7.33004e+3, 0.00000e+0, 3.84708e+2, 0.00000e+0, 2.01126e+0, 0.00000e+0, 3.87549e+2, 0.00000e+0, 5.02211e+2, 0.00000e+0, 1.00005e+1, 0.00000e+0, 8.27836e+0, 0.00000e+0, 3.58903e+0, 0.00000e+0, 3.19140e+0, 0.00000e+0, 2.00000e+1, 0.00000e+0, 1.00000e+1, 0.00000e+0, 3, 5, 
12/14/2020 10:25:08.794, 12/14/2020 10:25:08.742, 4.14489e+0, 0.00000e+0, 9.51162e+1, 0.00000e+0, 1.99484e+0, 0.00000e+0, 7.11998e+3, 0.00000e+0, 3.84707e+2, 0.00000e+0, 2.00914e+0, 0.00000e+0, 3.87465e+2, 0.00000e+0, 5.02192e+2, 0.00000e+0, 9.96316e+0, 0.00000e+0, 8.28130e+0, 0.00000e+0, 3.58896e+0, 0.00000e+0, 3.19118e+0, 0.00000e+0, 2.00000e+1, 0.00000e+0, 1.00000e+1, 0.00000e+0, 3, 5, 
12/14/2020 10:25:09.787, 12/14/2020 10:25:09.737, 4.14489e+0, 0.00000e+0, 9.51159e+1, 0.00000e+0, 1.99481e+0, 0.00000e+0, 7.36266e+3, 0.00000e+0, 3.84599e+2, 0.00000e+0, 2.00960e+0, 0.00000e+0, 3.87452e+2, 0.00000e+0, 5.02182e+2, 0.00000e+0, 9.96903e+0, 0.00000e+0, 8.28006e+0, 0.00000e+0, 3.58705e+0, 0.00000e+0, 3.19072e+0, 0.00000e+0, 2.00000e+1, 0.00000e+0, 1.00000e+1, 0.00000e+0, 3, 5, 
12/14/2020 10:25:10.790, 12/14/2020 10:25:10.730, 4.14491e+0, 0.00000e+0, 9.51201e+1, 0.00000e+0, 1.98922e+0, 0.00000e+0, 7.48937e+3, 0.00000e+0, 3.84905e+2, 0.00000e+0, 2.00423e+0, 0.00000e+0, 3.87809e+2, 0.00000e+0, 5.02198e+2, 0.00000e+0, 9.96846e+0, 0.00000e+0, 8.28376e+0, 0.00000e+0, 3.59182e+0, 0.00000e+0, 3.18979e+0, 0.00000e+0, 2.00000e+1, 0.00000e+0, 1.00000e+1, 0.00000e+0, 3, 5, 
