SN:3K60180500001584 BD:Jul 23 2018 VC:834b9c1 MD5:48f99e4865ed8b810be1bb0eaaabf929
SysTime,                      Time,         Batt_v,      Batt_v_sd,   BATT_PERCENT,BATT_PERCENT_sd,      [CH4]_ppm,   [CH4]_ppm_sd,      [H2O]_ppm,   [H2O]_ppm_sd,      [CO2]_ppm,   [CO2]_ppm_sd,     [CH4]d_ppm,  [CH4]d_ppm_sd,     [CO2]d_ppm,  [CO2]d_ppm_sd,      GasP_torr,   GasP_torr_sd,         GasT_C,      GasT_C_sd,         AmbT_C,      AmbT_C_sd,         RD0_us,      RD0_us_sd,         RD1_us,      RD1_us_sd, Temp_Status_mA,Temp_Status_mA_sd,Analyzer_Status_mA,Analyzer_Status_mA_sd,       Fit_Flag,      MIU_VALVE,       MIU_DESC
08/25/2021 12:34:07.389, 08/25/2021 12:34:07.327, 4.15651e+0, 0.00000e+0, -2.11569e+2, 0.00000e+0, 1.90994e+0, 0.00000e+0, 1.85908e+4, 0.00000e+0, 3.81621e+2, 0.00000e+0, 9.73059e-1, 0.00000e+0, 1.94425e+2, 0.00000e+0, 4.99109e+2, 0.00000e+0, 2.49241e+1, 0.00000e+0, 2.66032e+1, 0.00000e+0, 2.77051e+0, 0.00000e+0, 2.74357e+0, 0.00000e+0, 2.00000e+1, 0.00000e+0, 2.00000e+1, 0.00000e+0, 2, 1, 
08/25/2021 12:34:12.353, 08/25/2021 12:34:12.301, 4.15654e+0, 3.99305e-5, 9.76994e+1, 5.94204e-3, 1.89807e+0, 6.34962e-3, 2.12343e+4, 1.02516e+2, 3.90065e+2, 4.80336e-1, 1.93925e+0, 6.36611e-3, 3.98528e+2, 5.17386e-1, 4.99112e+2, 3.13833e-1, 2.49484e+1, 8.42734e-3, 2.66445e+1, 2.37218e-2, 2.77052e+0, 3.08851e-4, 2.74420e+0, 9.30634e-5, 2.00000e+1, 0.00000e+0, 2.00000e+1, 0.00000e+0, 2, 1, 
08/25/2021 12:34:17.332, 08/25/2021 12:34:17.274, 4.15665e+0, 3.38465e-5, 9.77163e+1, 5.03667e-3, 1.88569e+0, 3.55079e-3, 2.13728e+4, 1.50095e+2, 3.87577e+2, 1.11480e+0, 1.92687e+0, 3.55495e-3, 3.96041e+2, 1.08939e+0, 4.98919e+2, 1.66167e-1, 2.49574e+1, 4.27029e-3, 2.67416e+1, 3.49364e-2, 2.77011e+0, 6.38516e-4, 2.74316e+0, 4.34403e-4, 2.00000e+1, 0.00000e+0, 2.00000e+1, 0.00000e+0, 2, 1, 
08/25/2021 12:34:22.315, 08/25/2021 12:34:22.246, 4.15676e+0, 5.25628e-5, 9.77328e+1, 7.82184e-3, 1.87961e+0, 1.22292e-3, 2.16341e+4, 9.82104e+1, 3.85109e+2, 3.51332e-1, 1.92118e+0, 1.12811e-3, 3.93625e+2, 3.97016e-1, 4.99122e+2, 3.41380e-1, 2.49556e+1, 5.60438e-3, 2.68358e+1, 2.41496e-2, 2.76955e+0, 9.32383e-4, 2.74320e+0, 8.23442e-4, 2.00000e+1, 0.00000e+0, 2.00000e+1, 0.00000e+0, 3, 1, 
08/25/2021 12:34:27.286, 08/25/2021 12:34:27.218, 4.15685e+0, 6.68887e-5, 9.77459e+1, 9.95368e-3, 1.88123e+0, 2.97397e-3, 2.14094e+4, 7.13129e+1, 3.84431e+2, 5.14198e-1, 1.92239e+0, 3.00934e-3, 3.92841e+2, 5.48977e-1, 4.98871e+2, 1.66248e-1, 2.49806e+1, 1.46040e-2, 2.69261e+1, 3.00421e-2, 2.76988e+0, 5.94188e-4, 2.74297e+0, 5.08393e-4, 2.00000e+1, 0.00000e+0, 2.00000e+1, 0.00000e+0, 3, 1, 
08/25/2021 12:34:32.267, 08/25/2021 12:34:32.191, 4.15681e+0, 3.41078e-5, 9.77390e+1, 5.07556e-3, 1.89772e+0, 4.08109e-3, 2.15023e+4, 7.46665e+1, 3.84269e+2, 1.09771e+0, 1.93943e+0, 4.20796e-3, 3.92713e+2, 1.11121e+0, 4.99146e+2, 2.48918e-1, 2.49967e+1, 4.27703e-3, 2.70249e+1, 3.21740e-2, 2.76945e+0, 5.94689e-4, 2.74223e+0, 5.83044e-4, 2.00000e+1, 0.00000e+0, 2.00000e+1, 0.00000e+0, 3, 1, 
08/25/2021 12:34:37.218, 08/25/2021 12:34:37.165, 4.15680e+0, 3.76193e-5, 9.77376e+1, 5.59811e-3, 1.88856e+0, 6.61587e-3, 2.14265e+4, 1.39454e+2, 3.84143e+2, 1.17841e+0, 1.92991e+0, 6.65657e-3, 3.92554e+2, 1.16006e+0, 4.98931e+2, 6.57606e-1, 2.50120e+1, 6.02754e-3, 2.71037e+1, 2.89839e-2, 2.76973e+0, 5.51329e-4, 2.74266e+0, 7.20618e-4, 2.00000e+1, 0.00000e+0, 1.86000e+1, 3.13050e+0, 3, 1, 
08/25/2021 12:34:42.192, 08/25/2021 12:34:42.136, 4.15692e+0, 4.60915e-5, 9.77558e+1, 6.85886e-3, 1.88017e+0, 1.20065e-3, 2.13743e+4, 6.60976e+1, 3.83736e+2, 7.99541e-1, 1.92123e+0, 1.15226e-3, 3.92117e+2, 8.32800e-1, 4.98994e+2, 2.39055e-1, 2.50307e+1, 9.65029e-3, 2.71687e+1, 1.78995e-2, 2.76913e+0, 4.40596e-4, 2.74211e+0, 4.90809e-4, 2.00000e+1, 0.00000e+0, 1.44000e+1, 3.13050e+0, 3, 1, 
08/25/2021 12:34:47.169, 08/25/2021 12:34:47.109, 4.15697e+0, 5.80085e-5, 9.77630e+1, 8.63221e-3, 1.88243e+0, 3.12089e-3, 2.13642e+4, 1.34649e+2, 3.83901e+2, 5.49610e-1, 1.92353e+0, 3.26329e-3, 3.92282e+2, 5.18602e-1, 4.99169e+2, 2.69498e-1, 2.50783e+1, 2.22511e-2, 2.72555e+1, 3.32072e-2, 2.76900e+0, 1.97669e-4, 2.74182e+0, 6.32980e-4, 2.00000e+1, 0.00000e+0, 2.00000e+1, 0.00000e+0, 3, 1, 
08/25/2021 12:34:52.140, 08/25/2021 12:34:52.083, 4.15701e+0, 4.04034e-5, 9.77699e+1, 6.01241e-3, 2.10267e+0, 1.48354e-1, 2.12116e+4, 1.34284e+2, 3.83890e+2, 9.67101e-1, 2.14822e+0, 1.51285e-1, 3.92209e+2, 9.52420e-1, 4.98968e+2, 2.10158e-1, 2.50992e+1, 1.53174e-2, 2.73388e+1, 2.96735e-2, 2.76934e+0, 7.62586e-4, 2.74168e+0, 5.92387e-4, 2.00000e+1, 0.00000e+0, 2.00000e+1, 0.00000e+0, 3, 1, 
08/25/2021 12:34:57.118, 08/25/2021 12:34:57.054, 4.15703e+0, 4.88903e-5, 9.77717e+1, 7.27534e-3, 2.03616e+0, 7.66152e-2, 2.11811e+4, 1.08169e+2, 3.84597e+2, 3.84096e-1, 2.08023e+0, 7.84209e-2, 3.92919e+2, 4.25528e-1, 4.99353e+2, 3.44686e-1, 2.51282e+1, 2.37644e-2, 2.74227e+1, 1.18265e-2, 2.76886e+0, 3.33179e-4, 2.74138e+0, 7.58981e-4, 2.00000e+1, 0.00000e+0, 2.00000e+1, 0.00000e+0, 3, 2, 
08/25/2021 12:35:02.077, 08/25/2021 12:35:02.027, 4.15708e+0, 2.31102e-5, 9.77797e+1, 3.43902e-3, 1.90688e+0, 1.65245e-2, 2.11160e+4, 8.78148e+1, 3.84611e+2, 5.72380e-1, 1.94801e+0, 1.67923e-2, 3.92908e+2, 5.69611e-1, 4.98781e+2, 2.27803e-1, 2.51736e+1, 1.61477e-2, 2.74948e+1, 2.09087e-2, 2.76865e+0, 6.86296e-4, 2.74157e+0, 6.44903e-4, 2.00000e+1, 0.00000e+0, 2.00000e+1, 0.00000e+0, 3, 2, 
08/25/2021 12:35:07.056, 08/25/2021 12:35:07.000, 4.15699e+0, 4.39654e-5, 9.77668e+1, 6.54247e-3, 1.88628e+0, 1.25513e-3, 2.11425e+4, 1.15312e+2, 3.84365e+2, 5.34852e-1, 1.92702e+0, 1.32385e-3, 3.92667e+2, 5.30540e-1, 4.99078e+2, 2.28853e-1, 2.52557e+1, 5.91757e-2, 2.75592e+1, 2.87096e-2, 2.76871e+0, 5.48511e-4, 2.74145e+0, 2.24843e-4, 2.00000e+1, 0.00000e+0, 2.00000e+1, 0.00000e+0, 3, 2, 
08/25/2021 12:35:12.040, 08/25/2021 12:35:11.980, 4.15697e+0, 5.47174e-5, 9.77634e+1, 8.14247e-3, 1.88006e+0, 2.49082e-3, 2.09991e+4, 1.64397e+2, 3.84176e+2, 5.47175e-1, 1.92038e+0, 2.29877e-3, 3.92416e+2, 5.56237e-1, 4.99227e+2, 2.85033e-1, 2.52687e+1, 5.18516e-2, 2.76416e+1, 2.97119e-2, 2.76858e+0, 8.47198e-4, 2.74106e+0, 5.92885e-4, 2.00000e+1, 0.00000e+0, 2.00000e+1, 0.00000e+0, 3, 2, 
08/25/2021 12:35:17.009, 08/25/2021 12:35:16.952, 4.15710e+0, 3.71997e-5, 9.77833e+1, 5.53567e-3, 1.88054e+0, 3.56624e-3, 2.07934e+4, 1.91261e+2, 3.84717e+2, 6.51839e-1, 1.92047e+0, 3.95362e-3, 3.92887e+2, 7.30210e-1, 4.99024e+2, 2.80550e-1, 2.52806e+1, 7.34112e-3, 2.77393e+1, 3.28649e-2, 2.76888e+0, 3.15629e-4, 2.74117e+0, 9.89857e-4, 2.00000e+1, 0.00000e+0, 2.00000e+1, 0.00000e+0, 3, 2, 
08/25/2021 12:35:21.980, 08/25/2021 12:35:21.925, 4.15711e+0, 1.03815e-4, 9.77841e+1, 1.54487e-2, 1.87503e+0, 2.11892e-3, 2.08903e+4, 3.54159e+2, 3.84215e+2, 5.01252e-1, 1.91504e+0, 1.85462e-3, 3.92412e+2, 4.72790e-1, 4.99096e+2, 2.99682e-1, 2.53089e+1, 2.11951e-2, 2.78470e+1, 2.84221e-2, 2.76770e+0, 1.90896e-4, 2.74141e+0, 4.14279e-4, 2.00000e+1, 0.00000e+0, 2.00000e+1, 0.00000e+0, 3, 2, 
08/25/2021 12:35:26.960, 08/25/2021 12:35:26.904, 4.15709e+0, 8.69379e-5, 9.77807e+1, 1.29372e-2, 1.87980e+0, 3.73503e-3, 2.08087e+4, 2.47234e+2, 3.87381e+2, 2.03845e+0, 1.91975e+0, 4.09183e-3, 3.95613e+2, 2.17076e+0, 4.99135e+2, 4.59616e-1, 2.53395e+1, 2.08900e-2, 2.79395e+1, 3.26716e-2, 2.76810e+0, 8.29856e-4, 2.74079e+0, 6.65143e-4, 2.00000e+1, 0.00000e+0, 2.00000e+1, 0.00000e+0, 3, 2, 
08/25/2021 12:35:31.930, 08/25/2021 12:35:31.878, 4.15715e+0, 1.48645e-4, 9.77900e+1, 2.21198e-2, 1.87437e+0, 2.78992e-3, 2.10342e+4, 9.22779e+1, 3.88423e+2, 1.46851e+0, 1.91464e+0, 2.82411e-3, 3.96769e+2, 1.47873e+0, 4.99038e+2, 2.37619e-1, 2.53661e+1, 9.30938e-3, 2.80379e+1, 3.37210e-2, 2.76771e+0, 8.36899e-4, 2.74091e+0, 2.16449e-4, 2.00000e+1, 0.00000e+0, 2.00000e+1, 0.00000e+0, 3, 2, 
08/25/2021 12:35:36.907, 08/25/2021 12:35:36.850, 4.15719e+0, 8.83978e-5, 9.77961e+1, 1.31544e-2, 1.87927e+0, 3.66472e-3, 2.13387e+4, 2.83051e+2, 3.87151e+2, 1.58991e+0, 1.92025e+0, 4.14250e-3, 3.95593e+2, 1.68742e+0, 4.98966e+2, 4.06110e-1, 2.53802e+1, 9.57817e-3, 2.81431e+1, 3.00872e-2, 2.76697e+0, 4.13766e-4, 2.74010e+0, 3.16293e-4, 2.00000e+1, 0.00000e+0, 2.00000e+1, 0.00000e+0, 3, 2, 
08/25/2021 12:35:41.901, 08/25/2021 12:35:41.822, 4.15714e+0, 6.23907e-5, 9.77884e+1, 9.28434e-3, 1.88710e+0, 5.75952e-3, 2.13145e+4, 1.84785e+2, 3.90097e+2, 1.35745e+0, 1.92820e+0, 5.70024e-3, 3.98593e+2, 1.38953e+0, 4.98761e+2, 2.87686e-1, 2.53960e+1, 1.32525e-2, 2.82203e+1, 3.70840e-2, 2.76643e+0, 5.07867e-4, 2.73911e+0, 2.37056e-4, 2.00000e+1, 0.00000e+0, 2.00000e+1, 0.00000e+0, 3, 2, 
08/25/2021 12:35:46.843, 08/25/2021 12:35:46.795, 4.15724e+0, 7.70782e-5, 9.78035e+1, 1.14700e-2, 1.87678e+0, 5.66231e-3, 2.15177e+4, 8.19448e+1, 3.86632e+2, 1.49910e+0, 1.91805e+0, 5.82991e-3, 3.95134e+2, 1.54190e+0, 4.98977e+2, 3.49185e-1, 2.54333e+1, 2.13276e-2, 2.83121e+1, 3.76439e-2, 2.76693e+0, 1.30169e-4, 2.73991e+0, 1.33012e-3, 2.00000e+1, 0.00000e+0, 2.00000e+1, 0.00000e+0, 3, 2, 
08/25/2021 12:35:51.838, 08/25/2021 12:35:51.767, 4.15723e+0, 8.50822e-5, 9.78016e+1, 1.26610e-2, 1.87168e+0, 3.16002e-3, 2.13164e+4, 2.28719e+2, 3.87410e+2, 1.48961e+0, 1.91245e+0, 3.17079e-3, 3.95849e+2, 1.56358e+0, 4.99026e+2, 3.72121e-1, 2.54668e+1, 2.02759e-2, 2.83942e+1, 3.36953e-2, 2.76656e+0, 4.57017e-4, 2.73859e+0, 7.51056e-4, 2.00000e+1, 0.00000e+0, 2.00000e+1, 0.00000e+0, 3, 2, 
08/25/2021 12:35:56.804, 08/25/2021 12:35:56.740, 4.15731e+0, 9.61497e-5, 9.78144e+1, 1.43080e-2, 1.87922e+0, 4.89499e-3, 2.12804e+4, 9.18025e+1, 3.98194e+2, 2.34523e+0, 1.92008e+0, 4.89654e-3, 4.06852e+2, 2.41208e+0, 4.99082e+2, 3.95999e-1, 2.55126e+1, 1.46623e-2, 2.84907e+1, 3.79182e-2, 2.76651e+0, 6.15688e-4, 2.73922e+0, 3.56260e-4, 2.00000e+1, 0.00000e+0, 2.00000e+1, 0.00000e+0, 3, 2, 
08/25/2021 12:36:01.764, 08/25/2021 12:36:01.714, 4.15735e+0, 6.80082e-5, 9.78193e+1, 1.01203e-2, 1.88629e+0, 4.24847e-3, 2.13932e+4, 5.36043e+1, 3.93774e+2, 3.42762e+0, 1.92752e+0, 4.30214e-3, 4.02382e+2, 3.48746e+0, 4.99085e+2, 2.91378e-1, 2.55304e+1, 1.52330e-2, 2.85891e+1, 3.59741e-2, 2.76690e+0, 7.63365e-4, 2.73904e+0, 7.15657e-4, 2.00000e+1, 0.00000e+0, 2.00000e+1, 0.00000e+0, 3, 1, 
08/25/2021 12:36:06.747, 08/25/2021 12:36:06.686, 4.15739e+0, 6.74121e-5, 9.78265e+1, 1.00316e-2, 1.87434e+0, 3.18445e-3, 2.13553e+4, 1.65684e+2, 3.86807e+2, 1.41831e+0, 1.91524e+0, 3.16649e-3, 3.95248e+2, 1.40716e+0, 4.99018e+2, 3.73534e-1, 2.55495e+1, 2.10381e-2, 2.86776e+1, 2.80153e-2, 2.76691e+0, 5.60979e-4, 2.73870e+0, 8.42978e-4, 2.00000e+1, 0.00000e+0, 2.00000e+1, 0.00000e+0, 3, 1, 
08/25/2021 12:36:11.711, 08/25/2021 12:36:11.658, 4.15740e+0, 7.59965e-5, 9.78278e+1, 1.13090e-2, 1.87090e+0, 3.26812e-3, 2.13951e+4, 7.46646e+1, 3.85155e+2, 6.77821e-1, 1.91180e+0, 3.20404e-3, 3.93576e+2, 7.16816e-1, 4.98791e+2, 3.06336e-1, 2.55642e+1, 1.49357e-2, 2.87540e+1, 1.61888e-2, 2.76617e+0, 9.11608e-4, 2.73873e+0, 5.40286e-4, 2.00000e+1, 0.00000e+0, 2.00000e+1, 0.00000e+0, 3, 1, 
08/25/2021 12:36:16.688, 08/25/2021 12:36:16.631, 4.15742e+0, 8.06721e-5, 9.78302e+1, 1.20048e-2, 1.87023e+0, 2.21815e-3, 2.15080e+4, 1.48833e+2, 3.84940e+2, 6.38508e-1, 1.91134e+0, 2.31608e-3, 3.93401e+2, 6.74287e-1, 4.99150e+2, 3.07647e-1, 2.55809e+1, 1.22789e-2, 2.88206e+1, 2.51638e-2, 2.76654e+0, 7.38589e-4, 2.73845e+0, 4.95574e-4, 2.00000e+1, 0.00000e+0, 2.00000e+1, 0.00000e+0, 3, 1, 
08/25/2021 12:36:21.665, 08/25/2021 12:36:21.604, 4.15737e+0, 7.93077e-5, 9.78235e+1, 1.18017e-2, 1.87870e+0, 7.83901e-3, 2.14056e+4, 8.95946e+1, 3.85190e+2, 8.27202e-1, 1.91980e+0, 8.14456e-3, 3.93615e+2, 8.28372e-1, 4.98985e+2, 3.88991e-1, 2.56039e+1, 3.06523e-2, 2.88923e+1, 2.54696e-2, 2.76615e+0, 4.41465e-4, 2.73880e+0, 4.81867e-4, 2.00000e+1, 0.00000e+0, 2.00000e+1, 0.00000e+0, 3, 1, 
08/25/2021 12:36:26.635, 08/25/2021 12:36:26.577, 4.15735e+0, 7.50820e-5, 9.78194e+1, 1.11729e-2, 2.07422e+0, 5.31280e-2, 2.15317e+4, 7.06189e+1, 3.85008e+2, 8.26883e-1, 2.11986e+0, 5.41688e-2, 3.93480e+2, 8.24889e-1, 4.99120e+2, 2.33099e-1, 2.56392e+1, 1.22525e-2, 2.89940e+1, 3.76440e-2, 2.76664e+0, 5.72511e-4, 2.73916e+0, 5.48649e-4, 2.00000e+1, 0.00000e+0, 2.00000e+1, 0.00000e+0, 3, 1, 
08/25/2021 12:36:31.603, 08/25/2021 12:36:31.550, 4.15738e+0, 8.93676e-5, 9.78246e+1, 1.32987e-2, 1.99747e+0, 4.97403e-2, 2.15987e+4, 1.34696e+2, 3.86232e+2, 1.37574e+0, 2.04156e+0, 5.07264e-2, 3.94758e+2, 1.36590e+0, 4.98952e+2, 3.97355e-1, 2.56666e+1, 1.47772e-2, 2.90730e+1, 3.36937e-2, 2.76649e+0, 3.67362e-4, 2.73860e+0, 5.12951e-4, 2.00000e+1, 0.00000e+0, 2.00000e+1, 0.00000e+0, 3, 1, 
08/25/2021 12:36:36.575, 08/25/2021 12:36:36.523, 4.15735e+0, 8.82014e-5, 9.78194e+1, 1.31252e-2, 1.92005e+0, 1.74421e-2, 2.16766e+4, 5.57095e+1, 3.85471e+2, 1.53766e+0, 1.96259e+0, 1.78691e-2, 3.94012e+2, 1.59037e+0, 4.98738e+2, 1.56212e-1, 2.56950e+1, 8.98214e-3, 2.91574e+1, 3.23736e-2, 2.76641e+0, 6.66896e-4, 2.73890e+0, 5.60705e-4, 2.00000e+1, 0.00000e+0, 2.00000e+1, 0.00000e+0, 3, 1, 
08/25/2021 12:36:41.551, 08/25/2021 12:36:41.495, 4.15742e+0, 6.33420e-5, 9.78307e+1, 9.42589e-3, 1.88558e+0, 3.66430e-3, 2.19292e+4, 1.06829e+2, 3.86547e+2, 9.21691e-1, 1.92785e+0, 3.75459e-3, 3.95214e+2, 9.76240e-1, 4.99014e+2, 3.25715e-1, 2.56910e+1, 1.55289e-2, 2.92434e+1, 3.93188e-2, 2.76628e+0, 5.89981e-4, 2.73872e+0, 5.03996e-4, 2.00000e+1, 0.00000e+0, 2.00000e+1, 0.00000e+0, 3, 1, 
08/25/2021 12:36:46.520, 08/25/2021 12:36:46.468, 4.15702e+0, 4.65040e-4, 9.77703e+1, 6.92024e-2, 1.88271e+0, 3.17321e-3, 2.19288e+4, 2.18063e+2, 3.87523e+2, 6.10734e-1, 1.92492e+0, 2.89189e-3, 3.96212e+2, 5.54893e-1, 4.98784e+2, 3.03749e-1, 2.57681e+1, 4.25030e-2, 2.93377e+1, 3.12797e-2, 2.76609e+0, 3.73840e-4, 2.73825e+0, 3.84529e-4, 2.00000e+1, 0.00000e+0, 2.00000e+1, 0.00000e+0, 3, 1, 
08/25/2021 12:36:51.494, 08/25/2021 12:36:51.440, 4.15741e+0, 5.32274e-5, 9.78286e+1, 7.92074e-3, 1.88074e+0, 3.86416e-3, 2.22861e+4, 1.02133e+2, 3.86817e+2, 7.71593e-1, 1.92361e+0, 3.97088e-3, 3.95634e+2, 7.99737e-1, 4.98949e+2, 3.03607e-1, 2.57763e+1, 2.07592e-2, 2.94318e+1, 1.96544e-2, 2.76604e+0, 3.64497e-4, 2.73849e+0, 3.91138e-4, 2.00000e+1, 0.00000e+0, 2.00000e+1, 0.00000e+0, 3, 1, 
08/25/2021 12:36:56.459, 08/25/2021 12:36:56.413, 4.15733e+0, 1.71561e-4, 9.78172e+1, 2.55300e-2, 1.88608e+0, 4.98263e-3, 2.23620e+4, 2.12756e+2, 3.86848e+2, 7.71945e-1, 1.92922e+0, 4.73469e-3, 3.95697e+2, 7.25895e-1, 4.99180e+2, 2.49336e-1, 2.57682e+1, 2.06270e-2, 2.95292e+1, 2.86216e-2, 2.76543e+0, 6.07904e-4, 2.73775e+0, 3.72275e-4, 2.00000e+1, 0.00000e+0, 2.00000e+1, 0.00000e+0, 3, 1, 
08/25/2021 12:37:01.439, 08/25/2021 12:37:01.386, 4.15692e+0, 5.09769e-4, 9.77560e+1, 7.58585e-2, 1.87574e+0, 3.01098e-3, 2.22562e+4, 1.28523e+2, 3.87065e+2, 1.14747e+0, 1.91843e+0, 3.10092e-3, 3.95875e+2, 1.12676e+0, 4.98753e+2, 3.64135e-1, 2.58065e+1, 1.30754e-2, 2.96151e+1, 3.73098e-2, 2.76569e+0, 5.98212e-4, 2.73753e+0, 3.33924e-4, 2.00000e+1, 0.00000e+0, 2.00000e+1, 0.00000e+0, 3, 2, 
08/25/2021 12:37:06.414, 08/25/2021 12:37:06.358, 4.15746e+0, 7.31427e-5, 9.78366e+1, 1.08843e-2, 1.87501e+0, 7.45698e-4, 2.23292e+4, 1.44980e+2, 3.85814e+2, 6.81072e-1, 1.91783e+0, 9.12861e-4, 3.94625e+2, 7.18845e-1, 4.98944e+2, 3.32193e-1, 2.58468e+1, 1.45711e-2, 2.97192e+1, 2.98571e-2, 2.76574e+0, 3.86939e-4, 2.73796e+0, 5.32108e-4, 2.00000e+1, 0.00000e+0, 2.00000e+1, 0.00000e+0, 3, 2, 
08/25/2021 12:37:11.385, 08/25/2021 12:37:11.331, 4.15746e+0, 1.08791e-4, 9.78366e+1, 1.61892e-2, 1.87170e+0, 2.05537e-3, 2.24896e+4, 1.15484e+2, 3.86887e+2, 1.47424e+0, 1.91476e+0, 1.92126e-3, 3.95788e+2, 1.48447e+0, 4.98988e+2, 3.24783e-1, 2.58896e+1, 2.40913e-2, 2.98311e+1, 3.47513e-2, 2.76587e+0, 6.67592e-4, 2.73757e+0, 8.01410e-4, 2.00000e+1, 0.00000e+0, 2.00000e+1, 0.00000e+0, 3, 2, 
08/25/2021 12:37:16.356, 08/25/2021 12:37:16.304, 4.15744e+0, 6.40481e-5, 9.78333e+1, 9.53097e-3, 1.86933e+0, 2.77200e-3, 2.23870e+4, 6.54137e+1, 3.87786e+2, 7.39102e-1, 1.91213e+0, 2.77757e-3, 3.96666e+2, 7.50619e-1, 4.98859e+2, 3.22015e-1, 2.59290e+1, 2.56836e-2, 2.99392e+1, 3.02376e-2, 2.76551e+0, 6.88314e-4, 2.73748e+0, 5.29612e-4, 2.00000e+1, 0.00000e+0, 2.00000e+1, 0.00000e+0, 3, 2, 
08/25/2021 12:37:21.333, 08/25/2021 12:37:21.276, 4.15741e+0, 1.06056e-4, 9.78282e+1, 1.57821e-2, 1.86974e+0, 3.01974e-3, 2.23173e+4, 2.33115e+2, 3.87011e+2, 3.12603e-1, 1.91242e+0, 2.84714e-3, 3.95846e+2, 3.19893e-1, 4.99097e+2, 2.92412e-1, 2.59532e+1, 1.20885e-2, 3.00323e+1, 4.26349e-2, 2.76592e+0, 6.17452e-4, 2.73790e+0, 6.10577e-4, 2.00000e+1, 0.00000e+0, 2.00000e+1, 0.00000e+0, 3, 2, 
08/25/2021 12:37:26.299, 08/25/2021 12:37:26.249, 4.15747e+0, 4.27419e-5, 9.78374e+1, 6.36041e-3, 1.87032e+0, 5.63044e-4, 2.22051e+4, 7.30989e+1, 3.87292e+2, 4.58661e-1, 1.91279e+0, 6.64280e-4, 3.96087e+2, 4.52038e-1, 4.99084e+2, 4.02447e-1, 2.59978e+1, 2.31593e-2, 3.01202e+1, 2.72213e-2, 2.76624e+0, 4.15845e-4, 2.73797e+0, 6.72035e-4, 2.00000e+1, 0.00000e+0, 2.00000e+1, 0.00000e+0, 3, 2, 
08/25/2021 12:37:31.281, 08/25/2021 12:37:31.222, 4.15746e+0, 7.60241e-5, 9.78365e+1, 1.13131e-2, 1.87132e+0, 1.05711e-3, 2.21742e+4, 8.14132e+1, 3.87702e+2, 3.10566e-1, 1.91376e+0, 1.11007e-3, 3.96494e+2, 3.15073e-1, 4.98969e+2, 4.33118e-1, 2.60513e+1, 2.58075e-2, 3.02202e+1, 3.30647e-2, 2.76532e+0, 4.39284e-4, 2.73766e+0, 1.13371e-3, 2.00000e+1, 0.00000e+0, 2.00000e+1, 0.00000e+0, 3, 2, 
08/25/2021 12:37:36.246, 08/25/2021 12:37:36.194, 4.15741e+0, 5.21579e-5, 9.78284e+1, 7.76159e-3, 1.87246e+0, 2.99027e-3, 2.21321e+4, 1.24489e+2, 3.88147e+2, 6.85503e-1, 1.91484e+0, 2.93690e-3, 3.96932e+2, 6.81219e-1, 4.98870e+2, 3.00910e-1, 2.60765e+1, 1.49522e-2, 3.03056e+1, 4.00643e-2, 2.76581e+0, 4.33542e-4, 2.73778e+0, 4.23384e-4, 2.00000e+1, 0.00000e+0, 2.00000e+1, 0.00000e+0, 3, 2, 
08/25/2021 12:37:41.226, 08/25/2021 12:37:41.167, 4.15743e+0, 6.58696e-5, 9.78324e+1, 9.80203e-3, 1.86977e+0, 2.58651e-3, 2.20513e+4, 1.10072e+2, 3.86785e+2, 1.05369e+0, 1.91194e+0, 2.48347e-3, 3.95507e+2, 1.04367e+0, 4.99116e+2, 6.86450e-1, 2.60848e+1, 1.14846e-2, 3.04037e+1, 3.38000e-2, 2.76587e+0, 5.80224e-4, 2.73735e+0, 4.33494e-4, 2.00000e+1, 0.00000e+0, 1.86000e+1, 3.13050e+0, 3, 2, 
08/25/2021 12:37:46.197, 08/25/2021 12:37:46.141, 4.15745e+0, 1.10487e-4, 9.78355e+1, 1.64416e-2, 1.87150e+0, 2.41587e-3, 2.18402e+4, 1.23028e+2, 3.87365e+2, 6.59526e-1, 1.91328e+0, 2.46750e-3, 3.96014e+2, 6.60751e-1, 4.98699e+2, 2.55649e-1, 2.61455e+1, 8.85586e-3, 3.05002e+1, 2.68374e-2, 2.76578e+0, 2.47372e-4, 2.73764e+0, 3.69572e-4, 2.00000e+1, 0.00000e+0, 1.44000e+1, 3.13050e+0, 3, 2, 
08/25/2021 12:37:51.166, 08/25/2021 12:37:51.112, 4.15737e+0, 2.03028e-5, 9.78233e+1, 3.02124e-3, 1.87187e+0, 2.29121e-3, 2.17130e+4, 1.89279e+2, 3.88150e+2, 1.07451e+0, 1.91342e+0, 2.17961e-3, 3.96765e+2, 1.08933e+0, 4.98807e+2, 5.40455e-1, 2.61470e+1, 1.58054e-2, 3.05827e+1, 3.01832e-2, 2.76609e+0, 5.50690e-4, 2.73748e+0, 6.70884e-4, 2.00000e+1, 0.00000e+0, 2.00000e+1, 0.00000e+0, 3, 2, 
08/25/2021 12:37:56.142, 08/25/2021 12:37:56.085, 4.15742e+0, 6.03005e-5, 9.78298e+1, 8.97330e-3, 1.87428e+0, 4.24503e-3, 2.15014e+4, 1.25136e+2, 3.87469e+2, 1.08931e+0, 1.91546e+0, 4.39231e-3, 3.95984e+2, 1.15998e+0, 4.98974e+2, 3.65464e-1, 2.61883e+1, 2.58005e-2, 3.06599e+1, 2.91445e-2, 2.76632e+0, 2.88001e-4, 2.73777e+0, 5.34065e-4, 2.00000e+1, 0.00000e+0, 2.00000e+1, 0.00000e+0, 3, 2, 
08/25/2021 12:38:01.108, 08/25/2021 12:38:01.058, 4.15741e+0, 9.47117e-5, 9.78284e+1, 1.40940e-2, 1.87985e+0, 2.20809e-3, 2.12502e+4, 6.10809e+1, 3.88291e+2, 2.95132e-1, 1.92066e+0, 2.23110e-3, 3.96721e+2, 3.03487e-1, 4.98733e+2, 4.02816e-1, 2.62407e+1, 3.96994e-2, 3.07230e+1, 2.96181e-2, 2.76616e+0, 9.35160e-4, 2.73761e+0, 3.04684e-4, 2.00000e+1, 0.00000e+0, 2.00000e+1, 0.00000e+0, 3, 1, 
08/25/2021 12:38:06.090, 08/25/2021 12:38:06.030, 4.15748e+0, 4.79825e-5, 9.78387e+1, 7.14026e-3, 1.88073e+0, 1.29841e-3, 2.10380e+4, 1.24149e+2, 3.89960e+2, 8.01331e-1, 1.92114e+0, 1.48082e-3, 3.98340e+2, 8.43947e-1, 4.98652e+2, 4.02295e-1, 2.62446e+1, 5.63963e-3, 3.08085e+1, 2.99567e-2, 2.76578e+0, 3.17800e-4, 2.73794e+0, 3.66133e-4, 2.00000e+1, 0.00000e+0, 2.00000e+1, 0.00000e+0, 3, 1, 
08/25/2021 12:38:11.055, 08/25/2021 12:38:11.003, 4.15748e+0, 1.94034e-5, 9.78389e+1, 2.88740e-3, 1.87875e+0, 3.70078e-3, 2.12406e+4, 1.63057e+2, 3.92317e+2, 1.55477e+0, 1.91952e+0, 3.64960e-3, 4.00831e+2, 1.52865e+0, 4.98923e+2, 4.08428e-1, 2.62885e+1, 2.85589e-2, 3.08733e+1, 2.81708e-2, 2.76563e+0, 4.56341e-4, 2.73743e+0, 4.04122e-4, 2.00000e+1, 0.00000e+0, 2.00000e+1, 0.00000e+0, 3, 1, 
08/25/2021 12:38:16.028, 08/25/2021 12:38:15.976, 4.15748e+0, 6.98818e-5, 9.78388e+1, 1.03991e-2, 1.88254e+0, 2.22878e-3, 2.12955e+4, 2.24879e+2, 3.91994e+2, 4.22863e-1, 1.92350e+0, 2.53853e-3, 4.00523e+2, 4.72884e-1, 4.99074e+2, 4.04617e-1, 2.63121e+1, 2.77164e-2, 3.09677e+1, 3.33904e-2, 2.76544e+0, 6.09870e-4, 2.73712e+0, 6.19835e-4, 2.00000e+1, 0.00000e+0, 2.00000e+1, 0.00000e+0, 3, 1, 
08/25/2021 12:38:21.008, 08/25/2021 12:38:20.949, 4.15753e+0, 6.24976e-5, 9.78462e+1, 9.30024e-3, 1.88083e+0, 4.03289e-3, 2.14259e+4, 1.45847e+2, 3.92380e+2, 1.67415e+0, 1.92201e+0, 3.84583e-3, 4.00971e+2, 1.67381e+0, 4.98930e+2, 4.53631e-1, 2.63641e+1, 2.54796e-2, 3.10684e+1, 2.95736e-2, 2.76479e+0, 5.08159e-4, 2.73678e+0, 4.14073e-4, 2.00000e+1, 0.00000e+0, 2.00000e+1, 0.00000e+0, 3, 1, 
08/25/2021 12:38:25.970, 08/25/2021 12:38:25.922, 4.15756e+0, 6.30495e-5, 9.78514e+1, 9.38237e-3, 1.87783e+0, 2.99522e-3, 2.15595e+4, 9.30500e+1, 3.88956e+2, 1.46066e+0, 1.91921e+0, 3.09129e-3, 3.97526e+2, 1.52531e+0, 4.98893e+2, 3.52282e-1, 2.63910e+1, 2.77676e-2, 3.11430e+1, 2.59494e-2, 2.76450e+0, 7.55582e-4, 2.73703e+0, 4.36576e-4, 2.00000e+1, 0.00000e+0, 2.00000e+1, 0.00000e+0, 3, 1, 
08/25/2021 12:38:30.962, 08/25/2021 12:38:30.894, 4.15759e+0, 1.14236e-4, 9.78556e+1, 1.69995e-2, 2.62339e+0, 4.96672e-1, 2.16973e+4, 2.74033e+1, 3.87995e+2, 8.15126e-1, 2.68157e+0, 5.07698e-1, 3.96601e+2, 8.33943e-1, 4.99053e+2, 3.81443e-1, 2.64087e+1, 8.21422e-3, 3.12258e+1, 2.25055e-2, 2.76459e+0, 8.44263e-4, 2.73617e+0, 2.04390e-4, 2.00000e+1, 0.00000e+0, 2.00000e+1, 0.00000e+0, 3, 1, 
08/25/2021 12:38:35.915, 08/25/2021 12:38:35.868, 4.15749e+0, 1.23771e-4, 9.78405e+1, 1.84183e-2, 2.85422e+0, 2.00774e-1, 2.17176e+4, 1.44515e+2, 3.90029e+2, 1.10621e+0, 2.91757e+0, 2.04903e-1, 3.98687e+2, 1.15697e+0, 4.98839e+2, 4.21533e-1, 2.64252e+1, 1.31244e-2, 3.13088e+1, 2.76744e-2, 2.76480e+0, 8.25918e-4, 2.73651e+0, 3.76386e-4, 2.00000e+1, 0.00000e+0, 2.00000e+1, 0.00000e+0, 3, 1, 
08/25/2021 12:38:40.895, 08/25/2021 12:38:40.840, 4.15753e+0, 7.18015e-5, 9.78474e+1, 1.06847e-2, 2.26486e+0, 1.36702e-1, 2.19768e+4, 1.24209e+2, 3.90955e+2, 6.52333e-1, 2.31575e+0, 1.39693e-1, 3.99740e+2, 7.02310e-1, 4.98681e+2, 3.18471e-1, 2.64560e+1, 1.87402e-2, 3.13943e+1, 2.68467e-2, 2.76477e+0, 4.06404e-4, 2.73596e+0, 2.11932e-4, 2.00000e+1, 0.00000e+0, 2.00000e+1, 0.00000e+0, 3, 1, 
08/25/2021 12:38:45.866, 08/25/2021 12:38:45.812, 3.78157e+0, 1.24819e-1, 4.19002e+1, 1.85743e+1, 1.99837e+0, 4.59194e-2, 2.21542e+4, 1.38522e+2, 3.91086e+2, 6.92995e-1, 2.04365e+0, 4.70270e-2, 3.99946e+2, 7.06836e-1, 4.98940e+2, 4.34474e-1, 2.64976e+1, 1.42671e-2, 3.14955e+1, 2.78935e-2, 2.76437e+0, 4.71714e-4, 2.73614e+0, 4.60783e-4, 2.00000e+1, 0.00000e+0, 2.00000e+1, 0.00000e+0, 3, 1, 
08/25/2021 12:38:50.841, 08/25/2021 12:38:50.785, 3.69641e+0, 1.03496e-2, 2.92270e+1, 1.54012e+0, 1.90202e+0, 1.62962e-2, 2.24728e+4, 2.02883e+2, 3.93142e+2, 5.12223e-1, 1.94575e+0, 1.62815e-2, 4.02180e+2, 5.31750e-1, 4.98847e+2, 7.22358e-1, 2.65125e+1, 1.01424e-2, 3.15820e+1, 3.17367e-2, 2.76355e+0, 8.07465e-4, 2.73556e+0, 3.95477e-4, 2.00000e+1, 0.00000e+0, 1.86000e+1, 3.13050e+0, 3, 1, 
08/25/2021 12:38:55.809, 08/25/2021 12:38:55.758, 3.67080e+0, 5.59067e-3, 2.54164e+1, 8.31946e-1, 1.88117e+0, 2.12167e-3, 2.24770e+4, 1.27635e+2, 3.93754e+2, 1.50653e+0, 1.92443e+0, 1.95052e-3, 4.02808e+2, 1.57912e+0, 4.98797e+2, 5.59555e-1, 2.65475e+1, 1.17948e-2, 3.16741e+1, 2.76445e-2, 2.76329e+0, 6.87882e-4, 2.73493e+0, 6.72407e-4, 2.00000e+1, 0.00000e+0, 1.44000e+1, 3.13050e+0, 3, 1, 
08/25/2021 12:39:00.795, 08/25/2021 12:39:00.730, 3.65345e+0, 4.43916e-3, 2.28353e+1, 6.60590e-1, 1.88238e+0, 3.00985e-3, 2.25792e+4, 1.10767e+2, 3.95788e+2, 3.59401e-1, 1.92587e+0, 2.97427e-3, 4.04931e+2, 3.58252e-1, 4.98753e+2, 4.34463e-1, 2.65848e+1, 1.29097e-2, 3.17683e+1, 3.89909e-2, 2.76337e+0, 5.01197e-4, 2.73508e+0, 4.57558e-4, 2.00000e+1, 0.00000e+0, 2.00000e+1, 0.00000e+0, 3, 2, 
08/25/2021 12:39:05.755, 08/25/2021 12:39:05.703, 3.64094e+0, 3.49436e-3, 2.09737e+1, 5.19994e-1, 1.87880e+0, 2.47925e-3, 2.27571e+4, 1.10139e+2, 3.90931e+2, 1.30662e+0, 1.92255e+0, 2.57796e-3, 4.00035e+2, 1.37222e+0, 4.98793e+2, 3.52262e-1, 2.66028e+1, 2.32767e-2, 3.18598e+1, 2.60379e-2, 2.76349e+0, 3.49954e-4, 2.73477e+0, 6.38061e-4, 2.00000e+1, 0.00000e+0, 2.00000e+1, 0.00000e+0, 3, 2, 
08/25/2021 12:39:10.733, 08/25/2021 12:39:10.676, 3.63019e+0, 3.47225e-3, 1.93732e+1, 5.16704e-1, 1.87119e+0, 2.09539e-3, 2.28109e+4, 1.45809e+2, 3.89076e+2, 6.32820e-1, 1.91486e+0, 2.07478e-3, 3.98159e+2, 6.14377e-1, 4.98945e+2, 4.14011e-1, 2.66296e+1, 1.27934e-2, 3.19515e+1, 2.63413e-2, 2.76349e+0, 7.36108e-4, 2.73523e+0, 4.38235e-4, 2.00000e+1, 0.00000e+0, 2.00000e+1, 0.00000e+0, 3, 2, 
08/25/2021 12:39:15.701, 08/25/2021 12:39:15.649, 3.62041e+0, 2.89940e-3, 1.79181e+1, 4.31459e-1, 1.86859e+0, 2.18743e-3, 2.29448e+4, 1.51355e+2, 3.87761e+2, 7.55148e-1, 1.91247e+0, 2.32557e-3, 3.96867e+2, 7.70554e-1, 4.98914e+2, 4.76305e-1, 2.66600e+1, 9.04040e-3, 3.20343e+1, 2.18227e-2, 2.76318e+0, 4.91398e-4, 2.73529e+0, 4.23693e-4, 2.00000e+1, 0.00000e+0, 2.00000e+1, 0.00000e+0, 3, 2, 
08/25/2021 12:39:20.673, 08/25/2021 12:39:20.622, 3.61226e+0, 2.36395e-3, 1.67049e+1, 3.51778e-1, 1.87218e+0, 1.88523e-3, 2.30369e+4, 1.29009e+2, 3.88295e+2, 9.97354e-1, 1.91633e+0, 1.89716e-3, 3.97451e+2, 1.03748e+0, 4.98822e+2, 4.99419e-1, 2.66910e+1, 2.33271e-2, 3.21199e+1, 2.73064e-2, 2.76319e+0, 4.18901e-4, 2.73488e+0, 2.70079e-4, 2.00000e+1, 0.00000e+0, 2.00000e+1, 0.00000e+0, 3, 2, 
08/25/2021 12:39:25.650, 08/25/2021 12:39:25.594, 3.60435e+0, 2.13252e-3, 1.55284e+1, 3.17340e-1, 1.87050e+0, 1.69802e-3, 2.32047e+4, 1.28977e+2, 3.87315e+2, 1.07724e+0, 1.91493e+0, 1.61285e-3, 3.96516e+2, 1.13639e+0, 4.98784e+2, 4.34822e-1, 2.67425e+1, 1.15231e-2, 3.22131e+1, 3.22975e-2, 2.76286e+0, 7.25717e-4, 2.73517e+0, 3.97132e-4, 2.00000e+1, 0.00000e+0, 2.00000e+1, 0.00000e+0, 3, 2, 
08/25/2021 12:39:30.619, 08/25/2021 12:39:30.566, 3.59589e+0, 2.56898e-3, 1.42694e+1, 3.82289e-1, 1.86819e+0, 1.91032e-3, 2.31986e+4, 1.71767e+2, 3.85404e+2, 1.02495e+0, 1.91256e+0, 2.21725e-3, 3.94558e+2, 1.07921e+0, 4.98740e+2, 3.60867e-1, 2.67818e+1, 1.27010e-2, 3.23002e+1, 3.35096e-2, 2.76323e+0, 5.37109e-4, 2.73480e+0, 8.18719e-4, 2.00000e+1, 0.00000e+0, 2.00000e+1, 0.00000e+0, 3, 2, 
08/25/2021 12:39:35.592, 08/25/2021 12:39:35.539, 3.58839e+0, 2.46721e-3, 1.31534e+1, 3.67144e-1, 1.86941e+0, 3.56960e-3, 2.29288e+4, 8.74985e+1, 3.84657e+2, 7.85687e-1, 1.91328e+0, 3.50489e-3, 3.93684e+2, 8.24734e-1, 4.98878e+2, 3.78469e-1, 2.68363e+1, 3.08836e-2, 3.23944e+1, 2.48480e-2, 2.76371e+0, 4.35520e-4, 2.73553e+0, 7.06153e-4, 2.00000e+1, 0.00000e+0, 2.00000e+1, 0.00000e+0, 3, 2, 
08/25/2021 12:39:40.563, 08/25/2021 12:39:40.512, 3.58227e+0, 1.93906e-3, 1.22419e+1, 2.88550e-1, 1.87518e+0, 3.37479e-3, 2.27085e+4, 1.18396e+2, 3.84735e+2, 1.16973e+0, 1.91875e+0, 3.23744e-3, 3.93675e+2, 1.19783e+0, 4.98662e+2, 7.55310e-1, 2.68834e+1, 2.66192e-2, 3.24699e+1, 2.31623e-2, 2.76377e+0, 5.52716e-4, 2.73566e+0, 3.68509e-4, 2.00000e+1, 0.00000e+0, 1.86000e+1, 3.13050e+0, 3, 2, 
08/25/2021 12:39:45.537, 08/25/2021 12:39:45.484, 3.57580e+0, 2.79582e-3, 1.12795e+1, 4.16044e-1, 1.87131e+0, 1.79340e-3, 2.26498e+4, 3.91873e+1, 3.84326e+2, 1.23280e+0, 1.91468e+0, 1.87829e-3, 3.93233e+2, 1.25936e+0, 4.98865e+2, 5.35482e-1, 2.69139e+1, 1.89721e-2, 3.25548e+1, 3.18142e-2, 2.76329e+0, 5.55528e-4, 2.73508e+0, 5.29489e-4, 2.00000e+1, 0.00000e+0, 1.44000e+1, 3.13050e+0, 3, 2, 
08/25/2021 12:39:50.512, 08/25/2021 12:39:50.457, 3.56852e+0, 1.95847e-3, 1.01958e+1, 2.91439e-1, 1.86570e+0, 4.89839e-3, 2.25024e+4, 2.04650e+2, 3.82299e+2, 1.33481e+0, 1.90865e+0, 5.28087e-3, 3.91100e+2, 1.43531e+0, 4.98769e+2, 5.28545e-1, 2.69533e+1, 1.17146e-2, 3.26397e+1, 2.99964e-2, 2.76356e+0, 4.82576e-4, 2.73552e+0, 3.52171e-4, 2.00000e+1, 0.00000e+0, 2.00000e+1, 0.00000e+0, 3, 2, 
08/25/2021 12:39:55.483, 08/25/2021 12:39:55.430, 3.56208e+0, 2.44474e-3, 9.23877e+0, 3.63801e-1, 1.86537e+0, 1.21259e-3, 2.23059e+4, 1.69314e+2, 3.83099e+2, 8.11916e-1, 1.90793e+0, 9.33171e-4, 3.91839e+2, 7.69691e-1, 4.98668e+2, 3.35719e-1, 2.69683e+1, 2.83785e-2, 3.27199e+1, 1.61864e-2, 2.76342e+0, 4.35568e-4, 2.73548e+0, 1.02950e-3, 2.00000e+1, 0.00000e+0, 2.00000e+1, 0.00000e+0, 3, 2, 
08/25/2021 12:40:00.463, 08/25/2021 12:40:00.403, 3.55617e+0, 2.56031e-3, 8.35916e+0, 3.80999e-1, 1.86363e+0, 3.38243e-3, 2.22700e+4, 2.04117e+2, 3.84167e+2, 5.42422e-1, 1.90607e+0, 3.12110e-3, 3.92917e+2, 5.63440e-1, 4.98871e+2, 5.99958e-1, 2.70074e+1, 1.95627e-2, 3.27868e+1, 2.70384e-2, 2.76364e+0, 6.01435e-4, 2.73571e+0, 2.78907e-4, 2.00000e+1, 0.00000e+0, 2.00000e+1, 0.00000e+0, 3, 1, 
08/25/2021 12:40:05.442, 08/25/2021 12:40:05.382, 3.54825e+0, 2.18725e-3, 7.17974e+0, 3.25484e-1, 1.86552e+0, 3.25443e-3, 2.19956e+4, 1.33041e+2, 3.85113e+2, 8.33787e-1, 1.90748e+0, 3.23302e-3, 3.93774e+2, 8.32618e-1, 4.99023e+2, 4.44265e-1, 2.70542e+1, 1.21337e-2, 3.28755e+1, 2.79245e-2, 2.76367e+0, 3.06661e-4, 2.73551e+0, 6.21109e-4, 2.00000e+1, 0.00000e+0, 2.00000e+1, 0.00000e+0, 3, 1, 
08/25/2021 12:40:10.414, 08/25/2021 12:40:10.356, 3.54099e+0, 1.77460e-3, 6.09993e+0, 2.64078e-1, 1.87033e+0, 2.83709e-3, 2.20089e+4, 1.27746e+2, 3.84353e+2, 6.58309e-1, 1.91242e+0, 2.76479e-3, 3.93003e+2, 6.63189e-1, 4.98799e+2, 4.39093e-1, 2.70638e+1, 1.46599e-2, 3.29451e+1, 1.68449e-2, 2.76328e+0, 4.08511e-4, 2.73529e+0, 4.55766e-4, 2.00000e+1, 0.00000e+0, 2.00000e+1, 0.00000e+0, 3, 1, 
08/25/2021 12:40:15.376, 08/25/2021 12:40:15.327, 3.53393e+0, 2.97661e-3, 5.04856e+0, 4.42947e-1, 1.88630e+0, 7.38297e-3, 2.18835e+4, 4.91899e+1, 3.85168e+2, 8.87734e-1, 1.92851e+0, 7.62448e-3, 3.93785e+2, 8.97406e-1, 4.98756e+2, 5.88532e-1, 2.71106e+1, 1.45771e-2, 3.30055e+1, 3.72450e-2, 2.76330e+0, 5.15091e-4, 2.73544e+0, 5.32857e-4, 2.00000e+1, 0.00000e+0, 2.00000e+1, 0.00000e+0, 3, 1, 
08/25/2021 12:40:20.352, 08/25/2021 12:40:20.300, 3.52548e+0, 2.70025e-3, 3.79140e+0, 4.01823e-1, 1.89297e+0, 2.57956e-3, 2.15901e+4, 7.29981e+2, 3.86551e+2, 8.74989e-1, 1.93474e+0, 2.75334e-3, 3.95081e+2, 1.03023e+0, 4.98675e+2, 5.69228e-1, 2.71307e+1, 8.32234e-3, 3.30935e+1, 1.82674e-2, 2.76348e+0, 4.52295e-4, 2.73516e+0, 3.46230e-4, 2.00000e+1, 0.00000e+0, 2.00000e+1, 0.00000e+0, 3, 1, 
08/25/2021 12:40:25.329, 08/25/2021 12:40:25.273, 3.51630e+0, 3.07905e-3, 2.42597e+0, 4.58192e-1, 1.87695e+0, 7.36499e-3, 2.19725e+4, 1.99768e+2, 3.87973e+2, 5.06238e-1, 1.91911e+0, 7.18660e-3, 3.96690e+2, 5.48311e-1, 4.98825e+2, 5.63775e-1, 2.71845e+1, 1.45567e-2, 3.31723e+1, 4.27771e-2, 2.76269e+0, 8.71024e-4, 2.73500e+0, 1.00430e-3, 2.00000e+1, 0.00000e+0, 2.00000e+1, 0.00000e+0, 3, 1, 
08/25/2021 12:40:30.297, 08/25/2021 12:40:30.246, 3.50915e+0, 2.66297e-3, 1.36091e+0, 3.96276e-1, 1.87177e+0, 1.68848e-3, 2.20829e+4, 9.25287e+1, 3.86918e+2, 5.98597e-1, 1.91404e+0, 1.87166e-3, 3.95655e+2, 6.32189e-1, 4.98700e+2, 4.42559e-1, 2.72172e+1, 2.05250e-2, 3.32493e+1, 2.16406e-2, 2.76230e+0, 4.66488e-4, 2.73432e+0, 3.79265e-4, 2.00000e+1, 0.00000e+0, 2.00000e+1, 0.00000e+0, 3, 1, 
08/25/2021 12:40:35.276, 08/25/2021 12:40:35.218, 3.49627e+0, 2.96557e-3, -5.54350e-1, 4.41305e-1, 1.87284e+0, 2.54944e-3, 2.21434e+4, 1.23557e+2, 3.87644e+2, 8.08143e-1, 1.91525e+0, 2.43197e-3, 3.96422e+2, 7.89352e-1, 4.98904e+2, 6.03041e-1, 2.72655e+1, 2.41948e-2, 3.33246e+1, 1.37120e-2, 2.76249e+0, 4.48435e-4, 2.73431e+0, 8.17342e-4, 2.00000e+1, 0.00000e+0, 1.86000e+1, 3.13050e+0, 3, 1, 
08/25/2021 12:40:40.243, 08/25/2021 12:40:40.191, 3.48375e+0, 3.49700e-3, -2.41825e+0, 5.20386e-1, 1.87280e+0, 1.46386e-3, 2.21635e+4, 4.41750e+1, 3.87522e+2, 9.20572e-1, 1.91525e+0, 1.47089e-3, 3.96305e+2, 9.34077e-1, 4.98837e+2, 5.85740e-1, 2.73190e+1, 1.14651e-2, 3.34070e+1, 1.08444e-2, 2.76235e+0, 5.08354e-4, 2.73428e+0, 2.18405e-4, 2.00000e+1, 0.00000e+0, 1.44000e+1, 3.13050e+0, 3, 1, 
08/25/2021 12:40:45.220, 08/25/2021 12:40:45.165, 3.46982e+0, 2.98948e-3, -4.49162e+0, 4.44862e-1, 1.87068e+0, 4.43051e-3, 2.24137e+4, 1.16692e+2, 3.87486e+2, 3.10454e-1, 1.91357e+0, 4.60961e-3, 3.96370e+2, 3.15760e-1, 4.98980e+2, 4.69876e-1, 2.73232e+1, 2.70700e-2, 3.34753e+1, 1.49829e-2, 2.76189e+0, 8.54374e-4, 2.73390e+0, 5.39222e-4, 2.00000e+1, 0.00000e+0, 2.00000e+1, 0.00000e+0, 3, 1, 
08/25/2021 12:40:50.195, 08/25/2021 12:40:50.136, 3.45361e+0, 4.66114e-3, -6.90330e+0, 6.93622e-1, 1.87373e+0, 6.54606e-4, 2.23600e+4, 1.57393e+2, 3.88195e+2, 3.96852e-1, 1.91659e+0, 7.24494e-4, 3.97073e+2, 4.50902e-1, 4.98891e+2, 5.84806e-1, 2.73654e+1, 1.72378e-2, 3.35525e+1, 2.61594e-2, 2.76201e+0, 5.12283e-4, 2.73340e+0, 8.57068e-4, 2.00000e+1, 0.00000e+0, 2.00000e+1, 0.00000e+0, 3, 1, 
08/25/2021 12:40:55.168, 08/25/2021 12:40:55.117, 3.43622e+0, 5.14698e-3, -9.49108e+0, 7.65920e-1, 1.87281e+0, 1.96189e-3, 2.25759e+4, 1.82927e+2, 3.85788e+2, 7.83418e-1, 1.91607e+0, 1.75361e-3, 3.94698e+2, 7.51842e-1, 4.98969e+2, 5.62075e-1, 2.73845e+1, 1.08385e-2, 3.36187e+1, 2.48601e-2, 2.76225e+0, 6.96828e-4, 2.73351e+0, 2.51450e-4, 2.00000e+1, 0.00000e+0, 2.00000e+1, 0.00000e+0, 3, 1, 
08/25/2021 12:41:00.149, 08/25/2021 12:41:00.096, 3.41737e+0, 5.68498e-3, -1.22956e+1, 8.45980e-1, 1.87128e+0, 4.36162e-3, 2.24651e+4, 8.42521e+1, 3.83684e+2, 6.03832e-1, 1.91429e+0, 4.57441e-3, 3.92501e+2, 6.39862e-1, 4.98715e+2, 4.69179e-1, 2.74131e+1, 1.64591e-2, 3.36819e+1, 2.31952e-2, 2.76206e+0, 2.56253e-4, 2.73372e+0, 7.25282e-4, 2.00000e+1, 0.00000e+0, 2.00000e+1, 0.00000e+0, 3, 2, 
08/25/2021 12:41:05.120, 08/25/2021 12:41:05.068, 3.39601e+0, 6.96893e-3, -1.54745e+1, 1.03704e+0, 1.87057e+0, 3.33162e-3, 2.22934e+4, 8.98296e+1, 3.82563e+2, 4.50183e-1, 1.91323e+0, 3.57357e-3, 3.91286e+2, 4.49266e-1, 4.98895e+2, 5.04101e-1, 2.74165e+1, 2.10028e-2, 3.37463e+1, 3.28202e-2, 2.76202e+0, 7.32620e-4, 2.73396e+0, 3.46214e-4, 2.00000e+1, 0.00000e+0, 2.00000e+1, 0.00000e+0, 3, 2, 
08/25/2021 12:41:10.095, 08/25/2021 12:41:10.042, 3.37357e+0, 7.77236e-3, -1.88137e+1, 1.15660e+0, 1.87062e+0, 1.93003e-3, 2.21362e+4, 1.59277e+2, 3.82955e+2, 8.25780e-1, 1.91296e+0, 2.17435e-3, 3.91624e+2, 8.70137e-1, 4.98588e+2, 2.63193e-1, 2.74595e+1, 1.45672e-2, 3.38042e+1, 3.86115e-2, 2.76268e+0, 6.06882e-4, 2.73464e+0, 6.50084e-4, 2.00000e+1, 0.00000e+0, 2.00000e+1, 0.00000e+0, 3, 2, 
08/25/2021 12:41:15.068, 08/25/2021 12:41:15.014, 3.34927e+0, 7.98701e-3, -2.24298e+1, 1.18854e+0, 1.87377e+0, 1.05398e-3, 2.19107e+4, 7.41442e+1, 3.83063e+2, 6.48896e-1, 1.91575e+0, 1.14070e-3, 3.91645e+2, 6.52946e-1, 4.98862e+2, 4.67557e-1, 2.74759e+1, 6.96000e-3, 3.38653e+1, 3.54069e-2, 2.76324e+0, 8.38203e-4, 2.73452e+0, 6.14467e-4, 2.00000e+1, 0.00000e+0, 2.00000e+1, 0.00000e+0, 3, 2, 
