SN:3K60180500001583 BD:Jul 23 2018 VC:834b9c1 MD5:48f99e4865ed8b810be1bb0eaaabf929
SysTime,                      Time,         Batt_v,      Batt_v_sd,   BATT_PERCENT,BATT_PERCENT_sd,      [CH4]_ppm,   [CH4]_ppm_sd,      [H2O]_ppm,   [H2O]_ppm_sd,      [CO2]_ppm,   [CO2]_ppm_sd,     [CH4]d_ppm,  [CH4]d_ppm_sd,     [CO2]d_ppm,  [CO2]d_ppm_sd,      GasP_torr,   GasP_torr_sd,         GasT_C,      GasT_C_sd,         AmbT_C,      AmbT_C_sd,         RD0_us,      RD0_us_sd,         RD1_us,      RD1_us_sd, Temp_Status_mA,Temp_Status_mA_sd,Analyzer_Status_mA,Analyzer_Status_mA_sd,       Fit_Flag,      MIU_VALVE,       MIU_DESC
06/14/2020 08:56:29.146, 06/14/2020 08:56:29.095, 3.52027e+0, 0.00000e+0, -2.56617e+2, 0.00000e+0, 3.53703e+0, 0.00000e+0, 8.74010e+3, 0.00000e+0, 6.69735e+2, 0.00000e+0, 1.78411e+0, 0.00000e+0, 3.37820e+2, 0.00000e+0, 5.01959e+2, 0.00000e+0, 2.21846e+1, 0.00000e+0, 2.21859e+1, 0.00000e+0, 3.58792e+0, 0.00000e+0, 3.18422e+0, 0.00000e+0, 2.00000e+1, 0.00000e+0, 2.00000e+1, 0.00000e+0, 2, 1, 
06/14/2020 08:56:30.139, 06/14/2020 08:56:30.090, 3.52033e+0, 0.00000e+0, 2.99805e+0, 0.00000e+0, 3.52906e+0, 0.00000e+0, 9.28167e+3, 0.00000e+0, 7.23139e+2, 0.00000e+0, 3.56212e+0, 0.00000e+0, 7.29914e+2, 0.00000e+0, 5.01997e+2, 0.00000e+0, 2.21931e+1, 0.00000e+0, 2.21897e+1, 0.00000e+0, 3.58640e+0, 0.00000e+0, 3.18203e+0, 0.00000e+0, 2.00000e+1, 0.00000e+0, 2.00000e+1, 0.00000e+0, 2, 1, 
06/14/2020 08:56:31.365, 06/14/2020 08:56:31.315, 3.51819e+0, 0.00000e+0, 2.68333e+0, 0.00000e+0, 3.53094e+0, 0.00000e+0, 9.63989e+3, 0.00000e+0, 7.56932e+2, 0.00000e+0, 3.56531e+0, 0.00000e+0, 7.64299e+2, 0.00000e+0, 5.01883e+2, 0.00000e+0, 2.21882e+1, 0.00000e+0, 2.21833e+1, 0.00000e+0, 3.58283e+0, 0.00000e+0, 3.18322e+0, 0.00000e+0, 2.00000e+1, 0.00000e+0, 2.00000e+1, 0.00000e+0, 2, 1, 
06/14/2020 08:56:32.128, 06/14/2020 08:56:32.079, 3.51592e+0, 0.00000e+0, 2.34867e+0, 0.00000e+0, 3.51557e+0, 0.00000e+0, 9.42036e+3, 0.00000e+0, 7.49919e+2, 0.00000e+0, 3.54900e+0, 0.00000e+0, 7.57050e+2, 0.00000e+0, 5.02146e+2, 0.00000e+0, 2.21918e+1, 0.00000e+0, 2.21770e+1, 0.00000e+0, 3.58456e+0, 0.00000e+0, 3.18525e+0, 0.00000e+0, 2.00000e+1, 0.00000e+0, 2.00000e+1, 0.00000e+0, 2, 1, 
06/14/2020 08:56:33.123, 06/14/2020 08:56:33.074, 3.52230e+0, 0.00000e+0, 3.28886e+0, 0.00000e+0, 3.49992e+0, 0.00000e+0, 9.80988e+3, 0.00000e+0, 7.36391e+2, 0.00000e+0, 3.53460e+0, 0.00000e+0, 7.43686e+2, 0.00000e+0, 5.01891e+2, 0.00000e+0, 2.22013e+1, 0.00000e+0, 2.22025e+1, 0.00000e+0, 3.58759e+0, 0.00000e+0, 3.18359e+0, 0.00000e+0, 2.00000e+1, 0.00000e+0, 1.70000e+1, 0.00000e+0, 2, 1, 
06/14/2020 08:56:34.117, 06/14/2020 08:56:34.068, 3.51963e+0, 0.00000e+0, 2.89487e+0, 0.00000e+0, 3.50513e+0, 0.00000e+0, 9.63776e+3, 0.00000e+0, 7.33380e+2, 0.00000e+0, 3.53924e+0, 0.00000e+0, 7.40517e+2, 0.00000e+0, 5.02006e+2, 0.00000e+0, 2.22025e+1, 0.00000e+0, 2.22044e+1, 0.00000e+0, 3.58691e+0, 0.00000e+0, 3.18534e+0, 0.00000e+0, 2.00000e+1, 0.00000e+0, 2.00000e+1, 0.00000e+0, 2, 1, 
06/14/2020 08:56:35.113, 06/14/2020 08:56:35.063, 3.51819e+0, 0.00000e+0, 2.68316e+0, 0.00000e+0, 3.50167e+0, 0.00000e+0, 9.50254e+3, 0.00000e+0, 7.23313e+2, 0.00000e+0, 3.53526e+0, 0.00000e+0, 7.30252e+2, 0.00000e+0, 5.01908e+2, 0.00000e+0, 2.22091e+1, 0.00000e+0, 2.21977e+1, 0.00000e+0, 3.58657e+0, 0.00000e+0, 3.18166e+0, 0.00000e+0, 2.00000e+1, 0.00000e+0, 2.00000e+1, 0.00000e+0, 2, 1, 
06/14/2020 08:56:36.106, 06/14/2020 08:56:36.057, 3.52240e+0, 0.00000e+0, 3.30388e+0, 0.00000e+0, 3.50785e+0, 0.00000e+0, 9.72501e+3, 0.00000e+0, 7.09716e+2, 0.00000e+0, 3.54230e+0, 0.00000e+0, 7.16685e+2, 0.00000e+0, 5.02003e+2, 0.00000e+0, 2.21910e+1, 0.00000e+0, 2.22142e+1, 0.00000e+0, 3.58462e+0, 0.00000e+0, 3.18114e+0, 0.00000e+0, 2.00000e+1, 0.00000e+0, 2.00000e+1, 0.00000e+0, 2, 1, 
06/14/2020 08:56:37.102, 06/14/2020 08:56:37.051, 3.51794e+0, 0.00000e+0, 2.64643e+0, 0.00000e+0, 3.50768e+0, 0.00000e+0, 9.69379e+3, 0.00000e+0, 7.01139e+2, 0.00000e+0, 3.54201e+0, 0.00000e+0, 7.08002e+2, 0.00000e+0, 5.01977e+2, 0.00000e+0, 2.21983e+1, 0.00000e+0, 2.22077e+1, 0.00000e+0, 3.58900e+0, 0.00000e+0, 3.18635e+0, 0.00000e+0, 2.00000e+1, 0.00000e+0, 2.00000e+1, 0.00000e+0, 2, 1, 
06/14/2020 08:56:38.096, 06/14/2020 08:56:38.046, 3.52061e+0, 0.00000e+0, 3.04001e+0, 0.00000e+0, 3.51779e+0, 0.00000e+0, 9.72367e+3, 0.00000e+0, 6.92543e+2, 0.00000e+0, 3.55233e+0, 0.00000e+0, 6.99343e+2, 0.00000e+0, 5.01953e+2, 0.00000e+0, 2.21944e+1, 0.00000e+0, 2.22151e+1, 0.00000e+0, 3.58934e+0, 0.00000e+0, 3.18710e+0, 0.00000e+0, 2.00000e+1, 0.00000e+0, 2.00000e+1, 0.00000e+0, 2, 1, 
06/14/2020 08:56:39.111, 06/14/2020 08:56:39.041, 3.51001e+0, 0.00000e+0, 1.47611e+0, 0.00000e+0, 3.52753e+0, 0.00000e+0, 9.69128e+3, 0.00000e+0, 6.91118e+2, 0.00000e+0, 3.56205e+0, 0.00000e+0, 6.97881e+2, 0.00000e+0, 5.02081e+2, 0.00000e+0, 2.22472e+1, 0.00000e+0, 2.21908e+1, 0.00000e+0, 3.58837e+0, 0.00000e+0, 3.18332e+0, 0.00000e+0, 2.00000e+1, 0.00000e+0, 2.00000e+1, 0.00000e+0, 2, 1, 
06/14/2020 08:56:40.146, 06/14/2020 08:56:40.039, 3.51088e+0, 0.00000e+0, 1.60507e+0, 0.00000e+0, 3.53637e+0, 0.00000e+0, 9.48503e+3, 0.00000e+0, 6.86607e+2, 0.00000e+0, 3.57023e+0, 0.00000e+0, 6.93182e+2, 0.00000e+0, 5.02032e+2, 0.00000e+0, 2.22559e+1, 0.00000e+0, 2.21983e+1, 0.00000e+0, 3.58703e+0, 0.00000e+0, 3.18159e+0, 0.00000e+0, 2.00000e+1, 0.00000e+0, 2.00000e+1, 0.00000e+0, 3, 1, 
06/14/2020 08:56:41.113, 06/14/2020 08:56:41.030, 3.51348e+0, 0.00000e+0, 1.98797e+0, 0.00000e+0, 3.54557e+0, 0.00000e+0, 9.53760e+3, 0.00000e+0, 6.83591e+2, 0.00000e+0, 3.57971e+0, 0.00000e+0, 6.90174e+2, 0.00000e+0, 5.02016e+2, 0.00000e+0, 2.22322e+1, 0.00000e+0, 2.22068e+1, 0.00000e+0, 3.59281e+0, 0.00000e+0, 3.18299e+0, 0.00000e+0, 2.00000e+1, 0.00000e+0, 2.00000e+1, 0.00000e+0, 3, 1, 
06/14/2020 08:56:42.086, 06/14/2020 08:56:42.024, 3.51588e+0, 0.00000e+0, 2.34188e+0, 0.00000e+0, 3.55989e+0, 0.00000e+0, 9.44195e+3, 0.00000e+0, 6.83648e+2, 0.00000e+0, 3.59382e+0, 0.00000e+0, 6.90165e+2, 0.00000e+0, 5.02130e+2, 0.00000e+0, 2.22210e+1, 0.00000e+0, 2.22193e+1, 0.00000e+0, 3.59179e+0, 0.00000e+0, 3.18318e+0, 0.00000e+0, 2.00000e+1, 0.00000e+0, 2.00000e+1, 0.00000e+0, 3, 1, 
06/14/2020 08:56:43.081, 06/14/2020 08:56:43.019, 3.52017e+0, 0.00000e+0, 2.97444e+0, 0.00000e+0, 3.56849e+0, 0.00000e+0, 9.79683e+3, 0.00000e+0, 6.83446e+2, 0.00000e+0, 3.60379e+0, 0.00000e+0, 6.90208e+2, 0.00000e+0, 5.01903e+2, 0.00000e+0, 2.22034e+1, 0.00000e+0, 2.22498e+1, 0.00000e+0, 3.59080e+0, 0.00000e+0, 3.18563e+0, 0.00000e+0, 2.00000e+1, 0.00000e+0, 2.00000e+1, 0.00000e+0, 3, 1, 
06/14/2020 08:56:44.075, 06/14/2020 08:56:44.013, 3.52125e+0, 0.00000e+0, 3.13349e+0, 0.00000e+0, 3.59569e+0, 0.00000e+0, 9.45266e+3, 0.00000e+0, 6.87167e+2, 0.00000e+0, 3.63000e+0, 0.00000e+0, 6.93725e+2, 0.00000e+0, 5.02015e+2, 0.00000e+0, 2.22160e+1, 0.00000e+0, 2.22517e+1, 0.00000e+0, 3.59329e+0, 0.00000e+0, 3.18392e+0, 0.00000e+0, 2.00000e+1, 0.00000e+0, 2.00000e+1, 0.00000e+0, 3, 1, 
06/14/2020 08:56:45.091, 06/14/2020 08:56:45.008, 3.51999e+0, 0.00000e+0, 2.94889e+0, 0.00000e+0, 3.62873e+0, 0.00000e+0, 9.81062e+3, 0.00000e+0, 6.93332e+2, 0.00000e+0, 3.66468e+0, 0.00000e+0, 7.00201e+2, 0.00000e+0, 5.01964e+2, 0.00000e+0, 2.22159e+1, 0.00000e+0, 2.22616e+1, 0.00000e+0, 3.59187e+0, 0.00000e+0, 3.18473e+0, 0.00000e+0, 2.00000e+1, 0.00000e+0, 2.00000e+1, 0.00000e+0, 3, 1, 
06/14/2020 08:56:46.064, 06/14/2020 08:56:46.002, 3.52117e+0, 0.00000e+0, 3.12276e+0, 0.00000e+0, 3.66835e+0, 0.00000e+0, 9.80086e+3, 0.00000e+0, 7.02129e+2, 0.00000e+0, 3.70466e+0, 0.00000e+0, 7.09078e+2, 0.00000e+0, 5.01981e+2, 0.00000e+0, 2.22098e+1, 0.00000e+0, 2.22630e+1, 0.00000e+0, 3.59116e+0, 0.00000e+0, 3.18546e+0, 0.00000e+0, 2.00000e+1, 0.00000e+0, 2.00000e+1, 0.00000e+0, 3, 1, 
06/14/2020 08:56:47.060, 06/14/2020 08:56:46.997, 3.51943e+0, 0.00000e+0, 2.86514e+0, 0.00000e+0, 3.72050e+0, 0.00000e+0, 9.70994e+3, 0.00000e+0, 7.12808e+2, 0.00000e+0, 3.75698e+0, 0.00000e+0, 7.19797e+2, 0.00000e+0, 5.02007e+2, 0.00000e+0, 2.22111e+1, 0.00000e+0, 2.22652e+1, 0.00000e+0, 3.59209e+0, 0.00000e+0, 3.18639e+0, 0.00000e+0, 2.00000e+1, 0.00000e+0, 2.00000e+1, 0.00000e+0, 3, 1, 
06/14/2020 08:56:48.053, 06/14/2020 08:56:47.992, 3.51953e+0, 0.00000e+0, 2.88042e+0, 0.00000e+0, 3.77268e+0, 0.00000e+0, 9.72502e+3, 0.00000e+0, 7.26996e+2, 0.00000e+0, 3.80973e+0, 0.00000e+0, 7.34136e+2, 0.00000e+0, 5.01913e+2, 0.00000e+0, 2.22062e+1, 0.00000e+0, 2.22683e+1, 0.00000e+0, 3.59012e+0, 0.00000e+0, 3.18422e+0, 0.00000e+0, 2.00000e+1, 0.00000e+0, 2.00000e+1, 0.00000e+0, 3, 1, 
06/14/2020 08:56:49.077, 06/14/2020 08:56:48.986, 3.51771e+0, 0.00000e+0, 2.61189e+0, 0.00000e+0, 3.80130e+0, 0.00000e+0, 9.45597e+3, 0.00000e+0, 7.64017e+2, 0.00000e+0, 3.83759e+0, 0.00000e+0, 7.71310e+2, 0.00000e+0, 5.01980e+2, 0.00000e+0, 2.22195e+1, 0.00000e+0, 2.22613e+1, 0.00000e+0, 3.59071e+0, 0.00000e+0, 3.18294e+0, 0.00000e+0, 2.00000e+1, 0.00000e+0, 2.00000e+1, 0.00000e+0, 3, 2, 
06/14/2020 08:56:50.061, 06/14/2020 08:56:49.981, 3.51869e+0, 0.00000e+0, 2.75616e+0, 0.00000e+0, 3.82127e+0, 0.00000e+0, 9.61150e+3, 0.00000e+0, 7.85888e+2, 0.00000e+0, 3.85835e+0, 0.00000e+0, 7.93515e+2, 0.00000e+0, 5.02020e+2, 0.00000e+0, 2.22306e+1, 0.00000e+0, 2.22758e+1, 0.00000e+0, 3.58878e+0, 0.00000e+0, 3.18228e+0, 0.00000e+0, 2.00000e+1, 0.00000e+0, 2.00000e+1, 0.00000e+0, 3, 2, 
06/14/2020 08:56:51.044, 06/14/2020 08:56:50.975, 3.51962e+0, 0.00000e+0, 2.89315e+0, 0.00000e+0, 3.84265e+0, 0.00000e+0, 9.76900e+3, 0.00000e+0, 7.85325e+2, 0.00000e+0, 3.88056e+0, 0.00000e+0, 7.93073e+2, 0.00000e+0, 5.02041e+2, 0.00000e+0, 2.22304e+1, 0.00000e+0, 2.22927e+1, 0.00000e+0, 3.58913e+0, 0.00000e+0, 3.18244e+0, 0.00000e+0, 2.00000e+1, 0.00000e+0, 2.00000e+1, 0.00000e+0, 3, 2, 
06/14/2020 08:56:52.055, 06/14/2020 08:56:51.970, 3.52162e+0, 0.00000e+0, 3.18950e+0, 0.00000e+0, 3.86085e+0, 0.00000e+0, 9.88289e+3, 0.00000e+0, 7.76555e+2, 0.00000e+0, 3.89938e+0, 0.00000e+0, 7.84306e+2, 0.00000e+0, 5.01960e+2, 0.00000e+0, 2.22040e+1, 0.00000e+0, 2.23010e+1, 0.00000e+0, 3.58781e+0, 0.00000e+0, 3.18081e+0, 0.00000e+0, 2.00000e+1, 0.00000e+0, 2.00000e+1, 0.00000e+0, 3, 2, 
06/14/2020 08:56:53.033, 06/14/2020 08:56:52.964, 3.52033e+0, 0.00000e+0, 2.99897e+0, 0.00000e+0, 3.88623e+0, 0.00000e+0, 9.89397e+3, 0.00000e+0, 7.70827e+2, 0.00000e+0, 3.92506e+0, 0.00000e+0, 7.78530e+2, 0.00000e+0, 5.02000e+2, 0.00000e+0, 2.22190e+1, 0.00000e+0, 2.23054e+1, 0.00000e+0, 3.58835e+0, 0.00000e+0, 3.17955e+0, 0.00000e+0, 2.00000e+1, 0.00000e+0, 2.00000e+1, 0.00000e+0, 3, 2, 
06/14/2020 08:56:54.028, 06/14/2020 08:56:53.959, 3.52061e+0, 0.00000e+0, 3.04045e+0, 0.00000e+0, 3.91120e+0, 0.00000e+0, 1.00053e+4, 0.00000e+0, 7.69567e+2, 0.00000e+0, 3.95073e+0, 0.00000e+0, 7.77344e+2, 0.00000e+0, 5.02031e+2, 0.00000e+0, 2.22358e+1, 0.00000e+0, 2.23079e+1, 0.00000e+0, 3.58874e+0, 0.00000e+0, 3.18082e+0, 0.00000e+0, 2.00000e+1, 0.00000e+0, 2.00000e+1, 0.00000e+0, 3, 2, 
06/14/2020 08:56:55.040, 06/14/2020 08:56:54.954, 3.51744e+0, 0.00000e+0, 2.57289e+0, 0.00000e+0, 3.95840e+0, 0.00000e+0, 1.01050e+4, 0.00000e+0, 7.69877e+2, 0.00000e+0, 3.99881e+0, 0.00000e+0, 7.77736e+2, 0.00000e+0, 5.01954e+2, 0.00000e+0, 2.22379e+1, 0.00000e+0, 2.23061e+1, 0.00000e+0, 3.58624e+0, 0.00000e+0, 3.18105e+0, 0.00000e+0, 2.00000e+1, 0.00000e+0, 2.00000e+1, 0.00000e+0, 3, 2, 
06/14/2020 08:56:56.046, 06/14/2020 08:56:55.955, 3.51792e+0, 0.00000e+0, 2.64375e+0, 0.00000e+0, 4.01046e+0, 0.00000e+0, 1.00332e+4, 0.00000e+0, 7.74271e+2, 0.00000e+0, 4.05111e+0, 0.00000e+0, 7.82118e+2, 0.00000e+0, 5.01945e+2, 0.00000e+0, 2.22317e+1, 0.00000e+0, 2.23082e+1, 0.00000e+0, 3.58755e+0, 0.00000e+0, 3.18191e+0, 0.00000e+0, 2.00000e+1, 0.00000e+0, 2.00000e+1, 0.00000e+0, 3, 2, 
06/14/2020 08:56:57.020, 06/14/2020 08:56:56.950, 3.51692e+0, 0.00000e+0, 2.49571e+0, 0.00000e+0, 4.05314e+0, 0.00000e+0, 9.99092e+3, 0.00000e+0, 7.76303e+2, 0.00000e+0, 4.09405e+0, 0.00000e+0, 7.84137e+2, 0.00000e+0, 5.02101e+2, 0.00000e+0, 2.22456e+1, 0.00000e+0, 2.23155e+1, 0.00000e+0, 3.58714e+0, 0.00000e+0, 3.18267e+0, 0.00000e+0, 2.00000e+1, 0.00000e+0, 2.00000e+1, 0.00000e+0, 3, 2, 
06/14/2020 08:56:57.999, 06/14/2020 08:56:57.944, 3.51977e+0, 0.00000e+0, 2.91615e+0, 0.00000e+0, 4.05619e+0, 0.00000e+0, 9.67612e+3, 0.00000e+0, 7.73843e+2, 0.00000e+0, 4.09583e+0, 0.00000e+0, 7.81404e+2, 0.00000e+0, 5.02015e+2, 0.00000e+0, 2.22415e+1, 0.00000e+0, 2.23268e+1, 0.00000e+0, 3.58727e+0, 0.00000e+0, 3.18412e+0, 0.00000e+0, 2.00000e+1, 0.00000e+0, 2.00000e+1, 0.00000e+0, 3, 2, 
06/14/2020 08:56:58.991, 06/14/2020 08:56:58.938, 3.51580e+0, 0.00000e+0, 2.33000e+0, 0.00000e+0, 4.05685e+0, 0.00000e+0, 9.82385e+3, 0.00000e+0, 7.72266e+2, 0.00000e+0, 4.09710e+0, 0.00000e+0, 7.79928e+2, 0.00000e+0, 5.01951e+2, 0.00000e+0, 2.22480e+1, 0.00000e+0, 2.23223e+1, 0.00000e+0, 3.58788e+0, 0.00000e+0, 3.18240e+0, 0.00000e+0, 2.00000e+1, 0.00000e+0, 2.00000e+1, 0.00000e+0, 3, 2, 
06/14/2020 08:57:00.009, 06/14/2020 08:56:59.933, 3.52035e+0, 0.00000e+0, 3.00210e+0, 0.00000e+0, 4.06130e+0, 0.00000e+0, 9.74731e+3, 0.00000e+0, 7.70876e+2, 0.00000e+0, 4.10128e+0, 0.00000e+0, 7.78464e+2, 0.00000e+0, 5.01987e+2, 0.00000e+0, 2.22289e+1, 0.00000e+0, 2.23430e+1, 0.00000e+0, 3.58829e+0, 0.00000e+0, 3.18346e+0, 0.00000e+0, 2.00000e+1, 0.00000e+0, 2.00000e+1, 0.00000e+0, 3, 2, 
06/14/2020 08:57:00.990, 06/14/2020 08:57:00.927, 3.51742e+0, 0.00000e+0, 2.56950e+0, 0.00000e+0, 4.04947e+0, 0.00000e+0, 9.98805e+3, 0.00000e+0, 7.67931e+2, 0.00000e+0, 4.09032e+0, 0.00000e+0, 7.75678e+2, 0.00000e+0, 5.02041e+2, 0.00000e+0, 2.22387e+1, 0.00000e+0, 2.23384e+1, 0.00000e+0, 3.58827e+0, 0.00000e+0, 3.18387e+0, 0.00000e+0, 2.00000e+1, 0.00000e+0, 2.00000e+1, 0.00000e+0, 3, 2, 
06/14/2020 08:57:01.978, 06/14/2020 08:57:01.922, 3.52080e+0, 0.00000e+0, 3.06757e+0, 0.00000e+0, 4.02443e+0, 0.00000e+0, 9.99079e+3, 0.00000e+0, 7.61606e+2, 0.00000e+0, 4.06504e+0, 0.00000e+0, 7.69292e+2, 0.00000e+0, 5.02069e+2, 0.00000e+0, 2.22252e+1, 0.00000e+0, 2.23495e+1, 0.00000e+0, 3.58764e+0, 0.00000e+0, 3.18499e+0, 0.00000e+0, 2.00000e+1, 0.00000e+0, 2.00000e+1, 0.00000e+0, 3, 2, 
06/14/2020 08:57:03.028, 06/14/2020 08:57:02.948, 3.51566e+0, 0.00000e+0, 2.31015e+0, 0.00000e+0, 4.00032e+0, 0.00000e+0, 1.01805e+4, 0.00000e+0, 7.56305e+2, 0.00000e+0, 4.04146e+0, 0.00000e+0, 7.64083e+2, 0.00000e+0, 5.01918e+2, 0.00000e+0, 2.22444e+1, 0.00000e+0, 2.23432e+1, 0.00000e+0, 3.58849e+0, 0.00000e+0, 3.18275e+0, 0.00000e+0, 2.00000e+1, 0.00000e+0, 2.00000e+1, 0.00000e+0, 3, 2, 
06/14/2020 08:57:03.972, 06/14/2020 08:57:03.911, 3.51564e+0, 0.00000e+0, 2.30680e+0, 0.00000e+0, 3.98038e+0, 0.00000e+0, 1.01321e+4, 0.00000e+0, 7.50747e+2, 0.00000e+0, 4.02113e+0, 0.00000e+0, 7.58432e+2, 0.00000e+0, 5.02130e+2, 0.00000e+0, 2.22587e+1, 0.00000e+0, 2.23403e+1, 0.00000e+0, 3.58689e+0, 0.00000e+0, 3.18425e+0, 0.00000e+0, 2.00000e+1, 0.00000e+0, 2.00000e+1, 0.00000e+0, 3, 2, 
06/14/2020 08:57:04.963, 06/14/2020 08:57:04.906, 3.52162e+0, 0.00000e+0, 3.18843e+0, 0.00000e+0, 3.98599e+0, 0.00000e+0, 1.01729e+4, 0.00000e+0, 7.54921e+2, 0.00000e+0, 4.02696e+0, 0.00000e+0, 7.62679e+2, 0.00000e+0, 5.01926e+2, 0.00000e+0, 2.22227e+1, 0.00000e+0, 2.23740e+1, 0.00000e+0, 3.59059e+0, 0.00000e+0, 3.18248e+0, 0.00000e+0, 2.00000e+1, 0.00000e+0, 2.00000e+1, 0.00000e+0, 3, 2, 
06/14/2020 08:57:05.952, 06/14/2020 08:57:05.900, 3.52088e+0, 0.00000e+0, 3.07925e+0, 0.00000e+0, 4.02093e+0, 0.00000e+0, 9.96329e+3, 0.00000e+0, 7.57412e+2, 0.00000e+0, 4.06140e+0, 0.00000e+0, 7.65034e+2, 0.00000e+0, 5.02008e+2, 0.00000e+0, 2.22298e+1, 0.00000e+0, 2.23799e+1, 0.00000e+0, 3.58930e+0, 0.00000e+0, 3.18373e+0, 0.00000e+0, 2.00000e+1, 0.00000e+0, 2.00000e+1, 0.00000e+0, 3, 2, 
06/14/2020 08:57:06.953, 06/14/2020 08:57:06.895, 3.52145e+0, 0.00000e+0, 3.16425e+0, 0.00000e+0, 4.02170e+0, 0.00000e+0, 9.93089e+3, 0.00000e+0, 7.58482e+2, 0.00000e+0, 4.06204e+0, 0.00000e+0, 7.66090e+2, 0.00000e+0, 5.02002e+2, 0.00000e+0, 2.22246e+1, 0.00000e+0, 2.23846e+1, 0.00000e+0, 3.58650e+0, 0.00000e+0, 3.18334e+0, 0.00000e+0, 2.00000e+1, 0.00000e+0, 2.00000e+1, 0.00000e+0, 3, 2, 
06/14/2020 08:57:07.947, 06/14/2020 08:57:07.889, 3.52089e+0, 0.00000e+0, 3.08110e+0, 0.00000e+0, 3.99060e+0, 0.00000e+0, 1.00724e+4, 0.00000e+0, 7.54835e+2, 0.00000e+0, 4.03121e+0, 0.00000e+0, 7.62515e+2, 0.00000e+0, 5.01985e+2, 0.00000e+0, 2.22227e+1, 0.00000e+0, 2.23930e+1, 0.00000e+0, 3.58819e+0, 0.00000e+0, 3.18467e+0, 0.00000e+0, 2.00000e+1, 0.00000e+0, 2.00000e+1, 0.00000e+0, 3, 2, 
06/14/2020 08:57:08.945, 06/14/2020 08:57:08.883, 3.52167e+0, 0.00000e+0, 3.19587e+0, 0.00000e+0, 3.99215e+0, 0.00000e+0, 9.97569e+3, 0.00000e+0, 7.53522e+2, 0.00000e+0, 4.03237e+0, 0.00000e+0, 7.61114e+2, 0.00000e+0, 5.01944e+2, 0.00000e+0, 2.22201e+1, 0.00000e+0, 2.23982e+1, 0.00000e+0, 3.58915e+0, 0.00000e+0, 3.18291e+0, 0.00000e+0, 2.00000e+1, 0.00000e+0, 2.00000e+1, 0.00000e+0, 3, 2, 
06/14/2020 08:57:09.935, 06/14/2020 08:57:09.879, 3.52013e+0, 0.00000e+0, 2.96841e+0, 0.00000e+0, 4.00842e+0, 0.00000e+0, 1.00555e+4, 0.00000e+0, 7.60857e+2, 0.00000e+0, 4.04914e+0, 0.00000e+0, 7.68586e+2, 0.00000e+0, 5.01993e+2, 0.00000e+0, 2.22355e+1, 0.00000e+0, 2.24039e+1, 0.00000e+0, 3.58980e+0, 0.00000e+0, 3.18219e+0, 0.00000e+0, 2.00000e+1, 0.00000e+0, 2.00000e+1, 0.00000e+0, 3, 2, 
06/14/2020 08:57:10.952, 06/14/2020 08:57:10.873, 3.52177e+0, 0.00000e+0, 3.21092e+0, 0.00000e+0, 4.02747e+0, 0.00000e+0, 9.81474e+3, 0.00000e+0, 7.60676e+2, 0.00000e+0, 4.06739e+0, 0.00000e+0, 7.68216e+2, 0.00000e+0, 5.01954e+2, 0.00000e+0, 2.22279e+1, 0.00000e+0, 2.24123e+1, 0.00000e+0, 3.59131e+0, 0.00000e+0, 3.18208e+0, 0.00000e+0, 2.00000e+1, 0.00000e+0, 2.00000e+1, 0.00000e+0, 3, 2, 
06/14/2020 08:57:11.930, 06/14/2020 08:57:11.867, 3.52140e+0, 0.00000e+0, 3.15678e+0, 0.00000e+0, 4.03985e+0, 0.00000e+0, 9.91072e+3, 0.00000e+0, 7.66182e+2, 0.00000e+0, 4.08028e+0, 0.00000e+0, 7.73852e+2, 0.00000e+0, 5.01932e+2, 0.00000e+0, 2.22197e+1, 0.00000e+0, 2.24168e+1, 0.00000e+0, 3.59005e+0, 0.00000e+0, 3.18308e+0, 0.00000e+0, 2.00000e+1, 0.00000e+0, 2.00000e+1, 0.00000e+0, 3, 2, 
06/14/2020 08:57:12.915, 06/14/2020 08:57:12.861, 3.52027e+0, 0.00000e+0, 2.99036e+0, 0.00000e+0, 4.05775e+0, 0.00000e+0, 9.99039e+3, 0.00000e+0, 7.66688e+2, 0.00000e+0, 4.09870e+0, 0.00000e+0, 7.74425e+2, 0.00000e+0, 5.01981e+2, 0.00000e+0, 2.22276e+1, 0.00000e+0, 2.24215e+1, 0.00000e+0, 3.58999e+0, 0.00000e+0, 3.18070e+0, 0.00000e+0, 2.00000e+1, 0.00000e+0, 2.00000e+1, 0.00000e+0, 3, 2, 
06/14/2020 08:57:13.910, 06/14/2020 08:57:13.856, 3.52209e+0, 0.00000e+0, 3.25800e+0, 0.00000e+0, 4.07006e+0, 0.00000e+0, 9.81078e+3, 0.00000e+0, 7.72259e+2, 0.00000e+0, 4.11039e+0, 0.00000e+0, 7.79911e+2, 0.00000e+0, 5.01931e+2, 0.00000e+0, 2.22194e+1, 0.00000e+0, 2.24245e+1, 0.00000e+0, 3.59108e+0, 0.00000e+0, 3.18186e+0, 0.00000e+0, 2.00000e+1, 0.00000e+0, 2.00000e+1, 0.00000e+0, 3, 2, 
06/14/2020 08:57:14.908, 06/14/2020 08:57:14.850, 3.51998e+0, 0.00000e+0, 2.94677e+0, 0.00000e+0, 4.07107e+0, 0.00000e+0, 9.82288e+3, 0.00000e+0, 7.71013e+2, 0.00000e+0, 4.11146e+0, 0.00000e+0, 7.78662e+2, 0.00000e+0, 5.01943e+2, 0.00000e+0, 2.22282e+1, 0.00000e+0, 2.24288e+1, 0.00000e+0, 3.59037e+0, 0.00000e+0, 3.17974e+0, 0.00000e+0, 2.00000e+1, 0.00000e+0, 2.00000e+1, 0.00000e+0, 3, 2, 
06/14/2020 08:57:15.931, 06/14/2020 08:57:15.846, 3.52097e+0, 0.00000e+0, 3.09257e+0, 0.00000e+0, 4.05645e+0, 0.00000e+0, 1.01451e+4, 0.00000e+0, 7.73759e+2, 0.00000e+0, 4.09802e+0, 0.00000e+0, 7.81689e+2, 0.00000e+0, 5.01972e+2, 0.00000e+0, 2.22183e+1, 0.00000e+0, 2.24359e+1, 0.00000e+0, 3.58971e+0, 0.00000e+0, 3.17920e+0, 0.00000e+0, 2.00000e+1, 0.00000e+0, 2.00000e+1, 0.00000e+0, 3, 2, 
06/14/2020 08:57:16.942, 06/14/2020 08:57:16.840, 3.52155e+0, 0.00000e+0, 3.17833e+0, 0.00000e+0, 4.08915e+0, 0.00000e+0, 9.72995e+3, 0.00000e+0, 7.90319e+2, 0.00000e+0, 4.12933e+0, 0.00000e+0, 7.98084e+2, 0.00000e+0, 5.01966e+2, 0.00000e+0, 2.22265e+1, 0.00000e+0, 2.24424e+1, 0.00000e+0, 3.59115e+0, 0.00000e+0, 3.17692e+0, 0.00000e+0, 2.00000e+1, 0.00000e+0, 2.00000e+1, 0.00000e+0, 3, 2, 
06/14/2020 08:57:17.902, 06/14/2020 08:57:17.834, 3.51971e+0, 0.00000e+0, 2.90660e+0, 0.00000e+0, 4.12071e+0, 0.00000e+0, 9.76758e+3, 0.00000e+0, 8.05496e+2, 0.00000e+0, 4.16135e+0, 0.00000e+0, 8.13441e+2, 0.00000e+0, 5.01964e+2, 0.00000e+0, 2.22356e+1, 0.00000e+0, 2.24530e+1, 0.00000e+0, 3.59227e+0, 0.00000e+0, 3.17792e+0, 0.00000e+0, 2.00000e+1, 0.00000e+0, 2.00000e+1, 0.00000e+0, 3, 2, 
06/14/2020 08:57:18.910, 06/14/2020 08:57:18.830, 3.52138e+0, 0.00000e+0, 3.15281e+0, 0.00000e+0, 4.06971e+0, 0.00000e+0, 9.96786e+3, 0.00000e+0, 7.96240e+2, 0.00000e+0, 4.11069e+0, 0.00000e+0, 8.04257e+2, 0.00000e+0, 5.01941e+2, 0.00000e+0, 2.22301e+1, 0.00000e+0, 2.24626e+1, 0.00000e+0, 3.59009e+0, 0.00000e+0, 3.18023e+0, 0.00000e+0, 2.00000e+1, 0.00000e+0, 2.00000e+1, 0.00000e+0, 3, 2, 
06/14/2020 08:57:19.882, 06/14/2020 08:57:19.823, 3.51946e+0, 0.00000e+0, 2.87006e+0, 0.00000e+0, 3.97330e+0, 0.00000e+0, 1.00722e+4, 0.00000e+0, 7.75786e+2, 0.00000e+0, 4.01373e+0, 0.00000e+0, 7.83679e+2, 0.00000e+0, 5.01921e+2, 0.00000e+0, 2.22394e+1, 0.00000e+0, 2.24676e+1, 0.00000e+0, 3.59183e+0, 0.00000e+0, 3.17930e+0, 0.00000e+0, 2.00000e+1, 0.00000e+0, 2.00000e+1, 0.00000e+0, 3, 3, 
06/14/2020 08:57:20.879, 06/14/2020 08:57:20.819, 3.51993e+0, 0.00000e+0, 2.93923e+0, 0.00000e+0, 3.91100e+0, 0.00000e+0, 9.99964e+3, 0.00000e+0, 7.60727e+2, 0.00000e+0, 3.95050e+0, 0.00000e+0, 7.68411e+2, 0.00000e+0, 5.01941e+2, 0.00000e+0, 2.22399e+1, 0.00000e+0, 2.24726e+1, 0.00000e+0, 3.59202e+0, 0.00000e+0, 3.17948e+0, 0.00000e+0, 2.00000e+1, 0.00000e+0, 2.00000e+1, 0.00000e+0, 3, 3, 
06/14/2020 08:57:21.865, 06/14/2020 08:57:21.813, 3.52247e+0, 0.00000e+0, 3.31368e+0, 0.00000e+0, 3.87937e+0, 0.00000e+0, 1.01486e+4, 0.00000e+0, 7.50807e+2, 0.00000e+0, 3.91915e+0, 0.00000e+0, 7.58505e+2, 0.00000e+0, 5.01935e+2, 0.00000e+0, 2.22285e+1, 0.00000e+0, 2.24874e+1, 0.00000e+0, 3.59083e+0, 0.00000e+0, 3.18129e+0, 0.00000e+0, 2.00000e+1, 0.00000e+0, 2.00000e+1, 0.00000e+0, 3, 3, 
06/14/2020 08:57:22.863, 06/14/2020 08:57:22.807, 3.52006e+0, 0.00000e+0, 2.95899e+0, 0.00000e+0, 3.86326e+0, 0.00000e+0, 9.95352e+3, 0.00000e+0, 7.43660e+2, 0.00000e+0, 3.90210e+0, 0.00000e+0, 7.51136e+2, 0.00000e+0, 5.01952e+2, 0.00000e+0, 2.22384e+1, 0.00000e+0, 2.24939e+1, 0.00000e+0, 3.59155e+0, 0.00000e+0, 3.18318e+0, 0.00000e+0, 2.00000e+1, 0.00000e+0, 2.00000e+1, 0.00000e+0, 3, 3, 
06/14/2020 08:57:23.854, 06/14/2020 08:57:23.803, 3.52005e+0, 0.00000e+0, 2.95748e+0, 0.00000e+0, 3.83733e+0, 0.00000e+0, 9.73844e+3, 0.00000e+0, 7.36105e+2, 0.00000e+0, 3.87506e+0, 0.00000e+0, 7.43344e+2, 0.00000e+0, 5.01992e+2, 0.00000e+0, 2.22564e+1, 0.00000e+0, 2.24948e+1, 0.00000e+0, 3.59053e+0, 0.00000e+0, 3.18216e+0, 0.00000e+0, 2.00000e+1, 0.00000e+0, 2.00000e+1, 0.00000e+0, 3, 3, 
06/14/2020 08:57:24.857, 06/14/2020 08:57:24.796, 3.52058e+0, 0.00000e+0, 3.03568e+0, 0.00000e+0, 3.81390e+0, 0.00000e+0, 9.96754e+3, 0.00000e+0, 7.29643e+2, 0.00000e+0, 3.85230e+0, 0.00000e+0, 7.36989e+2, 0.00000e+0, 5.01923e+2, 0.00000e+0, 2.22701e+1, 0.00000e+0, 2.25085e+1, 0.00000e+0, 3.58869e+0, 0.00000e+0, 3.18330e+0, 0.00000e+0, 2.00000e+1, 0.00000e+0, 2.00000e+1, 0.00000e+0, 3, 3, 
06/14/2020 08:57:25.849, 06/14/2020 08:57:25.791, 3.52033e+0, 0.00000e+0, 2.99919e+0, 0.00000e+0, 3.82069e+0, 0.00000e+0, 9.82994e+3, 0.00000e+0, 7.25428e+2, 0.00000e+0, 3.85862e+0, 0.00000e+0, 7.32630e+2, 0.00000e+0, 5.01939e+2, 0.00000e+0, 2.22415e+1, 0.00000e+0, 2.25168e+1, 0.00000e+0, 3.58760e+0, 0.00000e+0, 3.18439e+0, 0.00000e+0, 2.00000e+1, 0.00000e+0, 2.00000e+1, 0.00000e+0, 3, 3, 
06/14/2020 08:57:26.867, 06/14/2020 08:57:26.786, 3.51932e+0, 0.00000e+0, 2.84904e+0, 0.00000e+0, 3.84736e+0, 0.00000e+0, 9.93476e+3, 0.00000e+0, 7.24881e+2, 0.00000e+0, 3.88597e+0, 0.00000e+0, 7.32155e+2, 0.00000e+0, 5.01922e+2, 0.00000e+0, 2.22420e+1, 0.00000e+0, 2.25227e+1, 0.00000e+0, 3.59042e+0, 0.00000e+0, 3.18378e+0, 0.00000e+0, 2.00000e+1, 0.00000e+0, 2.00000e+1, 0.00000e+0, 3, 3, 
06/14/2020 08:57:27.838, 06/14/2020 08:57:27.780, 3.52231e+0, 0.00000e+0, 3.29005e+0, 0.00000e+0, 3.88333e+0, 0.00000e+0, 1.02315e+4, 0.00000e+0, 7.19294e+2, 0.00000e+0, 3.92347e+0, 0.00000e+0, 7.26730e+2, 0.00000e+0, 5.01922e+2, 0.00000e+0, 2.22314e+1, 0.00000e+0, 2.25299e+1, 0.00000e+0, 3.58825e+0, 0.00000e+0, 3.18404e+0, 0.00000e+0, 2.00000e+1, 0.00000e+0, 2.00000e+1, 0.00000e+0, 3, 3, 
06/14/2020 08:57:28.838, 06/14/2020 08:57:28.774, 3.52135e+0, 0.00000e+0, 3.14883e+0, 0.00000e+0, 3.91762e+0, 0.00000e+0, 9.91138e+3, 0.00000e+0, 7.14325e+2, 0.00000e+0, 3.95684e+0, 0.00000e+0, 7.21476e+2, 0.00000e+0, 5.01941e+2, 0.00000e+0, 2.22327e+1, 0.00000e+0, 2.25382e+1, 0.00000e+0, 3.58637e+0, 0.00000e+0, 3.18527e+0, 0.00000e+0, 2.00000e+1, 0.00000e+0, 2.00000e+1, 0.00000e+0, 3, 3, 
06/14/2020 08:57:29.847, 06/14/2020 08:57:29.769, 3.52034e+0, 0.00000e+0, 3.00058e+0, 0.00000e+0, 3.91422e+0, 0.00000e+0, 1.02294e+4, 0.00000e+0, 7.12014e+2, 0.00000e+0, 3.95468e+0, 0.00000e+0, 7.19372e+2, 0.00000e+0, 5.01938e+2, 0.00000e+0, 2.22434e+1, 0.00000e+0, 2.25468e+1, 0.00000e+0, 3.58667e+0, 0.00000e+0, 3.18585e+0, 0.00000e+0, 2.00000e+1, 0.00000e+0, 2.00000e+1, 0.00000e+0, 3, 3, 
06/14/2020 08:57:30.821, 06/14/2020 08:57:30.763, 3.51939e+0, 0.00000e+0, 2.86036e+0, 0.00000e+0, 3.87650e+0, 0.00000e+0, 1.03909e+4, 0.00000e+0, 7.06745e+2, 0.00000e+0, 3.91720e+0, 0.00000e+0, 7.14166e+2, 0.00000e+0, 5.01951e+2, 0.00000e+0, 2.22465e+1, 0.00000e+0, 2.25508e+1, 0.00000e+0, 3.58939e+0, 0.00000e+0, 3.18521e+0, 0.00000e+0, 2.00000e+1, 0.00000e+0, 2.00000e+1, 0.00000e+0, 3, 3, 
06/14/2020 08:57:31.816, 06/14/2020 08:57:31.758, 3.52007e+0, 0.00000e+0, 2.96019e+0, 0.00000e+0, 3.84986e+0, 0.00000e+0, 1.00554e+4, 0.00000e+0, 6.99879e+2, 0.00000e+0, 3.88896e+0, 0.00000e+0, 7.06988e+2, 0.00000e+0, 5.01922e+2, 0.00000e+0, 2.22554e+1, 0.00000e+0, 2.25574e+1, 0.00000e+0, 3.58833e+0, 0.00000e+0, 3.18462e+0, 0.00000e+0, 2.00000e+1, 0.00000e+0, 2.00000e+1, 0.00000e+0, 3, 3, 
06/14/2020 08:57:32.812, 06/14/2020 08:57:32.752, 3.51978e+0, 0.00000e+0, 2.91795e+0, 0.00000e+0, 3.82745e+0, 0.00000e+0, 9.81906e+3, 0.00000e+0, 6.94421e+2, 0.00000e+0, 3.86541e+0, 0.00000e+0, 7.01307e+2, 0.00000e+0, 5.01925e+2, 0.00000e+0, 2.22335e+1, 0.00000e+0, 2.25632e+1, 0.00000e+0, 3.58935e+0, 0.00000e+0, 3.18360e+0, 0.00000e+0, 2.00000e+1, 0.00000e+0, 2.00000e+1, 0.00000e+0, 3, 3, 
06/14/2020 08:57:33.805, 06/14/2020 08:57:33.747, 3.52112e+0, 0.00000e+0, 3.11453e+0, 0.00000e+0, 3.81345e+0, 0.00000e+0, 1.01210e+4, 0.00000e+0, 6.88520e+2, 0.00000e+0, 3.85244e+0, 0.00000e+0, 6.95560e+2, 0.00000e+0, 5.01914e+2, 0.00000e+0, 2.22311e+1, 0.00000e+0, 2.25716e+1, 0.00000e+0, 3.59030e+0, 0.00000e+0, 3.18580e+0, 0.00000e+0, 2.00000e+1, 0.00000e+0, 2.00000e+1, 0.00000e+0, 3, 3, 
06/14/2020 08:57:34.799, 06/14/2020 08:57:34.742, 3.51879e+0, 0.00000e+0, 2.77156e+0, 0.00000e+0, 3.82502e+0, 0.00000e+0, 1.02365e+4, 0.00000e+0, 6.86534e+2, 0.00000e+0, 3.86458e+0, 0.00000e+0, 6.93634e+2, 0.00000e+0, 5.01941e+2, 0.00000e+0, 2.22470e+1, 0.00000e+0, 2.25767e+1, 0.00000e+0, 3.59265e+0, 0.00000e+0, 3.18347e+0, 0.00000e+0, 2.00000e+1, 0.00000e+0, 2.00000e+1, 0.00000e+0, 3, 3, 
06/14/2020 08:57:35.799, 06/14/2020 08:57:35.736, 3.51957e+0, 0.00000e+0, 2.88574e+0, 0.00000e+0, 3.83354e+0, 0.00000e+0, 1.00897e+4, 0.00000e+0, 6.95516e+2, 0.00000e+0, 3.87262e+0, 0.00000e+0, 7.02605e+2, 0.00000e+0, 5.01939e+2, 0.00000e+0, 2.22484e+1, 0.00000e+0, 2.25849e+1, 0.00000e+0, 3.58941e+0, 0.00000e+0, 3.18414e+0, 0.00000e+0, 2.00000e+1, 0.00000e+0, 2.00000e+1, 0.00000e+0, 3, 3, 
06/14/2020 08:57:36.810, 06/14/2020 08:57:36.730, 3.51933e+0, 0.00000e+0, 2.85042e+0, 0.00000e+0, 3.81880e+0, 0.00000e+0, 1.02895e+4, 0.00000e+0, 7.01834e+2, 0.00000e+0, 3.85850e+0, 0.00000e+0, 7.09130e+2, 0.00000e+0, 5.01910e+2, 0.00000e+0, 2.22427e+1, 0.00000e+0, 2.25946e+1, 0.00000e+0, 3.58894e+0, 0.00000e+0, 3.18477e+0, 0.00000e+0, 2.00000e+1, 0.00000e+0, 2.00000e+1, 0.00000e+0, 3, 3, 
06/14/2020 08:57:37.781, 06/14/2020 08:57:37.725, 3.51980e+0, 0.00000e+0, 2.92013e+0, 0.00000e+0, 3.79376e+0, 0.00000e+0, 1.00071e+4, 0.00000e+0, 6.95937e+2, 0.00000e+0, 3.83211e+0, 0.00000e+0, 7.02972e+2, 0.00000e+0, 5.01931e+2, 0.00000e+0, 2.22521e+1, 0.00000e+0, 2.26010e+1, 0.00000e+0, 3.59142e+0, 0.00000e+0, 3.18411e+0, 0.00000e+0, 2.00000e+1, 0.00000e+0, 2.00000e+1, 0.00000e+0, 3, 3, 
06/14/2020 08:57:38.776, 06/14/2020 08:57:38.719, 3.51964e+0, 0.00000e+0, 2.89736e+0, 0.00000e+0, 3.75017e+0, 0.00000e+0, 1.03784e+4, 0.00000e+0, 7.02717e+2, 0.00000e+0, 3.78950e+0, 0.00000e+0, 7.10086e+2, 0.00000e+0, 5.01934e+2, 0.00000e+0, 2.22504e+1, 0.00000e+0, 2.26131e+1, 0.00000e+0, 3.59109e+0, 0.00000e+0, 3.18470e+0, 0.00000e+0, 2.00000e+1, 0.00000e+0, 2.00000e+1, 0.00000e+0, 3, 3, 
06/14/2020 08:57:39.772, 06/14/2020 08:57:39.715, 3.51963e+0, 0.00000e+0, 2.89468e+0, 0.00000e+0, 3.72900e+0, 0.00000e+0, 9.44493e+3, 0.00000e+0, 6.94356e+2, 0.00000e+0, 3.76455e+0, 0.00000e+0, 7.00977e+2, 0.00000e+0, 5.01942e+2, 0.00000e+0, 2.22446e+1, 0.00000e+0, 2.26230e+1, 0.00000e+0, 3.59280e+0, 0.00000e+0, 3.18328e+0, 0.00000e+0, 2.00000e+1, 0.00000e+0, 2.00000e+1, 0.00000e+0, 3, 3, 
06/14/2020 08:57:40.778, 06/14/2020 08:57:40.715, 3.51853e+0, 0.00000e+0, 2.73342e+0, 0.00000e+0, 3.69909e+0, 0.00000e+0, 1.03336e+4, 0.00000e+0, 6.94814e+2, 0.00000e+0, 3.73771e+0, 0.00000e+0, 7.02069e+2, 0.00000e+0, 5.01933e+2, 0.00000e+0, 2.22509e+1, 0.00000e+0, 2.26265e+1, 0.00000e+0, 3.59067e+0, 0.00000e+0, 3.18213e+0, 0.00000e+0, 2.00000e+1, 0.00000e+0, 2.00000e+1, 0.00000e+0, 3, 3, 
06/14/2020 08:57:41.791, 06/14/2020 08:57:41.710, 3.51923e+0, 0.00000e+0, 2.83655e+0, 0.00000e+0, 3.67614e+0, 0.00000e+0, 1.05563e+4, 0.00000e+0, 7.01812e+2, 0.00000e+0, 3.71536e+0, 0.00000e+0, 7.09300e+2, 0.00000e+0, 5.01921e+2, 0.00000e+0, 2.22512e+1, 0.00000e+0, 2.26385e+1, 0.00000e+0, 3.59001e+0, 0.00000e+0, 3.18254e+0, 0.00000e+0, 2.00000e+1, 0.00000e+0, 2.00000e+1, 0.00000e+0, 3, 3, 
06/14/2020 08:57:42.760, 06/14/2020 08:57:42.704, 3.51951e+0, 0.00000e+0, 2.87729e+0, 0.00000e+0, 3.70151e+0, 0.00000e+0, 9.94361e+3, 0.00000e+0, 6.98638e+2, 0.00000e+0, 3.73869e+0, 0.00000e+0, 7.05655e+2, 0.00000e+0, 5.01923e+2, 0.00000e+0, 2.22481e+1, 0.00000e+0, 2.26460e+1, 0.00000e+0, 3.58846e+0, 0.00000e+0, 3.18312e+0, 0.00000e+0, 2.00000e+1, 0.00000e+0, 2.00000e+1, 0.00000e+0, 3, 3, 
06/14/2020 08:57:43.755, 06/14/2020 08:57:43.699, 3.51901e+0, 0.00000e+0, 2.80333e+0, 0.00000e+0, 3.74332e+0, 0.00000e+0, 9.58966e+3, 0.00000e+0, 6.90647e+2, 0.00000e+0, 3.77957e+0, 0.00000e+0, 6.97334e+2, 0.00000e+0, 5.01959e+2, 0.00000e+0, 2.22475e+1, 0.00000e+0, 2.26555e+1, 0.00000e+0, 3.58835e+0, 0.00000e+0, 3.18137e+0, 0.00000e+0, 2.00000e+1, 0.00000e+0, 2.00000e+1, 0.00000e+0, 3, 3, 
06/14/2020 08:57:44.753, 06/14/2020 08:57:44.693, 3.51829e+0, 0.00000e+0, 2.69748e+0, 0.00000e+0, 3.76975e+0, 0.00000e+0, 1.05357e+4, 0.00000e+0, 6.91119e+2, 0.00000e+0, 3.80989e+0, 0.00000e+0, 6.98478e+2, 0.00000e+0, 5.01921e+2, 0.00000e+0, 2.22479e+1, 0.00000e+0, 2.26614e+1, 0.00000e+0, 3.58968e+0, 0.00000e+0, 3.18227e+0, 0.00000e+0, 2.00000e+1, 0.00000e+0, 2.00000e+1, 0.00000e+0, 3, 3, 
06/14/2020 08:57:45.746, 06/14/2020 08:57:45.688, 3.52061e+0, 0.00000e+0, 3.03960e+0, 0.00000e+0, 3.78931e+0, 0.00000e+0, 1.08869e+4, 0.00000e+0, 6.86950e+2, 0.00000e+0, 3.83102e+0, 0.00000e+0, 6.94511e+2, 0.00000e+0, 5.01943e+2, 0.00000e+0, 2.22495e+1, 0.00000e+0, 2.26671e+1, 0.00000e+0, 3.59027e+0, 0.00000e+0, 3.18085e+0, 0.00000e+0, 2.00000e+1, 0.00000e+0, 2.00000e+1, 0.00000e+0, 3, 3, 
06/14/2020 08:57:46.767, 06/14/2020 08:57:46.682, 3.51771e+0, 0.00000e+0, 2.61256e+0, 0.00000e+0, 3.81429e+0, 0.00000e+0, 1.01807e+4, 0.00000e+0, 6.78207e+2, 0.00000e+0, 3.85353e+0, 0.00000e+0, 6.85183e+2, 0.00000e+0, 5.01940e+2, 0.00000e+0, 2.22587e+1, 0.00000e+0, 2.26725e+1, 0.00000e+0, 3.59161e+0, 0.00000e+0, 3.17791e+0, 0.00000e+0, 2.00000e+1, 0.00000e+0, 2.00000e+1, 0.00000e+0, 3, 3, 
06/14/2020 08:57:47.732, 06/14/2020 08:57:47.676, 3.51871e+0, 0.00000e+0, 2.75972e+0, 0.00000e+0, 3.84919e+0, 0.00000e+0, 1.01692e+4, 0.00000e+0, 6.73997e+2, 0.00000e+0, 3.88873e+0, 0.00000e+0, 6.80922e+2, 0.00000e+0, 5.01945e+2, 0.00000e+0, 2.22608e+1, 0.00000e+0, 2.26800e+1, 0.00000e+0, 3.59165e+0, 0.00000e+0, 3.17933e+0, 0.00000e+0, 2.00000e+1, 0.00000e+0, 2.00000e+1, 0.00000e+0, 3, 3, 
06/14/2020 08:57:48.732, 06/14/2020 08:57:48.671, 3.51936e+0, 0.00000e+0, 2.85535e+0, 0.00000e+0, 3.86418e+0, 0.00000e+0, 9.47883e+3, 0.00000e+0, 6.63866e+2, 0.00000e+0, 3.90116e+0, 0.00000e+0, 6.70219e+2, 0.00000e+0, 5.01931e+2, 0.00000e+0, 2.22552e+1, 0.00000e+0, 2.26906e+1, 0.00000e+0, 3.59153e+0, 0.00000e+0, 3.17958e+0, 0.00000e+0, 2.00000e+1, 0.00000e+0, 2.00000e+1, 0.00000e+0, 3, 3, 
06/14/2020 08:57:49.722, 06/14/2020 08:57:49.667, 3.51970e+0, 0.00000e+0, 2.90561e+0, 0.00000e+0, 3.87156e+0, 0.00000e+0, 9.40784e+3, 0.00000e+0, 6.68460e+2, 0.00000e+0, 3.90832e+0, 0.00000e+0, 6.74808e+2, 0.00000e+0, 5.01930e+2, 0.00000e+0, 2.22437e+1, 0.00000e+0, 2.27001e+1, 0.00000e+0, 3.59305e+0, 0.00000e+0, 3.18008e+0, 0.00000e+0, 2.00000e+1, 0.00000e+0, 2.00000e+1, 0.00000e+0, 3, 4, 
06/14/2020 08:57:50.718, 06/14/2020 08:57:50.661, 3.51939e+0, 0.00000e+0, 2.86046e+0, 0.00000e+0, 3.87300e+0, 0.00000e+0, 9.58389e+3, 0.00000e+0, 6.80296e+2, 0.00000e+0, 3.91048e+0, 0.00000e+0, 6.86879e+2, 0.00000e+0, 5.01925e+2, 0.00000e+0, 2.22404e+1, 0.00000e+0, 2.27070e+1, 0.00000e+0, 3.59251e+0, 0.00000e+0, 3.17848e+0, 0.00000e+0, 2.00000e+1, 0.00000e+0, 2.00000e+1, 0.00000e+0, 3, 4, 
06/14/2020 08:57:51.710, 06/14/2020 08:57:51.655, 3.51825e+0, 0.00000e+0, 2.69152e+0, 0.00000e+0, 3.87270e+0, 0.00000e+0, 9.37664e+3, 0.00000e+0, 6.90881e+2, 0.00000e+0, 3.90936e+0, 0.00000e+0, 6.97421e+2, 0.00000e+0, 5.01953e+2, 0.00000e+0, 2.22539e+1, 0.00000e+0, 2.27135e+1, 0.00000e+0, 3.59269e+0, 0.00000e+0, 3.17912e+0, 0.00000e+0, 2.00000e+1, 0.00000e+0, 2.00000e+1, 0.00000e+0, 3, 4, 
06/14/2020 08:57:52.708, 06/14/2020 08:57:52.650, 3.51951e+0, 0.00000e+0, 2.87706e+0, 0.00000e+0, 3.87043e+0, 0.00000e+0, 9.47049e+3, 0.00000e+0, 6.97734e+2, 0.00000e+0, 3.90744e+0, 0.00000e+0, 7.04405e+2, 0.00000e+0, 5.01944e+2, 0.00000e+0, 2.22484e+1, 0.00000e+0, 2.27179e+1, 0.00000e+0, 3.59210e+0, 0.00000e+0, 3.18172e+0, 0.00000e+0, 2.00000e+1, 0.00000e+0, 2.00000e+1, 0.00000e+0, 3, 4, 
06/14/2020 08:57:53.704, 06/14/2020 08:57:53.644, 3.51865e+0, 0.00000e+0, 2.75107e+0, 0.00000e+0, 3.86632e+0, 0.00000e+0, 9.33705e+3, 0.00000e+0, 7.03162e+2, 0.00000e+0, 3.90276e+0, 0.00000e+0, 7.09789e+2, 0.00000e+0, 5.01938e+2, 0.00000e+0, 2.22523e+1, 0.00000e+0, 2.27282e+1, 0.00000e+0, 3.59341e+0, 0.00000e+0, 3.18089e+0, 0.00000e+0, 2.00000e+1, 0.00000e+0, 2.00000e+1, 0.00000e+0, 3, 4, 
06/14/2020 08:57:54.722, 06/14/2020 08:57:54.640, 3.51782e+0, 0.00000e+0, 2.62765e+0, 0.00000e+0, 3.84503e+0, 0.00000e+0, 9.53365e+3, 0.00000e+0, 7.03919e+2, 0.00000e+0, 3.88204e+0, 0.00000e+0, 7.10694e+2, 0.00000e+0, 5.01945e+2, 0.00000e+0, 2.22583e+1, 0.00000e+0, 2.27342e+1, 0.00000e+0, 3.59293e+0, 0.00000e+0, 3.18306e+0, 0.00000e+0, 2.00000e+1, 0.00000e+0, 2.00000e+1, 0.00000e+0, 3, 4, 
06/14/2020 08:57:55.691, 06/14/2020 08:57:55.633, 3.51967e+0, 0.00000e+0, 2.90081e+0, 0.00000e+0, 3.82515e+0, 0.00000e+0, 9.58987e+3, 0.00000e+0, 6.94283e+2, 0.00000e+0, 3.86219e+0, 0.00000e+0, 7.01006e+2, 0.00000e+0, 5.01948e+2, 0.00000e+0, 2.22575e+1, 0.00000e+0, 2.27370e+1, 0.00000e+0, 3.59212e+0, 0.00000e+0, 3.18205e+0, 0.00000e+0, 2.00000e+1, 0.00000e+0, 2.00000e+1, 0.00000e+0, 3, 4, 
06/14/2020 08:57:56.688, 06/14/2020 08:57:56.629, 3.51660e+0, 0.00000e+0, 2.44875e+0, 0.00000e+0, 3.80556e+0, 0.00000e+0, 9.98113e+3, 0.00000e+0, 6.86508e+2, 0.00000e+0, 3.84393e+0, 0.00000e+0, 6.93429e+2, 0.00000e+0, 5.01975e+2, 0.00000e+0, 2.22726e+1, 0.00000e+0, 2.27447e+1, 0.00000e+0, 3.59137e+0, 0.00000e+0, 3.18255e+0, 0.00000e+0, 2.00000e+1, 0.00000e+0, 2.00000e+1, 0.00000e+0, 3, 4, 
06/14/2020 08:57:57.677, 06/14/2020 08:57:57.622, 3.51654e+0, 0.00000e+0, 2.43984e+0, 0.00000e+0, 3.77934e+0, 0.00000e+0, 1.01803e+4, 0.00000e+0, 6.88212e+2, 0.00000e+0, 3.81821e+0, 0.00000e+0, 6.95291e+2, 0.00000e+0, 5.02027e+2, 0.00000e+0, 2.22901e+1, 0.00000e+0, 2.27498e+1, 0.00000e+0, 3.59133e+0, 0.00000e+0, 3.18302e+0, 0.00000e+0, 2.00000e+1, 0.00000e+0, 2.00000e+1, 0.00000e+0, 3, 4, 
06/14/2020 08:57:58.696, 06/14/2020 08:57:58.617, 3.51701e+0, 0.00000e+0, 2.50950e+0, 0.00000e+0, 3.76507e+0, 0.00000e+0, 1.03806e+4, 0.00000e+0, 6.86341e+2, 0.00000e+0, 3.80456e+0, 0.00000e+0, 6.93541e+2, 0.00000e+0, 5.01978e+2, 0.00000e+0, 2.22827e+1, 0.00000e+0, 2.27563e+1, 0.00000e+0, 3.59136e+0, 0.00000e+0, 3.18519e+0, 0.00000e+0, 2.00000e+1, 0.00000e+0, 2.00000e+1, 0.00000e+0, 3, 4, 
06/14/2020 08:57:59.672, 06/14/2020 08:57:59.611, 3.51639e+0, 0.00000e+0, 2.41731e+0, 0.00000e+0, 3.78705e+0, 0.00000e+0, 1.05193e+4, 0.00000e+0, 6.90384e+2, 0.00000e+0, 3.82731e+0, 0.00000e+0, 6.97724e+2, 0.00000e+0, 5.01959e+2, 0.00000e+0, 2.22722e+1, 0.00000e+0, 2.27696e+1, 0.00000e+0, 3.59160e+0, 0.00000e+0, 3.18587e+0, 0.00000e+0, 2.00000e+1, 0.00000e+0, 2.00000e+1, 0.00000e+0, 3, 4, 
06/14/2020 08:58:00.669, 06/14/2020 08:58:00.606, 3.51580e+0, 0.00000e+0, 2.32985e+0, 0.00000e+0, 3.85015e+0, 0.00000e+0, 9.73499e+3, 0.00000e+0, 7.30394e+2, 0.00000e+0, 3.88800e+0, 0.00000e+0, 7.37574e+2, 0.00000e+0, 5.01948e+2, 0.00000e+0, 2.22770e+1, 0.00000e+0, 2.27740e+1, 0.00000e+0, 3.59344e+0, 0.00000e+0, 3.18604e+0, 0.00000e+0, 2.00000e+1, 0.00000e+0, 2.00000e+1, 0.00000e+0, 3, 4, 
06/14/2020 08:58:01.656, 06/14/2020 08:58:01.601, 3.51385e+0, 0.00000e+0, 2.04310e+0, 0.00000e+0, 3.93301e+0, 0.00000e+0, 9.92045e+3, 0.00000e+0, 7.85630e+2, 0.00000e+0, 3.97242e+0, 0.00000e+0, 7.93502e+2, 0.00000e+0, 5.01951e+2, 0.00000e+0, 2.22927e+1, 0.00000e+0, 2.27672e+1, 0.00000e+0, 3.59439e+0, 0.00000e+0, 3.18748e+0, 0.00000e+0, 2.00000e+1, 0.00000e+0, 2.00000e+1, 0.00000e+0, 3, 4, 
06/14/2020 08:58:02.678, 06/14/2020 08:58:02.595, 3.51750e+0, 0.00000e+0, 2.58156e+0, 0.00000e+0, 4.01127e+0, 0.00000e+0, 1.02697e+4, 0.00000e+0, 8.37049e+2, 0.00000e+0, 4.05289e+0, 0.00000e+0, 8.45734e+2, 0.00000e+0, 5.01943e+2, 0.00000e+0, 2.22566e+1, 0.00000e+0, 2.27962e+1, 0.00000e+0, 3.59160e+0, 0.00000e+0, 3.18571e+0, 0.00000e+0, 2.00000e+1, 0.00000e+0, 2.00000e+1, 0.00000e+0, 3, 4, 
06/14/2020 08:58:03.648, 06/14/2020 08:58:03.589, 3.51559e+0, 0.00000e+0, 2.29940e+0, 0.00000e+0, 4.08283e+0, 0.00000e+0, 1.03761e+4, 0.00000e+0, 8.94104e+2, 0.00000e+0, 4.12564e+0, 0.00000e+0, 9.03479e+2, 0.00000e+0, 5.01995e+2, 0.00000e+0, 2.22814e+1, 0.00000e+0, 2.27943e+1, 0.00000e+0, 3.59722e+0, 0.00000e+0, 3.18841e+0, 0.00000e+0, 2.00000e+1, 0.00000e+0, 2.00000e+1, 0.00000e+0, 3, 4, 
06/14/2020 08:58:04.638, 06/14/2020 08:58:04.584, 3.51883e+0, 0.00000e+0, 2.77726e+0, 0.00000e+0, 4.10350e+0, 0.00000e+0, 1.02885e+4, 0.00000e+0, 9.36896e+2, 0.00000e+0, 4.14615e+0, 0.00000e+0, 9.46635e+2, 0.00000e+0, 5.01966e+2, 0.00000e+0, 2.22736e+1, 0.00000e+0, 2.28058e+1, 0.00000e+0, 3.59260e+0, 0.00000e+0, 3.18577e+0, 0.00000e+0, 2.00000e+1, 0.00000e+0, 2.00000e+1, 0.00000e+0, 3, 4, 
06/14/2020 08:58:05.636, 06/14/2020 08:58:05.579, 3.51558e+0, 0.00000e+0, 2.29860e+0, 0.00000e+0, 4.13361e+0, 0.00000e+0, 1.02460e+4, 0.00000e+0, 9.27661e+2, 0.00000e+0, 4.17641e+0, 0.00000e+0, 9.37265e+2, 0.00000e+0, 5.01942e+2, 0.00000e+0, 2.22845e+1, 0.00000e+0, 2.28163e+1, 0.00000e+0, 3.59300e+0, 0.00000e+0, 3.18742e+0, 0.00000e+0, 2.00000e+1, 0.00000e+0, 2.00000e+1, 0.00000e+0, 3, 4, 
06/14/2020 08:58:06.645, 06/14/2020 08:58:06.573, 3.51708e+0, 0.00000e+0, 2.51944e+0, 0.00000e+0, 4.18871e+0, 0.00000e+0, 9.77550e+3, 0.00000e+0, 9.55344e+2, 0.00000e+0, 4.23006e+0, 0.00000e+0, 9.64775e+2, 0.00000e+0, 5.01934e+2, 0.00000e+0, 2.22822e+1, 0.00000e+0, 2.28217e+1, 0.00000e+0, 3.59119e+0, 0.00000e+0, 3.18660e+0, 0.00000e+0, 2.00000e+1, 0.00000e+0, 2.00000e+1, 0.00000e+0, 3, 4, 
06/14/2020 08:58:07.636, 06/14/2020 08:58:07.568, 3.51657e+0, 0.00000e+0, 2.44389e+0, 0.00000e+0, 4.25157e+0, 0.00000e+0, 1.05076e+4, 0.00000e+0, 1.01286e+3, 0.00000e+0, 4.29672e+0, 0.00000e+0, 1.02362e+3, 0.00000e+0, 5.01996e+2, 0.00000e+0, 2.22811e+1, 0.00000e+0, 2.28321e+1, 0.00000e+0, 3.59232e+0, 0.00000e+0, 3.18606e+0, 0.00000e+0, 2.00000e+1, 0.00000e+0, 2.00000e+1, 0.00000e+0, 3, 4, 
06/14/2020 08:58:08.653, 06/14/2020 08:58:08.562, 3.51087e+0, 0.00000e+0, 1.60335e+0, 0.00000e+0, 4.38516e+0, 0.00000e+0, 1.01588e+4, 0.00000e+0, 1.05997e+3, 0.00000e+0, 4.43016e+0, 0.00000e+0, 1.07085e+3, 0.00000e+0, 5.01897e+2, 0.00000e+0, 2.23192e+1, 0.00000e+0, 2.28221e+1, 0.00000e+0, 3.58760e+0, 0.00000e+0, 3.18435e+0, 0.00000e+0, 2.00000e+1, 0.00000e+0, 2.00000e+1, 0.00000e+0, 3, 4, 
06/14/2020 08:58:09.673, 06/14/2020 08:58:09.607, 3.50831e+0, 0.00000e+0, 1.22568e+0, 0.00000e+0, 4.43581e+0, 0.00000e+0, 1.01728e+4, 0.00000e+0, 1.06365e+3, 0.00000e+0, 4.48140e+0, 0.00000e+0, 1.07458e+3, 0.00000e+0, 5.02167e+2, 0.00000e+0, 2.23757e+1, 0.00000e+0, 2.28151e+1, 0.00000e+0, 3.59044e+0, 0.00000e+0, 3.18523e+0, 0.00000e+0, 2.00000e+1, 0.00000e+0, 2.00000e+1, 0.00000e+0, 3, 4, 
06/14/2020 08:58:10.611, 06/14/2020 08:58:10.558, 3.50153e+0, 0.00000e+0, 2.25054e-1, 0.00000e+0, 4.38205e+0, 0.00000e+0, 1.04053e+4, 0.00000e+0, 1.03019e+3, 0.00000e+0, 4.42813e+0, 0.00000e+0, 1.04102e+3, 0.00000e+0, 5.02013e+2, 0.00000e+0, 2.24206e+1, 0.00000e+0, 2.28067e+1, 0.00000e+0, 3.58809e+0, 0.00000e+0, 3.18401e+0, 0.00000e+0, 2.00000e+1, 0.00000e+0, 2.00000e+1, 0.00000e+0, 3, 4, 
06/14/2020 08:58:11.611, 06/14/2020 08:58:11.553, 3.50943e+0, 0.00000e+0, 1.39075e+0, 0.00000e+0, 4.29858e+0, 0.00000e+0, 1.06370e+4, 0.00000e+0, 9.77774e+2, 0.00000e+0, 4.34479e+0, 0.00000e+0, 9.88287e+2, 0.00000e+0, 5.02062e+2, 0.00000e+0, 2.23216e+1, 0.00000e+0, 2.28430e+1, 0.00000e+0, 3.59071e+0, 0.00000e+0, 3.18659e+0, 0.00000e+0, 2.00000e+1, 0.00000e+0, 2.00000e+1, 0.00000e+0, 3, 4, 
06/14/2020 08:58:12.625, 06/14/2020 08:58:12.547, 3.51722e+0, 0.00000e+0, 2.54003e+0, 0.00000e+0, 4.28236e+0, 0.00000e+0, 1.02636e+4, 0.00000e+0, 9.38268e+2, 0.00000e+0, 4.32677e+0, 0.00000e+0, 9.47997e+2, 0.00000e+0, 5.01916e+2, 0.00000e+0, 2.22931e+1, 0.00000e+0, 2.28683e+1, 0.00000e+0, 3.58979e+0, 0.00000e+0, 3.18336e+0, 0.00000e+0, 2.00000e+1, 0.00000e+0, 2.00000e+1, 0.00000e+0, 3, 4, 
06/14/2020 08:58:13.601, 06/14/2020 08:58:13.541, 3.51361e+0, 0.00000e+0, 2.00670e+0, 0.00000e+0, 4.26637e+0, 0.00000e+0, 1.02647e+4, 0.00000e+0, 9.01544e+2, 0.00000e+0, 4.31062e+0, 0.00000e+0, 9.10894e+2, 0.00000e+0, 5.01907e+2, 0.00000e+0, 2.23079e+1, 0.00000e+0, 2.28719e+1, 0.00000e+0, 3.59162e+0, 0.00000e+0, 3.18381e+0, 0.00000e+0, 2.00000e+1, 0.00000e+0, 2.00000e+1, 0.00000e+0, 3, 4, 
06/14/2020 08:58:14.606, 06/14/2020 08:58:14.536, 3.51799e+0, 0.00000e+0, 2.65373e+0, 0.00000e+0, 4.23009e+0, 0.00000e+0, 1.03074e+4, 0.00000e+0, 8.70279e+2, 0.00000e+0, 4.27415e+0, 0.00000e+0, 8.79342e+2, 0.00000e+0, 5.01916e+2, 0.00000e+0, 2.22873e+1, 0.00000e+0, 2.28920e+1, 0.00000e+0, 3.58957e+0, 0.00000e+0, 3.18318e+0, 0.00000e+0, 2.00000e+1, 0.00000e+0, 2.00000e+1, 0.00000e+0, 3, 4, 
06/14/2020 08:58:15.587, 06/14/2020 08:58:15.531, 3.51296e+0, 0.00000e+0, 1.91190e+0, 0.00000e+0, 4.19631e+0, 0.00000e+0, 1.04433e+4, 0.00000e+0, 8.51487e+2, 0.00000e+0, 4.24060e+0, 0.00000e+0, 8.60473e+2, 0.00000e+0, 5.02013e+2, 0.00000e+0, 2.23200e+1, 0.00000e+0, 2.28913e+1, 0.00000e+0, 3.58921e+0, 0.00000e+0, 3.18407e+0, 0.00000e+0, 2.00000e+1, 0.00000e+0, 2.00000e+1, 0.00000e+0, 3, 4, 
06/14/2020 08:58:16.588, 06/14/2020 08:58:16.532, 3.51650e+0, 0.00000e+0, 2.43364e+0, 0.00000e+0, 4.18034e+0, 0.00000e+0, 1.03697e+4, 0.00000e+0, 8.34297e+2, 0.00000e+0, 4.22414e+0, 0.00000e+0, 8.43039e+2, 0.00000e+0, 5.01910e+2, 0.00000e+0, 2.22985e+1, 0.00000e+0, 2.29052e+1, 0.00000e+0, 3.58963e+0, 0.00000e+0, 3.18279e+0, 0.00000e+0, 2.00000e+1, 0.00000e+0, 2.00000e+1, 0.00000e+0, 3, 4, 
06/14/2020 08:58:17.582, 06/14/2020 08:58:17.526, 3.51390e+0, 0.00000e+0, 2.05081e+0, 0.00000e+0, 4.17385e+0, 0.00000e+0, 1.04562e+4, 0.00000e+0, 8.19312e+2, 0.00000e+0, 4.21795e+0, 0.00000e+0, 8.27970e+2, 0.00000e+0, 5.02009e+2, 0.00000e+0, 2.23518e+1, 0.00000e+0, 2.29054e+1, 0.00000e+0, 3.58990e+0, 0.00000e+0, 3.18339e+0, 0.00000e+0, 2.00000e+1, 0.00000e+0, 2.00000e+1, 0.00000e+0, 3, 4, 
06/14/2020 08:58:18.579, 06/14/2020 08:58:18.521, 3.51231e+0, 0.00000e+0, 1.81579e+0, 0.00000e+0, 4.13208e+0, 0.00000e+0, 1.05771e+4, 0.00000e+0, 8.06613e+2, 0.00000e+0, 4.17626e+0, 0.00000e+0, 8.15236e+2, 0.00000e+0, 5.01975e+2, 0.00000e+0, 2.23383e+1, 0.00000e+0, 2.29130e+1, 0.00000e+0, 3.58856e+0, 0.00000e+0, 3.18267e+0, 0.00000e+0, 2.00000e+1, 0.00000e+0, 2.00000e+1, 0.00000e+0, 3, 4, 
06/14/2020 08:58:19.574, 06/14/2020 08:58:19.515, 3.51657e+0, 0.00000e+0, 2.44346e+0, 0.00000e+0, 4.04174e+0, 0.00000e+0, 1.07412e+4, 0.00000e+0, 7.91519e+2, 0.00000e+0, 4.08563e+0, 0.00000e+0, 8.00113e+2, 0.00000e+0, 5.01876e+2, 0.00000e+0, 2.22957e+1, 0.00000e+0, 2.29347e+1, 0.00000e+0, 3.59421e+0, 0.00000e+0, 3.18215e+0, 0.00000e+0, 2.00000e+1, 0.00000e+0, 2.00000e+1, 0.00000e+0, 3, 5, 
06/14/2020 08:58:20.572, 06/14/2020 08:58:20.510, 3.51499e+0, 0.00000e+0, 2.21018e+0, 0.00000e+0, 3.99016e+0, 0.00000e+0, 1.03538e+4, 0.00000e+0, 7.72448e+2, 0.00000e+0, 4.03190e+0, 0.00000e+0, 7.80529e+2, 0.00000e+0, 5.01926e+2, 0.00000e+0, 2.23214e+1, 0.00000e+0, 2.29429e+1, 0.00000e+0, 3.59083e+0, 0.00000e+0, 3.18307e+0, 0.00000e+0, 2.00000e+1, 0.00000e+0, 2.00000e+1, 0.00000e+0, 3, 5, 
06/14/2020 08:58:21.563, 06/14/2020 08:58:21.505, 3.51726e+0, 0.00000e+0, 2.54557e+0, 0.00000e+0, 3.96838e+0, 0.00000e+0, 1.02914e+4, 0.00000e+0, 7.66045e+2, 0.00000e+0, 4.00964e+0, 0.00000e+0, 7.74011e+2, 0.00000e+0, 5.01903e+2, 0.00000e+0, 2.23110e+1, 0.00000e+0, 2.29570e+1, 0.00000e+0, 3.58859e+0, 0.00000e+0, 3.18029e+0, 0.00000e+0, 2.00000e+1, 0.00000e+0, 2.00000e+1, 0.00000e+0, 3, 5, 
06/14/2020 08:58:22.561, 06/14/2020 08:58:22.500, 3.51451e+0, 0.00000e+0, 2.14049e+0, 0.00000e+0, 3.98285e+0, 0.00000e+0, 1.02264e+4, 0.00000e+0, 7.66261e+2, 0.00000e+0, 4.02400e+0, 0.00000e+0, 7.74178e+2, 0.00000e+0, 5.01957e+2, 0.00000e+0, 2.23157e+1, 0.00000e+0, 2.29540e+1, 0.00000e+0, 3.59142e+0, 0.00000e+0, 3.18218e+0, 0.00000e+0, 2.00000e+1, 0.00000e+0, 2.00000e+1, 0.00000e+0, 3, 5, 
06/14/2020 08:58:23.551, 06/14/2020 08:58:23.494, 3.51546e+0, 0.00000e+0, 2.27977e+0, 0.00000e+0, 4.00997e+0, 0.00000e+0, 1.04429e+4, 0.00000e+0, 7.72200e+2, 0.00000e+0, 4.05229e+0, 0.00000e+0, 7.80349e+2, 0.00000e+0, 5.01851e+2, 0.00000e+0, 2.23165e+1, 0.00000e+0, 2.29610e+1, 0.00000e+0, 3.59108e+0, 0.00000e+0, 3.18077e+0, 0.00000e+0, 2.00000e+1, 0.00000e+0, 2.00000e+1, 0.00000e+0, 3, 5, 
06/14/2020 08:58:24.546, 06/14/2020 08:58:24.487, 3.51431e+0, 0.00000e+0, 2.11121e+0, 0.00000e+0, 4.02710e+0, 0.00000e+0, 1.01746e+4, 0.00000e+0, 7.75474e+2, 0.00000e+0, 4.06850e+0, 0.00000e+0, 7.83445e+2, 0.00000e+0, 5.01978e+2, 0.00000e+0, 2.23315e+1, 0.00000e+0, 2.29712e+1, 0.00000e+0, 3.59378e+0, 0.00000e+0, 3.18089e+0, 0.00000e+0, 2.00000e+1, 0.00000e+0, 2.00000e+1, 0.00000e+0, 3, 5, 
06/14/2020 08:58:25.537, 06/14/2020 08:58:25.483, 3.51228e+0, 0.00000e+0, 1.81052e+0, 0.00000e+0, 4.04458e+0, 0.00000e+0, 1.03218e+4, 0.00000e+0, 7.75042e+2, 0.00000e+0, 4.08676e+0, 0.00000e+0, 7.83125e+2, 0.00000e+0, 5.01988e+2, 0.00000e+0, 2.23647e+1, 0.00000e+0, 2.29717e+1, 0.00000e+0, 3.59231e+0, 0.00000e+0, 3.17936e+0, 0.00000e+0, 2.00000e+1, 0.00000e+0, 2.00000e+1, 0.00000e+0, 3, 5, 
06/14/2020 08:58:26.551, 06/14/2020 08:58:26.477, 3.51792e+0, 0.00000e+0, 2.64377e+0, 0.00000e+0, 4.08077e+0, 0.00000e+0, 1.01632e+4, 0.00000e+0, 7.79078e+2, 0.00000e+0, 4.12267e+0, 0.00000e+0, 7.87077e+2, 0.00000e+0, 5.01869e+2, 0.00000e+0, 2.23166e+1, 0.00000e+0, 2.29922e+1, 0.00000e+0, 3.59397e+0, 0.00000e+0, 3.18384e+0, 0.00000e+0, 2.00000e+1, 0.00000e+0, 2.00000e+1, 0.00000e+0, 3, 5, 
06/14/2020 08:58:27.532, 06/14/2020 08:58:27.472, 3.51348e+0, 0.00000e+0, 1.98830e+0, 0.00000e+0, 4.10393e+0, 0.00000e+0, 1.05626e+4, 0.00000e+0, 7.81729e+2, 0.00000e+0, 4.14774e+0, 0.00000e+0, 7.90074e+2, 0.00000e+0, 5.01935e+2, 0.00000e+0, 2.23251e+1, 0.00000e+0, 2.29922e+1, 0.00000e+0, 3.59168e+0, 0.00000e+0, 3.17967e+0, 0.00000e+0, 2.00000e+1, 0.00000e+0, 2.00000e+1, 0.00000e+0, 3, 5, 
06/14/2020 08:58:28.521, 06/14/2020 08:58:28.466, 3.51767e+0, 0.00000e+0, 2.60686e+0, 0.00000e+0, 4.11878e+0, 0.00000e+0, 1.02600e+4, 0.00000e+0, 7.84395e+2, 0.00000e+0, 4.16148e+0, 0.00000e+0, 7.92526e+2, 0.00000e+0, 5.01890e+2, 0.00000e+0, 2.23092e+1, 0.00000e+0, 2.30121e+1, 0.00000e+0, 3.59334e+0, 0.00000e+0, 3.17992e+0, 0.00000e+0, 2.00000e+1, 0.00000e+0, 2.00000e+1, 0.00000e+0, 3, 5, 
06/14/2020 08:58:29.524, 06/14/2020 08:58:29.461, 3.51497e+0, 0.00000e+0, 2.20727e+0, 0.00000e+0, 4.13426e+0, 0.00000e+0, 1.05148e+4, 0.00000e+0, 7.86304e+2, 0.00000e+0, 4.17819e+0, 0.00000e+0, 7.94659e+2, 0.00000e+0, 5.01945e+2, 0.00000e+0, 2.23494e+1, 0.00000e+0, 2.30195e+1, 0.00000e+0, 3.59243e+0, 0.00000e+0, 3.18114e+0, 0.00000e+0, 2.00000e+1, 0.00000e+0, 2.00000e+1, 0.00000e+0, 3, 5, 
06/14/2020 08:58:30.529, 06/14/2020 08:58:30.455, 3.51399e+0, 0.00000e+0, 2.06299e+0, 0.00000e+0, 4.14573e+0, 0.00000e+0, 1.04470e+4, 0.00000e+0, 7.87392e+2, 0.00000e+0, 4.18950e+0, 0.00000e+0, 7.95705e+2, 0.00000e+0, 5.01895e+2, 0.00000e+0, 2.23409e+1, 0.00000e+0, 2.30208e+1, 0.00000e+0, 3.59421e+0, 0.00000e+0, 3.18356e+0, 0.00000e+0, 2.00000e+1, 0.00000e+0, 2.00000e+1, 0.00000e+0, 3, 5, 
06/14/2020 08:58:31.507, 06/14/2020 08:58:31.456, 3.51463e+0, 0.00000e+0, 2.15803e+0, 0.00000e+0, 4.11074e+0, 0.00000e+0, 1.03668e+4, 0.00000e+0, 7.82927e+2, 0.00000e+0, 4.15380e+0, 0.00000e+0, 7.91129e+2, 0.00000e+0, 5.01880e+2, 0.00000e+0, 2.23699e+1, 0.00000e+0, 2.30317e+1, 0.00000e+0, 3.59580e+0, 0.00000e+0, 3.18385e+0, 0.00000e+0, 2.00000e+1, 0.00000e+0, 2.00000e+1, 0.00000e+0, 3, 5, 
06/14/2020 08:58:32.505, 06/14/2020 08:58:32.453, 3.50059e+0, 0.00000e+0, 8.70538e-2, 0.00000e+0, 4.07783e+0, 0.00000e+0, 1.01866e+4, 0.00000e+0, 7.75725e+2, 0.00000e+0, 4.11980e+0, 0.00000e+0, 7.83709e+2, 0.00000e+0, 5.02109e+2, 0.00000e+0, 2.24977e+1, 0.00000e+0, 2.29817e+1, 0.00000e+0, 3.59351e+0, 0.00000e+0, 3.18340e+0, 0.00000e+0, 2.00000e+1, 0.00000e+0, 2.00000e+1, 0.00000e+0, 3, 5, 
06/14/2020 08:58:33.511, 06/14/2020 08:58:33.438, 3.50933e+0, 0.00000e+0, 1.37567e+0, 0.00000e+0, 4.05909e+0, 0.00000e+0, 1.00975e+4, 0.00000e+0, 7.73103e+2, 0.00000e+0, 4.10050e+0, 0.00000e+0, 7.80989e+2, 0.00000e+0, 5.02067e+2, 0.00000e+0, 2.24188e+1, 0.00000e+0, 2.30335e+1, 0.00000e+0, 3.59311e+0, 0.00000e+0, 3.18804e+0, 0.00000e+0, 2.00000e+1, 0.00000e+0, 2.00000e+1, 0.00000e+0, 3, 5, 
06/14/2020 08:58:34.539, 06/14/2020 08:58:34.487, 3.50446e+0, 0.00000e+0, 6.57459e-1, 0.00000e+0, 4.06727e+0, 0.00000e+0, 1.02658e+4, 0.00000e+0, 7.73482e+2, 0.00000e+0, 4.10945e+0, 0.00000e+0, 7.81505e+2, 0.00000e+0, 5.01968e+2, 0.00000e+0, 2.24542e+1, 0.00000e+0, 2.30249e+1, 0.00000e+0, 3.58982e+0, 0.00000e+0, 3.18517e+0, 0.00000e+0, 2.00000e+1, 0.00000e+0, 2.00000e+1, 0.00000e+0, 3, 5, 
06/14/2020 08:58:35.486, 06/14/2020 08:58:35.428, 3.51152e+0, 0.00000e+0, 1.69940e+0, 0.00000e+0, 4.04729e+0, 0.00000e+0, 1.02389e+4, 0.00000e+0, 7.70724e+2, 0.00000e+0, 4.08915e+0, 0.00000e+0, 7.78697e+2, 0.00000e+0, 5.01902e+2, 0.00000e+0, 2.23994e+1, 0.00000e+0, 2.30602e+1, 0.00000e+0, 3.59191e+0, 0.00000e+0, 3.18490e+0, 0.00000e+0, 2.00000e+1, 0.00000e+0, 2.00000e+1, 0.00000e+0, 3, 5, 
06/14/2020 08:58:36.537, 06/14/2020 08:58:36.484, 3.50505e+0, 0.00000e+0, 7.45550e-1, 0.00000e+0, 4.03342e+0, 0.00000e+0, 1.01314e+4, 0.00000e+0, 7.66490e+2, 0.00000e+0, 4.07470e+0, 0.00000e+0, 7.74335e+2, 0.00000e+0, 5.01931e+2, 0.00000e+0, 2.24430e+1, 0.00000e+0, 2.30443e+1, 0.00000e+0, 3.58995e+0, 0.00000e+0, 3.18474e+0, 0.00000e+0, 2.00000e+1, 0.00000e+0, 2.00000e+1, 0.00000e+0, 3, 5, 
06/14/2020 08:58:37.516, 06/14/2020 08:58:37.465, 3.50567e+0, 0.00000e+0, 8.36635e-1, 0.00000e+0, 4.01377e+0, 0.00000e+0, 1.03471e+4, 0.00000e+0, 7.63997e+2, 0.00000e+0, 4.05573e+0, 0.00000e+0, 7.71985e+2, 0.00000e+0, 5.02011e+2, 0.00000e+0, 2.24139e+1, 0.00000e+0, 2.30484e+1, 0.00000e+0, 3.59010e+0, 0.00000e+0, 3.18306e+0, 0.00000e+0, 2.00000e+1, 0.00000e+0, 2.00000e+1, 0.00000e+0, 3, 5, 
06/14/2020 08:58:38.476, 06/14/2020 08:58:38.411, 3.51045e+0, 0.00000e+0, 1.54085e+0, 0.00000e+0, 3.99381e+0, 0.00000e+0, 1.02245e+4, 0.00000e+0, 7.61803e+2, 0.00000e+0, 4.03506e+0, 0.00000e+0, 7.69672e+2, 0.00000e+0, 5.02090e+2, 0.00000e+0, 2.23701e+1, 0.00000e+0, 2.30914e+1, 0.00000e+0, 3.59091e+0, 0.00000e+0, 3.18497e+0, 0.00000e+0, 2.00000e+1, 0.00000e+0, 2.00000e+1, 0.00000e+0, 3, 5, 
06/14/2020 08:58:39.459, 06/14/2020 08:58:39.406, 3.51483e+0, 0.00000e+0, 2.18702e+0, 0.00000e+0, 4.00024e+0, 0.00000e+0, 1.03785e+4, 0.00000e+0, 7.63140e+2, 0.00000e+0, 4.04219e+0, 0.00000e+0, 7.71143e+2, 0.00000e+0, 5.01869e+2, 0.00000e+0, 2.23643e+1, 0.00000e+0, 2.30995e+1, 0.00000e+0, 3.59112e+0, 0.00000e+0, 3.18287e+0, 0.00000e+0, 2.00000e+1, 0.00000e+0, 2.00000e+1, 0.00000e+0, 3, 5, 
06/14/2020 08:58:40.473, 06/14/2020 08:58:40.416, 3.50751e+0, 0.00000e+0, 1.10744e+0, 0.00000e+0, 4.03004e+0, 0.00000e+0, 1.05150e+4, 0.00000e+0, 7.68834e+2, 0.00000e+0, 4.07287e+0, 0.00000e+0, 7.77004e+2, 0.00000e+0, 5.01889e+2, 0.00000e+0, 2.24370e+1, 0.00000e+0, 2.30879e+1, 0.00000e+0, 3.59045e+0, 0.00000e+0, 3.18334e+0, 0.00000e+0, 2.00000e+1, 0.00000e+0, 2.00000e+1, 0.00000e+0, 3, 5, 
06/14/2020 08:58:41.456, 06/14/2020 08:58:41.402, 3.51132e+0, 0.00000e+0, 1.66986e+0, 0.00000e+0, 4.05563e+0, 0.00000e+0, 1.02224e+4, 0.00000e+0, 7.72353e+2, 0.00000e+0, 4.09751e+0, 0.00000e+0, 7.80330e+2, 0.00000e+0, 5.02100e+2, 0.00000e+0, 2.23791e+1, 0.00000e+0, 2.31115e+1, 0.00000e+0, 3.59084e+0, 0.00000e+0, 3.18630e+0, 0.00000e+0, 2.00000e+1, 0.00000e+0, 2.00000e+1, 0.00000e+0, 3, 5, 
06/14/2020 08:58:42.456, 06/14/2020 08:58:42.397, 3.51401e+0, 0.00000e+0, 2.06673e+0, 0.00000e+0, 4.07388e+0, 0.00000e+0, 1.01127e+4, 0.00000e+0, 7.78264e+2, 0.00000e+0, 4.11550e+0, 0.00000e+0, 7.86215e+2, 0.00000e+0, 5.01917e+2, 0.00000e+0, 2.23493e+1, 0.00000e+0, 2.31245e+1, 0.00000e+0, 3.58999e+0, 0.00000e+0, 3.18367e+0, 0.00000e+0, 2.00000e+1, 0.00000e+0, 2.00000e+1, 0.00000e+0, 3, 5, 
