SN:3K60180500001583 BD:Jul 23 2018 VC:834b9c1 MD5:48f99e4865ed8b810be1bb0eaaabf929
SysTime,                      Time,         Batt_v,      Batt_v_sd,   BATT_PERCENT,BATT_PERCENT_sd,      [CH4]_ppm,   [CH4]_ppm_sd,      [H2O]_ppm,   [H2O]_ppm_sd,      [CO2]_ppm,   [CO2]_ppm_sd,     [CH4]d_ppm,  [CH4]d_ppm_sd,     [CO2]d_ppm,  [CO2]d_ppm_sd,      GasP_torr,   GasP_torr_sd,         GasT_C,      GasT_C_sd,         AmbT_C,      AmbT_C_sd,         RD0_us,      RD0_us_sd,         RD1_us,      RD1_us_sd, Temp_Status_mA,Temp_Status_mA_sd,Analyzer_Status_mA,Analyzer_Status_mA_sd,       Fit_Flag,      MIU_VALVE,       MIU_DESC
07/24/2020 11:03:52.384, 07/24/2020 11:03:52.327, 4.15708e+0, 0.00000e+0, 9.69152e+1, 0.00000e+0, 4.96778e+0, 0.00000e+0, 1.31701e+4, 0.00000e+0, 7.84424e+2, 0.00000e+0, 5.03408e+0, 0.00000e+0, 7.94893e+2, 0.00000e+0, 5.01748e+2, 0.00000e+0, 2.58470e+1, 0.00000e+0, 2.62683e+1, 0.00000e+0, 3.59481e+0, 0.00000e+0, 3.18525e+0, 0.00000e+0, 2.00000e+1, 0.00000e+0, 2.00000e+1, 0.00000e+0, 2, 1, 
07/24/2020 11:03:53.374, 07/24/2020 11:03:53.322, 4.15698e+0, 0.00000e+0, 9.68992e+1, 0.00000e+0, 4.99458e+0, 0.00000e+0, 1.46189e+4, 0.00000e+0, 7.91832e+2, 0.00000e+0, 5.06867e+0, 0.00000e+0, 8.03580e+2, 0.00000e+0, 5.01749e+2, 0.00000e+0, 2.58463e+1, 0.00000e+0, 2.62762e+1, 0.00000e+0, 3.59142e+0, 0.00000e+0, 3.18429e+0, 0.00000e+0, 2.00000e+1, 0.00000e+0, 2.00000e+1, 0.00000e+0, 2, 1, 
07/24/2020 11:03:54.372, 07/24/2020 11:03:54.317, 4.15735e+0, 0.00000e+0, 9.69549e+1, 0.00000e+0, 4.99633e+0, 0.00000e+0, 1.49831e+4, 0.00000e+0, 7.91699e+2, 0.00000e+0, 5.07233e+0, 0.00000e+0, 8.03742e+2, 0.00000e+0, 5.01747e+2, 0.00000e+0, 2.58457e+1, 0.00000e+0, 2.62887e+1, 0.00000e+0, 3.59251e+0, 0.00000e+0, 3.18398e+0, 0.00000e+0, 2.00000e+1, 0.00000e+0, 2.00000e+1, 0.00000e+0, 2, 1, 
07/24/2020 11:03:55.368, 07/24/2020 11:03:55.310, 4.15735e+0, 0.00000e+0, 9.69536e+1, 0.00000e+0, 4.99720e+0, 0.00000e+0, 1.47379e+4, 0.00000e+0, 7.90474e+2, 0.00000e+0, 5.07195e+0, 0.00000e+0, 8.02298e+2, 0.00000e+0, 5.01772e+2, 0.00000e+0, 2.58485e+1, 0.00000e+0, 2.62959e+1, 0.00000e+0, 3.59350e+0, 0.00000e+0, 3.18474e+0, 0.00000e+0, 2.00000e+1, 0.00000e+0, 2.00000e+1, 0.00000e+0, 2, 1, 
07/24/2020 11:03:56.360, 07/24/2020 11:03:56.307, 4.15723e+0, 0.00000e+0, 9.69369e+1, 0.00000e+0, 5.00912e+0, 0.00000e+0, 1.49951e+4, 0.00000e+0, 7.92219e+2, 0.00000e+0, 5.08537e+0, 0.00000e+0, 8.04279e+2, 0.00000e+0, 5.01755e+2, 0.00000e+0, 2.58514e+1, 0.00000e+0, 2.63067e+1, 0.00000e+0, 3.59422e+0, 0.00000e+0, 3.18178e+0, 0.00000e+0, 2.00000e+1, 0.00000e+0, 2.00000e+1, 0.00000e+0, 2, 1, 
07/24/2020 11:03:57.350, 07/24/2020 11:03:57.301, 4.15742e+0, 0.00000e+0, 9.69643e+1, 0.00000e+0, 5.01424e+0, 0.00000e+0, 1.47999e+4, 0.00000e+0, 7.96807e+2, 0.00000e+0, 5.08956e+0, 0.00000e+0, 8.08777e+2, 0.00000e+0, 5.01759e+2, 0.00000e+0, 2.58393e+1, 0.00000e+0, 2.63110e+1, 0.00000e+0, 3.59506e+0, 0.00000e+0, 3.17990e+0, 0.00000e+0, 2.00000e+1, 0.00000e+0, 2.00000e+1, 0.00000e+0, 2, 1, 
07/24/2020 11:03:58.356, 07/24/2020 11:03:58.294, 4.15729e+0, 0.00000e+0, 9.69448e+1, 0.00000e+0, 5.01278e+0, 0.00000e+0, 1.51937e+4, 0.00000e+0, 7.98387e+2, 0.00000e+0, 5.09012e+0, 0.00000e+0, 8.10705e+2, 0.00000e+0, 5.01767e+2, 0.00000e+0, 2.58371e+1, 0.00000e+0, 2.63212e+1, 0.00000e+0, 3.59442e+0, 0.00000e+0, 3.18011e+0, 0.00000e+0, 2.00000e+1, 0.00000e+0, 2.00000e+1, 0.00000e+0, 2, 1, 
07/24/2020 11:03:59.343, 07/24/2020 11:03:59.290, 4.15625e+0, 0.00000e+0, 9.67922e+1, 0.00000e+0, 5.02085e+0, 0.00000e+0, 1.50143e+4, 0.00000e+0, 7.98233e+2, 0.00000e+0, 5.09739e+0, 0.00000e+0, 8.10401e+2, 0.00000e+0, 5.01749e+2, 0.00000e+0, 2.58430e+1, 0.00000e+0, 2.62989e+1, 0.00000e+0, 3.59559e+0, 0.00000e+0, 3.18091e+0, 0.00000e+0, 2.00000e+1, 0.00000e+0, 2.00000e+1, 0.00000e+0, 2, 1, 
07/24/2020 11:04:00.340, 07/24/2020 11:04:00.284, 4.15616e+0, 0.00000e+0, 9.67794e+1, 0.00000e+0, 5.03456e+0, 0.00000e+0, 1.54216e+4, 0.00000e+0, 7.99981e+2, 0.00000e+0, 5.11342e+0, 0.00000e+0, 8.12511e+2, 0.00000e+0, 5.01707e+2, 0.00000e+0, 2.58432e+1, 0.00000e+0, 2.63065e+1, 0.00000e+0, 3.59314e+0, 0.00000e+0, 3.18058e+0, 0.00000e+0, 2.00000e+1, 0.00000e+0, 2.00000e+1, 0.00000e+0, 2, 1, 
07/24/2020 11:04:01.332, 07/24/2020 11:04:01.278, 4.15668e+0, 0.00000e+0, 9.68558e+1, 0.00000e+0, 5.03234e+0, 0.00000e+0, 1.55260e+4, 0.00000e+0, 7.99070e+2, 0.00000e+0, 5.11170e+0, 0.00000e+0, 8.11672e+2, 0.00000e+0, 5.01744e+2, 0.00000e+0, 2.58511e+1, 0.00000e+0, 2.63249e+1, 0.00000e+0, 3.59575e+0, 0.00000e+0, 3.18475e+0, 0.00000e+0, 2.00000e+1, 0.00000e+0, 2.00000e+1, 0.00000e+0, 2, 1, 
07/24/2020 11:04:02.329, 07/24/2020 11:04:02.272, 4.15668e+0, 0.00000e+0, 9.68552e+1, 0.00000e+0, 5.02778e+0, 0.00000e+0, 1.59181e+4, 0.00000e+0, 8.00752e+2, 0.00000e+0, 5.10910e+0, 0.00000e+0, 8.13705e+2, 0.00000e+0, 5.01769e+2, 0.00000e+0, 2.58492e+1, 0.00000e+0, 2.63392e+1, 0.00000e+0, 3.59948e+0, 0.00000e+0, 3.18465e+0, 0.00000e+0, 2.00000e+1, 0.00000e+0, 2.00000e+1, 0.00000e+0, 2, 1, 
07/24/2020 11:04:03.360, 07/24/2020 11:04:03.267, 4.15672e+0, 0.00000e+0, 9.68613e+1, 0.00000e+0, 5.00963e+0, 0.00000e+0, 1.60297e+4, 0.00000e+0, 7.95249e+2, 0.00000e+0, 5.09125e+0, 0.00000e+0, 8.08204e+2, 0.00000e+0, 5.01755e+2, 0.00000e+0, 2.58512e+1, 0.00000e+0, 2.63485e+1, 0.00000e+0, 3.59814e+0, 0.00000e+0, 3.18444e+0, 0.00000e+0, 2.00000e+1, 0.00000e+0, 2.00000e+1, 0.00000e+0, 3, 1, 
07/24/2020 11:04:04.350, 07/24/2020 11:04:04.262, 4.15646e+0, 0.00000e+0, 9.68227e+1, 0.00000e+0, 4.98966e+0, 0.00000e+0, 1.55898e+4, 0.00000e+0, 7.94730e+2, 0.00000e+0, 5.06868e+0, 0.00000e+0, 8.07316e+2, 0.00000e+0, 5.01765e+2, 0.00000e+0, 2.58541e+1, 0.00000e+0, 2.63552e+1, 0.00000e+0, 3.59922e+0, 0.00000e+0, 3.18540e+0, 0.00000e+0, 2.00000e+1, 0.00000e+0, 2.00000e+1, 0.00000e+0, 3, 1, 
07/24/2020 11:04:05.331, 07/24/2020 11:04:05.256, 4.15671e+0, 0.00000e+0, 9.68603e+1, 0.00000e+0, 4.96855e+0, 0.00000e+0, 1.63598e+4, 0.00000e+0, 7.91690e+2, 0.00000e+0, 5.05118e+0, 0.00000e+0, 8.04857e+2, 0.00000e+0, 5.01762e+2, 0.00000e+0, 2.58530e+1, 0.00000e+0, 2.63608e+1, 0.00000e+0, 3.59919e+0, 0.00000e+0, 3.18539e+0, 0.00000e+0, 2.00000e+1, 0.00000e+0, 2.00000e+1, 0.00000e+0, 3, 1, 
07/24/2020 11:04:06.325, 07/24/2020 11:04:06.250, 4.15660e+0, 0.00000e+0, 9.68436e+1, 0.00000e+0, 4.95386e+0, 0.00000e+0, 1.60634e+4, 0.00000e+0, 7.91824e+2, 0.00000e+0, 5.03474e+0, 0.00000e+0, 8.04751e+2, 0.00000e+0, 5.01769e+2, 0.00000e+0, 2.58530e+1, 0.00000e+0, 2.63716e+1, 0.00000e+0, 3.59825e+0, 0.00000e+0, 3.18283e+0, 0.00000e+0, 2.00000e+1, 0.00000e+0, 2.00000e+1, 0.00000e+0, 3, 1, 
07/24/2020 11:04:07.312, 07/24/2020 11:04:07.245, 4.15692e+0, 0.00000e+0, 9.68915e+1, 0.00000e+0, 4.94825e+0, 0.00000e+0, 1.63315e+4, 0.00000e+0, 7.87692e+2, 0.00000e+0, 5.03041e+0, 0.00000e+0, 8.00769e+2, 0.00000e+0, 5.01784e+2, 0.00000e+0, 2.58657e+1, 0.00000e+0, 2.63746e+1, 0.00000e+0, 3.59990e+0, 0.00000e+0, 3.18322e+0, 0.00000e+0, 2.00000e+1, 0.00000e+0, 2.00000e+1, 0.00000e+0, 3, 1, 
07/24/2020 11:04:08.294, 07/24/2020 11:04:08.240, 4.15677e+0, 0.00000e+0, 9.68682e+1, 0.00000e+0, 4.95023e+0, 0.00000e+0, 1.63794e+4, 0.00000e+0, 7.84249e+2, 0.00000e+0, 5.03266e+0, 0.00000e+0, 7.97308e+2, 0.00000e+0, 5.01778e+2, 0.00000e+0, 2.58598e+1, 0.00000e+0, 2.63913e+1, 0.00000e+0, 3.59787e+0, 0.00000e+0, 3.18417e+0, 0.00000e+0, 2.00000e+1, 0.00000e+0, 2.00000e+1, 0.00000e+0, 3, 1, 
07/24/2020 11:04:09.290, 07/24/2020 11:04:09.234, 4.15684e+0, 0.00000e+0, 9.68788e+1, 0.00000e+0, 4.94743e+0, 0.00000e+0, 1.59513e+4, 0.00000e+0, 7.92729e+2, 0.00000e+0, 5.02762e+0, 0.00000e+0, 8.05579e+2, 0.00000e+0, 5.01752e+2, 0.00000e+0, 2.58565e+1, 0.00000e+0, 2.64012e+1, 0.00000e+0, 3.59879e+0, 0.00000e+0, 3.18233e+0, 0.00000e+0, 2.00000e+1, 0.00000e+0, 2.00000e+1, 0.00000e+0, 3, 1, 
07/24/2020 11:04:10.287, 07/24/2020 11:04:10.228, 4.15659e+0, 0.00000e+0, 9.68419e+1, 0.00000e+0, 4.95109e+0, 0.00000e+0, 1.57229e+4, 0.00000e+0, 7.87281e+2, 0.00000e+0, 5.03018e+0, 0.00000e+0, 7.99857e+2, 0.00000e+0, 5.01769e+2, 0.00000e+0, 2.58590e+1, 0.00000e+0, 2.64051e+1, 0.00000e+0, 3.59917e+0, 0.00000e+0, 3.18338e+0, 0.00000e+0, 2.00000e+1, 0.00000e+0, 2.00000e+1, 0.00000e+0, 3, 1, 
07/24/2020 11:04:11.285, 07/24/2020 11:04:11.224, 4.15675e+0, 0.00000e+0, 9.68658e+1, 0.00000e+0, 4.96701e+0, 0.00000e+0, 1.67650e+4, 0.00000e+0, 7.89836e+2, 0.00000e+0, 5.05170e+0, 0.00000e+0, 8.03303e+2, 0.00000e+0, 5.01773e+2, 0.00000e+0, 2.58607e+1, 0.00000e+0, 2.64204e+1, 0.00000e+0, 3.59568e+0, 0.00000e+0, 3.18358e+0, 0.00000e+0, 2.00000e+1, 0.00000e+0, 2.00000e+1, 0.00000e+0, 3, 2, 
07/24/2020 11:04:12.279, 07/24/2020 11:04:12.218, 4.15702e+0, 0.00000e+0, 9.69053e+1, 0.00000e+0, 4.97041e+0, 0.00000e+0, 1.58102e+4, 0.00000e+0, 7.92104e+2, 0.00000e+0, 5.05026e+0, 0.00000e+0, 8.04829e+2, 0.00000e+0, 5.01762e+2, 0.00000e+0, 2.58639e+1, 0.00000e+0, 2.64289e+1, 0.00000e+0, 3.59560e+0, 0.00000e+0, 3.18281e+0, 0.00000e+0, 2.00000e+1, 0.00000e+0, 2.00000e+1, 0.00000e+0, 3, 2, 
07/24/2020 11:04:13.266, 07/24/2020 11:04:13.212, 4.15678e+0, 0.00000e+0, 9.68705e+1, 0.00000e+0, 4.98532e+0, 0.00000e+0, 1.61881e+4, 0.00000e+0, 7.93107e+2, 0.00000e+0, 5.06735e+0, 0.00000e+0, 8.06157e+2, 0.00000e+0, 5.01741e+2, 0.00000e+0, 2.58642e+1, 0.00000e+0, 2.64378e+1, 0.00000e+0, 3.59881e+0, 0.00000e+0, 3.18255e+0, 0.00000e+0, 2.00000e+1, 0.00000e+0, 2.00000e+1, 0.00000e+0, 3, 2, 
07/24/2020 11:04:14.263, 07/24/2020 11:04:14.207, 4.15693e+0, 0.00000e+0, 9.68929e+1, 0.00000e+0, 4.98665e+0, 0.00000e+0, 1.63050e+4, 0.00000e+0, 7.90771e+2, 0.00000e+0, 5.06930e+0, 0.00000e+0, 8.03878e+2, 0.00000e+0, 5.01766e+2, 0.00000e+0, 2.58666e+1, 0.00000e+0, 2.64476e+1, 0.00000e+0, 3.59848e+0, 0.00000e+0, 3.18445e+0, 0.00000e+0, 2.00000e+1, 0.00000e+0, 2.00000e+1, 0.00000e+0, 3, 2, 
07/24/2020 11:04:15.258, 07/24/2020 11:04:15.202, 4.15674e+0, 0.00000e+0, 9.68647e+1, 0.00000e+0, 4.99525e+0, 0.00000e+0, 1.70835e+4, 0.00000e+0, 7.96749e+2, 0.00000e+0, 5.08207e+0, 0.00000e+0, 8.10596e+2, 0.00000e+0, 5.01756e+2, 0.00000e+0, 2.58684e+1, 0.00000e+0, 2.64582e+1, 0.00000e+0, 3.59858e+0, 0.00000e+0, 3.18341e+0, 0.00000e+0, 2.00000e+1, 0.00000e+0, 2.00000e+1, 0.00000e+0, 3, 2, 
07/24/2020 11:04:16.253, 07/24/2020 11:04:16.196, 4.15677e+0, 0.00000e+0, 9.68686e+1, 0.00000e+0, 5.00645e+0, 0.00000e+0, 1.62355e+4, 0.00000e+0, 7.98850e+2, 0.00000e+0, 5.08907e+0, 0.00000e+0, 8.12034e+2, 0.00000e+0, 5.01753e+2, 0.00000e+0, 2.58711e+1, 0.00000e+0, 2.64639e+1, 0.00000e+0, 3.59850e+0, 0.00000e+0, 3.18254e+0, 0.00000e+0, 2.00000e+1, 0.00000e+0, 2.00000e+1, 0.00000e+0, 3, 2, 
07/24/2020 11:04:17.243, 07/24/2020 11:04:17.190, 4.15690e+0, 0.00000e+0, 9.68874e+1, 0.00000e+0, 5.00239e+0, 0.00000e+0, 1.57173e+4, 0.00000e+0, 7.96291e+2, 0.00000e+0, 5.08227e+0, 0.00000e+0, 8.09006e+2, 0.00000e+0, 5.01766e+2, 0.00000e+0, 2.58801e+1, 0.00000e+0, 2.64764e+1, 0.00000e+0, 3.60035e+0, 0.00000e+0, 3.18251e+0, 0.00000e+0, 2.00000e+1, 0.00000e+0, 2.00000e+1, 0.00000e+0, 3, 2, 
07/24/2020 11:04:18.279, 07/24/2020 11:04:18.186, 4.15693e+0, 0.00000e+0, 9.68918e+1, 0.00000e+0, 5.01273e+0, 0.00000e+0, 1.67167e+4, 0.00000e+0, 7.94214e+2, 0.00000e+0, 5.09795e+0, 0.00000e+0, 8.07716e+2, 0.00000e+0, 5.01763e+2, 0.00000e+0, 2.58840e+1, 0.00000e+0, 2.64710e+1, 0.00000e+0, 3.60092e+0, 0.00000e+0, 3.18205e+0, 0.00000e+0, 2.00000e+1, 0.00000e+0, 2.00000e+1, 0.00000e+0, 3, 2, 
07/24/2020 11:04:19.238, 07/24/2020 11:04:19.180, 4.15659e+0, 0.00000e+0, 9.68418e+1, 0.00000e+0, 5.01246e+0, 0.00000e+0, 1.61272e+4, 0.00000e+0, 7.96635e+2, 0.00000e+0, 5.09462e+0, 0.00000e+0, 8.09693e+2, 0.00000e+0, 5.01747e+2, 0.00000e+0, 2.58788e+1, 0.00000e+0, 2.64954e+1, 0.00000e+0, 3.59853e+0, 0.00000e+0, 3.18267e+0, 0.00000e+0, 2.00000e+1, 0.00000e+0, 2.00000e+1, 0.00000e+0, 3, 2, 
07/24/2020 11:04:20.231, 07/24/2020 11:04:20.174, 4.15697e+0, 0.00000e+0, 9.68977e+1, 0.00000e+0, 5.01155e+0, 0.00000e+0, 1.66231e+4, 0.00000e+0, 7.94666e+2, 0.00000e+0, 5.09627e+0, 0.00000e+0, 8.08099e+2, 0.00000e+0, 5.01745e+2, 0.00000e+0, 2.58883e+1, 0.00000e+0, 2.64977e+1, 0.00000e+0, 3.59848e+0, 0.00000e+0, 3.18348e+0, 0.00000e+0, 2.00000e+1, 0.00000e+0, 2.00000e+1, 0.00000e+0, 3, 2, 
07/24/2020 11:04:21.226, 07/24/2020 11:04:21.168, 4.15680e+0, 0.00000e+0, 9.68725e+1, 0.00000e+0, 5.01463e+0, 0.00000e+0, 1.63755e+4, 0.00000e+0, 7.95383e+2, 0.00000e+0, 5.09811e+0, 0.00000e+0, 8.08624e+2, 0.00000e+0, 5.01730e+2, 0.00000e+0, 2.58842e+1, 0.00000e+0, 2.65042e+1, 0.00000e+0, 3.60141e+0, 0.00000e+0, 3.18276e+0, 0.00000e+0, 2.00000e+1, 0.00000e+0, 2.00000e+1, 0.00000e+0, 3, 2, 
07/24/2020 11:04:22.236, 07/24/2020 11:04:22.164, 4.15670e+0, 0.00000e+0, 9.68584e+1, 0.00000e+0, 5.01659e+0, 0.00000e+0, 1.59714e+4, 0.00000e+0, 7.94918e+2, 0.00000e+0, 5.09801e+0, 0.00000e+0, 8.07820e+2, 0.00000e+0, 5.01737e+2, 0.00000e+0, 2.58939e+1, 0.00000e+0, 2.65107e+1, 0.00000e+0, 3.59929e+0, 0.00000e+0, 3.18208e+0, 0.00000e+0, 2.00000e+1, 0.00000e+0, 2.00000e+1, 0.00000e+0, 3, 2, 
07/24/2020 11:04:23.212, 07/24/2020 11:04:23.158, 4.15686e+0, 0.00000e+0, 9.68827e+1, 0.00000e+0, 5.00841e+0, 0.00000e+0, 1.70303e+4, 0.00000e+0, 7.97626e+2, 0.00000e+0, 5.09519e+0, 0.00000e+0, 8.11445e+2, 0.00000e+0, 5.01765e+2, 0.00000e+0, 2.58919e+1, 0.00000e+0, 2.65229e+1, 0.00000e+0, 3.60050e+0, 0.00000e+0, 3.18244e+0, 0.00000e+0, 2.00000e+1, 0.00000e+0, 2.00000e+1, 0.00000e+0, 3, 2, 
07/24/2020 11:04:24.210, 07/24/2020 11:04:24.152, 4.15696e+0, 0.00000e+0, 9.68973e+1, 0.00000e+0, 5.00923e+0, 0.00000e+0, 1.65387e+4, 0.00000e+0, 8.00361e+2, 0.00000e+0, 5.09347e+0, 0.00000e+0, 8.13821e+2, 0.00000e+0, 5.01775e+2, 0.00000e+0, 2.59027e+1, 0.00000e+0, 2.65334e+1, 0.00000e+0, 3.59913e+0, 0.00000e+0, 3.18397e+0, 0.00000e+0, 2.00000e+1, 0.00000e+0, 2.00000e+1, 0.00000e+0, 3, 2, 
07/24/2020 11:04:25.221, 07/24/2020 11:04:25.146, 4.15691e+0, 0.00000e+0, 9.68889e+1, 0.00000e+0, 4.99741e+0, 0.00000e+0, 1.71637e+4, 0.00000e+0, 7.95560e+2, 0.00000e+0, 5.08468e+0, 0.00000e+0, 8.09454e+2, 0.00000e+0, 5.01744e+2, 0.00000e+0, 2.58913e+1, 0.00000e+0, 2.65379e+1, 0.00000e+0, 3.59852e+0, 0.00000e+0, 3.18316e+0, 0.00000e+0, 2.00000e+1, 0.00000e+0, 2.00000e+1, 0.00000e+0, 3, 2, 
07/24/2020 11:04:26.224, 07/24/2020 11:04:26.141, 4.15658e+0, 0.00000e+0, 9.68407e+1, 0.00000e+0, 5.00150e+0, 0.00000e+0, 1.66115e+4, 0.00000e+0, 7.95160e+2, 0.00000e+0, 5.08599e+0, 0.00000e+0, 8.08592e+2, 0.00000e+0, 5.01745e+2, 0.00000e+0, 2.58936e+1, 0.00000e+0, 2.65440e+1, 0.00000e+0, 3.59922e+0, 0.00000e+0, 3.18076e+0, 0.00000e+0, 2.00000e+1, 0.00000e+0, 2.00000e+1, 0.00000e+0, 3, 2, 
07/24/2020 11:04:27.190, 07/24/2020 11:04:27.135, 4.15692e+0, 0.00000e+0, 9.68913e+1, 0.00000e+0, 4.97821e+0, 0.00000e+0, 1.66301e+4, 0.00000e+0, 7.99348e+2, 0.00000e+0, 5.06239e+0, 0.00000e+0, 8.12866e+2, 0.00000e+0, 5.01768e+2, 0.00000e+0, 2.58968e+1, 0.00000e+0, 2.65569e+1, 0.00000e+0, 3.59835e+0, 0.00000e+0, 3.18198e+0, 0.00000e+0, 2.00000e+1, 0.00000e+0, 2.00000e+1, 0.00000e+0, 3, 2, 
07/24/2020 11:04:28.199, 07/24/2020 11:04:28.130, 4.15687e+0, 0.00000e+0, 9.68836e+1, 0.00000e+0, 4.99291e+0, 0.00000e+0, 1.64716e+4, 0.00000e+0, 7.90632e+2, 0.00000e+0, 5.07653e+0, 0.00000e+0, 8.03873e+2, 0.00000e+0, 5.01755e+2, 0.00000e+0, 2.59070e+1, 0.00000e+0, 2.65661e+1, 0.00000e+0, 3.60097e+0, 0.00000e+0, 3.18246e+0, 0.00000e+0, 2.00000e+1, 0.00000e+0, 2.00000e+1, 0.00000e+0, 3, 2, 
07/24/2020 11:04:29.181, 07/24/2020 11:04:29.125, 4.15707e+0, 0.00000e+0, 9.69128e+1, 0.00000e+0, 4.96895e+0, 0.00000e+0, 1.70206e+4, 0.00000e+0, 7.97651e+2, 0.00000e+0, 5.05499e+0, 0.00000e+0, 8.11463e+2, 0.00000e+0, 5.01779e+2, 0.00000e+0, 2.59205e+1, 0.00000e+0, 2.65789e+1, 0.00000e+0, 3.59802e+0, 0.00000e+0, 3.18207e+0, 0.00000e+0, 2.00000e+1, 0.00000e+0, 2.00000e+1, 0.00000e+0, 3, 2, 
07/24/2020 11:04:30.177, 07/24/2020 11:04:30.119, 4.15695e+0, 0.00000e+0, 9.68951e+1, 0.00000e+0, 5.00305e+0, 0.00000e+0, 1.51453e+4, 0.00000e+0, 7.90920e+2, 0.00000e+0, 5.07999e+0, 0.00000e+0, 8.03083e+2, 0.00000e+0, 5.01741e+2, 0.00000e+0, 2.59142e+1, 0.00000e+0, 2.65884e+1, 0.00000e+0, 3.59617e+0, 0.00000e+0, 3.18207e+0, 0.00000e+0, 2.00000e+1, 0.00000e+0, 2.00000e+1, 0.00000e+0, 3, 2, 
07/24/2020 11:04:31.166, 07/24/2020 11:04:31.113, 4.15710e+0, 0.00000e+0, 9.69172e+1, 0.00000e+0, 4.97614e+0, 0.00000e+0, 1.71796e+4, 0.00000e+0, 7.90302e+2, 0.00000e+0, 5.06312e+0, 0.00000e+0, 8.04116e+2, 0.00000e+0, 5.01771e+2, 0.00000e+0, 2.59297e+1, 0.00000e+0, 2.65928e+1, 0.00000e+0, 3.59526e+0, 0.00000e+0, 3.18149e+0, 0.00000e+0, 2.00000e+1, 0.00000e+0, 2.00000e+1, 0.00000e+0, 3, 2, 
07/24/2020 11:04:32.162, 07/24/2020 11:04:32.108, 4.15721e+0, 0.00000e+0, 9.69344e+1, 0.00000e+0, 4.97707e+0, 0.00000e+0, 1.72904e+4, 0.00000e+0, 7.99029e+2, 0.00000e+0, 5.06464e+0, 0.00000e+0, 8.13088e+2, 0.00000e+0, 5.01745e+2, 0.00000e+0, 2.59226e+1, 0.00000e+0, 2.66056e+1, 0.00000e+0, 3.59693e+0, 0.00000e+0, 3.18381e+0, 0.00000e+0, 2.00000e+1, 0.00000e+0, 2.00000e+1, 0.00000e+0, 3, 2, 
07/24/2020 11:04:33.157, 07/24/2020 11:04:33.102, 4.15698e+0, 0.00000e+0, 9.69002e+1, 0.00000e+0, 5.00281e+0, 0.00000e+0, 1.69760e+4, 0.00000e+0, 7.98381e+2, 0.00000e+0, 5.08920e+0, 0.00000e+0, 8.12168e+2, 0.00000e+0, 5.01753e+2, 0.00000e+0, 2.59347e+1, 0.00000e+0, 2.66119e+1, 0.00000e+0, 3.59616e+0, 0.00000e+0, 3.18425e+0, 0.00000e+0, 2.00000e+1, 0.00000e+0, 2.00000e+1, 0.00000e+0, 3, 2, 
07/24/2020 11:04:34.180, 07/24/2020 11:04:34.097, 4.15694e+0, 0.00000e+0, 9.68938e+1, 0.00000e+0, 4.99849e+0, 0.00000e+0, 1.63616e+4, 0.00000e+0, 7.95450e+2, 0.00000e+0, 5.08164e+0, 0.00000e+0, 8.08682e+2, 0.00000e+0, 5.01740e+2, 0.00000e+0, 2.59219e+1, 0.00000e+0, 2.66213e+1, 0.00000e+0, 3.59243e+0, 0.00000e+0, 3.18470e+0, 0.00000e+0, 2.00000e+1, 0.00000e+0, 2.00000e+1, 0.00000e+0, 3, 2, 
07/24/2020 11:04:35.146, 07/24/2020 11:04:35.092, 4.15664e+0, 0.00000e+0, 9.68500e+1, 0.00000e+0, 4.97838e+0, 0.00000e+0, 1.71869e+4, 0.00000e+0, 7.92282e+2, 0.00000e+0, 5.06544e+0, 0.00000e+0, 8.06137e+2, 0.00000e+0, 5.01746e+2, 0.00000e+0, 2.59289e+1, 0.00000e+0, 2.66275e+1, 0.00000e+0, 3.59412e+0, 0.00000e+0, 3.18527e+0, 0.00000e+0, 2.00000e+1, 0.00000e+0, 2.00000e+1, 0.00000e+0, 3, 2, 
07/24/2020 11:04:36.147, 07/24/2020 11:04:36.086, 4.15704e+0, 0.00000e+0, 9.69079e+1, 0.00000e+0, 4.98904e+0, 0.00000e+0, 1.72443e+4, 0.00000e+0, 7.98350e+2, 0.00000e+0, 5.07658e+0, 0.00000e+0, 8.12359e+2, 0.00000e+0, 5.01766e+2, 0.00000e+0, 2.59316e+1, 0.00000e+0, 2.66385e+1, 0.00000e+0, 3.59196e+0, 0.00000e+0, 3.18728e+0, 0.00000e+0, 2.00000e+1, 0.00000e+0, 2.00000e+1, 0.00000e+0, 3, 2, 
07/24/2020 11:04:37.142, 07/24/2020 11:04:37.082, 4.15713e+0, 0.00000e+0, 9.69226e+1, 0.00000e+0, 5.01271e+0, 0.00000e+0, 1.65853e+4, 0.00000e+0, 7.91112e+2, 0.00000e+0, 5.09725e+0, 0.00000e+0, 8.04454e+2, 0.00000e+0, 5.01709e+2, 0.00000e+0, 2.59349e+1, 0.00000e+0, 2.66438e+1, 0.00000e+0, 3.59157e+0, 0.00000e+0, 3.18651e+0, 0.00000e+0, 2.00000e+1, 0.00000e+0, 2.00000e+1, 0.00000e+0, 3, 2, 
07/24/2020 11:04:38.132, 07/24/2020 11:04:38.075, 4.15655e+0, 0.00000e+0, 9.68369e+1, 0.00000e+0, 5.01036e+0, 0.00000e+0, 1.56908e+4, 0.00000e+0, 7.98048e+2, 0.00000e+0, 5.09023e+0, 0.00000e+0, 8.10770e+2, 0.00000e+0, 5.01741e+2, 0.00000e+0, 2.59349e+1, 0.00000e+0, 2.66620e+1, 0.00000e+0, 3.59306e+0, 0.00000e+0, 3.18673e+0, 0.00000e+0, 2.00000e+1, 0.00000e+0, 2.00000e+1, 0.00000e+0, 3, 2, 
07/24/2020 11:04:39.128, 07/24/2020 11:04:39.071, 4.15707e+0, 0.00000e+0, 9.69124e+1, 0.00000e+0, 5.01340e+0, 0.00000e+0, 1.76305e+4, 0.00000e+0, 7.92010e+2, 0.00000e+0, 5.10337e+0, 0.00000e+0, 8.06224e+2, 0.00000e+0, 5.01735e+2, 0.00000e+0, 2.59381e+1, 0.00000e+0, 2.66714e+1, 0.00000e+0, 3.59339e+0, 0.00000e+0, 3.18729e+0, 0.00000e+0, 2.00000e+1, 0.00000e+0, 2.00000e+1, 0.00000e+0, 3, 2, 
07/24/2020 11:04:40.119, 07/24/2020 11:04:40.065, 4.15693e+0, 0.00000e+0, 9.68919e+1, 0.00000e+0, 5.00126e+0, 0.00000e+0, 1.70783e+4, 0.00000e+0, 8.07937e+2, 0.00000e+0, 5.08816e+0, 0.00000e+0, 8.21975e+2, 0.00000e+0, 5.01742e+2, 0.00000e+0, 2.59355e+1, 0.00000e+0, 2.66785e+1, 0.00000e+0, 3.59565e+0, 0.00000e+0, 3.18415e+0, 0.00000e+0, 2.00000e+1, 0.00000e+0, 2.00000e+1, 0.00000e+0, 3, 2, 
07/24/2020 11:04:41.128, 07/24/2020 11:04:41.059, 4.15687e+0, 0.00000e+0, 9.68831e+1, 0.00000e+0, 5.02371e+0, 0.00000e+0, 1.72249e+4, 0.00000e+0, 7.96506e+2, 0.00000e+0, 5.11176e+0, 0.00000e+0, 8.10466e+2, 0.00000e+0, 5.01720e+2, 0.00000e+0, 2.59427e+1, 0.00000e+0, 2.66880e+1, 0.00000e+0, 3.59573e+0, 0.00000e+0, 3.18551e+0, 0.00000e+0, 2.00000e+1, 0.00000e+0, 2.00000e+1, 0.00000e+0, 3, 3, 
07/24/2020 11:04:42.142, 07/24/2020 11:04:42.054, 4.15675e+0, 0.00000e+0, 9.68651e+1, 0.00000e+0, 5.02914e+0, 0.00000e+0, 1.67530e+4, 0.00000e+0, 8.00217e+2, 0.00000e+0, 5.11483e+0, 0.00000e+0, 8.13851e+2, 0.00000e+0, 5.01748e+2, 0.00000e+0, 2.59359e+1, 0.00000e+0, 2.66936e+1, 0.00000e+0, 3.59590e+0, 0.00000e+0, 3.18487e+0, 0.00000e+0, 2.00000e+1, 0.00000e+0, 2.00000e+1, 0.00000e+0, 3, 3, 
07/24/2020 11:04:43.122, 07/24/2020 11:04:43.048, 4.15667e+0, 0.00000e+0, 9.68535e+1, 0.00000e+0, 5.01769e+0, 0.00000e+0, 1.77101e+4, 0.00000e+0, 8.01624e+2, 0.00000e+0, 5.10815e+0, 0.00000e+0, 8.16077e+2, 0.00000e+0, 5.01709e+2, 0.00000e+0, 2.59355e+1, 0.00000e+0, 2.66966e+1, 0.00000e+0, 3.59697e+0, 0.00000e+0, 3.18535e+0, 0.00000e+0, 2.00000e+1, 0.00000e+0, 2.00000e+1, 0.00000e+0, 3, 3, 
07/24/2020 11:04:44.107, 07/24/2020 11:04:44.049, 4.15681e+0, 0.00000e+0, 9.68742e+1, 0.00000e+0, 5.02912e+0, 0.00000e+0, 1.75850e+4, 0.00000e+0, 8.09869e+2, 0.00000e+0, 5.11914e+0, 0.00000e+0, 8.24366e+2, 0.00000e+0, 5.01717e+2, 0.00000e+0, 2.59379e+1, 0.00000e+0, 2.67077e+1, 0.00000e+0, 3.59835e+0, 0.00000e+0, 3.18518e+0, 0.00000e+0, 2.00000e+1, 0.00000e+0, 2.00000e+1, 0.00000e+0, 3, 3, 
07/24/2020 11:04:45.133, 07/24/2020 11:04:45.043, 4.15691e+0, 0.00000e+0, 9.68895e+1, 0.00000e+0, 5.04649e+0, 0.00000e+0, 1.70692e+4, 0.00000e+0, 8.07754e+2, 0.00000e+0, 5.13413e+0, 0.00000e+0, 8.21781e+2, 0.00000e+0, 5.01723e+2, 0.00000e+0, 2.59486e+1, 0.00000e+0, 2.67215e+1, 0.00000e+0, 3.59739e+0, 0.00000e+0, 3.18486e+0, 0.00000e+0, 2.00000e+1, 0.00000e+0, 2.00000e+1, 0.00000e+0, 3, 3, 
07/24/2020 11:04:46.092, 07/24/2020 11:04:46.038, 4.15697e+0, 0.00000e+0, 9.68985e+1, 0.00000e+0, 5.04776e+0, 0.00000e+0, 1.63427e+4, 0.00000e+0, 8.04729e+2, 0.00000e+0, 5.13163e+0, 0.00000e+0, 8.18099e+2, 0.00000e+0, 5.01693e+2, 0.00000e+0, 2.59544e+1, 0.00000e+0, 2.67245e+1, 0.00000e+0, 3.59684e+0, 0.00000e+0, 3.18258e+0, 0.00000e+0, 2.00000e+1, 0.00000e+0, 2.00000e+1, 0.00000e+0, 3, 3, 
07/24/2020 11:04:47.086, 07/24/2020 11:04:47.033, 4.15707e+0, 0.00000e+0, 9.69132e+1, 0.00000e+0, 5.02904e+0, 0.00000e+0, 1.60134e+4, 0.00000e+0, 7.98994e+2, 0.00000e+0, 5.11088e+0, 0.00000e+0, 8.11996e+2, 0.00000e+0, 5.01732e+2, 0.00000e+0, 2.59671e+1, 0.00000e+0, 2.67380e+1, 0.00000e+0, 3.59892e+0, 0.00000e+0, 3.18407e+0, 0.00000e+0, 2.00000e+1, 0.00000e+0, 2.00000e+1, 0.00000e+0, 3, 3, 
07/24/2020 11:04:48.089, 07/24/2020 11:04:48.028, 4.15698e+0, 0.00000e+0, 9.68999e+1, 0.00000e+0, 5.03302e+0, 0.00000e+0, 1.73168e+4, 0.00000e+0, 7.95743e+2, 0.00000e+0, 5.12172e+0, 0.00000e+0, 8.09765e+2, 0.00000e+0, 5.01712e+2, 0.00000e+0, 2.59646e+1, 0.00000e+0, 2.67498e+1, 0.00000e+0, 3.59787e+0, 0.00000e+0, 3.18155e+0, 0.00000e+0, 2.00000e+1, 0.00000e+0, 2.00000e+1, 0.00000e+0, 3, 3, 
07/24/2020 11:04:49.102, 07/24/2020 11:04:49.022, 4.15699e+0, 0.00000e+0, 9.69010e+1, 0.00000e+0, 5.02071e+0, 0.00000e+0, 1.73775e+4, 0.00000e+0, 8.04973e+2, 0.00000e+0, 5.10950e+0, 0.00000e+0, 8.19209e+2, 0.00000e+0, 5.01726e+2, 0.00000e+0, 2.59551e+1, 0.00000e+0, 2.67633e+1, 0.00000e+0, 3.59884e+0, 0.00000e+0, 3.18086e+0, 0.00000e+0, 2.00000e+1, 0.00000e+0, 2.00000e+1, 0.00000e+0, 3, 3, 
07/24/2020 11:04:50.076, 07/24/2020 11:04:50.016, 4.15717e+0, 0.00000e+0, 9.69284e+1, 0.00000e+0, 5.05074e+0, 0.00000e+0, 1.59910e+4, 0.00000e+0, 8.07064e+2, 0.00000e+0, 5.13282e+0, 0.00000e+0, 8.20179e+2, 0.00000e+0, 5.01695e+2, 0.00000e+0, 2.59607e+1, 0.00000e+0, 2.67686e+1, 0.00000e+0, 3.59913e+0, 0.00000e+0, 3.18153e+0, 0.00000e+0, 2.00000e+1, 0.00000e+0, 2.00000e+1, 0.00000e+0, 3, 3, 
07/24/2020 11:04:51.069, 07/24/2020 11:04:51.012, 4.15707e+0, 0.00000e+0, 9.69131e+1, 0.00000e+0, 5.03551e+0, 0.00000e+0, 1.78545e+4, 0.00000e+0, 8.05072e+2, 0.00000e+0, 5.12705e+0, 0.00000e+0, 8.19707e+2, 0.00000e+0, 5.01708e+2, 0.00000e+0, 2.59605e+1, 0.00000e+0, 2.67818e+1, 0.00000e+0, 3.59894e+0, 0.00000e+0, 3.18191e+0, 0.00000e+0, 2.00000e+1, 0.00000e+0, 2.00000e+1, 0.00000e+0, 3, 3, 
07/24/2020 11:04:52.099, 07/24/2020 11:04:52.006, 4.15712e+0, 0.00000e+0, 9.69211e+1, 0.00000e+0, 5.06331e+0, 0.00000e+0, 1.66622e+4, 0.00000e+0, 8.03710e+2, 0.00000e+0, 5.14910e+0, 0.00000e+0, 8.17329e+2, 0.00000e+0, 5.01721e+2, 0.00000e+0, 2.59665e+1, 0.00000e+0, 2.67917e+1, 0.00000e+0, 3.59997e+0, 0.00000e+0, 3.18308e+0, 0.00000e+0, 2.00000e+1, 0.00000e+0, 2.00000e+1, 0.00000e+0, 3, 3, 
07/24/2020 11:04:53.057, 07/24/2020 11:04:53.000, 4.15725e+0, 0.00000e+0, 9.69397e+1, 0.00000e+0, 5.04976e+0, 0.00000e+0, 1.76757e+4, 0.00000e+0, 8.01016e+2, 0.00000e+0, 5.14062e+0, 0.00000e+0, 8.15429e+2, 0.00000e+0, 5.01702e+2, 0.00000e+0, 2.59699e+1, 0.00000e+0, 2.68020e+1, 0.00000e+0, 3.60136e+0, 0.00000e+0, 3.18296e+0, 0.00000e+0, 2.00000e+1, 0.00000e+0, 2.00000e+1, 0.00000e+0, 3, 3, 
07/24/2020 11:04:54.057, 07/24/2020 11:04:53.996, 4.15716e+0, 0.00000e+0, 9.69269e+1, 0.00000e+0, 5.04499e+0, 0.00000e+0, 1.70680e+4, 0.00000e+0, 8.10808e+2, 0.00000e+0, 5.13259e+0, 0.00000e+0, 8.24887e+2, 0.00000e+0, 5.01696e+2, 0.00000e+0, 2.59704e+1, 0.00000e+0, 2.68148e+1, 0.00000e+0, 3.60212e+0, 0.00000e+0, 3.18266e+0, 0.00000e+0, 2.00000e+1, 0.00000e+0, 2.00000e+1, 0.00000e+0, 3, 3, 
07/24/2020 11:04:55.054, 07/24/2020 11:04:54.990, 4.15702e+0, 0.00000e+0, 9.69061e+1, 0.00000e+0, 5.04765e+0, 0.00000e+0, 1.68363e+4, 0.00000e+0, 8.03591e+2, 0.00000e+0, 5.13408e+0, 0.00000e+0, 8.17353e+2, 0.00000e+0, 5.01694e+2, 0.00000e+0, 2.59701e+1, 0.00000e+0, 2.68164e+1, 0.00000e+0, 3.60186e+0, 0.00000e+0, 3.18380e+0, 0.00000e+0, 2.00000e+1, 0.00000e+0, 2.00000e+1, 0.00000e+0, 3, 3, 
07/24/2020 11:04:56.042, 07/24/2020 11:04:55.983, 4.15717e+0, 0.00000e+0, 9.69274e+1, 0.00000e+0, 5.03565e+0, 0.00000e+0, 1.75342e+4, 0.00000e+0, 8.13165e+2, 0.00000e+0, 5.12552e+0, 0.00000e+0, 8.27678e+2, 0.00000e+0, 5.01709e+2, 0.00000e+0, 2.59749e+1, 0.00000e+0, 2.68324e+1, 0.00000e+0, 3.60286e+0, 0.00000e+0, 3.18236e+0, 0.00000e+0, 2.00000e+1, 0.00000e+0, 2.00000e+1, 0.00000e+0, 3, 3, 
07/24/2020 11:04:57.037, 07/24/2020 11:04:56.978, 4.15722e+0, 0.00000e+0, 9.69347e+1, 0.00000e+0, 5.03668e+0, 0.00000e+0, 1.63366e+4, 0.00000e+0, 7.99859e+2, 0.00000e+0, 5.12033e+0, 0.00000e+0, 8.13143e+2, 0.00000e+0, 5.01716e+2, 0.00000e+0, 2.59787e+1, 0.00000e+0, 2.68376e+1, 0.00000e+0, 3.60223e+0, 0.00000e+0, 3.18566e+0, 0.00000e+0, 2.00000e+1, 0.00000e+0, 2.00000e+1, 0.00000e+0, 3, 3, 
07/24/2020 11:04:58.035, 07/24/2020 11:04:57.973, 4.15708e+0, 0.00000e+0, 9.69149e+1, 0.00000e+0, 5.02255e+0, 0.00000e+0, 1.68862e+4, 0.00000e+0, 8.06810e+2, 0.00000e+0, 5.10882e+0, 0.00000e+0, 8.20668e+2, 0.00000e+0, 5.01705e+2, 0.00000e+0, 2.59822e+1, 0.00000e+0, 2.68479e+1, 0.00000e+0, 3.59945e+0, 0.00000e+0, 3.18619e+0, 0.00000e+0, 2.00000e+1, 0.00000e+0, 2.00000e+1, 0.00000e+0, 3, 3, 
07/24/2020 11:04:59.029, 07/24/2020 11:04:58.967, 4.15701e+0, 0.00000e+0, 9.69038e+1, 0.00000e+0, 5.02831e+0, 0.00000e+0, 1.68664e+4, 0.00000e+0, 7.93730e+2, 0.00000e+0, 5.11458e+0, 0.00000e+0, 8.07347e+2, 0.00000e+0, 5.01685e+2, 0.00000e+0, 2.59821e+1, 0.00000e+0, 2.68564e+1, 0.00000e+0, 3.59858e+0, 0.00000e+0, 3.18749e+0, 0.00000e+0, 2.00000e+1, 0.00000e+0, 2.00000e+1, 0.00000e+0, 3, 3, 
07/24/2020 11:05:00.017, 07/24/2020 11:04:59.962, 4.15721e+0, 0.00000e+0, 9.69334e+1, 0.00000e+0, 5.00666e+0, 0.00000e+0, 1.70450e+4, 0.00000e+0, 8.05470e+2, 0.00000e+0, 5.09348e+0, 0.00000e+0, 8.19437e+2, 0.00000e+0, 5.01694e+2, 0.00000e+0, 2.59836e+1, 0.00000e+0, 2.68681e+1, 0.00000e+0, 3.60090e+0, 0.00000e+0, 3.18746e+0, 0.00000e+0, 2.00000e+1, 0.00000e+0, 2.00000e+1, 0.00000e+0, 3, 3, 
07/24/2020 11:05:01.018, 07/24/2020 11:05:00.957, 4.15713e+0, 0.00000e+0, 9.69224e+1, 0.00000e+0, 5.02511e+0, 0.00000e+0, 1.64324e+4, 0.00000e+0, 7.98002e+2, 0.00000e+0, 5.10906e+0, 0.00000e+0, 8.11334e+2, 0.00000e+0, 5.01702e+2, 0.00000e+0, 2.59753e+1, 0.00000e+0, 2.68712e+1, 0.00000e+0, 3.60087e+0, 0.00000e+0, 3.18922e+0, 0.00000e+0, 2.00000e+1, 0.00000e+0, 2.00000e+1, 0.00000e+0, 3, 3, 
07/24/2020 11:05:02.007, 07/24/2020 11:05:01.951, 4.15687e+0, 0.00000e+0, 9.68842e+1, 0.00000e+0, 5.01258e+0, 0.00000e+0, 1.70828e+4, 0.00000e+0, 8.05265e+2, 0.00000e+0, 5.09970e+0, 0.00000e+0, 8.19261e+2, 0.00000e+0, 5.01719e+2, 0.00000e+0, 2.59902e+1, 0.00000e+0, 2.68880e+1, 0.00000e+0, 3.59852e+0, 0.00000e+0, 3.19061e+0, 0.00000e+0, 2.00000e+1, 0.00000e+0, 2.00000e+1, 0.00000e+0, 3, 3, 
07/24/2020 11:05:03.000, 07/24/2020 11:05:02.945, 4.15709e+0, 0.00000e+0, 9.69163e+1, 0.00000e+0, 5.02971e+0, 0.00000e+0, 1.67935e+4, 0.00000e+0, 8.01160e+2, 0.00000e+0, 5.11562e+0, 0.00000e+0, 8.14844e+2, 0.00000e+0, 5.01697e+2, 0.00000e+0, 2.59938e+1, 0.00000e+0, 2.68971e+1, 0.00000e+0, 3.60356e+0, 0.00000e+0, 3.18748e+0, 0.00000e+0, 2.00000e+1, 0.00000e+0, 2.00000e+1, 0.00000e+0, 3, 3, 
07/24/2020 11:05:03.996, 07/24/2020 11:05:03.940, 4.15706e+0, 0.00000e+0, 9.69117e+1, 0.00000e+0, 5.01886e+0, 0.00000e+0, 1.69685e+4, 0.00000e+0, 8.02726e+2, 0.00000e+0, 5.10549e+0, 0.00000e+0, 8.16582e+2, 0.00000e+0, 5.01721e+2, 0.00000e+0, 2.59970e+1, 0.00000e+0, 2.69007e+1, 0.00000e+0, 3.59890e+0, 0.00000e+0, 3.18740e+0, 0.00000e+0, 2.00000e+1, 0.00000e+0, 2.00000e+1, 0.00000e+0, 3, 3, 
07/24/2020 11:05:04.993, 07/24/2020 11:05:04.934, 4.15711e+0, 0.00000e+0, 9.69193e+1, 0.00000e+0, 5.03830e+0, 0.00000e+0, 1.67087e+4, 0.00000e+0, 8.04946e+2, 0.00000e+0, 5.12392e+0, 0.00000e+0, 8.18625e+2, 0.00000e+0, 5.01735e+2, 0.00000e+0, 2.60017e+1, 0.00000e+0, 2.69100e+1, 0.00000e+0, 3.59937e+0, 0.00000e+0, 3.18692e+0, 0.00000e+0, 2.00000e+1, 0.00000e+0, 2.00000e+1, 0.00000e+0, 3, 3, 
07/24/2020 11:05:05.987, 07/24/2020 11:05:05.929, 4.15707e+0, 0.00000e+0, 9.69125e+1, 0.00000e+0, 5.02401e+0, 0.00000e+0, 1.73836e+4, 0.00000e+0, 7.98776e+2, 0.00000e+0, 5.11289e+0, 0.00000e+0, 8.12907e+2, 0.00000e+0, 5.01707e+2, 0.00000e+0, 2.59974e+1, 0.00000e+0, 2.69225e+1, 0.00000e+0, 3.60255e+0, 0.00000e+0, 3.18604e+0, 0.00000e+0, 2.00000e+1, 0.00000e+0, 2.00000e+1, 0.00000e+0, 3, 3, 
07/24/2020 11:05:06.980, 07/24/2020 11:05:06.923, 4.15737e+0, 0.00000e+0, 9.69575e+1, 0.00000e+0, 5.02804e+0, 0.00000e+0, 1.70798e+4, 0.00000e+0, 8.08454e+2, 0.00000e+0, 5.11541e+0, 0.00000e+0, 8.22503e+2, 0.00000e+0, 5.01714e+2, 0.00000e+0, 2.59998e+1, 0.00000e+0, 2.69254e+1, 0.00000e+0, 3.59811e+0, 0.00000e+0, 3.18473e+0, 0.00000e+0, 2.00000e+1, 0.00000e+0, 2.00000e+1, 0.00000e+0, 3, 3, 
07/24/2020 11:05:07.973, 07/24/2020 11:05:07.919, 4.15703e+0, 0.00000e+0, 9.69066e+1, 0.00000e+0, 5.05254e+0, 0.00000e+0, 1.65884e+4, 0.00000e+0, 8.00797e+2, 0.00000e+0, 5.13776e+0, 0.00000e+0, 8.14305e+2, 0.00000e+0, 5.01749e+2, 0.00000e+0, 2.60082e+1, 0.00000e+0, 2.69335e+1, 0.00000e+0, 3.59893e+0, 0.00000e+0, 3.18608e+0, 0.00000e+0, 2.00000e+1, 0.00000e+0, 2.00000e+1, 0.00000e+0, 3, 3, 
07/24/2020 11:05:08.968, 07/24/2020 11:05:08.912, 4.15704e+0, 0.00000e+0, 9.69085e+1, 0.00000e+0, 5.03354e+0, 0.00000e+0, 1.77319e+4, 0.00000e+0, 8.03864e+2, 0.00000e+0, 5.12441e+0, 0.00000e+0, 8.18376e+2, 0.00000e+0, 5.01737e+2, 0.00000e+0, 2.60071e+1, 0.00000e+0, 2.69437e+1, 0.00000e+0, 3.59641e+0, 0.00000e+0, 3.18420e+0, 0.00000e+0, 2.00000e+1, 0.00000e+0, 2.00000e+1, 0.00000e+0, 3, 3, 
07/24/2020 11:05:09.968, 07/24/2020 11:05:09.908, 4.15723e+0, 0.00000e+0, 9.69363e+1, 0.00000e+0, 5.03343e+0, 0.00000e+0, 1.74955e+4, 0.00000e+0, 8.12586e+2, 0.00000e+0, 5.12306e+0, 0.00000e+0, 8.27056e+2, 0.00000e+0, 5.01704e+2, 0.00000e+0, 2.60052e+1, 0.00000e+0, 2.69504e+1, 0.00000e+0, 3.60095e+0, 0.00000e+0, 3.18419e+0, 0.00000e+0, 2.00000e+1, 0.00000e+0, 2.00000e+1, 0.00000e+0, 3, 3, 
07/24/2020 11:05:10.953, 07/24/2020 11:05:10.902, 4.15686e+0, 0.00000e+0, 9.68823e+1, 0.00000e+0, 5.05147e+0, 0.00000e+0, 1.65069e+4, 0.00000e+0, 8.04696e+2, 0.00000e+0, 5.13626e+0, 0.00000e+0, 8.18202e+2, 0.00000e+0, 5.01709e+2, 0.00000e+0, 2.60077e+1, 0.00000e+0, 2.69556e+1, 0.00000e+0, 3.59998e+0, 0.00000e+0, 3.18362e+0, 0.00000e+0, 2.00000e+1, 0.00000e+0, 2.00000e+1, 0.00000e+0, 3, 3, 
07/24/2020 11:05:11.951, 07/24/2020 11:05:11.897, 4.15685e+0, 0.00000e+0, 9.68803e+1, 0.00000e+0, 5.05006e+0, 0.00000e+0, 1.77105e+4, 0.00000e+0, 7.96871e+2, 0.00000e+0, 5.14111e+0, 0.00000e+0, 8.11239e+2, 0.00000e+0, 5.01733e+2, 0.00000e+0, 2.60101e+1, 0.00000e+0, 2.69651e+1, 0.00000e+0, 3.59662e+0, 0.00000e+0, 3.18443e+0, 0.00000e+0, 2.00000e+1, 0.00000e+0, 2.00000e+1, 0.00000e+0, 3, 4, 
07/24/2020 11:05:12.979, 07/24/2020 11:05:12.898, 4.15671e+0, 0.00000e+0, 9.68596e+1, 0.00000e+0, 5.03545e+0, 0.00000e+0, 1.73611e+4, 0.00000e+0, 8.09743e+2, 0.00000e+0, 5.12442e+0, 0.00000e+0, 8.24050e+2, 0.00000e+0, 5.01700e+2, 0.00000e+0, 2.60140e+1, 0.00000e+0, 2.69785e+1, 0.00000e+0, 3.59584e+0, 0.00000e+0, 3.18457e+0, 0.00000e+0, 2.00000e+1, 0.00000e+0, 2.00000e+1, 0.00000e+0, 3, 4, 
07/24/2020 11:05:13.958, 07/24/2020 11:05:13.899, 4.15710e+0, 0.00000e+0, 9.69181e+1, 0.00000e+0, 5.05764e+0, 0.00000e+0, 1.72317e+4, 0.00000e+0, 8.16162e+2, 0.00000e+0, 5.14632e+0, 0.00000e+0, 8.30472e+2, 0.00000e+0, 5.01728e+2, 0.00000e+0, 2.60311e+1, 0.00000e+0, 2.69924e+1, 0.00000e+0, 3.59653e+0, 0.00000e+0, 3.18486e+0, 0.00000e+0, 2.00000e+1, 0.00000e+0, 2.00000e+1, 0.00000e+0, 3, 4, 
07/24/2020 11:05:14.994, 07/24/2020 11:05:14.893, 4.15733e+0, 0.00000e+0, 9.69507e+1, 0.00000e+0, 5.07014e+0, 0.00000e+0, 1.67406e+4, 0.00000e+0, 8.12119e+2, 0.00000e+0, 5.15647e+0, 0.00000e+0, 8.25946e+2, 0.00000e+0, 5.01696e+2, 0.00000e+0, 2.60241e+1, 0.00000e+0, 2.69905e+1, 0.00000e+0, 3.59729e+0, 0.00000e+0, 3.18382e+0, 0.00000e+0, 2.00000e+1, 0.00000e+0, 2.00000e+1, 0.00000e+0, 3, 4, 
07/24/2020 11:05:15.955, 07/24/2020 11:05:15.888, 4.15760e+0, 0.00000e+0, 9.69908e+1, 0.00000e+0, 5.06859e+0, 0.00000e+0, 1.67933e+4, 0.00000e+0, 8.03146e+2, 0.00000e+0, 5.15516e+0, 0.00000e+0, 8.16864e+2, 0.00000e+0, 5.01710e+2, 0.00000e+0, 2.60204e+1, 0.00000e+0, 2.70071e+1, 0.00000e+0, 3.59699e+0, 0.00000e+0, 3.18521e+0, 0.00000e+0, 2.00000e+1, 0.00000e+0, 2.00000e+1, 0.00000e+0, 3, 4, 
07/24/2020 11:05:16.944, 07/24/2020 11:05:16.882, 4.15742e+0, 0.00000e+0, 9.69648e+1, 0.00000e+0, 5.05509e+0, 0.00000e+0, 1.77654e+4, 0.00000e+0, 7.99833e+2, 0.00000e+0, 5.14652e+0, 0.00000e+0, 8.14299e+2, 0.00000e+0, 5.01721e+2, 0.00000e+0, 2.60283e+1, 0.00000e+0, 2.70206e+1, 0.00000e+0, 3.60007e+0, 0.00000e+0, 3.18370e+0, 0.00000e+0, 2.00000e+1, 0.00000e+0, 2.00000e+1, 0.00000e+0, 3, 4, 
07/24/2020 11:05:17.932, 07/24/2020 11:05:17.877, 4.15724e+0, 0.00000e+0, 9.69382e+1, 0.00000e+0, 5.04473e+0, 0.00000e+0, 1.73771e+4, 0.00000e+0, 8.05311e+2, 0.00000e+0, 5.13394e+0, 0.00000e+0, 8.19553e+2, 0.00000e+0, 5.01740e+2, 0.00000e+0, 2.60267e+1, 0.00000e+0, 2.70261e+1, 0.00000e+0, 3.60143e+0, 0.00000e+0, 3.18634e+0, 0.00000e+0, 2.00000e+1, 0.00000e+0, 2.00000e+1, 0.00000e+0, 3, 4, 
07/24/2020 11:05:18.923, 07/24/2020 11:05:18.871, 4.15723e+0, 0.00000e+0, 9.69369e+1, 0.00000e+0, 5.03879e+0, 0.00000e+0, 1.75181e+4, 0.00000e+0, 8.09342e+2, 0.00000e+0, 5.12863e+0, 0.00000e+0, 8.23773e+2, 0.00000e+0, 5.01697e+2, 0.00000e+0, 2.60190e+1, 0.00000e+0, 2.70316e+1, 0.00000e+0, 3.59719e+0, 0.00000e+0, 3.18587e+0, 0.00000e+0, 2.00000e+1, 0.00000e+0, 2.00000e+1, 0.00000e+0, 3, 4, 
07/24/2020 11:05:19.944, 07/24/2020 11:05:19.867, 4.15724e+0, 0.00000e+0, 9.69384e+1, 0.00000e+0, 5.03269e+0, 0.00000e+0, 1.73159e+4, 0.00000e+0, 8.15112e+2, 0.00000e+0, 5.12137e+0, 0.00000e+0, 8.29475e+2, 0.00000e+0, 5.01734e+2, 0.00000e+0, 2.60424e+1, 0.00000e+0, 2.70410e+1, 0.00000e+0, 3.60034e+0, 0.00000e+0, 3.18591e+0, 0.00000e+0, 2.00000e+1, 0.00000e+0, 2.00000e+1, 0.00000e+0, 3, 4, 
07/24/2020 11:05:20.918, 07/24/2020 11:05:20.860, 4.15729e+0, 0.00000e+0, 9.69454e+1, 0.00000e+0, 5.05016e+0, 0.00000e+0, 1.71537e+4, 0.00000e+0, 8.17042e+2, 0.00000e+0, 5.13830e+0, 0.00000e+0, 8.31302e+2, 0.00000e+0, 5.01688e+2, 0.00000e+0, 2.60350e+1, 0.00000e+0, 2.70554e+1, 0.00000e+0, 3.59875e+0, 0.00000e+0, 3.18634e+0, 0.00000e+0, 2.00000e+1, 0.00000e+0, 2.00000e+1, 0.00000e+0, 3, 4, 
07/24/2020 11:05:21.939, 07/24/2020 11:05:21.854, 4.15719e+0, 0.00000e+0, 9.69312e+1, 0.00000e+0, 5.06146e+0, 0.00000e+0, 1.74953e+4, 0.00000e+0, 8.14991e+2, 0.00000e+0, 5.15159e+0, 0.00000e+0, 8.29503e+2, 0.00000e+0, 5.01695e+2, 0.00000e+0, 2.60369e+1, 0.00000e+0, 2.70555e+1, 0.00000e+0, 3.59931e+0, 0.00000e+0, 3.18554e+0, 0.00000e+0, 2.00000e+1, 0.00000e+0, 2.00000e+1, 0.00000e+0, 3, 4, 
07/24/2020 11:05:22.906, 07/24/2020 11:05:22.850, 4.15734e+0, 0.00000e+0, 9.69532e+1, 0.00000e+0, 5.05998e+0, 0.00000e+0, 1.68667e+4, 0.00000e+0, 8.12314e+2, 0.00000e+0, 5.14679e+0, 0.00000e+0, 8.26250e+2, 0.00000e+0, 5.01712e+2, 0.00000e+0, 2.60427e+1, 0.00000e+0, 2.70653e+1, 0.00000e+0, 3.60032e+0, 0.00000e+0, 3.18535e+0, 0.00000e+0, 2.00000e+1, 0.00000e+0, 2.00000e+1, 0.00000e+0, 3, 4, 
07/24/2020 11:05:23.907, 07/24/2020 11:05:23.843, 4.15738e+0, 0.00000e+0, 9.69594e+1, 0.00000e+0, 5.06652e+0, 0.00000e+0, 1.58885e+4, 0.00000e+0, 8.10279e+2, 0.00000e+0, 5.14832e+0, 0.00000e+0, 8.23361e+2, 0.00000e+0, 5.01718e+2, 0.00000e+0, 2.60328e+1, 0.00000e+0, 2.70717e+1, 0.00000e+0, 3.60139e+0, 0.00000e+0, 3.18510e+0, 0.00000e+0, 2.00000e+1, 0.00000e+0, 2.00000e+1, 0.00000e+0, 3, 4, 
07/24/2020 11:05:24.897, 07/24/2020 11:05:24.839, 4.15739e+0, 0.00000e+0, 9.69601e+1, 0.00000e+0, 5.07137e+0, 0.00000e+0, 1.58406e+4, 0.00000e+0, 8.10301e+2, 0.00000e+0, 5.15300e+0, 0.00000e+0, 8.23343e+2, 0.00000e+0, 5.01723e+2, 0.00000e+0, 2.60482e+1, 0.00000e+0, 2.70824e+1, 0.00000e+0, 3.60187e+0, 0.00000e+0, 3.18381e+0, 0.00000e+0, 2.00000e+1, 0.00000e+0, 2.00000e+1, 0.00000e+0, 3, 4, 
07/24/2020 11:05:25.888, 07/24/2020 11:05:25.833, 4.15745e+0, 0.00000e+0, 9.69691e+1, 0.00000e+0, 5.07609e+0, 0.00000e+0, 1.54842e+4, 0.00000e+0, 8.07441e+2, 0.00000e+0, 5.15592e+0, 0.00000e+0, 8.20140e+2, 0.00000e+0, 5.01711e+2, 0.00000e+0, 2.60428e+1, 0.00000e+0, 2.70875e+1, 0.00000e+0, 3.59900e+0, 0.00000e+0, 3.18609e+0, 0.00000e+0, 2.00000e+1, 0.00000e+0, 2.00000e+1, 0.00000e+0, 3, 4, 
07/24/2020 11:05:26.883, 07/24/2020 11:05:26.827, 4.15729e+0, 0.00000e+0, 9.69458e+1, 0.00000e+0, 5.07455e+0, 0.00000e+0, 1.58176e+4, 0.00000e+0, 8.08639e+2, 0.00000e+0, 5.15611e+0, 0.00000e+0, 8.21635e+2, 0.00000e+0, 5.01704e+2, 0.00000e+0, 2.60600e+1, 0.00000e+0, 2.70903e+1, 0.00000e+0, 3.59851e+0, 0.00000e+0, 3.18456e+0, 0.00000e+0, 2.00000e+1, 0.00000e+0, 2.00000e+1, 0.00000e+0, 3, 4, 
07/24/2020 11:05:27.878, 07/24/2020 11:05:27.822, 4.15751e+0, 0.00000e+0, 9.69774e+1, 0.00000e+0, 5.07034e+0, 0.00000e+0, 1.64789e+4, 0.00000e+0, 8.08826e+2, 0.00000e+0, 5.15529e+0, 0.00000e+0, 8.22378e+2, 0.00000e+0, 5.01744e+2, 0.00000e+0, 2.60668e+1, 0.00000e+0, 2.71025e+1, 0.00000e+0, 3.59727e+0, 0.00000e+0, 3.18565e+0, 0.00000e+0, 2.00000e+1, 0.00000e+0, 2.00000e+1, 0.00000e+0, 3, 4, 
07/24/2020 11:05:28.866, 07/24/2020 11:05:28.817, 4.15745e+0, 0.00000e+0, 9.69688e+1, 0.00000e+0, 5.06663e+0, 0.00000e+0, 1.73997e+4, 0.00000e+0, 8.11422e+2, 0.00000e+0, 5.15635e+0, 0.00000e+0, 8.25791e+2, 0.00000e+0, 5.01710e+2, 0.00000e+0, 2.60626e+1, 0.00000e+0, 2.71094e+1, 0.00000e+0, 3.59758e+0, 0.00000e+0, 3.18817e+0, 0.00000e+0, 2.00000e+1, 0.00000e+0, 2.00000e+1, 0.00000e+0, 3, 4, 
07/24/2020 11:05:29.865, 07/24/2020 11:05:29.812, 4.15698e+0, 0.00000e+0, 9.68994e+1, 0.00000e+0, 5.06695e+0, 0.00000e+0, 1.73878e+4, 0.00000e+0, 8.16296e+2, 0.00000e+0, 5.15661e+0, 0.00000e+0, 8.30741e+2, 0.00000e+0, 5.01796e+2, 0.00000e+0, 2.61212e+1, 0.00000e+0, 2.71006e+1, 0.00000e+0, 3.59534e+0, 0.00000e+0, 3.18829e+0, 0.00000e+0, 2.00000e+1, 0.00000e+0, 2.00000e+1, 0.00000e+0, 3, 4, 
07/24/2020 11:05:30.862, 07/24/2020 11:05:30.806, 4.15725e+0, 0.00000e+0, 9.69391e+1, 0.00000e+0, 5.04172e+0, 0.00000e+0, 1.73182e+4, 0.00000e+0, 8.12837e+2, 0.00000e+0, 5.13057e+0, 0.00000e+0, 8.27162e+2, 0.00000e+0, 5.01672e+2, 0.00000e+0, 2.60658e+1, 0.00000e+0, 2.71378e+1, 0.00000e+0, 3.59506e+0, 0.00000e+0, 3.18557e+0, 0.00000e+0, 2.00000e+1, 0.00000e+0, 2.00000e+1, 0.00000e+0, 3, 4, 
07/24/2020 11:05:31.882, 07/24/2020 11:05:31.800, 4.15736e+0, 0.00000e+0, 9.69563e+1, 0.00000e+0, 5.04288e+0, 0.00000e+0, 1.73495e+4, 0.00000e+0, 8.07353e+2, 0.00000e+0, 5.13191e+0, 0.00000e+0, 8.21607e+2, 0.00000e+0, 5.01656e+2, 0.00000e+0, 2.60645e+1, 0.00000e+0, 2.71374e+1, 0.00000e+0, 3.59634e+0, 0.00000e+0, 3.18573e+0, 0.00000e+0, 2.00000e+1, 0.00000e+0, 2.00000e+1, 0.00000e+0, 3, 4, 
07/24/2020 11:05:32.857, 07/24/2020 11:05:32.794, 4.15706e+0, 0.00000e+0, 9.69116e+1, 0.00000e+0, 5.05442e+0, 0.00000e+0, 1.71882e+4, 0.00000e+0, 8.03365e+2, 0.00000e+0, 5.14282e+0, 0.00000e+0, 8.17415e+2, 0.00000e+0, 5.01842e+2, 0.00000e+0, 2.60920e+1, 0.00000e+0, 2.71496e+1, 0.00000e+0, 3.59742e+0, 0.00000e+0, 3.18552e+0, 0.00000e+0, 2.00000e+1, 0.00000e+0, 2.00000e+1, 0.00000e+0, 3, 4, 
07/24/2020 11:05:33.846, 07/24/2020 11:05:33.789, 4.15595e+0, 0.00000e+0, 9.67482e+1, 0.00000e+0, 5.06309e+0, 0.00000e+0, 1.72103e+4, 0.00000e+0, 8.00316e+2, 0.00000e+0, 5.15175e+0, 0.00000e+0, 8.14331e+2, 0.00000e+0, 5.01588e+2, 0.00000e+0, 2.61083e+1, 0.00000e+0, 2.71126e+1, 0.00000e+0, 3.59363e+0, 0.00000e+0, 3.18345e+0, 0.00000e+0, 2.00000e+1, 0.00000e+0, 2.00000e+1, 0.00000e+0, 3, 4, 
07/24/2020 11:05:34.842, 07/24/2020 11:05:34.784, 4.15701e+0, 0.00000e+0, 9.69038e+1, 0.00000e+0, 5.04908e+0, 0.00000e+0, 1.68769e+4, 0.00000e+0, 8.08369e+2, 0.00000e+0, 5.13575e+0, 0.00000e+0, 8.22246e+2, 0.00000e+0, 5.01848e+2, 0.00000e+0, 2.60771e+1, 0.00000e+0, 2.71643e+1, 0.00000e+0, 3.59674e+0, 0.00000e+0, 3.18567e+0, 0.00000e+0, 2.00000e+1, 0.00000e+0, 2.00000e+1, 0.00000e+0, 3, 4, 
07/24/2020 11:05:35.835, 07/24/2020 11:05:35.778, 4.15691e+0, 0.00000e+0, 9.68901e+1, 0.00000e+0, 5.00410e+0, 0.00000e+0, 1.72448e+4, 0.00000e+0, 8.04582e+2, 0.00000e+0, 5.09191e+0, 0.00000e+0, 8.18701e+2, 0.00000e+0, 5.01757e+2, 0.00000e+0, 2.60822e+1, 0.00000e+0, 2.71757e+1, 0.00000e+0, 3.59322e+0, 0.00000e+0, 3.18530e+0, 0.00000e+0, 2.00000e+1, 0.00000e+0, 2.00000e+1, 0.00000e+0, 3, 4, 
07/24/2020 11:05:36.831, 07/24/2020 11:05:36.773, 4.15696e+0, 0.00000e+0, 9.68973e+1, 0.00000e+0, 5.01370e+0, 0.00000e+0, 1.71179e+4, 0.00000e+0, 7.96397e+2, 0.00000e+0, 5.10102e+0, 0.00000e+0, 8.10267e+2, 0.00000e+0, 5.01712e+2, 0.00000e+0, 2.60876e+1, 0.00000e+0, 2.71708e+1, 0.00000e+0, 3.59294e+0, 0.00000e+0, 3.18380e+0, 0.00000e+0, 2.00000e+1, 0.00000e+0, 2.00000e+1, 0.00000e+0, 3, 4, 
07/24/2020 11:05:37.835, 07/24/2020 11:05:37.783, 4.15672e+0, 0.00000e+0, 9.68620e+1, 0.00000e+0, 5.01438e+0, 0.00000e+0, 1.69549e+4, 0.00000e+0, 8.06729e+2, 0.00000e+0, 5.10086e+0, 0.00000e+0, 8.20642e+2, 0.00000e+0, 5.01850e+2, 0.00000e+0, 2.61212e+1, 0.00000e+0, 2.71684e+1, 0.00000e+0, 3.59384e+0, 0.00000e+0, 3.18534e+0, 0.00000e+0, 2.00000e+1, 0.00000e+0, 2.00000e+1, 0.00000e+0, 3, 4, 
07/24/2020 11:05:38.830, 07/24/2020 11:05:38.762, 4.15676e+0, 0.00000e+0, 9.68673e+1, 0.00000e+0, 4.99897e+0, 0.00000e+0, 1.75507e+4, 0.00000e+0, 8.02049e+2, 0.00000e+0, 5.08828e+0, 0.00000e+0, 8.16377e+2, 0.00000e+0, 5.01731e+2, 0.00000e+0, 2.61248e+1, 0.00000e+0, 2.71843e+1, 0.00000e+0, 3.59564e+0, 0.00000e+0, 3.18402e+0, 0.00000e+0, 2.00000e+1, 0.00000e+0, 2.00000e+1, 0.00000e+0, 3, 4, 
07/24/2020 11:05:39.814, 07/24/2020 11:05:39.756, 4.15730e+0, 0.00000e+0, 9.69472e+1, 0.00000e+0, 5.01983e+0, 0.00000e+0, 1.71256e+4, 0.00000e+0, 7.98724e+2, 0.00000e+0, 5.10730e+0, 0.00000e+0, 8.12641e+2, 0.00000e+0, 5.01722e+2, 0.00000e+0, 2.61103e+1, 0.00000e+0, 2.72077e+1, 0.00000e+0, 3.58972e+0, 0.00000e+0, 3.18379e+0, 0.00000e+0, 2.00000e+1, 0.00000e+0, 2.00000e+1, 0.00000e+0, 3, 4, 
07/24/2020 11:05:40.808, 07/24/2020 11:05:40.751, 4.15692e+0, 0.00000e+0, 9.68907e+1, 0.00000e+0, 4.99225e+0, 0.00000e+0, 1.74925e+4, 0.00000e+0, 8.07020e+2, 0.00000e+0, 5.08113e+0, 0.00000e+0, 8.21388e+2, 0.00000e+0, 5.01729e+2, 0.00000e+0, 2.61148e+1, 0.00000e+0, 2.72115e+1, 0.00000e+0, 3.59253e+0, 0.00000e+0, 3.18470e+0, 0.00000e+0, 2.00000e+1, 0.00000e+0, 2.00000e+1, 0.00000e+0, 3, 4, 
07/24/2020 11:05:41.797, 07/24/2020 11:05:41.745, 4.15644e+0, 0.00000e+0, 9.68207e+1, 0.00000e+0, 5.00521e+0, 0.00000e+0, 1.73092e+4, 0.00000e+0, 7.95108e+2, 0.00000e+0, 5.09338e+0, 0.00000e+0, 8.09113e+2, 0.00000e+0, 5.01635e+2, 0.00000e+0, 2.61129e+1, 0.00000e+0, 2.71958e+1, 0.00000e+0, 3.59322e+0, 0.00000e+0, 3.18373e+0, 0.00000e+0, 2.00000e+1, 0.00000e+0, 2.00000e+1, 0.00000e+0, 3, 5, 
07/24/2020 11:05:42.800, 07/24/2020 11:05:42.741, 4.15732e+0, 0.00000e+0, 9.69493e+1, 0.00000e+0, 4.99284e+0, 0.00000e+0, 1.76485e+4, 0.00000e+0, 8.03232e+2, 0.00000e+0, 5.08254e+0, 0.00000e+0, 8.17662e+2, 0.00000e+0, 5.01837e+2, 0.00000e+0, 2.60953e+1, 0.00000e+0, 2.72327e+1, 0.00000e+0, 3.59662e+0, 0.00000e+0, 3.18423e+0, 0.00000e+0, 2.00000e+1, 0.00000e+0, 2.00000e+1, 0.00000e+0, 3, 5, 
07/24/2020 11:05:43.787, 07/24/2020 11:05:43.734, 4.15719e+0, 0.00000e+0, 9.69313e+1, 0.00000e+0, 5.00967e+0, 0.00000e+0, 1.70964e+4, 0.00000e+0, 7.98067e+2, 0.00000e+0, 5.09681e+0, 0.00000e+0, 8.11948e+2, 0.00000e+0, 5.01750e+2, 0.00000e+0, 2.61153e+1, 0.00000e+0, 2.72433e+1, 0.00000e+0, 3.59225e+0, 0.00000e+0, 3.18319e+0, 0.00000e+0, 2.00000e+1, 0.00000e+0, 2.00000e+1, 0.00000e+0, 3, 5, 
07/24/2020 11:05:44.786, 07/24/2020 11:05:44.730, 4.15656e+0, 0.00000e+0, 9.68370e+1, 0.00000e+0, 4.99394e+0, 0.00000e+0, 1.71695e+4, 0.00000e+0, 8.00102e+2, 0.00000e+0, 5.08118e+0, 0.00000e+0, 8.14080e+2, 0.00000e+0, 5.01702e+2, 0.00000e+0, 2.61118e+1, 0.00000e+0, 2.72207e+1, 0.00000e+0, 3.59471e+0, 0.00000e+0, 3.18358e+0, 0.00000e+0, 2.00000e+1, 0.00000e+0, 2.00000e+1, 0.00000e+0, 3, 5, 
07/24/2020 11:05:45.783, 07/24/2020 11:05:45.724, 4.15717e+0, 0.00000e+0, 9.69277e+1, 0.00000e+0, 4.99580e+0, 0.00000e+0, 1.73419e+4, 0.00000e+0, 8.01467e+2, 0.00000e+0, 5.08397e+0, 0.00000e+0, 8.15612e+2, 0.00000e+0, 5.01766e+2, 0.00000e+0, 2.61264e+1, 0.00000e+0, 2.72628e+1, 0.00000e+0, 3.59729e+0, 0.00000e+0, 3.18595e+0, 0.00000e+0, 2.00000e+1, 0.00000e+0, 2.00000e+1, 0.00000e+0, 3, 5, 
07/24/2020 11:05:47.133, 07/24/2020 11:05:47.076, 4.15657e+0, 0.00000e+0, 9.68398e+1, 0.00000e+0, 5.00266e+0, 0.00000e+0, 1.77998e+4, 0.00000e+0, 7.98303e+2, 0.00000e+0, 5.09332e+0, 0.00000e+0, 8.12770e+2, 0.00000e+0, 5.01708e+2, 0.00000e+0, 2.61168e+1, 0.00000e+0, 2.72412e+1, 0.00000e+0, 3.59303e+0, 0.00000e+0, 3.18283e+0, 0.00000e+0, 2.00000e+1, 0.00000e+0, 2.00000e+1, 0.00000e+0, 3, 5, 
07/24/2020 11:05:47.771, 07/24/2020 11:05:47.719, 4.15778e+0, 0.00000e+0, 9.70182e+1, 0.00000e+0, 5.00870e+0, 0.00000e+0, 1.73171e+4, 0.00000e+0, 8.04322e+2, 0.00000e+0, 5.09696e+0, 0.00000e+0, 8.18496e+2, 0.00000e+0, 5.01884e+2, 0.00000e+0, 2.61363e+1, 0.00000e+0, 2.72784e+1, 0.00000e+0, 3.59496e+0, 0.00000e+0, 3.18581e+0, 0.00000e+0, 2.00000e+1, 0.00000e+0, 2.00000e+1, 0.00000e+0, 3, 5, 
07/24/2020 11:05:48.789, 07/24/2020 11:05:48.714, 4.15728e+0, 0.00000e+0, 9.69444e+1, 0.00000e+0, 5.02037e+0, 0.00000e+0, 1.74477e+4, 0.00000e+0, 8.00543e+2, 0.00000e+0, 5.10952e+0, 0.00000e+0, 8.14759e+2, 0.00000e+0, 5.01632e+2, 0.00000e+0, 2.61119e+1, 0.00000e+0, 2.72870e+1, 0.00000e+0, 3.59263e+0, 0.00000e+0, 3.18362e+0, 0.00000e+0, 2.00000e+1, 0.00000e+0, 2.00000e+1, 0.00000e+0, 3, 5, 
07/24/2020 11:05:49.802, 07/24/2020 11:05:49.751, 4.15669e+0, 0.00000e+0, 9.68568e+1, 0.00000e+0, 5.00596e+0, 0.00000e+0, 1.75639e+4, 0.00000e+0, 8.05821e+2, 0.00000e+0, 5.09545e+0, 0.00000e+0, 8.20228e+2, 0.00000e+0, 5.01655e+2, 0.00000e+0, 2.61599e+1, 0.00000e+0, 2.72747e+1, 0.00000e+0, 3.59179e+0, 0.00000e+0, 3.18085e+0, 0.00000e+0, 2.00000e+1, 0.00000e+0, 2.00000e+1, 0.00000e+0, 3, 5, 
07/24/2020 11:05:50.760, 07/24/2020 11:05:50.703, 4.15476e+0, 0.00000e+0, 9.65716e+1, 0.00000e+0, 5.01544e+0, 0.00000e+0, 1.72733e+4, 0.00000e+0, 8.02779e+2, 0.00000e+0, 5.10360e+0, 0.00000e+0, 8.16889e+2, 0.00000e+0, 5.02175e+2, 0.00000e+0, 2.62992e+1, 0.00000e+0, 2.72117e+1, 0.00000e+0, 3.59566e+0, 0.00000e+0, 3.18421e+0, 0.00000e+0, 2.00000e+1, 0.00000e+0, 2.00000e+1, 0.00000e+0, 3, 5, 
07/24/2020 11:05:51.808, 07/24/2020 11:05:51.755, 4.15569e+0, 0.00000e+0, 9.67087e+1, 0.00000e+0, 5.01288e+0, 0.00000e+0, 1.76546e+4, 0.00000e+0, 8.02308e+2, 0.00000e+0, 5.10297e+0, 0.00000e+0, 8.16727e+2, 0.00000e+0, 5.01836e+2, 0.00000e+0, 2.62214e+1, 0.00000e+0, 2.72656e+1, 0.00000e+0, 3.59448e+0, 0.00000e+0, 3.18670e+0, 0.00000e+0, 2.00000e+1, 0.00000e+0, 2.00000e+1, 0.00000e+0, 3, 5, 
07/24/2020 11:05:52.755, 07/24/2020 11:05:52.692, 4.15589e+0, 0.00000e+0, 9.67390e+1, 0.00000e+0, 5.01525e+0, 0.00000e+0, 1.73179e+4, 0.00000e+0, 8.00616e+2, 0.00000e+0, 5.10364e+0, 0.00000e+0, 8.14725e+2, 0.00000e+0, 5.02057e+2, 0.00000e+0, 2.62289e+1, 0.00000e+0, 2.72797e+1, 0.00000e+0, 3.58968e+0, 0.00000e+0, 3.18322e+0, 0.00000e+0, 2.00000e+1, 0.00000e+0, 2.00000e+1, 0.00000e+0, 3, 5, 
07/24/2020 11:05:53.752, 07/24/2020 11:05:53.686, 4.15450e+0, 0.00000e+0, 9.65341e+1, 0.00000e+0, 5.00816e+0, 0.00000e+0, 1.76299e+4, 0.00000e+0, 8.01693e+2, 0.00000e+0, 5.09804e+0, 0.00000e+0, 8.16081e+2, 0.00000e+0, 5.01629e+2, 0.00000e+0, 2.62154e+1, 0.00000e+0, 2.72440e+1, 0.00000e+0, 3.58986e+0, 0.00000e+0, 3.18380e+0, 0.00000e+0, 2.00000e+1, 0.00000e+0, 2.00000e+1, 0.00000e+0, 3, 5, 
07/24/2020 11:05:54.786, 07/24/2020 11:05:54.681, 4.15413e+0, 0.00000e+0, 9.64799e+1, 0.00000e+0, 5.01188e+0, 0.00000e+0, 1.76036e+4, 0.00000e+0, 8.03139e+2, 0.00000e+0, 5.10169e+0, 0.00000e+0, 8.17530e+2, 0.00000e+0, 5.01848e+2, 0.00000e+0, 2.62141e+1, 0.00000e+0, 2.72432e+1, 0.00000e+0, 3.59112e+0, 0.00000e+0, 3.18347e+0, 0.00000e+0, 2.00000e+1, 0.00000e+0, 2.00000e+1, 0.00000e+0, 3, 5, 
07/24/2020 11:05:55.765, 07/24/2020 11:05:55.678, 4.15436e+0, 0.00000e+0, 9.65128e+1, 0.00000e+0, 5.01750e+0, 0.00000e+0, 1.77579e+4, 0.00000e+0, 8.02875e+2, 0.00000e+0, 5.10821e+0, 0.00000e+0, 8.17390e+2, 0.00000e+0, 5.01875e+2, 0.00000e+0, 2.62462e+1, 0.00000e+0, 2.72648e+1, 0.00000e+0, 3.58978e+0, 0.00000e+0, 3.18444e+0, 0.00000e+0, 2.00000e+1, 0.00000e+0, 2.00000e+1, 0.00000e+0, 3, 5, 
07/24/2020 11:05:56.743, 07/24/2020 11:05:56.673, 4.15395e+0, 0.00000e+0, 9.64532e+1, 0.00000e+0, 5.02045e+0, 0.00000e+0, 1.76221e+4, 0.00000e+0, 8.04991e+2, 0.00000e+0, 5.11050e+0, 0.00000e+0, 8.19431e+2, 0.00000e+0, 5.01886e+2, 0.00000e+0, 2.62872e+1, 0.00000e+0, 2.72601e+1, 0.00000e+0, 3.59386e+0, 0.00000e+0, 3.18578e+0, 0.00000e+0, 2.00000e+1, 0.00000e+0, 2.00000e+1, 0.00000e+0, 3, 5, 
07/24/2020 11:05:57.756, 07/24/2020 11:05:57.671, 4.15361e+0, 0.00000e+0, 9.64032e+1, 0.00000e+0, 5.02237e+0, 0.00000e+0, 1.74558e+4, 0.00000e+0, 8.04717e+2, 0.00000e+0, 5.11160e+0, 0.00000e+0, 8.19013e+2, 0.00000e+0, 5.01951e+2, 0.00000e+0, 2.62992e+1, 0.00000e+0, 2.72586e+1, 0.00000e+0, 3.59373e+0, 0.00000e+0, 3.18485e+0, 0.00000e+0, 2.00000e+1, 0.00000e+0, 2.00000e+1, 0.00000e+0, 3, 5, 
07/24/2020 11:05:58.735, 07/24/2020 11:05:58.681, 4.15353e+0, 0.00000e+0, 9.63906e+1, 0.00000e+0, 5.01825e+0, 0.00000e+0, 1.76066e+4, 0.00000e+0, 8.01659e+2, 0.00000e+0, 5.10819e+0, 0.00000e+0, 8.16027e+2, 0.00000e+0, 5.01926e+2, 0.00000e+0, 2.63169e+1, 0.00000e+0, 2.72695e+1, 0.00000e+0, 3.59496e+0, 0.00000e+0, 3.18663e+0, 0.00000e+0, 2.00000e+1, 0.00000e+0, 2.00000e+1, 0.00000e+0, 3, 5, 
07/24/2020 11:05:59.739, 07/24/2020 11:05:59.661, 4.15691e+0, 0.00000e+0, 9.68897e+1, 0.00000e+0, 5.00747e+0, 0.00000e+0, 1.77237e+4, 0.00000e+0, 7.99446e+2, 0.00000e+0, 5.09782e+0, 0.00000e+0, 8.13871e+2, 0.00000e+0, 5.01700e+2, 0.00000e+0, 2.61751e+1, 0.00000e+0, 2.73868e+1, 0.00000e+0, 3.59224e+0, 0.00000e+0, 3.18665e+0, 0.00000e+0, 2.00000e+1, 0.00000e+0, 2.00000e+1, 0.00000e+0, 3, 5, 
07/24/2020 11:06:00.711, 07/24/2020 11:06:00.654, 4.15721e+0, 0.00000e+0, 9.69339e+1, 0.00000e+0, 5.00193e+0, 0.00000e+0, 1.77205e+4, 0.00000e+0, 7.97275e+2, 0.00000e+0, 5.09216e+0, 0.00000e+0, 8.11658e+2, 0.00000e+0, 5.01709e+2, 0.00000e+0, 2.61530e+1, 0.00000e+0, 2.74100e+1, 0.00000e+0, 3.58749e+0, 0.00000e+0, 3.17869e+0, 0.00000e+0, 2.00000e+1, 0.00000e+0, 2.00000e+1, 0.00000e+0, 3, 5, 
07/24/2020 11:06:01.733, 07/24/2020 11:06:01.650, 4.15735e+0, 0.00000e+0, 9.69536e+1, 0.00000e+0, 4.99923e+0, 0.00000e+0, 1.79405e+4, 0.00000e+0, 8.03356e+2, 0.00000e+0, 5.09056e+0, 0.00000e+0, 8.18032e+2, 0.00000e+0, 5.01644e+2, 0.00000e+0, 2.61417e+1, 0.00000e+0, 2.74235e+1, 0.00000e+0, 3.59153e+0, 0.00000e+0, 3.18245e+0, 0.00000e+0, 2.00000e+1, 0.00000e+0, 2.00000e+1, 0.00000e+0, 3, 5, 
07/24/2020 11:06:02.723, 07/24/2020 11:06:02.644, 4.15717e+0, 0.00000e+0, 9.69275e+1, 0.00000e+0, 5.01409e+0, 0.00000e+0, 1.74414e+4, 0.00000e+0, 7.99475e+2, 0.00000e+0, 5.10310e+0, 0.00000e+0, 8.13666e+2, 0.00000e+0, 5.01722e+2, 0.00000e+0, 2.61538e+1, 0.00000e+0, 2.74298e+1, 0.00000e+0, 3.58899e+0, 0.00000e+0, 3.18287e+0, 0.00000e+0, 2.00000e+1, 0.00000e+0, 2.00000e+1, 0.00000e+0, 3, 5, 
07/24/2020 11:06:03.697, 07/24/2020 11:06:03.639, 4.15713e+0, 0.00000e+0, 9.69223e+1, 0.00000e+0, 5.00321e+0, 0.00000e+0, 1.73090e+4, 0.00000e+0, 7.97437e+2, 0.00000e+0, 5.09133e+0, 0.00000e+0, 8.11483e+2, 0.00000e+0, 5.01695e+2, 0.00000e+0, 2.61599e+1, 0.00000e+0, 2.74361e+1, 0.00000e+0, 3.59504e+0, 0.00000e+0, 3.18380e+0, 0.00000e+0, 2.00000e+1, 0.00000e+0, 2.00000e+1, 0.00000e+0, 3, 5, 
07/24/2020 11:06:04.690, 07/24/2020 11:06:04.634, 4.15722e+0, 0.00000e+0, 9.69345e+1, 0.00000e+0, 4.99993e+0, 0.00000e+0, 1.78967e+4, 0.00000e+0, 7.99762e+2, 0.00000e+0, 5.09104e+0, 0.00000e+0, 8.14336e+2, 0.00000e+0, 5.01663e+2, 0.00000e+0, 2.61370e+1, 0.00000e+0, 2.74527e+1, 0.00000e+0, 3.59144e+0, 0.00000e+0, 3.18419e+0, 0.00000e+0, 2.00000e+1, 0.00000e+0, 2.00000e+1, 0.00000e+0, 3, 5, 
07/24/2020 11:06:05.682, 07/24/2020 11:06:05.627, 4.15697e+0, 0.00000e+0, 9.68980e+1, 0.00000e+0, 5.00587e+0, 0.00000e+0, 1.74822e+4, 0.00000e+0, 8.00780e+2, 0.00000e+0, 5.09495e+0, 0.00000e+0, 8.15028e+2, 0.00000e+0, 5.01676e+2, 0.00000e+0, 2.61644e+1, 0.00000e+0, 2.74514e+1, 0.00000e+0, 3.59210e+0, 0.00000e+0, 3.18409e+0, 0.00000e+0, 2.00000e+1, 0.00000e+0, 2.00000e+1, 0.00000e+0, 3, 5, 
07/24/2020 11:06:06.683, 07/24/2020 11:06:06.622, 4.15686e+0, 0.00000e+0, 9.68814e+1, 0.00000e+0, 5.01014e+0, 0.00000e+0, 1.75175e+4, 0.00000e+0, 8.01964e+2, 0.00000e+0, 5.09947e+0, 0.00000e+0, 8.16263e+2, 0.00000e+0, 5.01640e+2, 0.00000e+0, 2.61469e+1, 0.00000e+0, 2.74579e+1, 0.00000e+0, 3.59358e+0, 0.00000e+0, 3.18371e+0, 0.00000e+0, 2.00000e+1, 0.00000e+0, 2.00000e+1, 0.00000e+0, 3, 5, 
07/24/2020 11:06:07.672, 07/24/2020 11:06:07.616, 4.15733e+0, 0.00000e+0, 9.69512e+1, 0.00000e+0, 5.01552e+0, 0.00000e+0, 1.79954e+4, 0.00000e+0, 8.03299e+2, 0.00000e+0, 5.10743e+0, 0.00000e+0, 8.18019e+2, 0.00000e+0, 5.01688e+2, 0.00000e+0, 2.61503e+1, 0.00000e+0, 2.74720e+1, 0.00000e+0, 3.59170e+0, 0.00000e+0, 3.18360e+0, 0.00000e+0, 2.00000e+1, 0.00000e+0, 2.00000e+1, 0.00000e+0, 3, 5, 
07/24/2020 11:06:08.680, 07/24/2020 11:06:08.611, 4.15728e+0, 0.00000e+0, 9.69434e+1, 0.00000e+0, 5.02221e+0, 0.00000e+0, 1.76317e+4, 0.00000e+0, 8.05017e+2, 0.00000e+0, 5.11235e+0, 0.00000e+0, 8.19465e+2, 0.00000e+0, 5.01697e+2, 0.00000e+0, 2.61706e+1, 0.00000e+0, 2.74791e+1, 0.00000e+0, 3.59009e+0, 0.00000e+0, 3.18268e+0, 0.00000e+0, 2.00000e+1, 0.00000e+0, 2.00000e+1, 0.00000e+0, 3, 5, 
07/24/2020 11:06:09.664, 07/24/2020 11:06:09.606, 4.15706e+0, 0.00000e+0, 9.69109e+1, 0.00000e+0, 5.02985e+0, 0.00000e+0, 1.73991e+4, 0.00000e+0, 8.04236e+2, 0.00000e+0, 5.11891e+0, 0.00000e+0, 8.18477e+2, 0.00000e+0, 5.01699e+2, 0.00000e+0, 2.61740e+1, 0.00000e+0, 2.74871e+1, 0.00000e+0, 3.59259e+0, 0.00000e+0, 3.18289e+0, 0.00000e+0, 2.00000e+1, 0.00000e+0, 2.00000e+1, 0.00000e+0, 3, 5, 
07/24/2020 11:06:10.660, 07/24/2020 11:06:10.600, 4.15693e+0, 0.00000e+0, 9.68919e+1, 0.00000e+0, 5.02984e+0, 0.00000e+0, 1.76730e+4, 0.00000e+0, 8.05222e+2, 0.00000e+0, 5.12034e+0, 0.00000e+0, 8.19708e+2, 0.00000e+0, 5.01754e+2, 0.00000e+0, 2.62055e+1, 0.00000e+0, 2.74848e+1, 0.00000e+0, 3.59205e+0, 0.00000e+0, 3.18354e+0, 0.00000e+0, 2.00000e+1, 0.00000e+0, 2.00000e+1, 0.00000e+0, 3, 5, 
07/24/2020 11:06:11.669, 07/24/2020 11:06:11.594, 4.15573e+0, 0.00000e+0, 9.67156e+1, 0.00000e+0, 5.03407e+0, 0.00000e+0, 1.74474e+4, 0.00000e+0, 8.06513e+2, 0.00000e+0, 5.12346e+0, 0.00000e+0, 8.20835e+2, 0.00000e+0, 5.01950e+2, 0.00000e+0, 2.62631e+1, 0.00000e+0, 2.74519e+1, 0.00000e+0, 3.59208e+0, 0.00000e+0, 3.18283e+0, 0.00000e+0, 2.00000e+1, 0.00000e+0, 2.00000e+1, 0.00000e+0, 3, 6, 
07/24/2020 11:06:12.687, 07/24/2020 11:06:12.589, 4.15717e+0, 0.00000e+0, 9.69270e+1, 0.00000e+0, 5.03294e+0, 0.00000e+0, 1.77440e+4, 0.00000e+0, 8.05704e+2, 0.00000e+0, 5.12386e+0, 0.00000e+0, 8.20258e+2, 0.00000e+0, 5.01520e+2, 0.00000e+0, 2.61937e+1, 0.00000e+0, 2.75114e+1, 0.00000e+0, 3.59297e+0, 0.00000e+0, 3.18357e+0, 0.00000e+0, 2.00000e+1, 0.00000e+0, 2.00000e+1, 0.00000e+0, 3, 6, 
07/24/2020 11:06:13.662, 07/24/2020 11:06:13.585, 4.15727e+0, 0.00000e+0, 9.69422e+1, 0.00000e+0, 5.03597e+0, 0.00000e+0, 1.76087e+4, 0.00000e+0, 8.03675e+2, 0.00000e+0, 5.12624e+0, 0.00000e+0, 8.18081e+2, 0.00000e+0, 5.01702e+2, 0.00000e+0, 2.61741e+1, 0.00000e+0, 2.75241e+1, 0.00000e+0, 3.58881e+0, 0.00000e+0, 3.17949e+0, 0.00000e+0, 2.00000e+1, 0.00000e+0, 2.00000e+1, 0.00000e+0, 3, 6, 
07/24/2020 11:06:14.634, 07/24/2020 11:06:14.579, 4.15664e+0, 0.00000e+0, 9.68502e+1, 0.00000e+0, 5.03923e+0, 0.00000e+0, 1.78073e+4, 0.00000e+0, 8.07116e+2, 0.00000e+0, 5.13059e+0, 0.00000e+0, 8.21749e+2, 0.00000e+0, 5.01557e+2, 0.00000e+0, 2.62023e+1, 0.00000e+0, 2.75166e+1, 0.00000e+0, 3.58918e+0, 0.00000e+0, 3.18209e+0, 0.00000e+0, 2.00000e+1, 0.00000e+0, 2.00000e+1, 0.00000e+0, 3, 6, 
07/24/2020 11:06:15.631, 07/24/2020 11:06:15.576, 4.15461e+0, 0.00000e+0, 9.65499e+1, 0.00000e+0, 5.04920e+0, 0.00000e+0, 1.74960e+4, 0.00000e+0, 8.06371e+2, 0.00000e+0, 5.13911e+0, 0.00000e+0, 8.20730e+2, 0.00000e+0, 5.01850e+2, 0.00000e+0, 2.62738e+1, 0.00000e+0, 2.74524e+1, 0.00000e+0, 3.59140e+0, 0.00000e+0, 3.18360e+0, 0.00000e+0, 2.00000e+1, 0.00000e+0, 2.00000e+1, 0.00000e+0, 3, 6, 

-----BEGIN PGP MESSAGE-----
Version: GnuPG v1

jA0EAwMC9I3xnC7G2BRgye2O6EjgNSGUHFAkIKa3VqzTld483O1UBJsRBprp6jxl
pp/BSs6WOj7lQDkVZ04kmubv/jUYLKfuGPoI5w4RWS522yO3ur9PBAgpENSj8CHQ
T/hwfFXqVM0emKFUVa1RrKOTvwBRPD1u2E6rnxWSjQpyy/AF9IxeqbX50FtJRZ4y
v6skPIbF2yABgN+77f8JkWXJ2oPX8l0o0RIt3zvgX9eixuXpazhUZeTO8UyITiY0
iN9iLw6eyg7fHb26mFHAGD8u7mAg1DLUY4+ZGYbM810qnFQ2WLJfmo45Ez3hbdz6
VAfdSW/iviDTDz85zB5/bzbUgTgy68c2Cf4AYIK6Hv5D4QM/8DDic74kvVmYxrPu
jkjR6+LvGzxWjFMT0nG0yhyGSb6T5rKnPGJlXF+uVIOxfwlUwMmbzAIhuAvboQb0
+5tnyWsYiOuUCvlvzPgwqlOGrkwH5TNB1n1At1whP/xnfwUSxY6cXV0Xz25lNbs3
Ian7KAkb7++P+U3SaiV4AIJPqvRpEJ1zdka+lgHhJFHyWeXCwojX6YpcK6L5PqNs
ZW83BnEbMKX5ajn4nKgATFYlhem42gplShnT0qln39TCxvNpEQ30dX43OKn2hENT
09oXs2nIfT348Er0u+2Gua4zN+2UPYGxYIaQzuXsXhQV3bR9p/S0DBa510g9k5aS
e5Tmms+iGT2uLSjUwOIN0CVVCKNvKvTzJJ63jd3jESFcSlSwas0oMFh1ZkETLag8
pu9GuykAzXADFnyWn2TrvjY1OmC2+LmSVCKlLrRRrM0vdu4PXp+LR0fex8TBB4RI
1gy/Y0rcHdUOYxeuuDzj1p0eiqLuyEu8VCEV7QKzAI4da/XxtyJeBtQw4k09Nd54
qYYG0Qt8npITP013X5fHmWZo4QHld3Ok0MRa7+A/dlKmAgnQ4h55ELsERN80LctI
h9xnT3nzuumPVR9ceMtsgZwWeneO4xLacqYs/lv/9SShpvptKZ4qsmWug2SoUKo5
sQtw4shCP+Aa68HSsdPeMNziCLXHSMtGW8O1T8FlL6QsO6SoLuG2qLuKiMsbASPI
ql82d/DPMUP7JVcn1V/iHRFPkKfSttGJA+lKczrs++C4vHLkiDUufN7GLIz++0ta
rCfPZr1jIgiUYyPrf07T9pNqX7zBmgXLjk9N+2i+KpZvni1aEyCFrdo9rlqJYRyT
k7qqA+7b1Q794c9MEtcvz6mqbalUhWitTbPPii0DFg9dKJLCfxvPLYG65jCKWMJf
DjLmmv7lKJy06KvMrCK53UNUBuSE/ypOD1t8jBqlZJ2vvIuQc+/HcSmCbJXfYECT
4RgLf57HJzGFNheKTjCWdt5agmE6QM2wItg3q6+GgytLRZPI3a0QdDp8ssKnrrUf
aVWCZ81AaCa1vrua5CoxSwqVvSMdM6H4UssP3OYXt98uX433Dr3OhQFJNztS5VDl
MgUlk6c4fHxilWS4tiKzuuUzD3meAbGX8AQLb8Cya9tKI01SO6kcSVVoMU15wYbV
7Wg3z0k2Eidd7Jy+gt+cV4Rt1oebSnLQGH2PBpGBR3gZ/WH3hb1vNU+gqELpg8Wq
+TaE2bYj9AbV696D+reSfZnnnVRPLZLVrzWbdHob4rPUUW6gJJpxVqj9hP2WVUuM
TtfnlWxMQnw+sKEjVrBbR1/2xZYTyLjXJWOsz6Zjz2RcLU2XXHbFPvrgZ/R4RY7n
Ar0ScynbmTu3MRBZLUFLZCCFwj3YO3UYUYIif17Y/kwohvt2M48ThuStu4jxznX1
PHkxicjsKNCuXMWJf3ICPdwJtaxYig1/+yiPPlNQ2cNbA+D+6IxNTmXEkYKFTaKt
SnAb0EDKj0jCIfwRlNbJhVLN67ZBhoD/Za/j7aNaRvUKPSeICktxbI+bCrh5lKCO
fNruG5HXP0dL17YMVpEr8P0+o/f7P3vcw5S+8Hv4Dvtsj/oTUWYGvCOP31xlNcWK
x6T2xSYPg5NSFYCbdxbUipEe9fl0Utp2XqatzExtfVsioNgxiEouMp3+G/Cjzc+3
IDL90faPtN9nHXqqIRkY7LJdi3hp+iFPUD3yy6VYNTRS0MmOkjsk+2mLzrqRBn9z
rod+5v3pedlEKInlmUsE7x0feAr64A4EvjUKQ+QIUoerpr7TEpvFVNIUxI+LBa1q
KAtbw0niyFLbtgfLz6b0n6S6y/NrLBgyjbhSlLihDiWMEu4K6VM1fTy579Fy6evv
LYdUBi9Gatcd2voVJhFBCouXqTmaJyfjfJyTxwV0K5Ii/aOJPLVCRGRbojDEfM3g
dPbmLZla5ue0kh8zwDuujf2QDdve9rO9TfqsVf9aLOlLaOYKF33+Nv7GCcokWrmB
StGiRjI2DQdogiGAd/Orwteg4VmB06gA6ALsN5SXKjxDXhmMMveWnWhXKgmO70FB
HNymykgEosz9QF6G4977UGB5/BPa9Hm1L19q8YMWUdtVJjLsH9JgaKso//qsoSaT
wDOOdkaQZ+cDeDXn0Gkhex/0YRUVx+mDQLAEtdkImAYV7WFZDVBHvEwVAXvamY8A
DqQLaapuOgIy4jxKYco8IYBdxSHJeoce8UBjDfn4gmmOf3ObAhnKm3euHrfvgqcY
XiYLPZMkDQPADE4eTWfN9/crq/cjyp503geptTcOtb/3ny7zV6JSXz2IdwdYzLNy
AVp7OvcdJ+FkX7LpLvxQZXTqhPD5BXBtNOZAPxxEA6H0uX+TSTuVjkLGT4zaU+de
zicKjGDZEeMqORCDgw9ai2QmjXf+Fo1Pgik7+hhKF97nzCL9O2mcXz2MHVBqtw+t
HMMbF2jyS6fy8EY2/nE0tODWj9+5neZ7Be6KU4wRKq7tYq8IzvqWjAXehRQADrZJ
6MDmR9ws7I/Vsu1GtJevHeYqPA22/+w1XNI645c/hzDQ2JFWG7w0FfmbRu0/JmLM
ojtQF7mwZ/dNrdmhxnuZ2DWNQjRljkaHQ+qQorKfR/AOe58YS+Ir5k/9NhpawIuJ
LSE1r0HBx6lCsl8E55euCU/wSukrL0Qa2DY+WueDYMvBE24QVoNl/mAjcTDRQgFG
x+KYJ3BAVP46fkR5tkg2e1SD0korYjzQR151Z58RN4qiAVs0UmR4i3akL7m0P3+a
a2TUFW/p7FaqtnTxYehkqcFF0mvgBb3GYE2mhCLqnAnQMxyk3GZ0AdLhKITLsKSJ
K+Cl6wRhL5tp4r78rGyWibIGfT9ofiJ9WPdP8pCGH7D0cJGnOUKvRAulAICu+Qg6
c2hHUfwWgK6FHQOFPbnLZmx+D8B6PWBiBRS2GBn43XQfcu/ZPKvh0hyuoleyN3Dj
+FkcnWiLBy/++bEAtqyph7CUWGhAQh0ZL05mQIm1eXIvk9n8H1vEgZ0wdPKPfrYd
g+/UM+BmvSQma0htAOBJ7nSqgeJJGHDbhbQi50RoAfTuN4y96eUAJFiAodeTu1Rm
c8QwTQxz83BSZfPWnmj3sKEYk67ItHsxonQh/9PCJxcVPOW4MWpVVQsqBsCKqa/C
bdnghwIY2lPoROHleU70ibqCPUEB5zLxVOfafHYUYmQVAh92JsfaZ84UPMD6NXXg
9vl06MqXdgmlnvQ9LGwZhBTbgF5rUeAMnNxAURn7OAFFo0wb4JphRgDYpOOagtCH
wcG9Ab9gQOKkt1OgdD1PnomR6dHjn3WGncL2s4m3JO6OWFbjenD9eO4qt60XpeK8
4QGVL9MXyYUY1DdvMAp+00hTFZtV6wCvuE7SYKOgX/GsFPAYRdi0xF64CQX9tiFw
UWB3IUfcTBLIj9MXNBANVdk6mlZud3bxJWJaOhiPb+tMD3WRYmOFdc10kCj/YWvQ
/hn2Prt8kYQ6ShqAbXkmO2Mvf+GmIZfE9eccnSvOD7Xm4GioHxgcwv3RBvLbyZLB
DHJFB/SXUw530Im1ZEVnLupqWT5PZVGD5MiZpujheXQ5ogkUxOsRAeMMSjCoztWH
9lmZeCYs4wPmuZmIiceTDUDnebhItUqBpVvjyyvZTHmNBY8JuQunYfk5A2bQUR+n
wH4tK2I5jmcNK8XHP+BxIggBZWUOsiHvwVDNpDfAWNiMXqv2Z5A8py07VMhHqdAS
3j/PNFQk15H8pilmvsGQdJeN61lJaD4IvAGA1k4FeT1kncHb7JS+PpqL4DyTOiR1
JpHasnLQIeSA2EII9gha2d+5lzZKz4r1F2ETyCQ+B670qwueXW/Q1/HEH961qnqT
IjqDYQwKVg6lFY1GDfOlDY6agp8z0k7WpzWVWTIbWp3VTGyLubcsIOL2E6qAXBOA
AgVe9X4HQ3RzL1GuEfivyqua8lJnwwjYbB1S9X41cBWf875tcchj5Op5zyJ5LOfW
WgTqI82oC3We2+k2h2dh9MuckU+K31hIqTsOYj5/6xTNQG7LU5dmmm1Uxiae9Ch4
pngeNVILiB+0yUN8eB/GnkBe56YNGEP/2bnUcckzOGAknMXWTnCwhIpzrsGFtg+W
p13ejnhpRqmjR+/UBhrWmriCqlh6uYeFacOldqGfiKaEzUzgG5lNuBZp/mAH5k0S
+Pgi/H4LoUutEYG8IhOgn6n/tVyRrEW/L2O4NtoXmKCOMdv9e0CXXPslQ0/Q9EmP
P4YWPAtO98DTFP4fI/PFS6NW42ZSnAo5irmwk/R9Iz90ftPY6x3Cmo75anhp00IF
/ayjq7dFJG3pzxCfiIUsHbz8/DfVFfgy1PSpxRCCCINrjbX8kREggvR9JAFYUvJy
3yV+K9OdBgGwK4OK/+bHHSIxjmwKUsBp2zpvoEWIcYjYMT0EWMfMORPmqR+mPzgc
VY8OlTaNjSCvEJ0y4o0eLMnDmSzRhfZLqrzwVa6zZS8EiGovYHTfA3WJO+++f2pJ
b3iBfvfvok9bHTgMFzcYBIGLeWicRIS+pviJiCeKj5wSzMHXnWTyCiAvR3ep4nB5
ZBx2Vh0abOUAm3ZssA742YgTIUl+0gdcYN3FViD0BXUY79lmCM6BF0wgdv1a0327
hgVknpdQhweOMaCKRiQx4E8rbpmys/bO8sv9htyvF9mMaje8gEwTnPubGM+xv3oT
mIJpMC3q4MVFp6DItniU+WGT4QVtkm9TTJnhxdPudrCjHXkldz8gUgxPUeSQRZ7y
9abiVnKOkrFsrETMQHcorrJingxVmR/3krsKbMXSzjNWSAdMPgeE7LiBMmwxpTfF
4IetY9XLECyun9bWPurdgXQwkuvA26bI8GVEmvJlhs0BfYtvlyancCmfhM9TRZHd
SgHQjhfRSgahCVjeHT398QwDmWt2fmCaH5oqxqdZ4fDPTe4qLj/vGUsVlBnP8ePS
omGQ5lY7+eQYUR+FGHyQV8I9p5vfFoY5KskRUjGC504iEX+0BVX5A3EOfA/4dYLV
F1PAA7GgRJtO5rXpg/YnyLhoX52GJD6UV83H0vziQ/lWY5NAoOYxOnVvXd3+uoRL
dw/DBEhuC90ycV5bPDfGhsX/MriZt5j7RtGmXrpUquxHbqDWVFQ15XK6xnjXnbTu
jzbts3mKfsmVjOJnj33pzAaGveK5FDsz+uYtGz5PZKsZTBKdwoIaXz/55meerPPA
dyIgMJ3xYaL8ru7OrAO0X7NIZdKHhBxP9M3pg6WyC7uh8iO3TVlfgYuY1/yiHl2x
neK6bCUKaR+wZUKoYpbJKC6cJoOZ9dHIrCeZ/1hjKgMycp/1+Pc7QYOP635B2nkF
CRb69UK1Ob7mM0sgr6OeLWYDWsivmZy/uoyqejGwbnt63LtoqDK9hP3MsSC27uTO
lsjsCo9Myx9NH0cZWAubzuE40/KlLWqsjXN+fl9K9F0mH3fwjF55bvtUDVno9hNg
DxHJtAiuqkJ/SCzTQD/Tv8ANxsog/TGC1tzeIreG/I624sqmuBGS0uxJuEbQKly5
GkCYIzCYyWbZVr9LI7OiwOGxAcZfv2ToVJmmQgZvPL8VHbNTKQHeciz6PbgZCcd9
oGR0JlhgHtKSe9xyt8Bt5vd/dZvD9HcSfcZuMV5Jj2Nq2Qik6VAs2H0ouxnpg/qF
qivi077z6ZzS8ZIVKGMK2H/zG8f4BdicejumXDn2qJ3R++IDIY1RkGa2wWZ6bIhw
dBjsFlmgL9zciUl4jTS4jCq/+hV5dAZ0A/KkDgH3fHqPPG0psrIKatCdKsi6gv4P
qTD42r/3f6Ql/hdtHs8Ty4PDSuxOx8RZ0QC4s6kKRy1n4qyy7KrKNQLZnMUy77si
kHSB/EG9FIg/hbg34c8+fMRaRIslQHn0uzqX15NF31ISmpk/jHIJa/DCleKe6e9i
7df5EQ8epn3rVcJYJHDSE5rRgCYpGfBMnKbdNdwjfAmp0/7waM/pXNSOfuCDKdmG
urcCJocwhEX+m6maaB+PvoOb0F5wbH5CpahXjwChj0LruozoWIDRj6OAA0yI+cpJ
PDIaxvL5XTl2x7wnTQcJSEsSCN830jkeOoZcJYaTa8gEcpm+2JuTEtnnflFmaDxx
9dRHZCTZk/tkrPm2CkwPcPn1qnl6mZANtaW1Xkt0STKmcHon2mgWMJvn2XRPim5x
3Wqb9Ubi4NGV6y45JwstK1H/muHsBexrA83JpSluoIQI5xNeyay4KcehmO87B/i0
P3Dm/pOSG4WfLQVokXRR4UKuKhsyQXcypB+uwqacjfzpPcps3aVYCVTOiOu2U3ZF
uul2SvUO3zcKye4TXC0lFqUS2RZPPBDuy4re6J8ZQPPsZJSawZyGMvdHehe5867g
3aG9j9W5ITJ2Mei/2dpAD7PH9t8IeiekmjpVfuDGnVdN+Ml182N0Z5IAPnQRHyOE
1bgk8Q7IFjIymKz10n1EavAkWoBAJNVdqLLs2VlJ5B2piSbOh0OrahR8MT3BeIGY
0IisAzYpOxJNyUTE75vO2zJJ5oW85UnGzU/qFkUoIQlmXgWArH0i7lz5UGpgzQ+H
86tftN2yiw3p0VtBNUOpDT3nmjdpJCr2g4IwSecuSQERmr4xBIGrlHQO9bf+IPt3
hpzq+rH00rMDKah87DCLwp2Lha/Epycgv82lolDurTLAXEwDp/JIzEgVue4KQCsE
rpeQI4lDeecxHZ+bK2n0EtVBZYpQNLdCGv2gzq4frTyNmQoDl+cWXaCFDIBfhKFg
KjaG7AiS5awEYUok+DEZk7J9VgBIXOpwaJvmQDgEBYoSQVCBQWsJvBgMkjPZy1rr
r1jBEuF2lp90hfLR6SwCxpf3YaG2flMb5H/7M7PUgCfJIr9TM7u+3Mig7Oqp4oMJ
i9vHym9Oz07jTIEmCweCinBr1+S2W+dt0IJ8c4lDBn2lK6xdp5mIBExsh02ln16T
Vo5+OqE3419G/K55MU8xPcaj6xzcCv2ax6OCTBUGiVjQkFWcxaLUXdPUdoOll0VT
elrX1Da9dz24UV2hype9/UwqD9VI26vk/pF4aevgMMb18AesYuV4vmnZU8Y7Aam8
abcPHdYDPCSlatDO1zdBkqi811DUxi1B2R+RQ35dv2Xq3o3b7W8iT8BKcl59Fsc2
WvKLyWEp4dgOqR8XtRIbNgYJKMsmhlZgrqiKDBCiy4vOt/mecS2kUGszQjliiPSu
f5wXKJoRVtmA57p4htutm8fbvQzZoSAIljVpmfcgyYPsfqBnIaC2PG4WsVUmBLA7
D4rD7rKn3ZFIXF554hg+BGZFX0P2Zc0ki/kWaV3sYFtP3ksWlwTs83t3wALziuaH
AgfQqeDUOmVLPAVAknEJhtg2w9AptUW9wJJQtFa3EEwdylc6p17w53kquN9ug6yQ
i/qLMoxCxFDkfKOU8XSIn58obtRflGxwrVg6gnbw6/F5SxGw+c9Y/NppkPQ6FyPV
h8mTiAPz4HGOhJopAw9U4maaKyHoJA3N9uqok/4WPJWFifVuP0ZYvUqTQP8w45J6
SQFJjC/GLBjPgYiip/GjmuAA0tGr5JqQj8Lxc0MMplkk3hgeRkQynuneEHGY5TOv
oSNk//OHamSw7g8I/N8p0yRc/SOQGYbbC5hB2/SLiIm2cs1kdd9GM6sXnImqWu0Z
qS7ouooW9m5jnTF9bs5TWa75u86Nj9Tckjxg3YJEzNll0iqESUHJgmlr5kF2U1Zi
EmQFx3bxDxJ6SGd5oIlB+bQ4WvfJet1jhclr+quj1Ir1BuERVRYCNTz5j3vOgWMF
DZZwHc1Sn3hZ4zch1+VCnib4Y/lX3PKpuB/zMMbUWt5Ya6kun4KumgHTXzxdORC8
sFIIcN/EcKoi9UCtjelq6oD/yw67kUZwnUIhxZebYvhX4FHmGbGOILdKNVrgydks
Wbu/PFs/dQ5sBedA/gvmWZhsFz+NMB8x18AA8F1O2kSezAY4ni1T94e7U2yDHUic
HSQT21qdBSFNF9d+0nvU5EsyczjE7g8wiZh54vPG2C0pHYFzB86qQ0ZskRpRV1Pm
fi1uSfalJSmd5A/cj1oPpdatU7keqQZrFvpWVtMpCfOAwvzZnX0NYSkEKzZgXynh
LAGOP7ZnXBlgL1SLhbxXqgBM+9nW9BIaEr811T6W1aV1OH2KpGpFZ1syovmohDYn
iGOzVowPV4NQ6fJdYArqHtie3JFoZOzNynXu0tA/hIT89qxasIQ+CYd/8zV/ZRuU
jaEmQrM/j+X/5lgm61zKM2vTWm1J46IaZ8vqLEAWsdzJa8BvStePVTRO2KCSD0/q
w3eR0hLWC6qEYI2Ugi/HdTZZxkzPzwwgw09acaTJ2kWeRUUwdEuTd7rngmqt+e3v
XSGTiIjECAlpP2eL9/gzEPoq/8D3MELjzdh0tVxSRoQWJbxNsuayvTaEjAGsPyGy
WJrPVW0XP/ILwzmB0e8eUQ/47vvygt/1ri3Z+bh8zshN6D9Qv9dr3Snsw4lmhRZy
bp7kkhW4HydY+T00rp8vUvXcIuX0KOktv1CjerFhD93fyHDidsXVW/SsKVk1kKOd
qNgVFl8fhwEk9pWJMd/bliUuM/KAjp5sCyJOHbBTEKFG8TdTrKFqZyc5UM6Hi/yS
rNQyQ619cSHf8Tvv1cJ6n9VcBhTxpt/uyS9Uw5dLQOCAp57RnwKz2a8UJdBmx5oG
2+ZuemyH+b9hdcouGweB5cpcOyPxJF4rWseFWRJqVtnjmil4B7mspbZcNIKZLHii
sRgl0bUsOQOwG3IFTyhqINOEjs1pfBy2u552VUqIFj8SNdwb5kxGa1WlLRgEMm8G
ID/SL6f1mCjxe9GotQFIQPQkqSnpRlM8WFymwqlR8fUA8VgC2UTrOOyHjQMdFTbf
o80xA9XOzraIrW0DFXlu9KOt5c9LDDkZrzHsU74YuzMZXeazwxX2fR0+F26AMTPu
H0thoiXzInqXTE/TaWAvSUg0utl0MdpQchUir6jaVV0t6MfkLyGupEdOCsEvOqlN
agbPpsrtEZJn9nAwcp1QVF7nAgFSjIr/IsxBowJLfdLnNRNNWVs9GJQAe6cPdQG+
uI/R7LefhPqpB0IfeqnUqphvl+9YhQKt07o18nqTNgrAsejOyuuAG6KJJ1yitcXA
PvTec4WlIgtgeFoeMnED2H71Q2BBN4dDEfMC8/2KWU9QGhSt3d2/R7b9mHWTbD6G
MU6ts1uyxU2eUbA15YSK1lHfJGAAU61lj9xZ/zOPtRqhV5SuhLFWAg7MCN1k5G/D
tlp1xSYZ0L3Vr1T4v8hIaUhp+vE/WB0fT3wE9Zj6EGmZreIeKKS02BSvSLrWaIs8
VwR0KYT3sHWPngo6UbgU2uYpuvfvNuzx3eJ6jkNo7w6o0zswqE8mMHZ6eybSZ52s
EBTJ6DOcB52s0Sbja+zN574BTBpFrjJ/tMeqOTNW4hVMnGzOEntx8DP4gXbOzihN
/oGNEboc18yNCRwBZ8sc1Eeqlf2pGkmMSBffLD9vd+q6WdVst4/OaVJHZWBDvadH
DaER7ZAm6c8Ua6EosjDqr5v7qiNjaLyKSeoXEC+9MqpRI8flvasVoXeLZfaTWtVi
AymIg/KUQWGiV1PlBbAdP1TS9o3pJos+V+G27xUM9Wo6g51KukGJFUHYgDxfk0I/
0r0gdMhYpvc6xU/dCMQ6q9pw1K0Y9ULlElChUtK5EILfdCsMvaG+bb2v3317C2Kr
OQJhhOAguLtb2TbsdaF0t76gmkndWMFm+nIQxBpYQAREsl+Lz0MbbcTzqPiMFwec
ObBWEKe60Yj9nLBmD1zMtJ/dfRqfbbrUfx+ARn991Y7A0mtYXV9D0rtGwPqfB3/B
FvH5HWctcv8/rlbuX+jAYh4ZfsXF97v9Z4PSEoPDSL3mE3XyV/SITElVyzdlPphz
nmbZg3cYEshyED0LxUOXcrE96NipQ3OXB9jQDwsEtcM+2/eqw3b508hSo0QukU8F
h79oRyokeiDezx7/1YlGd68mIbWuEkWP7tZRVEV4q2BNbobO0xUkbi3cLhDh7vc9
LUvRdZ5VKDipNrxqWJyFq1GlIqm1PN6sg2M5wlgaVrCQTA/mHG7LDGMVGcQgnKg/
GzGVbkAm669qF+z5/Cz7eCmkFQyM6lcEZPjquCyoYshD4/bJO1mJgxmM9nKtnU5C
mNRtKeIIiDzYXM9I6oBgeDf+YPIjXwwQdzVrJaPnqV+RZhvFq41h5cgSrG9vRO6x
75c/FATCnra029RzmCy+6fecFe1DWurLwk2NR8REnArv7truFmF528zmIQDhN1Hc
0r9HNiEdJK9kPGN7Drlziw2c4HTC5+46QDeXafov27zTPDI7LX0Pd5ieYyM61LTY
5wWVZ6zPtkdaHRzK1GbkXIvxTDH3UKIklAGyuu/s+vlJxuDk0b0E9aeetdwB8qvV
zIIxK7yEd8uYgdCjBkla8uXp3leV59dnGEbZt4W4ImbpJPGzozooGXGjYN3iBm9l
lFvA+vvfG8JvG+kjyakn4U7477aYD78q9is2POJg1FvJbGZYwfRXUO+qzHV3OmEg
Vb3WVNkNGnhCLZ/05yUbeSQhI5x/JaCvhzyoZje4iITWGtl5npMOX0A6x7gaW15F
au05aG6riiRl+k1eEYSFdC3qeCE5iq+QFFLXiCvOTVVc3N2ArSLHEY+Wg+50pO4F
9CJqlTTptid43PuqTHexcGQHT7V3WPGtS/+uz4OwI/+EeAPACb9cJqoEO4aEglRv
e56FFg1sXtySs4XfT0tdPDxmf/A4AbuRwMnPrH4KdEUFgXNO7mDfIxspw8EiRLux
JAg6Hl0eXpGKtRFW9nmXs3zHSARHYR9oy33YilB9saS93rcFEYA8iJAubjgJCmdo
qiPt5yEvDlMXDdbtqhrgFxe4nPJSrr/tdFOHVl2aeBRSV4/KaCHoE3q3YnMcqVCf
i6DqC7tbKpL4lhgWqDYDsEmJbcc3Olt2D3ZnX5vaniUjuE1TudWFXdMkB7i5/MhG
+9677X4EquYBAHBxLR6nRAC6sy/m74cU/czHG87e2z3Kvkaf8oQfdbEPeHdhBw6o
h9kMmuk40fmoZKXrpbvJ2B/nEVLOYaHl3/c6fThT2nPgHAIu3XW9YTjWp1nUW/v1
BfmIu2AS5uc+eotEKgzCKGjDh1KF5ofEjtIY2WMLW9nN23/8MgXkCJ2R/fWWHXtn
ENJJv62joSvfH59iN0VD/SXoKTB8BFuShJIr5F/KCDps7GTmIGJpZlzoiDCXugZa
EL3tBmsfJBunpLyZlP+zWPUC3iJrIWnsfWXVip0zntmx3Pd0UIphlcJT4MTzumzP
fxZFHidVyqu9wQjS7s08qk6yZbJeV9PVuJckd/1mEwKnbLYbagLPUF/nlnK8jIhS
CrSodjBtt5qlQG0VCHGN84AFaCkSNDe5l6puTpnrkarXbYMQRQS0Iv0RhDVoRkYv
/lrJliw8tiFbvvH+qKB2l3uKArhMJcIIEPNPJPPoffpZsyFnht/vFI0/TqzmUhBs
DpqIZ0WVDk+omvLjhwky6R1ywgKByF4gcZ7/hXlgJ3+bacPQCJ8rKRL8Wmo96Cx8
yqDZi+e3ZDxJ3ZwrrFSoJupyveKchdPywSqwWyvbKR+Mik869fYfXRFLCiaqhYZr
iAEqW3jtc+8UB/L/AO2tVs3y0YRFZ2TZTI/j62Wql1mUUHq4uwcb2k5mNB6eA/17
b7E0UMSb/z1LFYW9NBpotIqQHLc5deYvXP+fM04uZU2iTNcctaNcfbcSQ8lM374+
GXqkpFRi5cJOXXVPIG1zXMiUymJes/qpSX8qo9uOj9fctPaEQbCaTdPhE/ngkjFJ
6cObY+/xJSQTJtNIGXLDCNsFqERrDparZjAyAVv+lxC6KuEkCTLditfZWa/A/szv
aeGRDl0DbUmD6lN9cY9wRaR59rfndsE9jFIDkHT7CKCe4CtnYE3beO4KVgzAuYH5
nNEMPRJbF5YjK5XhCgfuqNp3vBMB7l+89nCfPBCSPBQiOAsQ0GCDiStsrI1mjoKw
tjJqB/1/HbxU86NTVvtgKVU2+25TyU0fuF2cd3UDCMGFswMIgsas78U3c4M5uPQs
dc8vGdoP7eiLxdjgYR6f+sW4qLB4tadxm4B84cm9k4C4q4FAC5zzD5gu0m6678Gx
uitQT5gBGXuReA4gx7tYSSSbPUX9jjpjmx5U/HQ54Lbnz/PxWlaE9mqlsVkPRqLs
p1cFBmu4KTV1HMDCN3VBIjoYtINkzp3/A9vjGEGwYw+fosTuI9joLdgmmXZNxgMo
TwpjYfw0l6CjqttbfivwcZ8/qXLZc81U+ouUGd7+0wqtLsFwB7ISIkILA9/QYudX
oqDYe3wNb6GS3ohDYbwcS6bIONSNwXAWRuNgmaGycfzpF+m5Hua278F0mWiQO7mD
/+/DQZLkUZd0HvJzLJtdztUS8N3GJBLpqvUVnLa5mn3DQiHqioOyKnmtF2dmEPzE
UIjUb0g7sUMBjeNhJrPvkpD/qVAOwCEQRyJxrual2VZYuQDyfO0vdVeaAcBPgsqb
6Q7I1jvOWSMG76C6oWmAHl3eAEXIX6LXXqG5DWJrvsaMpNAhw81bB2CwWBs/EU6M
kVxuVClj+xYKPUFhF7gIavYpdFyfk+mHDObFYBZgCNK2o8jd5CneB14z0gdzZuBt
D+qf1c1iQrKLixAh/MLecsth7IWgcva3sbDrPkUHSD4zZLz62bWLVugMxy6BANiM
ohA8JIZj7d5CL2GSbC8VmxB+lgby0R7hmWeXvOT7T/ykqb1EZqBjl2oZC3gNbnNS
TBzUffdRczBcJINjkRE/wMYfMxIhZzh0R5QMpnit7lXUBI3AI3eXq34LfOAwTEMZ
fz3My6C9fQlmhaKX782xxD1w3CD96wr2bdLA1mB0Nm60jg+COBDZ9uedM4UdoVKJ
wRQj5eywFCgSiHuRcLXehWWt5hx62FVlxRm3ncykmYG/M3XtP3opMWjmw23pq7xL
wftB65vFgchaH8SZP7OqQjTrjGj1dR+w9bIgTeDyKMm4t118bPmFhkGxvaOsyYo1
/8/x8f+vIDBPjkglGMTLPJnunnWqVmSVwQ+YMIAQaFymd5ko/ynAnlCFBxtZpQIH
yJi5PWrVsUS1Q9hhz1Pm+HPK+rxVtsCraw64dYlt907kEWYu169gIUkp0ST+WfVu
YCl/a9sYw1sI1LOkhKp0MlMzJK/jYB7B+CPkBZbMRHfndKtJtCtURMdTIXZ2zgON
gYAkb/0H4o5ujz+wxvevGCPFup2NU8yuw1BHW4BrzE2J30X0L4b8qnrVS1SJlNH3
ScK2rfPmKh1lTqLg5fPxNXBwlbW1WVpfmY5GT8MQzbfZvSjCznVvP4bgcBedJCJA
n6HVciuE6DaL2xr1l9d9iMSdD69Qoj2OgwmR9Af9Rq8CF/VgVQMXO+Lp6F3C4miN
CuD7LIhNwe0dsWrRDWmShu3JnPdUxMY5Fi9rbHjYojmWt74VvxIHx1mpl6j6PjtM
j0Jn3LqJUBHS86lEQWS4eOCKlY89vqrVzcMxQ0gOjZ732sBNiax5Pe35OZ8RPtvp
NKkKSOxeVoeIfs0tvnocHS8dD3tJoU52VSSjnkga30sSC9d++eKqxAfZicYzxj6c
31NJK/S8oPjxwa9y4RcL+TIJiyQyMoFMX5lheDanQIyT3tl1w6oCJN4vz8/7fqjF
/JFeKiO0KDZ5AqkawLMZuzNY49cuh3SNoROS3QMty3PTvRZfhRE/TPDiVPcQKrll
5/WVytI+x5oS6FcQd52tzDml1sNxh/obr0hANI8MtAOaDLl4EMOuaEJ3QN4NZlTW
w96XnaHYpNO0iDmCTe/ftQ8CAz09Kj3wGQ0TFg9pzv523YvELGtBxgo9FhuAaBKA
U4V473U3Mu9avY/6GSXqq6+TYC8AA+rq7pOA/mzH5i3WTMpQg8ExLahpthQ5Tbza
K0Ri4Teffs5BPA4py6nyvpAbdfuuIaeNOYgjI9wmgmdXmY9DUidiYhuTE/YQa7fL
58H1HP9oQ57yu6Tasj8/dMrNPJGLBqsw+8XYs0crDOuwQxVau+HaN3ABJRJCW5Fx
e5a8my/9cCseBkI6ZIqVBrd7Qlzm4A9kn/DO5R5Q4j2oNEw3ZnbcjmASP+Xr7uE/
Yal50I2AcpvKzPnljoRWd0ullkdddw44he7dM8sHpAEH9qwof2TyDi7ODlvSe9DB
2VROkDtc7OpYbBKXsMLSo/ouKOq/k/ybuUukYbpHQbc5q+ZvH8XxhMRfa8+b5meB
U5q/jrWxXgLMPptfqWQD40cinlpucAjSsn1DZjJAh75z2KK5IjpVZ2aaufuNq8UW
oj7IXPCD4y/8Lok8iaYbqNlqmDyBuECrjRQevdq6McujRPu5DQryR8PdzX0D/e1B
XsukA11nOua38wnAnu9NFgnO8Udvq9ecA3GiJdcDCT25qs5Pq2VcHiarZ0TElUaC
BcCswyo+M+/n5aN9bQo2JIZyRDG4akYaldVsLnu3QCg9u4TCCRqxhV+TUfErv60u
m5GyU0AF69T6QRDmMElsSh1r1G1bLIPZH8jMa5NQWuD43Cv9MA0XyLTpDSGwq6bk
4aBrI6s/Ni0BtKu9yLp1xR+hQuMHo9KPI72aShTlW6skgTTD220bQqRTRcaRWLc7
pcOLNiPEAd7RmVQvTeJo4y641UJNXZy7+JdkNucWRSo71N7rKFRVDkpkCPJg8Vc9
ZuQWkObqGgXazVqYZv2vNcHsmStD01m2ob27vMR5H4E1oX+7Wi67pREQU/Lyhc/T
PqbThSxaXyJpPW7WA4E2oTYtY/ORNpgUUPLu3xDvJpj2Y3AMIZUg+GAx7tcBJpSz
TFGcQe+cX/OAxZRvcPdI2NL2V+9lu/n2b6do5+HHT5QMyhrvQ9ifKf6m20f/Zkto
7+QwDumNkzCHC3f6gF/JSsuHpiy6zRyLtvZg0lkTdKa5QCQgL9Vsz608yjuiaynD
k4P2028wA6Nte53iHJ97KK1yhoNNncq2Ad/dPfEH+td0jDSaRV/AGSILMkMB9WyV
jazwrHg3ghKyU+DWnAsyvpNZAG054Y4OnyrMLyBG2cBZZCIxyDs54RQ1RM2fT2KR
WkE9I5uc8sULOLhPqc3MPCZUVtwAhdAQt8V/RXKiTuYol7V9suNfGAOEU2gBYBI1
rkvP1mrKLYmQ7TCC/AiR51d7Klt+0+itf+6LdayUorpDGX9AKknKxon91YA4fAPT
08Qk80FWPgg2u+8oIodfSO0TCH2CSxISsewfaFhdKz7z1dc6HG5+FreSTkzl5hXI
swvP7JYQBZ5hUSeOLuBGmhGbvsMFk1jfKF/syE7+XMamYT3LYKY5INJi2+o3CwgZ
TLkx/fUbgVi3E3CzV7gGFVu6EarfjTsNGsPZe577aVND5//utQ3kILP/5zocvqYF
OCkoOdp6bM27eb2hnsFvVYczpADnC4/wKHHbLMc/utRfsJZCNQbeS7+sHd8OkQ0c
X/M8fEz1g/GxuCu3aWb0B2uzZYiEdXQYFl6pMZ5VfWYSA0inyTZZgusX3fWrHDXs
4S4fNZCV7MpuZ/aJSQLkaisCtAslinIVHf96D2Vj0grp2lICZrRFeldfs+NsTwjQ
Uu6k8w12jsKra3JJ4ZmTmE71mjOzD4f2s7SznMp5NKUpPYr+AahNlau575iCRwd4
VNYvXL3HihRZYxd9AWnW5Xe4Seoo81gelNpQAY2ai7GCYppqvx23WKTywPMo8p9x
5JnNAa40hTbMKVYJjuBo2U2RrYJYwOS0i/Iwg2Dukbl1YC/rEaRatSATFCVGHtBz
1wj14xUgK2NrSW1UqTfx3eXDVVLKAyzxylGqduuN6+fUU3shDUHMU5oslv1ZFCJa
9hds6jfyq2DZHOQPRY1gEuMowZaxhy7HT0OtLcnJbDtsuoDkrXrN+pp5+7T4Q74Q
5licHlWdOpLxKLJQrzwBVZ0e2cHjWTSbsztJvmYym7l2CDYH30aqtUkz/kViO+BG
MwpM6HIBN2uYXhvKH7EZX1mKIpR4UynMgn/WAAR3CJbs97HemeW8R6tCBBiS7Dbl
z+5W860Ow6KddtQaBJvm7a8Hx71esVmsbQ6fCi+Afmz6S9mdEZEbYHBNQ1rD8Qtd
8WWPEmQcNsqiYX1BTMUYxrW8MeJP/8A44eHAxVUBkkq1wJw8a1S0GEDGmQV99NF2
xEsRTClFIQ5ibXYlwVEDyfuu8+P0/o7rPJVLVasoJkOlQ46fTSSzVdAYCgvKfH7Y
VwyXDuDih/57gtL3KV5gQLYLvxqZUsASO0bGQ1pY5hKi/d+79oMikUZEG47tbgzs
qruCY/YBxilVPJDl+nPayat4tz4DxiFbdgFiS8DLlUkMWkb8ScBAuhrG8HcPz8/n
l3lF6fT1fOW8RPxK+MCkF1NkKPvrRNKCXkmG6Xn/h4hRPE/byzB2itKxpQuRZDL6
yRs1ejN5DQDK3UIjYTdxJbC4tNkeDAf7ssGUunmf57M6qOSVNrOb0mr6RLh37L/F
7k1nx3jWtprbVKo/ydxjo257sE2esw6hDxBRfKrtDESz90iy8zYOXrY7dzd0hYNL
/XvTDEDiYCmaOM3L4ypPfjAeD7PDtESA7+uLpl8JpJ2ZG7EocvJZZSFTsNPpgTVy
tE/fIAH0gb5zOVVtYGYsVfO0ceDnWNnxrXuyJGwub5Ii/iT4SdJXvemXDjcgYtsg
5ytm7X/1IqfiL9crFZ1M4YODq3bPGTts7rb7cKsYVoeqO8YoBrrDRBMrBgZBkpiV
YyP/3dQ0ZXBXD2nhYJIO53mI9MnaiY4BimgIpmLe59zZjuZBxSQ1HsbZXZX30eIb
TD57sVsK3WkacD18zeVqvnrGumJyrx5XRtgju44o/Q/dTzQqJlGX1D2cKWa2sUgD
an8hkHeFWGxbq+Q2WZTTuZLCGIeY7z5dORlTUI7wWYnW4XNntjt+zHGlGs5Ean7B
bPLDaPyzsz/AGxhO7F6Oy61QsOvFvoL32a19MUVjsQBOF5sHk3E3wSHJ6M4sJpiM
z+RAr/R/m3mvF5osQrFx46oNlfLjBgx05NyNE8+z+OhKUQMT3EyEwKdA/T3EKyDL
wP26HH1T6DN6y04GnWkXvYNlt7INnL9FsW9iO4U1qRfbwsbeeLyUj4CXqi4l51Jo
0eKGr3yJs/B387jabRwqNPmj2n0fExfnpwh3O1xJFUWX0HKmSRhnksHf0LGfm2QM
8MJUSOpEF5kOneZO4gdiRAYkSkOPnxq8p7nnkv1LPSWnO8L0W15P+owREkGGZJaF
vYaX6+9+RXTnshH0g4oWdZZ52pQX+FmWI8gCZqa6eth43xfZFMRphoAC7kU6O1Qb
Tt3rVGrq+sJ4ndtVxnL0A505HFghj8X+xQigJSYZJ7ksk0hEqoRTbSPYW/Rgcp9/
13Qm2DkF9Npg67SQbKmqOUrWm2PURkcqYGxM6mdUo6u+tbgV/YJNxFAq3LVSpUmB
1d+eFTwlCwNp8FRJb7gu084jevpjtnHa+hIaY+SeD84P7JOLt1muGV2t6dRdVmke
/DX8DzrRuJsNpHkuRyZJnCFitE5NAsuZ8Kl+CiEeFl1MWSeoM8zusoXW7MhdULF/
zrQcXwVXtvFt/YYlKPFxj7ch5in0jpkVi6jC81bqWpPYnPF00f+tiYGFCEF+Kuen
vsy38YvjpMxbozDEfxmpLNZNgpasnMl8JHLDdJ4aTq5BmlN9Z8vTDycZjPWcC2FE
ublAvQAgbHwB2wMTeu5shHmxT1n+C1H2bvqijkyOhMny5N2qKAPsMlxxniWWhG/G
T3bb6WHj2JdmfwJgxdxlAdmq4LuPm30rMbud8LGljCI7xsO1bx7ad+mDenp3O5I9
SRUoTsKNqc2YjufZJLFN2e+rjeTNg7DbvW8btvyWdfjizk6311uwqfNTJE2MBnQv
4wxpMblaKwF7Aeki7hrbcGk3+OToCWVg9L6jxZx2VBgYjbQX6/V1sg15ofZGt4VK
Y9JM8DzLK4IhY/ccMS6yLCmOrENDBa1LHq9+6H3N/OAhztkBQDsTMW7ohJP7HDLM
Llz2x1DKqgyvKlvZkU+K5eW1roNu9yJlkWKQKIqy97MA3zgWwGJyVKtyFIaMdjqw
/w+SumGKA8FoV4OUsKQKJavOHNDvWMGtTjPrdQrv6O0srji0A83FJeeMh+0nvndn
2cmNlpE1d93+ZbjYbzIY9cJwKm7EYfjmbI/VtCNKcpyVxDT942TUB0Dxs9Xs5ta9
6G+cCOWCAJie60Tzw1PTFr8SiFlKwcdb03r4APUfLwVpLKIEX++Kxleotn6IPiuC
Tz1CANcaXsVsRVMZ3MZcFYDSm3K2rgvNgumBQk9GdobJcvHaqKUPVhg+WhBNWiiT
UkZVQQZ30AUEUiEdtZ20hDxBhR3tNedXcHjgnEbRbDCeEWMgiZvfUjbr9soJsl8h
KVG7e8Ro+qgdpnX+F3L+fs+ToOPvClnQSF8FFhQxSGggnaJlSYAui4vMnw52Tdm+
1tWbIAICLdXAbFVImt+8xDvCtuAxYdXATxyjNiiFSYkAAH6yuxVCLeqhX2omOI3p
R64+PlQ8VbET65BjCCuaWcJz9HbLyXTlL78/d7/vtJqMJqGuesy0NqecPWSI6mkm
8Hzu78Cc24r5T6it4kSoFWlp3N4GS1LTptKXvrNkfzKPywbczymx+skZO5q3Pndq
mwZAABY8e+A24UxPdWB+oK06ZXDpzUge8UGuyLuQV6p2hMea7xDkPAtOgEHwIjVo
g2QFhrW0SU54Cafi6GIGPapFgM46WFKtt9YcS3/JWpQTanYInXU76uytw6m/dq7p
m4MkulNZms9hfNj0uCX86rhMebNhgIKqmIe0w4/HWh+5epTueAjfJuv+1zXrMjjI
7ezLNXJhcYIy1tySBc5N4N1Y07TYJFbe3dyvCqsfY5MMNnP/x64x4PQDrs6VP2if
0ipzlROpa8IpTJtVdizj3FZfBfTy54t5j7VzVDLz6vwbVPfk13Uw83u6YGYN7Dcl
c8KFy5mI0htQsPyNNqDBRzLmT/ujYTkvAN3Qo6mI5htfutkWRQY7E1buHesV64Tn
DwjOxhEqqB2Fye4cr/4w6roJhDOFirX/nzOykpgomrT5p5sVWz7FZuwoOQXY6xLT
oAvNK1Fyg+o1P3oWXLbcmb5BMKHcD6mxsCjmgT7Xk9iyi+vGoA2/Q+gmPuHcf66D
ED8IZ1MX/ysLrgsnBQ0fHP44FCMP/Lbq9d1zwCK+Q5UmMmhGZXcA/RzXo5L0W4tF
CDxDdJqlgjpXEwf2hEA/WMJZW9nCb+DX+GLaEuSWzfubVvb9fslwZOwKnZ+OxqG7
QUWsVtvIp5FWm2KHLPe/v2PW8Z8OMMwcKos1kpQXl5BrWGzXQqIEZK0Y3q8XS2xS
lM5vLuaExAbj5dBq6pKZClKeq8fu/QrSQOnmuPgb5rjLtLu6wxo74lzSmjKvQ3rN
NT11HY747geK53Ss6s1eUjo3zeaIuD2CZxN/4KkkXT1VTQOYksy4XUdh3b1HPEO3
J2QmDO2dItPXeUMB/E0GMEf8f9YZKMIlIeDTxDPSir+F+w3vbtZGpnkC1hXqM7/F
hr+zZ1UJiFFvVYuwt/5R/cB3S8ik7Q/yUCxt1AkuvwxsFiIJn3YR0gMmmBCWYk06
cEpOfWgTA3skYV/lYQZ7ZxVXy0Vcosa+qyJmSK48/+yADOfGdVKJnd5k+PxD/C6J
aNPSpMpGZL8ep+VBQUIocPIFRNngKEVqDzOmYRZHGgnRtQVxd0ypgVZB13LyAIPW
Q+V0B7S0ILGVhof/0GV117UXhLTLvfFbRxkMPbIBJrub0iMVIZ4dVH2r2Qm/Zo0F
r5QU2ivQVCqwewnSQUYllFX6Szf1NV93vmTsOUhSYZ7ntm4Ta0arkkdTAK4QVnzR
A9+jGJWgekc9NztMKF7FXF1zdRqCI6+DpTAoaCAYrdxSA9RYdTlOk4UQgW+R8gwq
3oSJJ2hw4C2pwigZAcQf8EsDsa23THTf5uGbDMh2DpR2dh1NAYbhTQYUTW+scH4Q
1mDdFhLm0JEq0eoYFyd9Jjxq/DMihj0JoOv+tNvoPP33MmpTG7rQt8Hmv5K1XUoz
z9e99fuTWx4ZhAV7jSDdKs1+bpHTO2vKOpbyzvYHnammN/JzMeF/LPvHofy7mhSV
ss0tbC9wFqfU+MNM170fhXTL+D0MCPFynR7lZVzM0FXxBHjl0GGuPIQZhc+gSFVx
FuZRljfeRKE3gJMAuEzd1cG3F25z8YTQ0EWi1S2yvvaZYILsCfbc/Euf04D5Vg3b
KTsLymx0A109IE3p/kFCQC4nzESDEJqkXURpCzuhoEfTTpzvgW2mGxU38XifID7F
d4h4GMvUrfj9aX56e7nk64USuhppAsbOMtOvOL/SbZNBt9a4Z9sb8xUmXmOG297p
AZh1SZ5VkwdKYMRx6tmeOLLnecUP3wjj2MIfK7iRm2RPcuuPC/29VHb3gcZuWiTE
KN+TZIdp+xt2ehuCpUfu58hOZYPPEphST4oYuA8PG/7Cp5VgwB79a2iOREWShs7s
m/UEreUr6AgKhh/3fCwlA4u3WLGk5gMNEiTGwcu3vk+4TmB7uiJU7yA8Qb3l43y8
3fO+EJGtNDVDIZxhkS4e1k7Obck/BQ1s+dNa6J3nNKObuuykPTVAPXrMF09eUm/8
uv7F6g5C2+FVMSHGV+PbqfBCnNnFCJdgdb+KlUg8Zcv29WAFtFvgaIQEZOyRu8mO
CiI/ChKWS1l30ZdguL6exKMmM95Dh1WOUdDzvnPGxF2t3+4mwH6Fp3RtNrAlmhBG
HqAm7hZOIkFbosrYgB9Z/rZWR5oyQkph8qfthKwQWqm5EYEG7Yzk5u50jai3kJRB
8JHj4/xPN6o6qA5fvGcwOLCXfb8YwlQ9nNGn3dLcfbZJPzbIwzDZCpT2RCPUyqfF
waWi/L4S3gh70UWg76SnZJQ4h6qKgg3IaHlR8k+aIst+tEQ3mDddT+Sogv2ttRYT
vcXN6tUTvhI2QLvyWniMXYG4rGONPggskI2AdVSSjmcuiV77eLgAgwWgbYv7WH0/
BUA7S8I+rzb681oWTWI9mQDZeJlBEl6m0UjVF0OnNQdfJOLGtIbFvAYJahmCrpru
MlHwriJWLYcfweyUNAmlsjYLwhUXcUzEm2ekeDlvICfDQx/knYNgdG8BtLh5/D0B
usHgK/KRx8WTy8go55I8ZXXVXBJy08XCuedMrCCzsqSmED+JWDvt1njbcs0snPae
2PMUPkjX4p9lfq0DrONeVjA3OJnwP+cW0qrE8hjIQJwlYTGrigjKTMkntv7+wJUA
nP/fG4K2ZaN1jKZdzCDD/mKX1FCmIRmzXLMEf3aqVDnRsbhJ27xsgE+WiEadR2Vl
NvQ/BUibCBDrVq7VUqz7N1J7rDK0xNc8n5YL4SvOTO0RFrEvoPIiSx2vF1rMqWs1
9dNiqMP2W+FUc7eZUhIyxeKFFo5PB3YhOqeCHHODBImlFqXST+FjcEAlo45+Qb35
yrgSsa7Z23SCyoIgnkSUYeXT0hQQjpLW2CKkYMQ7vHfsce0qTM9Rmln2PVAAzl+F
OP92n0nrAqNzb3bCgVgvoqierhw76pENGDXaYIBpzyFtm3maQ4COFlOmsqjSwx49
TXRE9anf7HQSBu7o91zXOig227PdMgIoRd9G1ejZIyOHFTRaiOEcId+aZsOfceyM
r5Tg7hf0TIt7mi7KmPzJKMisCJV7YSpmJfJcjokSSBve+W6DcRAh3gYSJ3LhmClT
CqJpI/U0rtP8G/BRRfG+OEPGf2vqY0joL1lxulxHYuSfdMz9TwVKTgJ+7h9x02XQ
3Yj4LMkwJpxwq0XJk67LIcfKOcOgLzb7XdbE3TBDPjdZOyaMN5YxoneoYWwjtmA2
ovQ3lbRzfaW19Z9ivpRl4YL9irr3U3GCSGntYrUA70AXQG/DcShI0LBzTKKemn5F
v0PdV5MtkG0w2eWVlD8tFYzMz8qhgIZk7ET3da8vQil1a1N4mLoGF5CLMM4/VHvt
HBl/OC9OuJNpWFZSCZ/wsv3g/maP+9PUBcL4w6eCSrkEe+DgYPCuURglI4/epa3v
mF/9Gu2bT87P8z7/wCmF1dcDtBYOUlBTv0o0omLN6y4KszwwLvnjiAxrsuVNjRry
N9My/uZDclCe9PbihDpQNaZnUMNLLf+s8E62nMXIHGNO27XE3U1TdRiEstAw0C2F
8RoFeXlu5+leY5iIonqZDuTm3RmTUVxhpF9VDjgU+WmUW5JdfjksQS6GVieg9rHJ
JlVt+XluN+bJHt8YPAnB4w3QDulgZQgCXv7s++9nFq4E+C1mZP2yn7rDqwEefo8A
3EkUJYzG5/vBkKO2mSvEaPCkABh4Xek3jJsjEPfMO9kSic4gcnk3xXqkxvN/85C2
wKg0do+pr/tKB8KQW1Hgr/6XabLGUC/YVAV+tcppoBEpcBSoXHmpPaSSQhYK8PVt
/s7lXyHn188cubeF15bMZt1Mh2xaT+0pUiU2QpolgWUtMhKWW6qNuhZYtYz08zQw
dL91VIt3sgdyU3cEQ4lN3OGgNj+y1qZiov4wvZomjsGWNg192Q3Wu4wuWFd3wEkk
oTb6qukAEr0Gt/AAvCqm8Ws9WP2z3Uh6qUso5FUq4RTs4w9Bu1EyXzfijo2cmqLZ
UHMKd4U29L4Oj8bX+6QneVRZtSQTZduAIvfOjaJ73tlNOkCYJIhe6g4QJ/Z2zf7W
WfrsuIx93DFq7Mqbjidr4yf8Ntv/isoYdtIAx7yMHjTNAurX8yMxTcseV7U4RxLM
FPJsUh+UNrHTZKUQq8KjGjsUcX03SWv7w7w3sTfFelIsHnDgq8HfZPOccW6uJsp/
eGPqPDMRIZzEybpQQtFGL1uD2asznjy3Ft9rnDx5hIyucpoSuUF5vbg/Mx5JoBtN
mE+g/Cb7KVWi7VTFz2EZ9gUDBjB1KwqpM/4V8PBb6jX8A1DXou/tvbbQ28ArS3iL
76+XpXH3batccfmAbpoM+iYrlPhhEUdlLCExOlwrFnhltq0GNerGiqg/XtOP/XkU
Bm0lORGIDTjvoomEhLpPdLbxzufcK+7MInIlCSy0zjw1GxZzb43h/FByKxeBVLfN
RjTvHD184CWrj0jkvWbxWHXDDKIUlMXXkL1kf0fahJFfv5mtTZso0q2EuDnT+oMG
5SgFcQVSDZlqFBLe7WjeCzAqwuZJNmBEhyakfPRkrwHsyi4mGBp7E+FVQKz4jjSg
k0rCCj+FVfXzyMq//FQigJ8NEd+PozBgltogVKeBxLvwnpnEhF3eak8Pvrz8Ht5u
g2OONCmk1fYOjOdnkZg+6azvzfHr3qQ46+83HDOBYnVP1LWFU/yQ46cW4FzhBos5
HQZYLS0w51l7ca+EVPr3yU/WR6JdNOczrhxacr9VFlxbFDdxi+7VOb9c2aRFToZd
BwM9M+giXQc5CJguVWbo4fiKdEOwY1faLxK+r3faWN4qztFZM259iIkCMdKfoQMR
ChmsImPf88wsgnxKqA07Ct/fsU7IGI26xwuqA/Y9ZuqGmBrgufDKUHDf1WHwP0Ll
M4cExip+9nZh9IgNTnrHgBEptWhdtrdtd+mnMlK/s85pqmS7qbLDhP3YYHurTHUM
93kH+3OFTZGqu3RU8PVgA+x3INJa4k/SRb+TZ9K5ffdWcAJaF/7f7YhLYqZmt3vq
ixf5L+o9bAfjPhfq2j1adwcZL/hTce8Pl6ORuinz+/zkrxsOh2loQ223SA7hKrSB
qX3uVEcGqo+2Zu4egrV1YJbKTegsFyADkJkjE2HgxAKftLA+8ylOruqsg5AQkVUr
tZCU7LOPzapPCois4ZBj7/urLAa+pkiG1R5iTWaJxxHmODnSF9pPuFMgWIYh8nRk
UmZ9QHIWcTBkywMNkJUzjGpxFxrkFmZFjlBdvAhPXYqjOIMYu5Qht8p0/issM7GS
DcvVGa+Zkf4sJ/HbVkudA9q4XOmu8A1wcTXVDyhpaFeJGQQ1+7yK5V7bYEJfxqea
e8GqdfQsSdUiZdEtl/Ou0/lbVeJEixTlJtPMBOxMgIj6h4FjZQsbLfzhprj3awZ5
lVz5Cr2u1o6WkYJgBwKn9X4Zy/rva0m9h6zhUMmfHasaVGMWTQpdgjPLvQD3bhv9
bcuyc9DMA32DahVipwJ//tTU8YnMpjkv/DoY9xcimeRJRk4pB5XtvuUBU6kAy/ET
g5Zyd/6F9hUPcCOSyGxkHjC+ld8vxqefDtYsTiGHREhHYGsU90z8RbTvaWo9Fnyj
5CkWSB6GjrcuLxQxcQFveDuZcMnROfoTfIbJuX6ZQoDFzHpH9x1XnIL6ibP9BrgC
3fbZ0OGFqrCYnX2lvTi0N0CvPbsPjm6GfgyqyOSQF1L4QKyO59ynwWBXkvC4/4pf
C6R+MK+RoHRO90imFam2dSCt5Jwnkf86c2U+WtClv7/pVJPrFZ/L8vVfvNhKNe8f
g2sBlBkr/V9QEtpr8NpgBZjH5+JUhPgkReHaFo4DDETcm24YGuGF7jM5bUJZ1F6T
bfJ1/zP7j0G33nKiiNvwO+QhhZgTtZNa3GNlzODm2YZiDR5C7hIwvlTA8qzkhCWc
pZ22S9H4UwzmQ/4R7/fLiQ4RzeRXuuauoxsMIPfWe5y25BnL+tEcrao35spb0V76
255vVQVVxFZ7c5CjP91G0iLYWb41HJqRYE898cJWvliliC4DVBPEde8WijGqAU+x
jNGF42dL9WAs6PVlX0AXN0Z/bLX/+y6ascbAnuXX5YKEtA2wWcKoiSrJ91QRlAZK
ezboKo+xnpGcZr5Xi208y+5eDcrL2rDGEedm9d4VzOdgeG2Ln6PuQqSL1qcbKE+C
A9Hjj1QEjrcfQXAcRJeG33cd6iK6iT0p6GlCxklkUjedVUMXYF9qWrjkPFWNHmYE
68IWcwCH3AlwuNmnIqROGOp/Ata1R+YzEK8NKM4eFdnMDDhu+GqO52Alaze4HDUF
t5iA4vjcb8Yy96hePTxXgWZ6lW/gSSSd9DdQqR9INUvUJMeU/1+zgonVj4CyjqNq
lGpfg2kfSv2cEChiMl3XQPTPmOMQllnQP1JONtp9LTHVGMrrSFETsqp8Q52Uqcg+
Xwep432IJC9eg62+WTb5DhqPnI9ilH29SiAjvSu3KtZh5eNuInPkB9953sx/0lGk
zwERdcN9Y80TWSTTQsYAVxmj3Q+abp1caXgMBssadxfToJOCQ6XrCcB/XUeoIluo
Ad721zTDpojCmSfCXvuZ5rH6o16KZnb/HTboCTqMfnxEPPrBhoD54Mfh15Br0vLt
WTEsfcFkeXTA7fizE3UzxLXVw4Fka5eiMs3DTv1CZc066vq8jiRzqPlGfBkgXV/z
su4b9Cd0pkaCKxM9YfMROIK7K9hP+DzBdst5VLBjItMp55Zbm33zdHuBtHbrHR3k
UPIZoYHn8zVJtVmwpXHqJrewQZYMn2svEFbMEz81eFojebeagvte/rg+tuOBIM4T
q3MD9USbtLHIJOVJEH4pPXvH/u9rivqiasDqSGtrM8oQdgnIsQKqlgTMNnv6tuhZ
/Hp32QKSiQH8OXylVMkp1N09FfQpY/YoyZpdJhPWdfFvAH92DR8bDVURPNgT8tDE
4Pfl4q4G8n3+wtpOkaSo0xZcyQuN5MC6T1+0q7QT1MZ+oUmpzwR85ZZMGBvQMZ2K
KW2M2hwFnWEaSP4StUujIzzvDPZwiRPHdXmzITlaeVUHwz8ylWrB+3kmAhtLKHvE
WXoYcpeZfKOvhDdrUxxS2VKQn2M3JiFDi8FwnYITtwrO97srHJjucnwMWe7Bz1Rd
4HGNkKvEWXfwXOLbwXtbSY6uSdvV10z3iOsL6kyH0GslYAe0SoET9gphPVfU0Jpn
O5LQtDCvIA3k21UJBrhAQaOr+HJXBa+x1EePmXN2dmqnda6/SKdWsW5Wdlhle2er
wortaVXWy+insf4wdniYjuVYTf+gU3Ots6DQt+wpcWHbcif5pcp169mfVbv9aWLH
b9BhKip/W5BTqWR/SjW1r4shgiA2wtCHWBWeqYap1rWBZgtooUQEUglB4WGVJVJo
CTgMlurZv99BFLbJc6+6C+YlG1f2Nxkj6vJGHYW8MRZ2VQMfinKsAtHdKEtG5SmF
VUSlAKGFeIQzxc1rqDJkn/gMDfKTsf0I+oHC/igxdZrEX+idHqJaNidp5fpsqfU2
sjEmHctpc4DCNzd0oDmtxW/cfaditjUz3L71QOoUEmzC9fZfYZdpyB5EGDhlYVB/
Wyo3A8bnqy3t5X3vVjaG5/zzNikhDjlw2jol7JTJ99aoiHDYEtFy9xTj86Ul5eCU
vh0yf9wnyLaqo4/4qS4WglUEWGhfwa950uhAL7MjLA9mI5CxkH0CxnuGixBt8dFj
1KaIYaWyLRqtsCwtwwJcXXRWKfkHZX1LFICl0dljE9qYzEzI/7SNJVJCB8sAwJFx
jd5HHbnxe4GKziR2AWjWWMok34wTQBK0wRv2uVNLNhjGfPOuDzheLY0yux4FKALf
RlxPsfCUy9ThIFSgCs0JwaLL2fkqag5p/TC/x5vOvqSFXFU2zILndkq0IMEEv8Tm
Ig71UM2/jJRO1ZUBsw5ZO0MnOoZVvn6/y/X4lmePOSk21fct1HK6cmDOVfd1BZ1Q
qqKOY6UGgnRJyTXaiqi+mH4rMXYoPgvlAJUKP8FxQRbHDR1GxWrTTuN1DAr+YZsl
AT7tRFq4wFyLEu0QKcAlh3HSSZr2ZNgZ7Rg9XFD0oT+N+84hjHNgyLMT+9w/rYDf
E9vGxNIEi+QQFc26k+3tfvqLq1YRpvWtAiJQGRbhQUd1NzIxb6BEV4yObg0YO6lS
GMTjANxK4uqvz64/E/O/WZj5R0+yBhx3AfPSYpq9rw+A+Cw/AV8Sw4ZupBAgumG/
3Cu+nWsAvRcZ+Z+BYwfXdtbq2NKPquhqRA5RX5POh4yWNlTtGPIouZPYRwjWBqcB
IGK/iTvBVJqGApFZCpm7j4B6nU01cXcK2orKnPb/rF/MAFBlALJ1pOS/OrixNpDl
Sz8xEj2tDqBDExqaWkrb4OnGhVwdM68ID1pjtZzBUceklOilZq2227JFGWNLNidg
oHidM7Nf/B8xIziH8pJuj+6plMliD+orH4CBk7hYIoJULcch1FJDNFUzmkT52eyn
ib/9blrfTC62b8kI9mYhMIKovJLXE6E2/+3YbXZ0fZrXYopB+X6QBc+z7FaFQHOk
lyHUq/1CdYUVWWnROJ4WiJQYefPBJKNTYLkzd+XC+X3vCWsJD+MVS2QNEG813myk
lnxP70j3nSicn4hmz4PKtNTR9E+LPyklkROYIyVng16YXIjgbPxmXOfUqhjHseYl
UhGssRD/qVHldO8CCnicAPtkS8ErBN7ZDq3/elsVcJ6hL9GnRt30p+n/MTPot6O2
4wJVBnKWx2EtJkzRhaac9FSoZQuXVsyeeLYKpun1XYv3qSDDLGLr6uLmfV635J0x
5fm8kZKSf8idYnimg7VwbOZ2pf1naRDit38XOSr9a96S3AYjKocp5w8uHXTnQpBL
dAx3kovxv7jFN2nf3cMXRv1eJo+O6SUV2OX7oXb/QW52BTnq08MKQmmnOnA/biCp
J5+GvDrURbIJuVUl6z6ciY3eNlZmiNqunal/ZKbSCpnDGMjw/RLOqdLE7oy68JpC
l5DL8xeyf5sjW3saxSRj0+MScoYeq9jFTu5rWhS7OmmP5E84G0X9keSkBPus6LQf
+iNv+QTv8Kje6JbsvkVtST9t6pfQYbtxMcx/fn5q9a5wqNf9/2WMh0OvCnOWUbKu
BPfk5RCGlpHeyF40NgPR/EUm9RmrtUAAnoLg+MCxJ+ikkpvFNwS30UFQsl8YM5oH
GMm1lFuhcIO49Ev4VD6wPwN1wWjL4/XLNqjkPKoDiv7KFntNQAS0tDHjFWnApgiW
W2WKWloB7hjHahwXipQqvkQl6hb0eg6cGbO1/rdLSogsiA2ukH1TDZuGgsTEOONr
txWoLkOuFB0s9sSCSuzWUYT7QwiuXo1xBkVYeASGuPiQmyh88V6WsaKNwNUblmZ+
cK3+7TOvNjg6Bc85XsxSyivXZDXzu0KURpK6Omxq9+B66H/sltg5/YGrFUpbsR0R
3UNgWUBaNq3pWqFxjxiXj46E5t7fespTu1GcQxUMBXG0tELohBqKc+XayYaHI8J6
xgRssvpZgnE9mzTrOKUDx4IN47Evzx9kArogEWgghKVrL7xIzima4D0+lRyoTgbj
nDCIFdep7Mas4fQTvvFHAKAJGZXwJrvMHD/JanIWEgEMWmNwsAGp53va7XXehnMP
Vhf6Gk+Aj+0sCgBIM6gtpwH/GcIWbHka6d8/V3Sw0EiF/4SRqJWlHILxZZ9bw5vK
daaYlnftCLEKtv7UpbrNPM69WQz9MdcXhNH3CABCX9D4B5eZeE+82zFb9T8ZPJ0d
bX+BwpJ0z1nhCejUO052dpqrWwReskPGGAOI6xViI3cNY0as1rsq1OL9YGSG+fDR
EAIMMuqCjYSaOYTTiTPDUj5CunTj54R/dhEELRpnJMtJObvTWhnvPVDYnDfH/LZB
MfWsQz0fNoLSx0kyMNI7id0KR+iuCX70whBBuxJ21IsroCQ92jEvWd8iZNCyQqTf
xis0BEoNArzcpv4VWP+PCoNIjhMpXIKVMqAQv0ZcR9Vn5C0Xv+bfapihXcH6O9ni
Qr0j4EM3MFixSXMIACHGegf1IVCQf4xTpXRenJIV+p+QtqZHstIrubJA7T96j2RI
6nV9AMVu1fsGUagX6TKXWFqm5Ie/0D6vOuVVrcjwKDWsTdnZSWsqA4HBUTm74Zm5
hzq0nu66lIGKn6CdmPPhUWysNBBzOxN7KhxSpF4S1cmp5rfgBKyolTVHBTD34xkn
pTy6pzAhyCIjCHDxqc0qmkCztBrTLbPlSR3TjdBF3QlIifqn23gEyBDmnvNVJiVw
HcHhSzSdua9r+iI2S5d8NuT8jfSYEPgqgsxHKMln/SQVLy0XB6o8+SEb+v9l5HFq
z51ToE9nDL7hdi2RM7iy64/lVQqQPl0FL1df+Ry3dlMLpksQpBvxVYT5ORYmFuSo
asBn2Y5dTiFDqQNWTD1agFRzw2y/vH8L5NOtaUpy/HxrBkKZbLcIL9iw0W90heNk
zu4QKKpqEPRckkkEQj0jZ+id33wEvciDNn5J0Oq0mTEMX+7ZoWtjsUchbF8aaRiv
VBCUdRuu33Yjq3ZgB8SPzpXjx1Bx6Rmu2BUtRvVmIA+i8w0OT8nQUp3VOXMqhJYI
HnirnZCWjxH3A7eva6HWgyAMrnhKHTx75XBAKwUHXNzr0gpSTNisbtCuDBpfe6Q0
JpRurqvcZA0lOv13KHqdGDz6griTNfY21YJ8jQYeic67MSTpt/bpG0WJORbz45qF
t1WWwTaJnSgcu1tm78Bfsb55Gq6YaKFgmTb5jS1gHKNYGz2t8YO7dsMPw9QrDC0g
qLjZwm5POYyc3QMyZG7dToPbT+Q8b8oLiPiqLo5bXEOtDTxLvnN13bBmB9N0QCXh
FCmAVywSncYspOKhY40SNv3JzwOwqAXEqABrSnRd6sI6BccI88M3ELULPQpv461G
FNRPL3tP2bocx0rgJjrUiukOXyWGZ1q4y1w8X2ArbCCFulejpKFA20WkxRZIErW2
XWtPK04XQsEqktbCewnlVluvU8fSHgfjpLqL6koMHJo26Konv+BcVGo6UuG1yl1m
obyi1g6hTm5BoLeyUukUDcf456S6TjJ3jszozPuzDw8AesdBE7FNJLgUBBijt/tX
wVeKjYLGNk4KPtL9BH6iQZVC9bfbNv8qTLMHRbnib2pN9uDDwto0BK5BSfsQ+61C
cQUg/YtR0HARuDB5Gbal1I75u56w4EQgjinQdNtbdb+fVrKp7LI4yH1kBUvR39oW
A2zRJMfkXpMalrR6PYkcNVLupqJOlZ/SjU2Jt/HUD1Awk0H07JwSW7KbX8sZegne
vVYB1PSJHu+QvitQDIUzep0sXeLkjBuLPcWz+7zIsA38SafGOx9dgGlSJ1OLD7wy
gzeAZ5N63GNnvgGjXOcvWft9XVsopqzUt8eCal9gv3UNboPvUZtL/igEp9kUlaFh
WdLEGsbjgH2k+PdZLKQoJU/qD6f0RIt1D4nHRUDjG/GPa+Tsw0XcDyuMec596/sW
T0PYwVc/ZqzDWYaP//Yeuw1Xiwok/+RydgKuCFA49kBNCRQr3oKwsu2zpDlp6YLD
ybUdHzD6AoEtVQ8/O1rkXd8bldZgXqUmYrgAtaO7NcLTIIa/e053utDDwDE2OnGg
7rmeJJ7Jh5YSnsX2d7e/Kim9K86a/AyXM7FrF45jzkY6ZvliGXb7nh4BMImaFtmY
psDzdHUEJB2VbSFltuPUpCrwf5L38pgOznHFlvgWQhI5s9YPsjgPme7osFxqzQq+
9uPWMREf7x9q5cAPFML8oR3i8kjmUAxkxWZ5d7Y7rjioDBZIoUvVaBFrJJbnxJ8r
ROSchp8iHV1z3ib9o26TvZzr/d8+2dOUWsUlGnFJXhUy3kRAw+tf3UevuC2jTrQj
/OMrLf+bf1gVEMhBkuK9WxcRAk7MbMurnC1eCx/S6JqOaqe0nJXj0Uxfn7VaVkIb
Qqz+7LS9aWsUsn4J1Pcoq4ssi3JsHiEfx7FZAevLHGsHsE3W7hTUs06aI9eCFDzI
8mlcNHn4MyHS+f8EAPUu2smCrP5aQ5NZxUCOq8yRHZFBekw1Vl5nB408bD7TT+d9
jg3mdihLD3TWU3yaycSZL7YcsqubT37YmSgauB9E2TANFlxdVMC9ueSAVQOKHlRX
427t6UZfqFXtGuImMH19DRMgr76qfFObxZl5JbP2dL/mlUCD7d+la4Skah+AuM3P
uookf4NhbnIQqxwN+//8zkUkQqSod5Htvt4KsT4MLCEh2Oe2plWzkE/Z7eu+qJFY
sPN9ga/X4JDflm40xB6TqiJZW42QptjyftSwBdFAp1TQBWWh0Yl9K7tyecli5i0F
TCFz+maiauS/Y109mkBBFkXbGI4WxhyAlCUwN/rky7gdsD+01tuZWuwQRK82QPhw
/ih7UEsO6cRh169Ava222WAd5AZaU610UCQBDv/L7HaJDe4qzEXftws8yWPuxCv3
gbkW2KhRsaFWdDNyyPERaI6/BqJNcWjOzaC+ctVsqJIPIRnAFDRHnbjajSndte+/
+qUVflhMlwBA6GDt/Y3q1QLYS6n5EnqhMBYwkQx26a02hi/Lggf8MzbkCTRKWgws
kEtwloWm/4lxzDSqjv36PNjnZNiv8RlcYMOU81/gK35leHf03wraoyfpkRwRI2gt
JysSIo5aCR7ZTIlo0tp4DJcNXeabSmnsNw5OtLqR6oGO8/rtTf/cj/bIkGTdeyy1
PgWpMAdys48aPwJsPUz5revX2H13Qy+GgdNXGQzm7HwzLVxyL1z7V9TUPJwiAnlu
rbbaAx84OBDIWuHRsNQQJAshlBSv4F4vcSuN1SO/ImhNOupHHkK9pE0293SVqoWf
oLb6dyuH/EHpjP3v4SkaoZVDkpv0bI/Kt0o9ujhe3ipSmIcIHJtDnOZJbqc864eO
W4NZ9G4oe0bEkqyW/h1R2WAgg9IuvbSyHbjDOcKGwis6aF2qZ+RFn/1ddngGBnSm
i1pYdbwZ+FnU03BvsThCAKPAt3k4FVVmmfvDaacLLu5pfYRU4e9UCbnwuPsCquYo
lMlzSgQ/sHnPWOLwv6MToRKIedN7ndUSc+7/mVTSSDuWcONffsfWlv0I4FFbnYm0
1XG+wVPVtLX98WgQ9ZVvKulUYgr5vr56LcqVOgm4O68RTgOXAuAshd0ikaS/fwq+
PaNhpKBffE4H2JwPhq5eb7SCRD0jFcYSFe970g1tACquknBeBcKcEWReQBzxorMa
OGaYRWLlmFu3DdOUWabOFLXkarOLsy/lGHY+2oyuxVfHYqv3iogu9zsjuEzRX+Ty
8Zny2n5YrqHn2w/vzcOHhBsoKLwV2omf7EFanAkXJqOZtYFVRYEp/5ra8WRh52ED
yGz6Sb3xOju5Nf0p5lTvgGCd0RfNhpskdSGJrNmoVAW3ZK/Bs8Aoo289KTVIYQza
/g61TJG8N3yJaXj0XUMsu2jfwfF86Es7mVvMpSPC5XUy9ar5X94dlbZqDcb2cVwW
iejEXl+QBjztlLQ+Piewp7EDksLeDA8LSPmGp8RymJOhFFB7klqV6rvBojABtLts
PqXUHFYIfkZa2/pJLojLhJL1yQTvWs7Khkk2QxRq4haulnDxJTzK3vsJFe3nIYYI
XCc9Ey5omgsGLhA0oTSKylYmOI2PrY4cOGdu6cDk9hp4UAby6MB7YnntFlSX8X1+
a6CIpH45ez7xK+o2ek5ChSkz2YJchFZ0uzOCuTApvUYQ1yzP+Wq9J82DfzwU7CZM
4OQVf5r0xyamO8Cz+UkpQrBer5AvkMS69nqH5J0miQk9eoGXU/V83vU/frwOgkSW
SnjxaeIqVYPHmF14kxx+sM/67+yqwHBriuCLmQJRQ38P4jhoCbxJCGVsQAz4vLuZ
43RTkuClJAMZQKeg7j5rzUe4AQqbnWeyRsVrdH2eDfy5y4yuJXW90fHeZKMzCQp/
LzIm8EMBAt/bLBPXrqnhJbLv1ss9T+cJxOWkWZx5lmDvTB2bW9J5mkZYU1Eb3k+Z
pbmlZ9zKdfYrQbA0W++MnH1GM6Lz5aU8BmzHqyuugS3QyOrV635CD7gc7Q8/L8YI
rL94mBMo4CpH+D9AcAQKGa/kjbzS5i3AQBdbJX6tNwc4O3z+L0HCsb4sNH5IJ8ti
y0BKhpA066HnLa1l6jbV75AJfDBmRhZgee3kxG3rrCz3TsJtscNlh97YZ3ovxzBj
UudvLooAiGunZAYK8p9jC3V37fwjarcj8IpjdyKgyl8wuuyvhCoeWSl+nJODFfql
iCRlPqe+YN2PNMO6yPztWGAA4SU/YUdG4ND7C/2bXwyWAcZubEQUpGXNyLbnerWA
0/YdTI6ZOFgd01jPYO5MzaZbmwdwEBqM4aJXNRocXZ1x3h+KMVaxFnRfAsc5pWeL
eTRC1JVFXotTxlFw71lvtFvwQZRFekhXucwikop7qaT3ueuKqAK1ggzSQZF+XDkm
fCCUdj42xvXeyRaLDts3R+XfHXwDgVcDlCuHyrF3Nd1GTOi5bNzpMOyo3YcnDhrv
HK3lvk80EIjBMX4V5QniD7sDuw2YeppSc4qIaJBeo68xaI8rpAuvytxAs9AFZO36
g7t7CiP6No3Yrhu2w3hqEmPuLdjTBuXjJy/3Oj6BwRIOYnJMqzTD5kF/BtmaamAn
5ZftVSxef2GL3WdxEnqHjiKbCZ6vKuHiswV5Vc9HbN1gaAZhrBtRQn9bkPHyx//8
FMLTRR5O2hTlun9VvK67mPiBWv/rpdvU39U2pJgo4zkYVgRT3kJIiZpv3KzosDmL
tIsPC0N3aIIEjQqy9+9qu9iwzH1LZ3wdp7EU0PW5zdRJ5i2DNFEYrrnA9FTROSXa
KjuU7cpzljgoaa+PI56+zu8NDnzLmlIm53dzA/EDglWfsZWJt0qm4RBUSzEb/EJ1
GHe/3pfWpk85BsOlym4s4xL7S8F5wa8rLI+QvcmOACTe3HbkyUWw4PlK4qm0nQSO
dC8nMr1ggetqPlVHkC/zCOZX2hi2pRfKMsY9+F2BvMqYzpFXNkJJWTYao8hG6GyQ
9xE/SZPvQs8bMr1mpllnBL22nBVa1DcfO6ay2BPIZG63WVI5zIF9rclYmlw4HvXM
wotv+zrbu67joHLR6ZEWurriahmZ9fX9PN5jxa6cztxXGtGRler6chK//G5BOMZO
A5Zyv4nVh4U9iqzxhEWV0YeUVB4BRWO+9wHLVnh7sGqHagb/rq4KzdG2lyf5FUZJ
pXPUt+jorxi90y7RG1zHe7Q8OLSSj35fFklgnVT/b1UXdQImE5dq5P8bBb9mRFNq
z46y5o25OAsNIkkzejGi4D2bTEJIKQn4PFA/SWfKaQlcqr84Uncs0TzwZcJYFQpf
FgvXuvA/sGlN/9doFKxNzO63dUDHPCE6Kv9ADd9BG5dIQSIk+vCXy1BSxNi+tfwP
/j73xZhGbzv0voVbeJ/0POvD2CO8Hluc4P4r7IPFx1KTHD2L/4xXAEvKKAvq4+Rb
6afrQ26XgyJsXESnTUS538Chq3avETqWz5I6dHNDLTPsbZOOu1gW2qkPSOfz/Wdu
/hbBpyi+MOzf0JpSrnHOvn6ncMl9QgPOqd7a4Y7tkU17BTEeq99flJJnMwH/yMSf
lM+d6s8HThOTIrhYMG4kof/MC9GE//Q6A0I7XuA5zXMEIwNAlKhVs68yHex5hElN
29+AVqCUFJ/ENYeNmN/GiwnhniFMWAS/ykbC4g0Bzq0jN22mh+jtoHdqa7JlJegD
S3SmpBJEjUANFHgOKHqbsfr2tdaFDOJ64oJAFd79Ima8eknslB6l7IgPTQeP1nGz
IRGEegAPKxAd1Mk7s/fDwoZDftkGXy7nqMmptpfCWGggfPpa6byMShuzDvNeifM6
71Cj4Vf9E1u5LjJUKNItRDkeM+AWXHSUnphR3nHFW1uOyAlbTaClW6WdW5v2xPbX
jFcK9t5c9PrF5mi0iVavVRlSrW5QyKoDjFqFkD4+C7gF3tWZ3FeDMSubcNpIKhGD
65hqQ9GoMhTvSXW4RESx0zEbB3qHgqBkBCziOs/2j1lQcE6wB0lZeafHVFarcd5e
+yy4i4WzdEswOlshkvfnn8L3hukmmBk2m3lzaauDjKGFVnUKvGJuyDH/ytnJwNa0
bOcllXE/iFaWy73qyBZnG/gd6yzwbjjB15FGS/uCADrPcwfX+QgQQRvbxXd7PPDj
ykgvVNrclCZRUUBB8amAZv/yBY/Lhqi4kriuB7d4SJaGYF6z9DEpztbeVa3VmrEb
2Su/nnEF55u2bHeQ67c1JyDy1e13Suf2F945da1m4MMR2b9O2vsi6HLXG1edOTs5
jd7ez3EMgOTnZzj28wSruv3PiPP1U8gYXzGxD1TADmRLqurRD/ZXuYiftwCu6SS7
4pdnpq3+QLYiRV5eFqMplUeQRa1g3BLmrDW86FXcFLEMVaq4BDBTKMPs9R402ab2
6mJT8f+nqu6KeOYt/HxunyJjpPyd4M0/1MUPDLchqVRX5Oxei9tRH8rTe1jcEGr4
D2+TQFqIxqHT/PA/xb+ashRlZAebCQolL0eaS/XuP7kireEQSYJ2NR94EALUP2kc
XlLRSArBMJ1CCd0ARgHyTT4+WygfXHYa7XGz8lwzyx/RtZDUbEYphGWcepepAj3w
TZ7sNLkC3ls8fnd3SBzSbCzcktQeeME5btRibfTXdaNZX8TNBDBfTpR+POGVP3Lz
9ylfkgjS6kYQWTT9nuhLTJ6k+TYruKz29fVuwN/jq4XPAYeRKj8G9iaOXMbDw/H1
uRVXzcX8A/USXj6a3tsRvGaJAGd+aBALzTYWeTHkASuvTR66WvPzzYOKBgH7DNDV
Xl5u+DLfIYbWTHY15OrTrMQwy3guyR23W1jVQL3CY84U+oQB2hdfKNAMT2hB6qiS
kJGvebvhxjxCbf7aGaMCNqtu/reBAq3G5rYdhXRudUrI+d5aBDjpfPgmMgZ2C//o
NFsz9DXFGQWQG4cEHsp7OmF1fE9gC9IbQBeCmB0Ymdaur0nGd98oTjIvXsxUk7ay
3SONAkJpdRVwutb87fW8OdwWhyNM15G1Z7VfP+I0LFMU5A9HUT0GWyLJin3pt3+N
TGgvW3b4L29FcwMbIg99ILtH752dFAORuxW8RwDmWA37bBkQctKgVXLpiq1ScyIA
k2kMiF5wqriPLz+8hbVMVwECGOrhDWzvbYBhFoQxRv0Osdwp+l+zAi0RQFD0lw5U
G9SZJSGrwIKeTBfAdwjGsF7Q3xZyXr9FAPXl7Vz6hlH/G6taH/l/epSQrBXO0ebR
aXbxsw8lG5byMqTVTNeu1aWpMbh0chV8sSffSKeFhhXUNHeoW2qZkEas8aYtkNZp
nHsB8ZaFtNRdoF0y5LPnXA4X4A7hdWXcuVks26bFMCCYedAcz0gyBjnk6TCCFvLn
LgMb4ygstjMGqFShBahAnNgni71uNXnUIb7/PDz81/81ormCWx0GyopfSKw/XEYE
gS6jScVQ0NNwmoSXqJBvPyqqZQ2Fjl8oxsjIyKIGAdaIeyFtz2xnDRCN5gIHZ2e2
XpUWlDEtunv1K+SWffVMKVIxMq421thy0cj71dD41CzsUN8L87zXdmjSuQdTSXKt
KGbXzNaipM9w7iBkyf8eKIfcPux/O7gKsZkkd27snLSUTbwlDOO/+0pPRUdsmQkz
sjbIQ6P7ejICIu5hSGtrxdoSCbJLsEzJhNjIh6wreKkpG/uiJzNowVi33zTlnkCU
p0M5te1z24d3n2KHDLR7v/CHstOsGVR6lV9f2NBE/ZeaDKpy6Xg3w+DEOZPXl/ZH
YBLGVyaUM9layZjKlsdxBVfD3Tz9rWDMUecMod7Yt0c42m4xweMhKUN0a5oCLywY
KXtO+4yCm+8Yz1sT/o0lu/GeIUXhJTBMHan0S4XTH/1hDAKppsfmEqG+978qf4r+
JO2ENwcA8X5MUrU6TcME7R+PzKfMKE8PoHPHaxxEVHw3pYfucpRSD65g83v8gpTn
pa7Ba2UzDqxU1yI1QdaSthS6RxPYGx9fRT38gd/AViCFfenkuN183D2xiJgCEZfZ
QJlDfpf0nX5wjICZRIbPHDUAw7lkTgoCqDuOBn/kMp6dNoZeDPL2JGbVrk33RLXU
wsGW2tEvi9JL58tK6prB1KUL4zirYxlRqDl0zHTgna1YWiN9hdpy/XJvN4G5z2eo
zgE1OP6B71gh7+67HTWNyIOCn43NFsdETLrTtNzZgn37Oog3MXYgMiFtG+VfpfVH
hxac0KyhcHZCkzTh1i3uDOIXkkMWVXElO0ucHA9+Ugx0KUfDkg9C5i2M/rsZy6yi
OQvWRcrDNrnibFI+mfkQTHYnLzUlNxaPURr1cR93CcRZPQQi/DQiHs2VR3n7tTYW
sRbIiTjj4xOVyVmygQrOZtnOJfBnyM1LO0rz+60IiHuiN8SkEW5RW8N4y4LRj/mZ
scueHTS7W/BboYtd1rQeoS5rNEdE/SN33NtwB0ulGoG3wqtELJJ4w4R6K60dSNuw
qfxk/ooHfHVomzIn6xNAv1ueIXbMsns4NhM+0m7PmnFwg2+II4L5ETbFtna/rdK4
gqtZXuUD3zOl2+R/N8ojw6c6WR9v+dP3xqzBiy6x3e0gSPdHUEa3jK5m8yNWyOi7
nKWSqUC077NhyY9cdoRzyhqLhktA2g14wAcYAWkInQK4W55+f064T0beWQ6kM6I/
Q0TLJBtql3J7uI+8I5ohNYOROqc0Ja+M46DjyXuwtqepVzHzqSg04jvGuUiQaAeT
IYnKVFyhCX6U2pBUSe9jYE356hdUOCaFUSzPtoKbeqYw/QQOHMcAyFjUYP24l+Nf
XCH2+d9wGwlMWfqY0IOG0x3q3LsX8ShuFtgNVel21tjeL00nVOxElULq/dSHvM86
7BLdQEy1cfQ1BKr6B4VsOGwuTgfuBnzpYzktJBL+p0ln4ZfimH7EH9ftXBjVTGE5
mm3MAgHZxf6WraYkGUrRRe7VxP/WLgUHfxjqeNWMs1SFNWYljbJ3x1rorBPBgOCy
BbGDwQmhobMHtwKFc6ZRnwDxSDhVRrHSdowQOOaREfFF7dkB9kvBeIE9X/Cn/T6K
gVvwpOg4IrjdsWqqo4b/0FutclTh7e23r4NNwVW3abDDn/gWCbAcUjH1l1YJm8Xr
w+EHtOwmV1VLkt5wx0ru6GTI83sMVOO9JDYObMHkTb+RNL2i+xMrt8eTfPllPjhr
B9qxG7R3OEFFGR5ScQ4G+G4B8QjYwRfRmuNcdtYrUewrTODze+DNNimVkPGykYZm
oNGvab8Shx5bZMzqZC/FSLeqIG/6HvCRFihEb71Y7G7TC35cE6d8fE1uDS3S9Lwc
3ck7AD/T8SE=
=iWmV
-----END PGP MESSAGE-----
