SN:3K60180500001583 BD:Jul 23 2018 VC:834b9c1 MD5:48f99e4865ed8b810be1bb0eaaabf929
SysTime,                      Time,         Batt_v,      Batt_v_sd,   BATT_PERCENT,BATT_PERCENT_sd,      [CH4]_ppm,   [CH4]_ppm_sd,      [H2O]_ppm,   [H2O]_ppm_sd,      [CO2]_ppm,   [CO2]_ppm_sd,     [CH4]d_ppm,  [CH4]d_ppm_sd,     [CO2]d_ppm,  [CO2]d_ppm_sd,      GasP_torr,   GasP_torr_sd,         GasT_C,      GasT_C_sd,         AmbT_C,      AmbT_C_sd,         RD0_us,      RD0_us_sd,         RD1_us,      RD1_us_sd, Temp_Status_mA,Temp_Status_mA_sd,Analyzer_Status_mA,Analyzer_Status_mA_sd,       Fit_Flag,      MIU_VALVE,       MIU_DESC
02/25/2021 13:28:40.069, 02/25/2021 13:28:39.993, 4.02749e+0, 0.00000e+0, 7.78007e+1, 0.00000e+0, 2.11346e+0, 0.00000e+0, 4.16950e+3, 0.00000e+0, 4.07954e+2, 0.00000e+0, 2.12231e+0, 0.00000e+0, 4.09662e+2, 0.00000e+0, 5.01988e+2, 0.00000e+0, 1.19099e+1, 0.00000e+0, 1.04019e+1, 0.00000e+0, 3.59136e+0, 0.00000e+0, 3.18947e+0, 0.00000e+0, 2.00000e+1, 0.00000e+0, 1.00000e+1, 0.00000e+0, 3, 4, 
02/25/2021 13:28:40.696, 02/25/2021 13:28:40.599, 4.02824e+0, 0.00000e+0, 7.79120e+1, 0.00000e+0, 2.11300e+0, 0.00000e+0, 4.42473e+3, 0.00000e+0, 4.06143e+2, 0.00000e+0, 2.12239e+0, 0.00000e+0, 4.07948e+2, 0.00000e+0, 5.02097e+2, 0.00000e+0, 1.19168e+1, 0.00000e+0, 1.04216e+1, 0.00000e+0, 3.58928e+0, 0.00000e+0, 3.18952e+0, 0.00000e+0, 2.00000e+1, 0.00000e+0, 1.00000e+1, 0.00000e+0, 3, 4, 
02/25/2021 13:28:41.647, 02/25/2021 13:28:41.593, 4.02869e+0, 0.00000e+0, 7.79772e+1, 0.00000e+0, 2.11333e+0, 0.00000e+0, 4.30755e+3, 0.00000e+0, 4.07675e+2, 0.00000e+0, 2.12247e+0, 0.00000e+0, 4.09439e+2, 0.00000e+0, 5.02034e+2, 0.00000e+0, 1.19145e+1, 0.00000e+0, 1.04312e+1, 0.00000e+0, 3.58896e+0, 0.00000e+0, 3.18894e+0, 0.00000e+0, 2.00000e+1, 0.00000e+0, 1.00000e+1, 0.00000e+0, 3, 4, 
02/25/2021 13:28:42.646, 02/25/2021 13:28:42.595, 4.02878e+0, 0.00000e+0, 7.79916e+1, 0.00000e+0, 2.10772e+0, 0.00000e+0, 4.10793e+3, 0.00000e+0, 4.05416e+2, 0.00000e+0, 2.11642e+0, 0.00000e+0, 4.07088e+2, 0.00000e+0, 5.02039e+2, 0.00000e+0, 1.19060e+1, 0.00000e+0, 1.04368e+1, 0.00000e+0, 3.59096e+0, 0.00000e+0, 3.18823e+0, 0.00000e+0, 2.00000e+1, 0.00000e+0, 1.00000e+1, 0.00000e+0, 3, 4, 
02/25/2021 13:28:43.642, 02/25/2021 13:28:43.588, 4.02890e+0, 0.00000e+0, 7.80091e+1, 0.00000e+0, 2.10691e+0, 0.00000e+0, 4.09349e+3, 0.00000e+0, 4.06327e+2, 0.00000e+0, 2.11557e+0, 0.00000e+0, 4.07997e+2, 0.00000e+0, 5.02030e+2, 0.00000e+0, 1.19024e+1, 0.00000e+0, 1.04305e+1, 0.00000e+0, 3.59095e+0, 0.00000e+0, 3.18879e+0, 0.00000e+0, 2.00000e+1, 0.00000e+0, 1.00000e+1, 0.00000e+0, 3, 4, 
02/25/2021 13:28:44.637, 02/25/2021 13:28:44.584, 4.02878e+0, 0.00000e+0, 7.79907e+1, 0.00000e+0, 2.10647e+0, 0.00000e+0, 3.99612e+3, 0.00000e+0, 4.06205e+2, 0.00000e+0, 2.11492e+0, 0.00000e+0, 4.07835e+2, 0.00000e+0, 5.02075e+2, 0.00000e+0, 1.19139e+1, 0.00000e+0, 1.04206e+1, 0.00000e+0, 3.59001e+0, 0.00000e+0, 3.18837e+0, 0.00000e+0, 2.00000e+1, 0.00000e+0, 1.00000e+1, 0.00000e+0, 3, 4, 
02/25/2021 13:28:45.632, 02/25/2021 13:28:45.578, 4.02877e+0, 0.00000e+0, 7.79890e+1, 0.00000e+0, 2.10493e+0, 0.00000e+0, 4.13583e+3, 0.00000e+0, 4.06033e+2, 0.00000e+0, 2.11367e+0, 0.00000e+0, 4.07719e+2, 0.00000e+0, 5.02034e+2, 0.00000e+0, 1.19100e+1, 0.00000e+0, 1.04197e+1, 0.00000e+0, 3.59025e+0, 0.00000e+0, 3.18927e+0, 0.00000e+0, 2.00000e+1, 0.00000e+0, 1.00000e+1, 0.00000e+0, 3, 4, 
02/25/2021 13:28:46.625, 02/25/2021 13:28:46.572, 4.02870e+0, 0.00000e+0, 7.79800e+1, 0.00000e+0, 2.10213e+0, 0.00000e+0, 4.40416e+3, 0.00000e+0, 4.04877e+2, 0.00000e+0, 2.11143e+0, 0.00000e+0, 4.06668e+2, 0.00000e+0, 5.02079e+2, 0.00000e+0, 1.19129e+1, 0.00000e+0, 1.04178e+1, 0.00000e+0, 3.59121e+0, 0.00000e+0, 3.18905e+0, 0.00000e+0, 2.00000e+1, 0.00000e+0, 1.00000e+1, 0.00000e+0, 3, 4, 
02/25/2021 13:28:47.621, 02/25/2021 13:28:47.567, 4.02881e+0, 0.00000e+0, 7.79951e+1, 0.00000e+0, 2.10139e+0, 0.00000e+0, 3.94082e+3, 0.00000e+0, 4.05553e+2, 0.00000e+0, 2.10970e+0, 0.00000e+0, 4.07158e+2, 0.00000e+0, 5.02065e+2, 0.00000e+0, 1.19091e+1, 0.00000e+0, 1.04178e+1, 0.00000e+0, 3.59039e+0, 0.00000e+0, 3.18782e+0, 0.00000e+0, 2.00000e+1, 0.00000e+0, 1.00000e+1, 0.00000e+0, 3, 4, 
02/25/2021 13:28:48.616, 02/25/2021 13:28:48.562, 4.02872e+0, 0.00000e+0, 7.79825e+1, 0.00000e+0, 2.09816e+0, 0.00000e+0, 4.28688e+3, 0.00000e+0, 4.05463e+2, 0.00000e+0, 2.10719e+0, 0.00000e+0, 4.07208e+2, 0.00000e+0, 5.02067e+2, 0.00000e+0, 1.19343e+1, 0.00000e+0, 1.04236e+1, 0.00000e+0, 3.59205e+0, 0.00000e+0, 3.18855e+0, 0.00000e+0, 2.00000e+1, 0.00000e+0, 1.00000e+1, 0.00000e+0, 3, 4, 
02/25/2021 13:28:49.619, 02/25/2021 13:28:49.562, 4.02880e+0, 0.00000e+0, 7.79945e+1, 0.00000e+0, 2.10063e+0, 0.00000e+0, 3.92849e+3, 0.00000e+0, 4.04367e+2, 0.00000e+0, 2.10892e+0, 0.00000e+0, 4.05962e+2, 0.00000e+0, 5.02044e+2, 0.00000e+0, 1.19175e+1, 0.00000e+0, 1.04184e+1, 0.00000e+0, 3.59150e+0, 0.00000e+0, 3.18852e+0, 0.00000e+0, 2.00000e+1, 0.00000e+0, 1.00000e+1, 0.00000e+0, 3, 4, 
02/25/2021 13:28:50.610, 02/25/2021 13:28:50.558, 4.02875e+0, 0.00000e+0, 7.79868e+1, 0.00000e+0, 2.09777e+0, 0.00000e+0, 3.96648e+3, 0.00000e+0, 4.04495e+2, 0.00000e+0, 2.10612e+0, 0.00000e+0, 4.06106e+2, 0.00000e+0, 5.02057e+2, 0.00000e+0, 1.19266e+1, 0.00000e+0, 1.04249e+1, 0.00000e+0, 3.59086e+0, 0.00000e+0, 3.18889e+0, 0.00000e+0, 2.00000e+1, 0.00000e+0, 1.00000e+1, 0.00000e+0, 3, 4, 
02/25/2021 13:28:51.614, 02/25/2021 13:28:51.551, 4.02873e+0, 0.00000e+0, 7.79833e+1, 0.00000e+0, 2.09736e+0, 0.00000e+0, 4.50444e+3, 0.00000e+0, 4.03966e+2, 0.00000e+0, 2.10685e+0, 0.00000e+0, 4.05793e+2, 0.00000e+0, 5.02051e+2, 0.00000e+0, 1.18940e+1, 0.00000e+0, 1.04303e+1, 0.00000e+0, 3.59131e+0, 0.00000e+0, 3.18923e+0, 0.00000e+0, 2.00000e+1, 0.00000e+0, 1.00000e+1, 0.00000e+0, 3, 4, 
02/25/2021 13:28:52.608, 02/25/2021 13:28:52.546, 4.02869e+0, 0.00000e+0, 7.79776e+1, 0.00000e+0, 2.09339e+0, 0.00000e+0, 4.23551e+3, 0.00000e+0, 4.03408e+2, 0.00000e+0, 2.10229e+0, 0.00000e+0, 4.05124e+2, 0.00000e+0, 5.02077e+2, 0.00000e+0, 1.18945e+1, 0.00000e+0, 1.04245e+1, 0.00000e+0, 3.59148e+0, 0.00000e+0, 3.18892e+0, 0.00000e+0, 2.00000e+1, 0.00000e+0, 1.00000e+1, 0.00000e+0, 3, 5, 
02/25/2021 13:28:53.592, 02/25/2021 13:28:53.541, 4.02862e+0, 0.00000e+0, 7.79676e+1, 0.00000e+0, 2.09108e+0, 0.00000e+0, 4.13255e+3, 0.00000e+0, 4.02862e+2, 0.00000e+0, 2.09976e+0, 0.00000e+0, 4.04534e+2, 0.00000e+0, 5.02100e+2, 0.00000e+0, 1.18995e+1, 0.00000e+0, 1.04271e+1, 0.00000e+0, 3.59161e+0, 0.00000e+0, 3.18992e+0, 0.00000e+0, 2.00000e+1, 0.00000e+0, 1.00000e+1, 0.00000e+0, 3, 5, 
02/25/2021 13:28:54.591, 02/25/2021 13:28:54.535, 4.02879e+0, 0.00000e+0, 7.79920e+1, 0.00000e+0, 2.09512e+0, 0.00000e+0, 4.18136e+3, 0.00000e+0, 4.02527e+2, 0.00000e+0, 2.10392e+0, 0.00000e+0, 4.04217e+2, 0.00000e+0, 5.02058e+2, 0.00000e+0, 1.19183e+1, 0.00000e+0, 1.04235e+1, 0.00000e+0, 3.59027e+0, 0.00000e+0, 3.18788e+0, 0.00000e+0, 2.00000e+1, 0.00000e+0, 1.00000e+1, 0.00000e+0, 3, 5, 
02/25/2021 13:28:55.585, 02/25/2021 13:28:55.530, 4.02868e+0, 0.00000e+0, 7.79763e+1, 0.00000e+0, 2.09303e+0, 0.00000e+0, 4.25295e+3, 0.00000e+0, 4.03014e+2, 0.00000e+0, 2.10197e+0, 0.00000e+0, 4.04735e+2, 0.00000e+0, 5.02070e+2, 0.00000e+0, 1.19100e+1, 0.00000e+0, 1.04302e+1, 0.00000e+0, 3.59086e+0, 0.00000e+0, 3.18965e+0, 0.00000e+0, 2.00000e+1, 0.00000e+0, 1.00000e+1, 0.00000e+0, 3, 5, 
02/25/2021 13:28:56.574, 02/25/2021 13:28:56.524, 4.02864e+0, 0.00000e+0, 7.79711e+1, 0.00000e+0, 2.09125e+0, 0.00000e+0, 4.43485e+3, 0.00000e+0, 4.03972e+2, 0.00000e+0, 2.10057e+0, 0.00000e+0, 4.05771e+2, 0.00000e+0, 5.02090e+2, 0.00000e+0, 1.19310e+1, 0.00000e+0, 1.04223e+1, 0.00000e+0, 3.59181e+0, 0.00000e+0, 3.18926e+0, 0.00000e+0, 2.00000e+1, 0.00000e+0, 1.00000e+1, 0.00000e+0, 3, 5, 
02/25/2021 13:28:57.573, 02/25/2021 13:28:57.519, 4.02871e+0, 0.00000e+0, 7.79810e+1, 0.00000e+0, 2.09153e+0, 0.00000e+0, 4.19656e+3, 0.00000e+0, 4.04297e+2, 0.00000e+0, 2.10035e+0, 0.00000e+0, 4.06001e+2, 0.00000e+0, 5.02097e+2, 0.00000e+0, 1.19166e+1, 0.00000e+0, 1.04213e+1, 0.00000e+0, 3.59052e+0, 0.00000e+0, 3.18895e+0, 0.00000e+0, 2.00000e+1, 0.00000e+0, 1.00000e+1, 0.00000e+0, 3, 5, 
02/25/2021 13:28:58.563, 02/25/2021 13:28:58.513, 4.02881e+0, 0.00000e+0, 7.79956e+1, 0.00000e+0, 2.09257e+0, 0.00000e+0, 4.15308e+3, 0.00000e+0, 4.03672e+2, 0.00000e+0, 2.10130e+0, 0.00000e+0, 4.05356e+2, 0.00000e+0, 5.02081e+2, 0.00000e+0, 1.19085e+1, 0.00000e+0, 1.04171e+1, 0.00000e+0, 3.59060e+0, 0.00000e+0, 3.19001e+0, 0.00000e+0, 2.00000e+1, 0.00000e+0, 1.00000e+1, 0.00000e+0, 3, 5, 
02/25/2021 13:28:59.561, 02/25/2021 13:28:59.509, 4.02871e+0, 0.00000e+0, 7.79801e+1, 0.00000e+0, 2.09010e+0, 0.00000e+0, 4.13254e+3, 0.00000e+0, 4.04022e+2, 0.00000e+0, 2.09877e+0, 0.00000e+0, 4.05698e+2, 0.00000e+0, 5.02071e+2, 0.00000e+0, 1.19059e+1, 0.00000e+0, 1.04212e+1, 0.00000e+0, 3.59039e+0, 0.00000e+0, 3.19009e+0, 0.00000e+0, 2.00000e+1, 0.00000e+0, 1.00000e+1, 0.00000e+0, 3, 5, 
02/25/2021 13:29:00.556, 02/25/2021 13:29:00.503, 4.02879e+0, 0.00000e+0, 7.79924e+1, 0.00000e+0, 2.09468e+0, 0.00000e+0, 4.28443e+3, 0.00000e+0, 4.04043e+2, 0.00000e+0, 2.10369e+0, 0.00000e+0, 4.05781e+2, 0.00000e+0, 5.02089e+2, 0.00000e+0, 1.19080e+1, 0.00000e+0, 1.04131e+1, 0.00000e+0, 3.59070e+0, 0.00000e+0, 3.18871e+0, 0.00000e+0, 2.00000e+1, 0.00000e+0, 1.00000e+1, 0.00000e+0, 3, 5, 
02/25/2021 13:29:01.548, 02/25/2021 13:29:01.497, 4.02855e+0, 0.00000e+0, 7.79568e+1, 0.00000e+0, 2.09513e+0, 0.00000e+0, 4.40228e+3, 0.00000e+0, 4.04293e+2, 0.00000e+0, 2.10439e+0, 0.00000e+0, 4.06080e+2, 0.00000e+0, 5.02103e+2, 0.00000e+0, 1.18995e+1, 0.00000e+0, 1.04091e+1, 0.00000e+0, 3.59043e+0, 0.00000e+0, 3.18976e+0, 0.00000e+0, 2.00000e+1, 0.00000e+0, 1.00000e+1, 0.00000e+0, 3, 5, 
02/25/2021 13:29:02.545, 02/25/2021 13:29:02.492, 4.02879e+0, 0.00000e+0, 7.79921e+1, 0.00000e+0, 2.09351e+0, 0.00000e+0, 4.16299e+3, 0.00000e+0, 4.03778e+2, 0.00000e+0, 2.10227e+0, 0.00000e+0, 4.05466e+2, 0.00000e+0, 5.02102e+2, 0.00000e+0, 1.19079e+1, 0.00000e+0, 1.04042e+1, 0.00000e+0, 3.59044e+0, 0.00000e+0, 3.18896e+0, 0.00000e+0, 2.00000e+1, 0.00000e+0, 1.00000e+1, 0.00000e+0, 3, 5, 
02/25/2021 13:29:03.536, 02/25/2021 13:29:03.486, 4.02869e+0, 0.00000e+0, 7.79778e+1, 0.00000e+0, 2.09192e+0, 0.00000e+0, 4.30706e+3, 0.00000e+0, 4.03403e+2, 0.00000e+0, 2.10096e+0, 0.00000e+0, 4.05148e+2, 0.00000e+0, 5.02074e+2, 0.00000e+0, 1.19135e+1, 0.00000e+0, 1.04076e+1, 0.00000e+0, 3.59255e+0, 0.00000e+0, 3.18856e+0, 0.00000e+0, 2.00000e+1, 0.00000e+0, 1.00000e+1, 0.00000e+0, 3, 5, 
02/25/2021 13:29:04.535, 02/25/2021 13:29:04.481, 4.02874e+0, 0.00000e+0, 7.79846e+1, 0.00000e+0, 2.09373e+0, 0.00000e+0, 4.43966e+3, 0.00000e+0, 4.04106e+2, 0.00000e+0, 2.10307e+0, 0.00000e+0, 4.05908e+2, 0.00000e+0, 5.02092e+2, 0.00000e+0, 1.19365e+1, 0.00000e+0, 1.04054e+1, 0.00000e+0, 3.59174e+0, 0.00000e+0, 3.19031e+0, 0.00000e+0, 2.00000e+1, 0.00000e+0, 1.00000e+1, 0.00000e+0, 3, 5, 
02/25/2021 13:29:05.527, 02/25/2021 13:29:05.475, 4.02868e+0, 0.00000e+0, 7.79763e+1, 0.00000e+0, 2.09456e+0, 0.00000e+0, 4.26549e+3, 0.00000e+0, 4.04455e+2, 0.00000e+0, 2.10353e+0, 0.00000e+0, 4.06188e+2, 0.00000e+0, 5.02095e+2, 0.00000e+0, 1.19074e+1, 0.00000e+0, 1.04129e+1, 0.00000e+0, 3.58984e+0, 0.00000e+0, 3.18855e+0, 0.00000e+0, 2.00000e+1, 0.00000e+0, 1.00000e+1, 0.00000e+0, 3, 5, 
02/25/2021 13:29:06.519, 02/25/2021 13:29:06.469, 4.02874e+0, 0.00000e+0, 7.79856e+1, 0.00000e+0, 2.09454e+0, 0.00000e+0, 4.04291e+3, 0.00000e+0, 4.03550e+2, 0.00000e+0, 2.10304e+0, 0.00000e+0, 4.05188e+2, 0.00000e+0, 5.02103e+2, 0.00000e+0, 1.19273e+1, 0.00000e+0, 1.04121e+1, 0.00000e+0, 3.58947e+0, 0.00000e+0, 3.18988e+0, 0.00000e+0, 2.00000e+1, 0.00000e+0, 1.00000e+1, 0.00000e+0, 3, 5, 
02/25/2021 13:29:07.514, 02/25/2021 13:29:07.464, 4.02871e+0, 0.00000e+0, 7.79804e+1, 0.00000e+0, 2.09391e+0, 0.00000e+0, 4.42899e+3, 0.00000e+0, 4.03992e+2, 0.00000e+0, 2.10323e+0, 0.00000e+0, 4.05789e+2, 0.00000e+0, 5.02094e+2, 0.00000e+0, 1.19339e+1, 0.00000e+0, 1.04242e+1, 0.00000e+0, 3.58934e+0, 0.00000e+0, 3.18931e+0, 0.00000e+0, 2.00000e+1, 0.00000e+0, 1.00000e+1, 0.00000e+0, 3, 5, 
02/25/2021 13:29:08.514, 02/25/2021 13:29:08.459, 4.02868e+0, 0.00000e+0, 7.79768e+1, 0.00000e+0, 2.09686e+0, 0.00000e+0, 4.28577e+3, 0.00000e+0, 4.04694e+2, 0.00000e+0, 2.10589e+0, 0.00000e+0, 4.06436e+2, 0.00000e+0, 5.02080e+2, 0.00000e+0, 1.19250e+1, 0.00000e+0, 1.04240e+1, 0.00000e+0, 3.58861e+0, 0.00000e+0, 3.18825e+0, 0.00000e+0, 2.00000e+1, 0.00000e+0, 1.00000e+1, 0.00000e+0, 3, 5, 
02/25/2021 13:29:09.504, 02/25/2021 13:29:09.453, 4.02854e+0, 0.00000e+0, 7.79555e+1, 0.00000e+0, 2.09056e+0, 0.00000e+0, 4.39373e+3, 0.00000e+0, 4.04631e+2, 0.00000e+0, 2.09978e+0, 0.00000e+0, 4.06417e+2, 0.00000e+0, 5.02111e+2, 0.00000e+0, 1.19480e+1, 0.00000e+0, 1.04240e+1, 0.00000e+0, 3.59097e+0, 0.00000e+0, 3.18926e+0, 0.00000e+0, 2.00000e+1, 0.00000e+0, 1.00000e+1, 0.00000e+0, 3, 5, 
02/25/2021 13:29:10.509, 02/25/2021 13:29:10.454, 4.02871e+0, 0.00000e+0, 7.79812e+1, 0.00000e+0, 2.09639e+0, 0.00000e+0, 4.43102e+3, 0.00000e+0, 4.04113e+2, 0.00000e+0, 2.10572e+0, 0.00000e+0, 4.05912e+2, 0.00000e+0, 5.02085e+2, 0.00000e+0, 1.19308e+1, 0.00000e+0, 1.04261e+1, 0.00000e+0, 3.58841e+0, 0.00000e+0, 3.18954e+0, 0.00000e+0, 2.00000e+1, 0.00000e+0, 1.00000e+1, 0.00000e+0, 3, 5, 
02/25/2021 13:29:11.501, 02/25/2021 13:29:11.449, 4.02861e+0, 0.00000e+0, 7.79655e+1, 0.00000e+0, 2.09757e+0, 0.00000e+0, 4.43416e+3, 0.00000e+0, 4.03471e+2, 0.00000e+0, 2.10691e+0, 0.00000e+0, 4.05268e+2, 0.00000e+0, 5.02110e+2, 0.00000e+0, 1.19213e+1, 0.00000e+0, 1.04252e+1, 0.00000e+0, 3.58888e+0, 0.00000e+0, 3.18919e+0, 0.00000e+0, 2.00000e+1, 0.00000e+0, 1.00000e+1, 0.00000e+0, 3, 5, 
02/25/2021 13:29:12.495, 02/25/2021 13:29:12.443, 4.02867e+0, 0.00000e+0, 7.79752e+1, 0.00000e+0, 2.09588e+0, 0.00000e+0, 4.21037e+3, 0.00000e+0, 4.04003e+2, 0.00000e+0, 2.10475e+0, 0.00000e+0, 4.05712e+2, 0.00000e+0, 5.02119e+2, 0.00000e+0, 1.19493e+1, 0.00000e+0, 1.04192e+1, 0.00000e+0, 3.59043e+0, 0.00000e+0, 3.18999e+0, 0.00000e+0, 2.00000e+1, 0.00000e+0, 1.00000e+1, 0.00000e+0, 3, 5, 
02/25/2021 13:29:13.490, 02/25/2021 13:29:13.438, 4.02864e+0, 0.00000e+0, 7.79708e+1, 0.00000e+0, 2.10109e+0, 0.00000e+0, 4.14261e+3, 0.00000e+0, 4.03901e+2, 0.00000e+0, 2.10983e+0, 0.00000e+0, 4.05581e+2, 0.00000e+0, 5.02084e+2, 0.00000e+0, 1.19227e+1, 0.00000e+0, 1.04129e+1, 0.00000e+0, 3.58776e+0, 0.00000e+0, 3.18916e+0, 0.00000e+0, 2.00000e+1, 0.00000e+0, 1.00000e+1, 0.00000e+0, 3, 5, 
02/25/2021 13:29:14.485, 02/25/2021 13:29:14.433, 4.02856e+0, 0.00000e+0, 7.79591e+1, 0.00000e+0, 2.10279e+0, 0.00000e+0, 4.22502e+3, 0.00000e+0, 4.04385e+2, 0.00000e+0, 2.11171e+0, 0.00000e+0, 4.06101e+2, 0.00000e+0, 5.02137e+2, 0.00000e+0, 1.19832e+1, 0.00000e+0, 1.04130e+1, 0.00000e+0, 3.58984e+0, 0.00000e+0, 3.18936e+0, 0.00000e+0, 2.00000e+1, 0.00000e+0, 1.00000e+1, 0.00000e+0, 3, 5, 
02/25/2021 13:29:15.480, 02/25/2021 13:29:15.427, 4.02878e+0, 0.00000e+0, 7.79918e+1, 0.00000e+0, 2.09988e+0, 0.00000e+0, 4.26634e+3, 0.00000e+0, 4.04343e+2, 0.00000e+0, 2.10887e+0, 0.00000e+0, 4.06076e+2, 0.00000e+0, 5.02039e+2, 0.00000e+0, 1.19250e+1, 0.00000e+0, 1.04107e+1, 0.00000e+0, 3.59045e+0, 0.00000e+0, 3.18940e+0, 0.00000e+0, 2.00000e+1, 0.00000e+0, 1.00000e+1, 0.00000e+0, 3, 5, 
02/25/2021 13:29:16.479, 02/25/2021 13:29:16.422, 4.02869e+0, 0.00000e+0, 7.79783e+1, 0.00000e+0, 2.10173e+0, 0.00000e+0, 4.20978e+3, 0.00000e+0, 4.04347e+2, 0.00000e+0, 2.11061e+0, 0.00000e+0, 4.06057e+2, 0.00000e+0, 5.02061e+2, 0.00000e+0, 1.19245e+1, 0.00000e+0, 1.04163e+1, 0.00000e+0, 3.59081e+0, 0.00000e+0, 3.18970e+0, 0.00000e+0, 2.00000e+1, 0.00000e+0, 1.00000e+1, 0.00000e+0, 3, 5, 
02/25/2021 13:29:17.465, 02/25/2021 13:29:17.417, 4.02848e+0, 0.00000e+0, 7.79474e+1, 0.00000e+0, 2.10326e+0, 0.00000e+0, 4.52569e+3, 0.00000e+0, 4.03794e+2, 0.00000e+0, 2.11282e+0, 0.00000e+0, 4.05630e+2, 0.00000e+0, 5.02134e+2, 0.00000e+0, 1.19585e+1, 0.00000e+0, 1.04011e+1, 0.00000e+0, 3.59045e+0, 0.00000e+0, 3.18926e+0, 0.00000e+0, 2.00000e+1, 0.00000e+0, 1.00000e+1, 0.00000e+0, 3, 5, 
02/25/2021 13:29:18.463, 02/25/2021 13:29:18.411, 4.02866e+0, 0.00000e+0, 7.79737e+1, 0.00000e+0, 2.10024e+0, 0.00000e+0, 4.32851e+3, 0.00000e+0, 4.04971e+2, 0.00000e+0, 2.10937e+0, 0.00000e+0, 4.06731e+2, 0.00000e+0, 5.02073e+2, 0.00000e+0, 1.19078e+1, 0.00000e+0, 1.04080e+1, 0.00000e+0, 3.58875e+0, 0.00000e+0, 3.18856e+0, 0.00000e+0, 2.00000e+1, 0.00000e+0, 1.00000e+1, 0.00000e+0, 3, 5, 
02/25/2021 13:29:19.462, 02/25/2021 13:29:19.406, 4.02856e+0, 0.00000e+0, 7.79587e+1, 0.00000e+0, 2.10443e+0, 0.00000e+0, 4.07446e+3, 0.00000e+0, 4.05674e+2, 0.00000e+0, 2.11304e+0, 0.00000e+0, 4.07333e+2, 0.00000e+0, 5.02139e+2, 0.00000e+0, 1.19652e+1, 0.00000e+0, 1.03952e+1, 0.00000e+0, 3.58947e+0, 0.00000e+0, 3.18921e+0, 0.00000e+0, 2.00000e+1, 0.00000e+0, 1.00000e+1, 0.00000e+0, 3, 5, 
02/25/2021 13:29:20.452, 02/25/2021 13:29:20.399, 4.02869e+0, 0.00000e+0, 7.79777e+1, 0.00000e+0, 2.10826e+0, 0.00000e+0, 4.21176e+3, 0.00000e+0, 4.05008e+2, 0.00000e+0, 2.11717e+0, 0.00000e+0, 4.06721e+2, 0.00000e+0, 5.02041e+2, 0.00000e+0, 1.19340e+1, 0.00000e+0, 1.03984e+1, 0.00000e+0, 3.58874e+0, 0.00000e+0, 3.18890e+0, 0.00000e+0, 2.00000e+1, 0.00000e+0, 1.00000e+1, 0.00000e+0, 3, 5, 
02/25/2021 13:29:21.444, 02/25/2021 13:29:21.395, 4.02874e+0, 0.00000e+0, 7.79853e+1, 0.00000e+0, 2.10867e+0, 0.00000e+0, 4.25115e+3, 0.00000e+0, 4.05902e+2, 0.00000e+0, 2.11767e+0, 0.00000e+0, 4.07635e+2, 0.00000e+0, 5.02108e+2, 0.00000e+0, 1.19524e+1, 0.00000e+0, 1.03898e+1, 0.00000e+0, 3.58842e+0, 0.00000e+0, 3.19049e+0, 0.00000e+0, 2.00000e+1, 0.00000e+0, 1.00000e+1, 0.00000e+0, 3, 5, 
02/25/2021 13:29:22.443, 02/25/2021 13:29:22.389, 4.02870e+0, 0.00000e+0, 7.79791e+1, 0.00000e+0, 2.10389e+0, 0.00000e+0, 4.14199e+3, 0.00000e+0, 4.05793e+2, 0.00000e+0, 2.11264e+0, 0.00000e+0, 4.07480e+2, 0.00000e+0, 5.02034e+2, 0.00000e+0, 1.19152e+1, 0.00000e+0, 1.03964e+1, 0.00000e+0, 3.59127e+0, 0.00000e+0, 3.18954e+0, 0.00000e+0, 2.00000e+1, 0.00000e+0, 1.00000e+1, 0.00000e+0, 3, 6, 
02/25/2021 13:29:23.436, 02/25/2021 13:29:23.384, 4.02827e+0, 0.00000e+0, 7.79164e+1, 0.00000e+0, 2.10792e+0, 0.00000e+0, 4.38278e+3, 0.00000e+0, 4.06100e+2, 0.00000e+0, 2.11720e+0, 0.00000e+0, 4.07887e+2, 0.00000e+0, 5.02172e+2, 0.00000e+0, 1.20191e+1, 0.00000e+0, 1.03720e+1, 0.00000e+0, 3.59063e+0, 0.00000e+0, 3.18879e+0, 0.00000e+0, 2.00000e+1, 0.00000e+0, 1.00000e+1, 0.00000e+0, 3, 6, 
02/25/2021 13:29:24.427, 02/25/2021 13:29:24.378, 4.02846e+0, 0.00000e+0, 7.79443e+1, 0.00000e+0, 2.10783e+0, 0.00000e+0, 4.31188e+3, 0.00000e+0, 4.04957e+2, 0.00000e+0, 2.11696e+0, 0.00000e+0, 4.06711e+2, 0.00000e+0, 5.02059e+2, 0.00000e+0, 1.19504e+1, 0.00000e+0, 1.03903e+1, 0.00000e+0, 3.59245e+0, 0.00000e+0, 3.18992e+0, 0.00000e+0, 2.00000e+1, 0.00000e+0, 1.00000e+1, 0.00000e+0, 3, 6, 
02/25/2021 13:29:25.422, 02/25/2021 13:29:25.372, 4.02860e+0, 0.00000e+0, 7.79651e+1, 0.00000e+0, 2.11065e+0, 0.00000e+0, 4.14766e+3, 0.00000e+0, 4.06227e+2, 0.00000e+0, 2.11944e+0, 0.00000e+0, 4.07919e+2, 0.00000e+0, 5.02087e+2, 0.00000e+0, 1.19278e+1, 0.00000e+0, 1.03899e+1, 0.00000e+0, 3.58853e+0, 0.00000e+0, 3.18938e+0, 0.00000e+0, 2.00000e+1, 0.00000e+0, 1.00000e+1, 0.00000e+0, 3, 6, 
02/25/2021 13:29:26.416, 02/25/2021 13:29:26.367, 4.02833e+0, 0.00000e+0, 7.79249e+1, 0.00000e+0, 2.11356e+0, 0.00000e+0, 4.33392e+3, 0.00000e+0, 4.06552e+2, 0.00000e+0, 2.12276e+0, 0.00000e+0, 4.08322e+2, 0.00000e+0, 5.02138e+2, 0.00000e+0, 1.20105e+1, 0.00000e+0, 1.03852e+1, 0.00000e+0, 3.59046e+0, 0.00000e+0, 3.19067e+0, 0.00000e+0, 2.00000e+1, 0.00000e+0, 1.00000e+1, 0.00000e+0, 3, 6, 
02/25/2021 13:29:27.412, 02/25/2021 13:29:27.361, 4.02860e+0, 0.00000e+0, 7.79644e+1, 0.00000e+0, 2.11273e+0, 0.00000e+0, 4.30430e+3, 0.00000e+0, 4.06998e+2, 0.00000e+0, 2.12186e+0, 0.00000e+0, 4.08757e+2, 0.00000e+0, 5.02061e+2, 0.00000e+0, 1.19239e+1, 0.00000e+0, 1.03910e+1, 0.00000e+0, 3.58864e+0, 0.00000e+0, 3.19007e+0, 0.00000e+0, 2.00000e+1, 0.00000e+0, 1.00000e+1, 0.00000e+0, 3, 6, 
02/25/2021 13:29:28.408, 02/25/2021 13:29:28.357, 4.02865e+0, 0.00000e+0, 7.79714e+1, 0.00000e+0, 2.11252e+0, 0.00000e+0, 4.26519e+3, 0.00000e+0, 4.07061e+2, 0.00000e+0, 2.12156e+0, 0.00000e+0, 4.08805e+2, 0.00000e+0, 5.02060e+2, 0.00000e+0, 1.19276e+1, 0.00000e+0, 1.03999e+1, 0.00000e+0, 3.58900e+0, 0.00000e+0, 3.19007e+0, 0.00000e+0, 2.00000e+1, 0.00000e+0, 1.00000e+1, 0.00000e+0, 3, 6, 
02/25/2021 13:29:29.404, 02/25/2021 13:29:29.351, 4.02839e+0, 0.00000e+0, 7.79331e+1, 0.00000e+0, 2.11506e+0, 0.00000e+0, 4.03452e+3, 0.00000e+0, 4.07079e+2, 0.00000e+0, 2.12363e+0, 0.00000e+0, 4.08728e+2, 0.00000e+0, 5.02103e+2, 0.00000e+0, 1.19556e+1, 0.00000e+0, 1.03875e+1, 0.00000e+0, 3.58861e+0, 0.00000e+0, 3.19011e+0, 0.00000e+0, 2.00000e+1, 0.00000e+0, 1.00000e+1, 0.00000e+0, 3, 6, 
02/25/2021 13:29:30.399, 02/25/2021 13:29:30.345, 4.02862e+0, 0.00000e+0, 7.79670e+1, 0.00000e+0, 2.11442e+0, 0.00000e+0, 4.16570e+3, 0.00000e+0, 4.07322e+2, 0.00000e+0, 2.12326e+0, 0.00000e+0, 4.09025e+2, 0.00000e+0, 5.02032e+2, 0.00000e+0, 1.19024e+1, 0.00000e+0, 1.03963e+1, 0.00000e+0, 3.58949e+0, 0.00000e+0, 3.18987e+0, 0.00000e+0, 2.00000e+1, 0.00000e+0, 1.00000e+1, 0.00000e+0, 3, 6, 
02/25/2021 13:29:31.386, 02/25/2021 13:29:31.340, 4.02863e+0, 0.00000e+0, 7.79687e+1, 0.00000e+0, 2.11472e+0, 0.00000e+0, 4.44521e+3, 0.00000e+0, 4.07760e+2, 0.00000e+0, 2.12416e+0, 0.00000e+0, 4.09581e+2, 0.00000e+0, 5.02042e+2, 0.00000e+0, 1.19041e+1, 0.00000e+0, 1.03952e+1, 0.00000e+0, 3.58929e+0, 0.00000e+0, 3.18951e+0, 0.00000e+0, 2.00000e+1, 0.00000e+0, 1.00000e+1, 0.00000e+0, 3, 6, 
02/25/2021 13:29:32.390, 02/25/2021 13:29:32.334, 4.02863e+0, 0.00000e+0, 7.79691e+1, 0.00000e+0, 2.11422e+0, 0.00000e+0, 4.76684e+3, 0.00000e+0, 4.06967e+2, 0.00000e+0, 2.12435e+0, 0.00000e+0, 4.08916e+2, 0.00000e+0, 5.02068e+2, 0.00000e+0, 1.19181e+1, 0.00000e+0, 1.03914e+1, 0.00000e+0, 3.59070e+0, 0.00000e+0, 3.18939e+0, 0.00000e+0, 2.00000e+1, 0.00000e+0, 1.00000e+1, 0.00000e+0, 3, 6, 
02/25/2021 13:29:33.381, 02/25/2021 13:29:33.328, 4.02854e+0, 0.00000e+0, 7.79562e+1, 0.00000e+0, 2.11448e+0, 0.00000e+0, 4.27067e+3, 0.00000e+0, 4.07708e+2, 0.00000e+0, 2.12354e+0, 0.00000e+0, 4.09457e+2, 0.00000e+0, 5.02044e+2, 0.00000e+0, 1.19235e+1, 0.00000e+0, 1.03878e+1, 0.00000e+0, 3.59034e+0, 0.00000e+0, 3.19078e+0, 0.00000e+0, 2.00000e+1, 0.00000e+0, 1.00000e+1, 0.00000e+0, 3, 6, 
02/25/2021 13:29:34.374, 02/25/2021 13:29:34.324, 4.02848e+0, 0.00000e+0, 7.79473e+1, 0.00000e+0, 2.11607e+0, 0.00000e+0, 4.35673e+3, 0.00000e+0, 4.07509e+2, 0.00000e+0, 2.12533e+0, 0.00000e+0, 4.09292e+2, 0.00000e+0, 5.02077e+2, 0.00000e+0, 1.19319e+1, 0.00000e+0, 1.03862e+1, 0.00000e+0, 3.59183e+0, 0.00000e+0, 3.19023e+0, 0.00000e+0, 2.00000e+1, 0.00000e+0, 1.00000e+1, 0.00000e+0, 3, 6, 
02/25/2021 13:29:35.374, 02/25/2021 13:29:35.318, 4.02864e+0, 0.00000e+0, 7.79702e+1, 0.00000e+0, 2.11837e+0, 0.00000e+0, 4.48400e+3, 0.00000e+0, 4.08638e+2, 0.00000e+0, 2.12791e+0, 0.00000e+0, 4.10478e+2, 0.00000e+0, 5.02060e+2, 0.00000e+0, 1.19125e+1, 0.00000e+0, 1.03848e+1, 0.00000e+0, 3.59044e+0, 0.00000e+0, 3.18981e+0, 0.00000e+0, 2.00000e+1, 0.00000e+0, 1.00000e+1, 0.00000e+0, 3, 6, 
02/25/2021 13:29:36.363, 02/25/2021 13:29:36.312, 4.02840e+0, 0.00000e+0, 7.79349e+1, 0.00000e+0, 2.11917e+0, 0.00000e+0, 4.27294e+3, 0.00000e+0, 4.07956e+2, 0.00000e+0, 2.12827e+0, 0.00000e+0, 4.09707e+2, 0.00000e+0, 5.02116e+2, 0.00000e+0, 1.19501e+1, 0.00000e+0, 1.03754e+1, 0.00000e+0, 3.58910e+0, 0.00000e+0, 3.19110e+0, 0.00000e+0, 2.00000e+1, 0.00000e+0, 1.00000e+1, 0.00000e+0, 3, 6, 
02/25/2021 13:29:37.357, 02/25/2021 13:29:37.307, 4.02849e+0, 0.00000e+0, 7.79484e+1, 0.00000e+0, 2.11424e+0, 0.00000e+0, 4.45913e+3, 0.00000e+0, 4.08976e+2, 0.00000e+0, 2.12371e+0, 0.00000e+0, 4.10808e+2, 0.00000e+0, 5.02052e+2, 0.00000e+0, 1.19040e+1, 0.00000e+0, 1.03822e+1, 0.00000e+0, 3.59047e+0, 0.00000e+0, 3.18992e+0, 0.00000e+0, 2.00000e+1, 0.00000e+0, 1.00000e+1, 0.00000e+0, 3, 6, 
02/25/2021 13:29:38.350, 02/25/2021 13:29:38.301, 4.02851e+0, 0.00000e+0, 7.79510e+1, 0.00000e+0, 2.12121e+0, 0.00000e+0, 4.20783e+3, 0.00000e+0, 4.07201e+2, 0.00000e+0, 2.13018e+0, 0.00000e+0, 4.08921e+2, 0.00000e+0, 5.02099e+2, 0.00000e+0, 1.19167e+1, 0.00000e+0, 1.03795e+1, 0.00000e+0, 3.58990e+0, 0.00000e+0, 3.18984e+0, 0.00000e+0, 2.00000e+1, 0.00000e+0, 1.00000e+1, 0.00000e+0, 3, 6, 
02/25/2021 13:29:39.350, 02/25/2021 13:29:39.295, 4.02837e+0, 0.00000e+0, 7.79304e+1, 0.00000e+0, 2.11366e+0, 0.00000e+0, 4.49995e+3, 0.00000e+0, 4.06211e+2, 0.00000e+0, 2.12322e+0, 0.00000e+0, 4.08047e+2, 0.00000e+0, 5.02083e+2, 0.00000e+0, 1.19253e+1, 0.00000e+0, 1.03737e+1, 0.00000e+0, 3.59028e+0, 0.00000e+0, 3.18972e+0, 0.00000e+0, 2.00000e+1, 0.00000e+0, 1.00000e+1, 0.00000e+0, 3, 6, 
02/25/2021 13:29:40.355, 02/25/2021 13:29:40.290, 4.02857e+0, 0.00000e+0, 7.79607e+1, 0.00000e+0, 2.08688e+0, 0.00000e+0, 4.37467e+3, 0.00000e+0, 4.00275e+2, 0.00000e+0, 2.09605e+0, 0.00000e+0, 4.02033e+2, 0.00000e+0, 5.02034e+2, 0.00000e+0, 1.18905e+1, 0.00000e+0, 1.03735e+1, 0.00000e+0, 3.59050e+0, 0.00000e+0, 3.18909e+0, 0.00000e+0, 2.00000e+1, 0.00000e+0, 1.00000e+1, 0.00000e+0, 3, 6, 
02/25/2021 13:29:41.348, 02/25/2021 13:29:41.285, 4.02859e+0, 0.00000e+0, 7.79629e+1, 0.00000e+0, 2.06042e+0, 0.00000e+0, 4.10821e+3, 0.00000e+0, 3.95491e+2, 0.00000e+0, 2.06892e+0, 0.00000e+0, 3.97123e+2, 0.00000e+0, 5.02055e+2, 0.00000e+0, 1.18831e+1, 0.00000e+0, 1.03772e+1, 0.00000e+0, 3.59057e+0, 0.00000e+0, 3.19040e+0, 0.00000e+0, 2.00000e+1, 0.00000e+0, 1.00000e+1, 0.00000e+0, 3, 6, 
02/25/2021 13:29:42.348, 02/25/2021 13:29:42.279, 4.02853e+0, 0.00000e+0, 7.79545e+1, 0.00000e+0, 2.04944e+0, 0.00000e+0, 4.41105e+3, 0.00000e+0, 3.92433e+2, 0.00000e+0, 2.05852e+0, 0.00000e+0, 3.94172e+2, 0.00000e+0, 5.02042e+2, 0.00000e+0, 1.18883e+1, 0.00000e+0, 1.03743e+1, 0.00000e+0, 3.58927e+0, 0.00000e+0, 3.18933e+0, 0.00000e+0, 2.00000e+1, 0.00000e+0, 1.00000e+1, 0.00000e+0, 3, 6, 
02/25/2021 13:29:43.339, 02/25/2021 13:29:43.274, 4.02842e+0, 0.00000e+0, 7.79379e+1, 0.00000e+0, 2.03468e+0, 0.00000e+0, 4.45665e+3, 0.00000e+0, 3.89079e+2, 0.00000e+0, 2.04379e+0, 0.00000e+0, 3.90820e+2, 0.00000e+0, 5.02117e+2, 0.00000e+0, 1.19122e+1, 0.00000e+0, 1.03663e+1, 0.00000e+0, 3.59008e+0, 0.00000e+0, 3.19058e+0, 0.00000e+0, 2.00000e+1, 0.00000e+0, 1.00000e+1, 0.00000e+0, 3, 6, 
02/25/2021 13:29:44.335, 02/25/2021 13:29:44.269, 4.02846e+0, 0.00000e+0, 7.79437e+1, 0.00000e+0, 2.02665e+0, 0.00000e+0, 4.37457e+3, 0.00000e+0, 3.87034e+2, 0.00000e+0, 2.03555e+0, 0.00000e+0, 3.88734e+2, 0.00000e+0, 5.02062e+2, 0.00000e+0, 1.18831e+1, 0.00000e+0, 1.03653e+1, 0.00000e+0, 3.59109e+0, 0.00000e+0, 3.19010e+0, 0.00000e+0, 2.00000e+1, 0.00000e+0, 1.00000e+1, 0.00000e+0, 3, 6, 
02/25/2021 13:29:45.310, 02/25/2021 13:29:45.262, 4.02857e+0, 0.00000e+0, 7.79596e+1, 0.00000e+0, 2.02323e+0, 0.00000e+0, 4.58574e+3, 0.00000e+0, 3.85439e+2, 0.00000e+0, 2.03255e+0, 0.00000e+0, 3.87214e+2, 0.00000e+0, 5.02060e+2, 0.00000e+0, 1.18978e+1, 0.00000e+0, 1.03698e+1, 0.00000e+0, 3.59009e+0, 0.00000e+0, 3.19005e+0, 0.00000e+0, 2.00000e+1, 0.00000e+0, 1.00000e+1, 0.00000e+0, 3, 6, 
02/25/2021 13:29:46.308, 02/25/2021 13:29:46.258, 4.02851e+0, 0.00000e+0, 7.79509e+1, 0.00000e+0, 2.01784e+0, 0.00000e+0, 4.55260e+3, 0.00000e+0, 3.86272e+2, 0.00000e+0, 2.02707e+0, 0.00000e+0, 3.88039e+2, 0.00000e+0, 5.02071e+2, 0.00000e+0, 1.18845e+1, 0.00000e+0, 1.03731e+1, 0.00000e+0, 3.59158e+0, 0.00000e+0, 3.19199e+0, 0.00000e+0, 2.00000e+1, 0.00000e+0, 1.00000e+1, 0.00000e+0, 3, 6, 
