SN:3K60180500001583 BD:Jul 23 2018 VC:834b9c1 MD5:48f99e4865ed8b810be1bb0eaaabf929
SysTime,                      Time,         Batt_v,      Batt_v_sd,   BATT_PERCENT,BATT_PERCENT_sd,      [CH4]_ppm,   [CH4]_ppm_sd,      [H2O]_ppm,   [H2O]_ppm_sd,      [CO2]_ppm,   [CO2]_ppm_sd,     [CH4]d_ppm,  [CH4]d_ppm_sd,     [CO2]d_ppm,  [CO2]d_ppm_sd,      GasP_torr,   GasP_torr_sd,         GasT_C,      GasT_C_sd,         AmbT_C,      AmbT_C_sd,         RD0_us,      RD0_us_sd,         RD1_us,      RD1_us_sd, Temp_Status_mA,Temp_Status_mA_sd,Analyzer_Status_mA,Analyzer_Status_mA_sd,       Fit_Flag,      MIU_VALVE,       MIU_DESC
08/26/2020 15:02:30.482, 08/26/2020 15:02:30.408, 4.14354e+0, 0.00000e+0, 9.49179e+1, 0.00000e+0, 2.00654e+0, 0.00000e+0, 1.07047e+4, 0.00000e+0, 4.27530e+2, 0.00000e+0, 2.02825e+0, 0.00000e+0, 4.32156e+2, 0.00000e+0, 5.01055e+2, 0.00000e+0, 3.04554e+1, 0.00000e+0, 2.82036e+1, 0.00000e+0, 3.58135e+0, 0.00000e+0, 3.16808e+0, 0.00000e+0, 2.00000e+1, 0.00000e+0, 2.00000e+1, 0.00000e+0, 3, 3, 
08/26/2020 15:02:30.990, 08/26/2020 15:02:30.884, 4.14395e+0, 0.00000e+0, 9.49772e+1, 0.00000e+0, 2.00262e+0, 0.00000e+0, 1.03135e+4, 0.00000e+0, 4.19762e+2, 0.00000e+0, 2.02348e+0, 0.00000e+0, 4.24136e+2, 0.00000e+0, 5.01336e+2, 0.00000e+0, 3.05404e+1, 0.00000e+0, 2.82138e+1, 0.00000e+0, 3.58330e+0, 0.00000e+0, 3.17184e+0, 0.00000e+0, 2.00000e+1, 0.00000e+0, 2.00000e+1, 0.00000e+0, 3, 3, 
08/26/2020 15:02:31.933, 08/26/2020 15:02:31.878, 4.14445e+0, 0.00000e+0, 9.50520e+1, 0.00000e+0, 2.00572e+0, 0.00000e+0, 1.04747e+4, 0.00000e+0, 4.12399e+2, 0.00000e+0, 2.02695e+0, 0.00000e+0, 4.16765e+2, 0.00000e+0, 5.01151e+2, 0.00000e+0, 3.04535e+1, 0.00000e+0, 2.82422e+1, 0.00000e+0, 3.58423e+0, 0.00000e+0, 3.16795e+0, 0.00000e+0, 2.00000e+1, 0.00000e+0, 2.00000e+1, 0.00000e+0, 3, 3, 
08/26/2020 15:02:32.927, 08/26/2020 15:02:32.874, 4.14479e+0, 0.00000e+0, 9.51021e+1, 0.00000e+0, 2.00547e+0, 0.00000e+0, 1.00571e+4, 0.00000e+0, 4.10899e+2, 0.00000e+0, 2.02585e+0, 0.00000e+0, 4.15074e+2, 0.00000e+0, 5.01134e+2, 0.00000e+0, 3.04590e+1, 0.00000e+0, 2.82556e+1, 0.00000e+0, 3.57978e+0, 0.00000e+0, 3.16850e+0, 0.00000e+0, 2.00000e+1, 0.00000e+0, 2.00000e+1, 0.00000e+0, 3, 3, 
08/26/2020 15:02:33.926, 08/26/2020 15:02:33.868, 4.14471e+0, 0.00000e+0, 9.50905e+1, 0.00000e+0, 2.00299e+0, 0.00000e+0, 1.00997e+4, 0.00000e+0, 4.13371e+2, 0.00000e+0, 2.02343e+0, 0.00000e+0, 4.17588e+2, 0.00000e+0, 5.01156e+2, 0.00000e+0, 3.04380e+1, 0.00000e+0, 2.82613e+1, 0.00000e+0, 3.58113e+0, 0.00000e+0, 3.16750e+0, 0.00000e+0, 2.00000e+1, 0.00000e+0, 2.00000e+1, 0.00000e+0, 3, 3, 
08/26/2020 15:02:34.912, 08/26/2020 15:02:34.862, 4.14482e+0, 0.00000e+0, 9.51064e+1, 0.00000e+0, 2.00447e+0, 0.00000e+0, 9.80878e+3, 0.00000e+0, 4.16599e+2, 0.00000e+0, 2.02432e+0, 0.00000e+0, 4.20726e+2, 0.00000e+0, 5.01209e+2, 0.00000e+0, 3.04443e+1, 0.00000e+0, 2.82592e+1, 0.00000e+0, 3.58111e+0, 0.00000e+0, 3.16682e+0, 0.00000e+0, 2.00000e+1, 0.00000e+0, 2.00000e+1, 0.00000e+0, 3, 3, 
08/26/2020 15:02:35.917, 08/26/2020 15:02:35.857, 4.14483e+0, 0.00000e+0, 9.51083e+1, 0.00000e+0, 2.00256e+0, 0.00000e+0, 9.76807e+3, 0.00000e+0, 4.33474e+2, 0.00000e+0, 2.02231e+0, 0.00000e+0, 4.37750e+2, 0.00000e+0, 5.01289e+2, 0.00000e+0, 3.04439e+1, 0.00000e+0, 2.82587e+1, 0.00000e+0, 3.58346e+0, 0.00000e+0, 3.16964e+0, 0.00000e+0, 2.00000e+1, 0.00000e+0, 2.00000e+1, 0.00000e+0, 3, 3, 
08/26/2020 15:02:36.906, 08/26/2020 15:02:36.852, 4.14490e+0, 0.00000e+0, 9.51181e+1, 0.00000e+0, 2.00329e+0, 0.00000e+0, 9.19588e+3, 0.00000e+0, 4.65548e+2, 0.00000e+0, 2.02188e+0, 0.00000e+0, 4.69869e+2, 0.00000e+0, 5.01186e+2, 0.00000e+0, 3.04413e+1, 0.00000e+0, 2.82505e+1, 0.00000e+0, 3.58238e+0, 0.00000e+0, 3.16984e+0, 0.00000e+0, 2.00000e+1, 0.00000e+0, 2.00000e+1, 0.00000e+0, 3, 3, 
08/26/2020 15:02:37.908, 08/26/2020 15:02:37.846, 4.14495e+0, 0.00000e+0, 9.51252e+1, 0.00000e+0, 2.00089e+0, 0.00000e+0, 9.36993e+3, 0.00000e+0, 4.81655e+2, 0.00000e+0, 2.01982e+0, 0.00000e+0, 4.86211e+2, 0.00000e+0, 5.01167e+2, 0.00000e+0, 3.04284e+1, 0.00000e+0, 2.82388e+1, 0.00000e+0, 3.58468e+0, 0.00000e+0, 3.16987e+0, 0.00000e+0, 2.00000e+1, 0.00000e+0, 2.00000e+1, 0.00000e+0, 3, 3, 
08/26/2020 15:02:38.896, 08/26/2020 15:02:38.840, 4.14497e+0, 0.00000e+0, 9.51280e+1, 0.00000e+0, 2.00622e+0, 0.00000e+0, 9.28701e+3, 0.00000e+0, 5.28415e+2, 0.00000e+0, 2.02502e+0, 0.00000e+0, 5.33368e+2, 0.00000e+0, 5.01190e+2, 0.00000e+0, 3.04420e+1, 0.00000e+0, 2.82503e+1, 0.00000e+0, 3.58178e+0, 0.00000e+0, 3.16706e+0, 0.00000e+0, 2.00000e+1, 0.00000e+0, 2.00000e+1, 0.00000e+0, 3, 3, 
08/26/2020 15:02:39.888, 08/26/2020 15:02:39.836, 4.14480e+0, 0.00000e+0, 9.51031e+1, 0.00000e+0, 2.00288e+0, 0.00000e+0, 9.40893e+3, 0.00000e+0, 5.81772e+2, 0.00000e+0, 2.02191e+0, 0.00000e+0, 5.87298e+2, 0.00000e+0, 5.01211e+2, 0.00000e+0, 3.04333e+1, 0.00000e+0, 2.82726e+1, 0.00000e+0, 3.58253e+0, 0.00000e+0, 3.16853e+0, 0.00000e+0, 2.00000e+1, 0.00000e+0, 2.00000e+1, 0.00000e+0, 3, 3, 
08/26/2020 15:02:40.885, 08/26/2020 15:02:40.829, 4.14475e+0, 0.00000e+0, 9.50954e+1, 0.00000e+0, 2.00291e+0, 0.00000e+0, 9.47237e+3, 0.00000e+0, 5.93248e+2, 0.00000e+0, 2.02206e+0, 0.00000e+0, 5.98921e+2, 0.00000e+0, 5.01146e+2, 0.00000e+0, 3.04459e+1, 0.00000e+0, 2.82931e+1, 0.00000e+0, 3.58061e+0, 0.00000e+0, 3.16964e+0, 0.00000e+0, 2.00000e+1, 0.00000e+0, 2.00000e+1, 0.00000e+0, 3, 3, 
08/26/2020 15:02:41.883, 08/26/2020 15:02:41.824, 4.14488e+0, 0.00000e+0, 9.51155e+1, 0.00000e+0, 2.00330e+0, 0.00000e+0, 9.14314e+3, 0.00000e+0, 5.61224e+2, 0.00000e+0, 2.02178e+0, 0.00000e+0, 5.66403e+2, 0.00000e+0, 5.01168e+2, 0.00000e+0, 3.04575e+1, 0.00000e+0, 2.82974e+1, 0.00000e+0, 3.58209e+0, 0.00000e+0, 3.16780e+0, 0.00000e+0, 2.00000e+1, 0.00000e+0, 2.00000e+1, 0.00000e+0, 3, 3, 
08/26/2020 15:02:42.871, 08/26/2020 15:02:42.818, 4.14491e+0, 0.00000e+0, 9.51200e+1, 0.00000e+0, 2.00337e+0, 0.00000e+0, 9.19693e+3, 0.00000e+0, 5.19759e+2, 0.00000e+0, 2.02197e+0, 0.00000e+0, 5.24584e+2, 0.00000e+0, 5.01177e+2, 0.00000e+0, 3.04658e+1, 0.00000e+0, 2.83043e+1, 0.00000e+0, 3.58229e+0, 0.00000e+0, 3.16829e+0, 0.00000e+0, 2.00000e+1, 0.00000e+0, 2.00000e+1, 0.00000e+0, 3, 3, 
08/26/2020 15:02:43.870, 08/26/2020 15:02:43.814, 4.14490e+0, 0.00000e+0, 9.51183e+1, 0.00000e+0, 2.00477e+0, 0.00000e+0, 9.24106e+3, 0.00000e+0, 4.82112e+2, 0.00000e+0, 2.02347e+0, 0.00000e+0, 4.86608e+2, 0.00000e+0, 5.01219e+2, 0.00000e+0, 3.04638e+1, 0.00000e+0, 2.83042e+1, 0.00000e+0, 3.58407e+0, 0.00000e+0, 3.17060e+0, 0.00000e+0, 2.00000e+1, 0.00000e+0, 2.00000e+1, 0.00000e+0, 3, 3, 
08/26/2020 15:02:44.860, 08/26/2020 15:02:44.808, 4.14476e+0, 0.00000e+0, 9.50969e+1, 0.00000e+0, 2.00280e+0, 0.00000e+0, 9.19341e+3, 0.00000e+0, 4.56236e+2, 0.00000e+0, 2.02139e+0, 0.00000e+0, 4.60470e+2, 0.00000e+0, 5.01188e+2, 0.00000e+0, 3.04481e+1, 0.00000e+0, 2.83102e+1, 0.00000e+0, 3.58293e+0, 0.00000e+0, 3.16985e+0, 0.00000e+0, 2.00000e+1, 0.00000e+0, 2.00000e+1, 0.00000e+0, 3, 3, 
08/26/2020 15:02:45.853, 08/26/2020 15:02:45.802, 4.14486e+0, 0.00000e+0, 9.51120e+1, 0.00000e+0, 1.99960e+0, 0.00000e+0, 9.08495e+3, 0.00000e+0, 4.33371e+2, 0.00000e+0, 2.01793e+0, 0.00000e+0, 4.37345e+2, 0.00000e+0, 5.01200e+2, 0.00000e+0, 3.04403e+1, 0.00000e+0, 2.83079e+1, 0.00000e+0, 3.58507e+0, 0.00000e+0, 3.16601e+0, 0.00000e+0, 2.00000e+1, 0.00000e+0, 2.00000e+1, 0.00000e+0, 3, 3, 
08/26/2020 15:02:46.848, 08/26/2020 15:02:46.797, 4.14492e+0, 0.00000e+0, 9.51206e+1, 0.00000e+0, 2.00432e+0, 0.00000e+0, 9.10615e+3, 0.00000e+0, 4.14751e+2, 0.00000e+0, 2.02274e+0, 0.00000e+0, 4.18563e+2, 0.00000e+0, 5.01217e+2, 0.00000e+0, 3.04617e+1, 0.00000e+0, 2.83193e+1, 0.00000e+0, 3.58268e+0, 0.00000e+0, 3.17058e+0, 0.00000e+0, 2.00000e+1, 0.00000e+0, 2.00000e+1, 0.00000e+0, 3, 3, 
08/26/2020 15:02:47.847, 08/26/2020 15:02:47.791, 4.14477e+0, 0.00000e+0, 9.50993e+1, 0.00000e+0, 2.00862e+0, 0.00000e+0, 9.08570e+3, 0.00000e+0, 4.02970e+2, 0.00000e+0, 2.02704e+0, 0.00000e+0, 4.06664e+2, 0.00000e+0, 5.01309e+2, 0.00000e+0, 3.04611e+1, 0.00000e+0, 2.83161e+1, 0.00000e+0, 3.58315e+0, 0.00000e+0, 3.17106e+0, 0.00000e+0, 2.00000e+1, 0.00000e+0, 2.00000e+1, 0.00000e+0, 3, 3, 
08/26/2020 15:02:48.840, 08/26/2020 15:02:48.785, 4.14491e+0, 0.00000e+0, 9.51190e+1, 0.00000e+0, 2.00278e+0, 0.00000e+0, 9.07417e+3, 0.00000e+0, 3.92617e+2, 0.00000e+0, 2.02112e+0, 0.00000e+0, 3.96213e+2, 0.00000e+0, 5.01215e+2, 0.00000e+0, 3.04494e+1, 0.00000e+0, 2.83212e+1, 0.00000e+0, 3.58591e+0, 0.00000e+0, 3.17173e+0, 0.00000e+0, 2.00000e+1, 0.00000e+0, 2.00000e+1, 0.00000e+0, 3, 3, 
08/26/2020 15:02:49.835, 08/26/2020 15:02:49.780, 4.14489e+0, 0.00000e+0, 9.51171e+1, 0.00000e+0, 2.00083e+0, 0.00000e+0, 8.87549e+3, 0.00000e+0, 3.85723e+2, 0.00000e+0, 2.01875e+0, 0.00000e+0, 3.89177e+2, 0.00000e+0, 5.01167e+2, 0.00000e+0, 3.04388e+1, 0.00000e+0, 2.83181e+1, 0.00000e+0, 3.58513e+0, 0.00000e+0, 3.16907e+0, 0.00000e+0, 2.00000e+1, 0.00000e+0, 2.00000e+1, 0.00000e+0, 3, 3, 
08/26/2020 15:02:50.827, 08/26/2020 15:02:50.775, 4.14487e+0, 0.00000e+0, 9.51137e+1, 0.00000e+0, 2.00345e+0, 0.00000e+0, 8.89677e+3, 0.00000e+0, 3.81726e+2, 0.00000e+0, 2.02143e+0, 0.00000e+0, 3.85153e+2, 0.00000e+0, 5.01270e+2, 0.00000e+0, 3.04640e+1, 0.00000e+0, 2.83168e+1, 0.00000e+0, 3.58462e+0, 0.00000e+0, 3.16932e+0, 0.00000e+0, 2.00000e+1, 0.00000e+0, 2.00000e+1, 0.00000e+0, 3, 3, 
08/26/2020 15:02:51.824, 08/26/2020 15:02:51.770, 4.14464e+0, 0.00000e+0, 9.50802e+1, 0.00000e+0, 2.00208e+0, 0.00000e+0, 8.99279e+3, 0.00000e+0, 3.77019e+2, 0.00000e+0, 2.02025e+0, 0.00000e+0, 3.80440e+2, 0.00000e+0, 5.01254e+2, 0.00000e+0, 3.04503e+1, 0.00000e+0, 2.83089e+1, 0.00000e+0, 3.58487e+0, 0.00000e+0, 3.17086e+0, 0.00000e+0, 2.00000e+1, 0.00000e+0, 2.00000e+1, 0.00000e+0, 3, 3, 
08/26/2020 15:02:52.813, 08/26/2020 15:02:52.764, 4.14459e+0, 0.00000e+0, 9.50726e+1, 0.00000e+0, 2.00479e+0, 0.00000e+0, 8.58106e+3, 0.00000e+0, 3.75141e+2, 0.00000e+0, 2.02214e+0, 0.00000e+0, 3.78388e+2, 0.00000e+0, 5.01273e+2, 0.00000e+0, 3.04452e+1, 0.00000e+0, 2.83185e+1, 0.00000e+0, 3.58466e+0, 0.00000e+0, 3.17100e+0, 0.00000e+0, 2.00000e+1, 0.00000e+0, 2.00000e+1, 0.00000e+0, 3, 3, 
08/26/2020 15:02:53.811, 08/26/2020 15:02:53.758, 4.14465e+0, 0.00000e+0, 9.50814e+1, 0.00000e+0, 2.00332e+0, 0.00000e+0, 8.79019e+3, 0.00000e+0, 3.74806e+2, 0.00000e+0, 2.02108e+0, 0.00000e+0, 3.78129e+2, 0.00000e+0, 5.01217e+2, 0.00000e+0, 3.04439e+1, 0.00000e+0, 2.83404e+1, 0.00000e+0, 3.58499e+0, 0.00000e+0, 3.16912e+0, 0.00000e+0, 2.00000e+1, 0.00000e+0, 2.00000e+1, 0.00000e+0, 3, 3, 
08/26/2020 15:02:54.809, 08/26/2020 15:02:54.754, 4.14479e+0, 0.00000e+0, 9.51014e+1, 0.00000e+0, 1.99993e+0, 0.00000e+0, 8.65367e+3, 0.00000e+0, 3.72343e+2, 0.00000e+0, 2.01739e+0, 0.00000e+0, 3.75593e+2, 0.00000e+0, 5.01187e+2, 0.00000e+0, 3.04335e+1, 0.00000e+0, 2.83406e+1, 0.00000e+0, 3.58587e+0, 0.00000e+0, 3.16938e+0, 0.00000e+0, 2.00000e+1, 0.00000e+0, 2.00000e+1, 0.00000e+0, 3, 3, 
08/26/2020 15:02:55.804, 08/26/2020 15:02:55.747, 4.14475e+0, 0.00000e+0, 9.50966e+1, 0.00000e+0, 2.00269e+0, 0.00000e+0, 8.60520e+3, 0.00000e+0, 3.72313e+2, 0.00000e+0, 2.02008e+0, 0.00000e+0, 3.75545e+2, 0.00000e+0, 5.01307e+2, 0.00000e+0, 3.04508e+1, 0.00000e+0, 2.83278e+1, 0.00000e+0, 3.58485e+0, 0.00000e+0, 3.17156e+0, 0.00000e+0, 2.00000e+1, 0.00000e+0, 2.00000e+1, 0.00000e+0, 3, 3, 
08/26/2020 15:02:56.800, 08/26/2020 15:02:56.742, 4.14481e+0, 0.00000e+0, 9.51050e+1, 0.00000e+0, 2.00079e+0, 0.00000e+0, 8.45671e+3, 0.00000e+0, 3.74673e+2, 0.00000e+0, 2.01785e+0, 0.00000e+0, 3.77868e+2, 0.00000e+0, 5.01190e+2, 0.00000e+0, 3.04202e+1, 0.00000e+0, 2.83344e+1, 0.00000e+0, 3.58473e+0, 0.00000e+0, 3.17116e+0, 0.00000e+0, 2.00000e+1, 0.00000e+0, 2.00000e+1, 0.00000e+0, 3, 3, 
08/26/2020 15:02:57.790, 08/26/2020 15:02:57.737, 4.14457e+0, 0.00000e+0, 9.50697e+1, 0.00000e+0, 2.00210e+0, 0.00000e+0, 8.58491e+3, 0.00000e+0, 3.78290e+2, 0.00000e+0, 2.01944e+0, 0.00000e+0, 3.81565e+2, 0.00000e+0, 5.01420e+2, 0.00000e+0, 3.04191e+1, 0.00000e+0, 2.83483e+1, 0.00000e+0, 3.58388e+0, 0.00000e+0, 3.16783e+0, 0.00000e+0, 2.00000e+1, 0.00000e+0, 2.00000e+1, 0.00000e+0, 3, 4, 
08/26/2020 15:02:58.789, 08/26/2020 15:02:58.731, 4.14475e+0, 0.00000e+0, 9.50955e+1, 0.00000e+0, 2.00149e+0, 0.00000e+0, 8.70240e+3, 0.00000e+0, 3.80710e+2, 0.00000e+0, 2.01906e+0, 0.00000e+0, 3.84052e+2, 0.00000e+0, 5.01048e+2, 0.00000e+0, 3.04411e+1, 0.00000e+0, 2.83543e+1, 0.00000e+0, 3.58533e+0, 0.00000e+0, 3.17335e+0, 0.00000e+0, 2.00000e+1, 0.00000e+0, 2.00000e+1, 0.00000e+0, 3, 4, 
08/26/2020 15:02:59.778, 08/26/2020 15:02:59.725, 4.14476e+0, 0.00000e+0, 9.50977e+1, 0.00000e+0, 2.00484e+0, 0.00000e+0, 8.59090e+3, 0.00000e+0, 3.80046e+2, 0.00000e+0, 2.02222e+0, 0.00000e+0, 3.83339e+2, 0.00000e+0, 5.01124e+2, 0.00000e+0, 3.04359e+1, 0.00000e+0, 2.83687e+1, 0.00000e+0, 3.58466e+0, 0.00000e+0, 3.16986e+0, 0.00000e+0, 2.00000e+1, 0.00000e+0, 2.00000e+1, 0.00000e+0, 3, 4, 
08/26/2020 15:03:00.774, 08/26/2020 15:03:00.720, 4.14470e+0, 0.00000e+0, 9.50892e+1, 0.00000e+0, 2.00349e+0, 0.00000e+0, 8.48541e+3, 0.00000e+0, 3.81071e+2, 0.00000e+0, 2.02064e+0, 0.00000e+0, 3.84332e+2, 0.00000e+0, 5.01268e+2, 0.00000e+0, 3.04483e+1, 0.00000e+0, 2.83680e+1, 0.00000e+0, 3.58391e+0, 0.00000e+0, 3.16721e+0, 0.00000e+0, 2.00000e+1, 0.00000e+0, 2.00000e+1, 0.00000e+0, 3, 4, 
08/26/2020 15:03:01.787, 08/26/2020 15:03:01.722, 4.14478e+0, 0.00000e+0, 9.51004e+1, 0.00000e+0, 1.99661e+0, 0.00000e+0, 8.62463e+3, 0.00000e+0, 3.81864e+2, 0.00000e+0, 2.01398e+0, 0.00000e+0, 3.85186e+2, 0.00000e+0, 5.01228e+2, 0.00000e+0, 3.04399e+1, 0.00000e+0, 2.83629e+1, 0.00000e+0, 3.58817e+0, 0.00000e+0, 3.17213e+0, 0.00000e+0, 2.00000e+1, 0.00000e+0, 2.00000e+1, 0.00000e+0, 3, 4, 
08/26/2020 15:03:02.773, 08/26/2020 15:03:02.717, 4.14468e+0, 0.00000e+0, 9.50856e+1, 0.00000e+0, 2.00298e+0, 0.00000e+0, 8.59828e+3, 0.00000e+0, 3.80963e+2, 0.00000e+0, 2.02035e+0, 0.00000e+0, 3.84267e+2, 0.00000e+0, 5.01208e+2, 0.00000e+0, 3.04291e+1, 0.00000e+0, 2.83611e+1, 0.00000e+0, 3.58754e+0, 0.00000e+0, 3.17044e+0, 0.00000e+0, 2.00000e+1, 0.00000e+0, 2.00000e+1, 0.00000e+0, 3, 4, 
08/26/2020 15:03:03.763, 08/26/2020 15:03:03.710, 4.14483e+0, 0.00000e+0, 9.51071e+1, 0.00000e+0, 2.00137e+0, 0.00000e+0, 8.84979e+3, 0.00000e+0, 3.78557e+2, 0.00000e+0, 2.01924e+0, 0.00000e+0, 3.81937e+2, 0.00000e+0, 5.01215e+2, 0.00000e+0, 3.04375e+1, 0.00000e+0, 2.83645e+1, 0.00000e+0, 3.58562e+0, 0.00000e+0, 3.16955e+0, 0.00000e+0, 2.00000e+1, 0.00000e+0, 2.00000e+1, 0.00000e+0, 3, 4, 
08/26/2020 15:03:04.760, 08/26/2020 15:03:04.705, 4.14476e+0, 0.00000e+0, 9.50971e+1, 0.00000e+0, 1.99881e+0, 0.00000e+0, 8.75780e+3, 0.00000e+0, 3.75722e+2, 0.00000e+0, 2.01647e+0, 0.00000e+0, 3.79042e+2, 0.00000e+0, 5.01196e+2, 0.00000e+0, 3.04365e+1, 0.00000e+0, 2.83599e+1, 0.00000e+0, 3.58812e+0, 0.00000e+0, 3.16994e+0, 0.00000e+0, 2.00000e+1, 0.00000e+0, 2.00000e+1, 0.00000e+0, 3, 4, 
08/26/2020 15:03:05.753, 08/26/2020 15:03:05.700, 4.14491e+0, 0.00000e+0, 9.51201e+1, 0.00000e+0, 2.00074e+0, 0.00000e+0, 8.98992e+3, 0.00000e+0, 3.74434e+2, 0.00000e+0, 2.01889e+0, 0.00000e+0, 3.77831e+2, 0.00000e+0, 5.01186e+2, 0.00000e+0, 3.04290e+1, 0.00000e+0, 2.83602e+1, 0.00000e+0, 3.58469e+0, 0.00000e+0, 3.16881e+0, 0.00000e+0, 2.00000e+1, 0.00000e+0, 2.00000e+1, 0.00000e+0, 3, 4, 
08/26/2020 15:03:06.746, 08/26/2020 15:03:06.694, 4.14477e+0, 0.00000e+0, 9.50993e+1, 0.00000e+0, 2.00420e+0, 0.00000e+0, 8.70120e+3, 0.00000e+0, 3.74015e+2, 0.00000e+0, 2.02179e+0, 0.00000e+0, 3.77298e+2, 0.00000e+0, 5.01189e+2, 0.00000e+0, 3.04286e+1, 0.00000e+0, 2.83600e+1, 0.00000e+0, 3.58757e+0, 0.00000e+0, 3.16972e+0, 0.00000e+0, 2.00000e+1, 0.00000e+0, 2.00000e+1, 0.00000e+0, 3, 4, 
08/26/2020 15:03:07.741, 08/26/2020 15:03:07.690, 4.14486e+0, 0.00000e+0, 9.51117e+1, 0.00000e+0, 2.00005e+0, 0.00000e+0, 8.97354e+3, 0.00000e+0, 3.83995e+2, 0.00000e+0, 2.01816e+0, 0.00000e+0, 3.87472e+2, 0.00000e+0, 5.01220e+2, 0.00000e+0, 3.04278e+1, 0.00000e+0, 2.83600e+1, 0.00000e+0, 3.58675e+0, 0.00000e+0, 3.16920e+0, 0.00000e+0, 2.00000e+1, 0.00000e+0, 2.00000e+1, 0.00000e+0, 3, 4, 
08/26/2020 15:03:08.735, 08/26/2020 15:03:08.684, 4.14481e+0, 0.00000e+0, 9.51044e+1, 0.00000e+0, 2.00033e+0, 0.00000e+0, 8.76887e+3, 0.00000e+0, 4.64159e+2, 0.00000e+0, 2.01803e+0, 0.00000e+0, 4.68266e+2, 0.00000e+0, 5.01212e+2, 0.00000e+0, 3.04279e+1, 0.00000e+0, 2.83607e+1, 0.00000e+0, 3.58366e+0, 0.00000e+0, 3.16870e+0, 0.00000e+0, 2.00000e+1, 0.00000e+0, 2.00000e+1, 0.00000e+0, 3, 4, 
08/26/2020 15:03:09.733, 08/26/2020 15:03:09.677, 4.14470e+0, 0.00000e+0, 9.50878e+1, 0.00000e+0, 1.99992e+0, 0.00000e+0, 8.94824e+3, 0.00000e+0, 5.25967e+2, 0.00000e+0, 2.01797e+0, 0.00000e+0, 5.30716e+2, 0.00000e+0, 5.01197e+2, 0.00000e+0, 3.04309e+1, 0.00000e+0, 2.83578e+1, 0.00000e+0, 3.58502e+0, 0.00000e+0, 3.16783e+0, 0.00000e+0, 2.00000e+1, 0.00000e+0, 2.00000e+1, 0.00000e+0, 3, 4, 
08/26/2020 15:03:10.725, 08/26/2020 15:03:10.672, 4.14471e+0, 0.00000e+0, 9.50906e+1, 0.00000e+0, 1.99977e+0, 0.00000e+0, 8.92969e+3, 0.00000e+0, 5.16874e+2, 0.00000e+0, 2.01779e+0, 0.00000e+0, 5.21531e+2, 0.00000e+0, 5.01198e+2, 0.00000e+0, 3.04245e+1, 0.00000e+0, 2.83590e+1, 0.00000e+0, 3.58605e+0, 0.00000e+0, 3.16953e+0, 0.00000e+0, 2.00000e+1, 0.00000e+0, 2.00000e+1, 0.00000e+0, 3, 4, 
08/26/2020 15:03:11.725, 08/26/2020 15:03:11.667, 4.14490e+0, 0.00000e+0, 9.51185e+1, 0.00000e+0, 1.99974e+0, 0.00000e+0, 8.75134e+3, 0.00000e+0, 4.84251e+2, 0.00000e+0, 2.01739e+0, 0.00000e+0, 4.88527e+2, 0.00000e+0, 5.01181e+2, 0.00000e+0, 3.04228e+1, 0.00000e+0, 2.83627e+1, 0.00000e+0, 3.58668e+0, 0.00000e+0, 3.16892e+0, 0.00000e+0, 2.00000e+1, 0.00000e+0, 2.00000e+1, 0.00000e+0, 3, 4, 
08/26/2020 15:03:12.714, 08/26/2020 15:03:12.662, 4.14477e+0, 0.00000e+0, 9.50992e+1, 0.00000e+0, 1.99551e+0, 0.00000e+0, 8.84129e+3, 0.00000e+0, 4.55517e+2, 0.00000e+0, 2.01331e+0, 0.00000e+0, 4.59580e+2, 0.00000e+0, 5.01195e+2, 0.00000e+0, 3.04276e+1, 0.00000e+0, 2.83634e+1, 0.00000e+0, 3.58689e+0, 0.00000e+0, 3.16940e+0, 0.00000e+0, 2.00000e+1, 0.00000e+0, 2.00000e+1, 0.00000e+0, 3, 4, 
08/26/2020 15:03:13.708, 08/26/2020 15:03:13.655, 4.14477e+0, 0.00000e+0, 9.50993e+1, 0.00000e+0, 1.99676e+0, 0.00000e+0, 8.90044e+3, 0.00000e+0, 4.33869e+2, 0.00000e+0, 2.01469e+0, 0.00000e+0, 4.37765e+2, 0.00000e+0, 5.01186e+2, 0.00000e+0, 3.04137e+1, 0.00000e+0, 2.83716e+1, 0.00000e+0, 3.58681e+0, 0.00000e+0, 3.17013e+0, 0.00000e+0, 2.00000e+1, 0.00000e+0, 2.00000e+1, 0.00000e+0, 3, 4, 
08/26/2020 15:03:14.702, 08/26/2020 15:03:14.650, 4.14462e+0, 0.00000e+0, 9.50765e+1, 0.00000e+0, 1.99653e+0, 0.00000e+0, 8.99236e+3, 0.00000e+0, 4.19654e+2, 0.00000e+0, 2.01464e+0, 0.00000e+0, 4.23462e+2, 0.00000e+0, 5.01183e+2, 0.00000e+0, 3.04176e+1, 0.00000e+0, 2.83701e+1, 0.00000e+0, 3.58553e+0, 0.00000e+0, 3.16957e+0, 0.00000e+0, 2.00000e+1, 0.00000e+0, 2.00000e+1, 0.00000e+0, 3, 4, 
08/26/2020 15:03:15.696, 08/26/2020 15:03:15.645, 4.14479e+0, 0.00000e+0, 9.51025e+1, 0.00000e+0, 1.99488e+0, 0.00000e+0, 9.08211e+3, 0.00000e+0, 4.07479e+2, 0.00000e+0, 2.01316e+0, 0.00000e+0, 4.11213e+2, 0.00000e+0, 5.01183e+2, 0.00000e+0, 3.04332e+1, 0.00000e+0, 2.83649e+1, 0.00000e+0, 3.58542e+0, 0.00000e+0, 3.16949e+0, 0.00000e+0, 2.00000e+1, 0.00000e+0, 2.00000e+1, 0.00000e+0, 3, 4, 
08/26/2020 15:03:16.696, 08/26/2020 15:03:16.640, 4.14489e+0, 0.00000e+0, 9.51162e+1, 0.00000e+0, 1.99702e+0, 0.00000e+0, 9.10119e+3, 0.00000e+0, 4.00258e+2, 0.00000e+0, 2.01536e+0, 0.00000e+0, 4.03934e+2, 0.00000e+0, 5.01201e+2, 0.00000e+0, 3.04398e+1, 0.00000e+0, 2.83616e+1, 0.00000e+0, 3.58537e+0, 0.00000e+0, 3.16863e+0, 0.00000e+0, 2.00000e+1, 0.00000e+0, 2.00000e+1, 0.00000e+0, 3, 4, 
08/26/2020 15:03:17.687, 08/26/2020 15:03:17.634, 4.14488e+0, 0.00000e+0, 9.51145e+1, 0.00000e+0, 1.99777e+0, 0.00000e+0, 8.99483e+3, 0.00000e+0, 3.96214e+2, 0.00000e+0, 2.01590e+0, 0.00000e+0, 3.99810e+2, 0.00000e+0, 5.01180e+2, 0.00000e+0, 3.04351e+1, 0.00000e+0, 2.83572e+1, 0.00000e+0, 3.58365e+0, 0.00000e+0, 3.16846e+0, 0.00000e+0, 2.00000e+1, 0.00000e+0, 2.00000e+1, 0.00000e+0, 3, 4, 
08/26/2020 15:03:18.683, 08/26/2020 15:03:18.628, 4.14496e+0, 0.00000e+0, 9.51267e+1, 0.00000e+0, 1.99809e+0, 0.00000e+0, 9.09067e+3, 0.00000e+0, 3.90375e+2, 0.00000e+0, 2.01642e+0, 0.00000e+0, 3.93957e+2, 0.00000e+0, 5.01173e+2, 0.00000e+0, 3.04338e+1, 0.00000e+0, 2.83605e+1, 0.00000e+0, 3.58424e+0, 0.00000e+0, 3.16903e+0, 0.00000e+0, 2.00000e+1, 0.00000e+0, 2.00000e+1, 0.00000e+0, 3, 4, 
08/26/2020 15:03:19.675, 08/26/2020 15:03:19.623, 4.14475e+0, 0.00000e+0, 9.50953e+1, 0.00000e+0, 1.99604e+0, 0.00000e+0, 9.17462e+3, 0.00000e+0, 3.86788e+2, 0.00000e+0, 2.01453e+0, 0.00000e+0, 3.90370e+2, 0.00000e+0, 5.01184e+2, 0.00000e+0, 3.04440e+1, 0.00000e+0, 2.83519e+1, 0.00000e+0, 3.58636e+0, 0.00000e+0, 3.16847e+0, 0.00000e+0, 2.00000e+1, 0.00000e+0, 2.00000e+1, 0.00000e+0, 3, 4, 
08/26/2020 15:03:20.675, 08/26/2020 15:03:20.618, 4.14468e+0, 0.00000e+0, 9.50849e+1, 0.00000e+0, 2.00010e+0, 0.00000e+0, 9.11434e+3, 0.00000e+0, 3.85494e+2, 0.00000e+0, 2.01850e+0, 0.00000e+0, 3.89040e+2, 0.00000e+0, 5.01189e+2, 0.00000e+0, 3.04429e+1, 0.00000e+0, 2.83409e+1, 0.00000e+0, 3.58469e+0, 0.00000e+0, 3.16824e+0, 0.00000e+0, 2.00000e+1, 0.00000e+0, 2.00000e+1, 0.00000e+0, 3, 4, 
08/26/2020 15:03:21.674, 08/26/2020 15:03:21.612, 4.14479e+0, 0.00000e+0, 9.51020e+1, 0.00000e+0, 1.99675e+0, 0.00000e+0, 9.00978e+3, 0.00000e+0, 3.83747e+2, 0.00000e+0, 2.01490e+0, 0.00000e+0, 3.87236e+2, 0.00000e+0, 5.01170e+2, 0.00000e+0, 3.04347e+1, 0.00000e+0, 2.83453e+1, 0.00000e+0, 3.58552e+0, 0.00000e+0, 3.16917e+0, 0.00000e+0, 2.00000e+1, 0.00000e+0, 2.00000e+1, 0.00000e+0, 3, 4, 
08/26/2020 15:03:22.658, 08/26/2020 15:03:22.607, 4.14483e+0, 0.00000e+0, 9.51071e+1, 0.00000e+0, 2.00099e+0, 0.00000e+0, 9.17824e+3, 0.00000e+0, 3.83288e+2, 0.00000e+0, 2.01952e+0, 0.00000e+0, 3.86839e+2, 0.00000e+0, 5.01175e+2, 0.00000e+0, 3.04322e+1, 0.00000e+0, 2.83453e+1, 0.00000e+0, 3.58385e+0, 0.00000e+0, 3.16839e+0, 0.00000e+0, 2.00000e+1, 0.00000e+0, 2.00000e+1, 0.00000e+0, 3, 4, 
08/26/2020 15:03:23.657, 08/26/2020 15:03:23.602, 4.14477e+0, 0.00000e+0, 9.50990e+1, 0.00000e+0, 2.00356e+0, 0.00000e+0, 8.98608e+3, 0.00000e+0, 3.80257e+2, 0.00000e+0, 2.02173e+0, 0.00000e+0, 3.83705e+2, 0.00000e+0, 5.01180e+2, 0.00000e+0, 3.04347e+1, 0.00000e+0, 2.83447e+1, 0.00000e+0, 3.58551e+0, 0.00000e+0, 3.17099e+0, 0.00000e+0, 2.00000e+1, 0.00000e+0, 2.00000e+1, 0.00000e+0, 3, 4, 
08/26/2020 15:03:24.650, 08/26/2020 15:03:24.595, 4.14470e+0, 0.00000e+0, 9.50888e+1, 0.00000e+0, 1.99950e+0, 0.00000e+0, 9.01207e+3, 0.00000e+0, 3.80779e+2, 0.00000e+0, 2.01769e+0, 0.00000e+0, 3.84242e+2, 0.00000e+0, 5.01177e+2, 0.00000e+0, 3.04346e+1, 0.00000e+0, 2.83395e+1, 0.00000e+0, 3.58530e+0, 0.00000e+0, 3.16860e+0, 0.00000e+0, 2.00000e+1, 0.00000e+0, 2.00000e+1, 0.00000e+0, 3, 4, 
08/26/2020 15:03:25.642, 08/26/2020 15:03:25.591, 4.14473e+0, 0.00000e+0, 9.50929e+1, 0.00000e+0, 2.00357e+0, 0.00000e+0, 9.04028e+3, 0.00000e+0, 3.79950e+2, 0.00000e+0, 2.02185e+0, 0.00000e+0, 3.83416e+2, 0.00000e+0, 5.01158e+2, 0.00000e+0, 3.04381e+1, 0.00000e+0, 2.83368e+1, 0.00000e+0, 3.58476e+0, 0.00000e+0, 3.16808e+0, 0.00000e+0, 2.00000e+1, 0.00000e+0, 2.00000e+1, 0.00000e+0, 3, 4, 
08/26/2020 15:03:26.640, 08/26/2020 15:03:26.584, 4.14463e+0, 0.00000e+0, 9.50781e+1, 0.00000e+0, 2.00480e+0, 0.00000e+0, 9.24110e+3, 0.00000e+0, 3.77410e+2, 0.00000e+0, 2.02349e+0, 0.00000e+0, 3.80930e+2, 0.00000e+0, 5.01155e+2, 0.00000e+0, 3.04339e+1, 0.00000e+0, 2.83354e+1, 0.00000e+0, 3.58352e+0, 0.00000e+0, 3.16920e+0, 0.00000e+0, 2.00000e+1, 0.00000e+0, 2.00000e+1, 0.00000e+0, 3, 4, 
08/26/2020 15:03:27.640, 08/26/2020 15:03:27.586, 4.14455e+0, 0.00000e+0, 9.50658e+1, 0.00000e+0, 2.00181e+0, 0.00000e+0, 9.29227e+3, 0.00000e+0, 3.78011e+2, 0.00000e+0, 2.02059e+0, 0.00000e+0, 3.81556e+2, 0.00000e+0, 5.01160e+2, 0.00000e+0, 3.04326e+1, 0.00000e+0, 2.83322e+1, 0.00000e+0, 3.58554e+0, 0.00000e+0, 3.16777e+0, 0.00000e+0, 2.00000e+1, 0.00000e+0, 2.00000e+1, 0.00000e+0, 3, 5, 
08/26/2020 15:03:28.635, 08/26/2020 15:03:28.581, 4.14472e+0, 0.00000e+0, 9.50914e+1, 0.00000e+0, 2.00276e+0, 0.00000e+0, 9.38850e+3, 0.00000e+0, 3.78118e+2, 0.00000e+0, 2.02174e+0, 0.00000e+0, 3.81701e+2, 0.00000e+0, 5.01208e+2, 0.00000e+0, 3.04355e+1, 0.00000e+0, 2.83326e+1, 0.00000e+0, 3.58516e+0, 0.00000e+0, 3.16781e+0, 0.00000e+0, 2.00000e+1, 0.00000e+0, 2.00000e+1, 0.00000e+0, 3, 5, 
08/26/2020 15:03:29.633, 08/26/2020 15:03:29.576, 4.14455e+0, 0.00000e+0, 9.50667e+1, 0.00000e+0, 2.00217e+0, 0.00000e+0, 9.30026e+3, 0.00000e+0, 3.77923e+2, 0.00000e+0, 2.02097e+0, 0.00000e+0, 3.81471e+2, 0.00000e+0, 5.01185e+2, 0.00000e+0, 3.04419e+1, 0.00000e+0, 2.83317e+1, 0.00000e+0, 3.58578e+0, 0.00000e+0, 3.16888e+0, 0.00000e+0, 2.00000e+1, 0.00000e+0, 2.00000e+1, 0.00000e+0, 3, 5, 
08/26/2020 15:03:30.625, 08/26/2020 15:03:30.569, 4.14474e+0, 0.00000e+0, 9.50948e+1, 0.00000e+0, 2.00487e+0, 0.00000e+0, 9.19537e+3, 0.00000e+0, 3.77346e+2, 0.00000e+0, 2.02348e+0, 0.00000e+0, 3.80848e+2, 0.00000e+0, 5.01177e+2, 0.00000e+0, 3.04179e+1, 0.00000e+0, 2.83322e+1, 0.00000e+0, 3.58408e+0, 0.00000e+0, 3.16917e+0, 0.00000e+0, 2.00000e+1, 0.00000e+0, 2.00000e+1, 0.00000e+0, 3, 5, 
08/26/2020 15:03:31.623, 08/26/2020 15:03:31.564, 4.14469e+0, 0.00000e+0, 9.50868e+1, 0.00000e+0, 2.00189e+0, 0.00000e+0, 9.18875e+3, 0.00000e+0, 3.75871e+2, 0.00000e+0, 2.02046e+0, 0.00000e+0, 3.79357e+2, 0.00000e+0, 5.01134e+2, 0.00000e+0, 3.04155e+1, 0.00000e+0, 2.83310e+1, 0.00000e+0, 3.58434e+0, 0.00000e+0, 3.16936e+0, 0.00000e+0, 2.00000e+1, 0.00000e+0, 2.00000e+1, 0.00000e+0, 3, 5, 
08/26/2020 15:03:32.610, 08/26/2020 15:03:32.558, 4.14466e+0, 0.00000e+0, 9.50824e+1, 0.00000e+0, 2.00150e+0, 0.00000e+0, 9.34161e+3, 0.00000e+0, 3.75404e+2, 0.00000e+0, 2.02037e+0, 0.00000e+0, 3.78944e+2, 0.00000e+0, 5.01155e+2, 0.00000e+0, 3.04229e+1, 0.00000e+0, 2.83282e+1, 0.00000e+0, 3.58550e+0, 0.00000e+0, 3.16984e+0, 0.00000e+0, 2.00000e+1, 0.00000e+0, 2.00000e+1, 0.00000e+0, 3, 5, 
08/26/2020 15:03:33.605, 08/26/2020 15:03:33.554, 4.14469e+0, 0.00000e+0, 9.50866e+1, 0.00000e+0, 2.00029e+0, 0.00000e+0, 9.21945e+3, 0.00000e+0, 3.76018e+2, 0.00000e+0, 2.01890e+0, 0.00000e+0, 3.79517e+2, 0.00000e+0, 5.01162e+2, 0.00000e+0, 3.04303e+1, 0.00000e+0, 2.83334e+1, 0.00000e+0, 3.58429e+0, 0.00000e+0, 3.16859e+0, 0.00000e+0, 2.00000e+1, 0.00000e+0, 2.00000e+1, 0.00000e+0, 3, 5, 
08/26/2020 15:03:34.613, 08/26/2020 15:03:34.554, 4.14460e+0, 0.00000e+0, 9.50738e+1, 0.00000e+0, 2.00242e+0, 0.00000e+0, 9.60616e+3, 0.00000e+0, 3.83479e+2, 0.00000e+0, 2.02184e+0, 0.00000e+0, 3.87198e+2, 0.00000e+0, 5.01176e+2, 0.00000e+0, 3.04308e+1, 0.00000e+0, 2.83321e+1, 0.00000e+0, 3.58380e+0, 0.00000e+0, 3.16924e+0, 0.00000e+0, 2.00000e+1, 0.00000e+0, 2.00000e+1, 0.00000e+0, 3, 5, 
08/26/2020 15:03:35.606, 08/26/2020 15:03:35.549, 4.14483e+0, 0.00000e+0, 9.51084e+1, 0.00000e+0, 2.00239e+0, 0.00000e+0, 9.34656e+3, 0.00000e+0, 4.19789e+2, 0.00000e+0, 2.02128e+0, 0.00000e+0, 4.23749e+2, 0.00000e+0, 5.01158e+2, 0.00000e+0, 3.04319e+1, 0.00000e+0, 2.83333e+1, 0.00000e+0, 3.58598e+0, 0.00000e+0, 3.16827e+0, 0.00000e+0, 2.00000e+1, 0.00000e+0, 2.00000e+1, 0.00000e+0, 3, 5, 
08/26/2020 15:03:36.595, 08/26/2020 15:03:36.543, 4.14483e+0, 0.00000e+0, 9.51078e+1, 0.00000e+0, 2.01004e+0, 0.00000e+0, 9.46117e+3, 0.00000e+0, 4.37830e+2, 0.00000e+0, 2.02924e+0, 0.00000e+0, 4.42012e+2, 0.00000e+0, 5.01137e+2, 0.00000e+0, 3.04316e+1, 0.00000e+0, 2.83316e+1, 0.00000e+0, 3.58360e+0, 0.00000e+0, 3.17038e+0, 0.00000e+0, 2.00000e+1, 0.00000e+0, 2.00000e+1, 0.00000e+0, 3, 5, 
08/26/2020 15:03:37.593, 08/26/2020 15:03:37.538, 4.14482e+0, 0.00000e+0, 9.51062e+1, 0.00000e+0, 2.01243e+0, 0.00000e+0, 9.23354e+3, 0.00000e+0, 4.36771e+2, 0.00000e+0, 2.03119e+0, 0.00000e+0, 4.40841e+2, 0.00000e+0, 5.01144e+2, 0.00000e+0, 3.04321e+1, 0.00000e+0, 2.83245e+1, 0.00000e+0, 3.58219e+0, 0.00000e+0, 3.16869e+0, 0.00000e+0, 2.00000e+1, 0.00000e+0, 2.00000e+1, 0.00000e+0, 3, 5, 
08/26/2020 15:03:38.588, 08/26/2020 15:03:38.533, 4.14471e+0, 0.00000e+0, 9.50900e+1, 0.00000e+0, 2.00984e+0, 0.00000e+0, 9.24128e+3, 0.00000e+0, 4.25245e+2, 0.00000e+0, 2.02859e+0, 0.00000e+0, 4.29211e+2, 0.00000e+0, 5.01162e+2, 0.00000e+0, 3.04276e+1, 0.00000e+0, 2.83257e+1, 0.00000e+0, 3.58405e+0, 0.00000e+0, 3.16872e+0, 0.00000e+0, 2.00000e+1, 0.00000e+0, 2.00000e+1, 0.00000e+0, 3, 5, 
08/26/2020 15:03:39.578, 08/26/2020 15:03:39.527, 4.14470e+0, 0.00000e+0, 9.50887e+1, 0.00000e+0, 2.00906e+0, 0.00000e+0, 9.15408e+3, 0.00000e+0, 4.12118e+2, 0.00000e+0, 2.02762e+0, 0.00000e+0, 4.15925e+2, 0.00000e+0, 5.01171e+2, 0.00000e+0, 3.04247e+1, 0.00000e+0, 2.83206e+1, 0.00000e+0, 3.58290e+0, 0.00000e+0, 3.16899e+0, 0.00000e+0, 2.00000e+1, 0.00000e+0, 2.00000e+1, 0.00000e+0, 3, 5, 
08/26/2020 15:03:40.573, 08/26/2020 15:03:40.521, 4.14468e+0, 0.00000e+0, 9.50860e+1, 0.00000e+0, 2.00321e+0, 0.00000e+0, 9.47194e+3, 0.00000e+0, 4.04836e+2, 0.00000e+0, 2.02236e+0, 0.00000e+0, 4.08707e+2, 0.00000e+0, 5.01182e+2, 0.00000e+0, 3.04238e+1, 0.00000e+0, 2.83239e+1, 0.00000e+0, 3.58345e+0, 0.00000e+0, 3.17049e+0, 0.00000e+0, 2.00000e+1, 0.00000e+0, 2.00000e+1, 0.00000e+0, 3, 5, 
08/26/2020 15:03:41.573, 08/26/2020 15:03:41.516, 4.14472e+0, 0.00000e+0, 9.50915e+1, 0.00000e+0, 2.00517e+0, 0.00000e+0, 9.17028e+3, 0.00000e+0, 4.02138e+2, 0.00000e+0, 2.02373e+0, 0.00000e+0, 4.05860e+2, 0.00000e+0, 5.01169e+2, 0.00000e+0, 3.04274e+1, 0.00000e+0, 2.83213e+1, 0.00000e+0, 3.58201e+0, 0.00000e+0, 3.17049e+0, 0.00000e+0, 2.00000e+1, 0.00000e+0, 2.00000e+1, 0.00000e+0, 3, 5, 
08/26/2020 15:03:42.567, 08/26/2020 15:03:42.511, 4.14471e+0, 0.00000e+0, 9.50902e+1, 0.00000e+0, 2.00610e+0, 0.00000e+0, 9.01436e+3, 0.00000e+0, 4.00098e+2, 0.00000e+0, 2.02434e+0, 0.00000e+0, 4.03737e+2, 0.00000e+0, 5.01194e+2, 0.00000e+0, 3.04345e+1, 0.00000e+0, 2.83304e+1, 0.00000e+0, 3.58193e+0, 0.00000e+0, 3.17062e+0, 0.00000e+0, 2.00000e+1, 0.00000e+0, 2.00000e+1, 0.00000e+0, 3, 5, 
08/26/2020 15:03:43.558, 08/26/2020 15:03:43.505, 4.14454e+0, 0.00000e+0, 9.50645e+1, 0.00000e+0, 2.00505e+0, 0.00000e+0, 9.23512e+3, 0.00000e+0, 3.96495e+2, 0.00000e+0, 2.02374e+0, 0.00000e+0, 4.00190e+2, 0.00000e+0, 5.01196e+2, 0.00000e+0, 3.04394e+1, 0.00000e+0, 2.83260e+1, 0.00000e+0, 3.58213e+0, 0.00000e+0, 3.17167e+0, 0.00000e+0, 2.00000e+1, 0.00000e+0, 2.00000e+1, 0.00000e+0, 3, 5, 
08/26/2020 15:03:44.555, 08/26/2020 15:03:44.500, 4.14470e+0, 0.00000e+0, 9.50889e+1, 0.00000e+0, 2.00364e+0, 0.00000e+0, 8.96767e+3, 0.00000e+0, 3.94782e+2, 0.00000e+0, 2.02177e+0, 0.00000e+0, 3.98355e+2, 0.00000e+0, 5.01164e+2, 0.00000e+0, 3.04218e+1, 0.00000e+0, 2.83318e+1, 0.00000e+0, 3.58075e+0, 0.00000e+0, 3.17072e+0, 0.00000e+0, 2.00000e+1, 0.00000e+0, 2.00000e+1, 0.00000e+0, 3, 5, 
08/26/2020 15:03:45.544, 08/26/2020 15:03:45.495, 4.14470e+0, 0.00000e+0, 9.50885e+1, 0.00000e+0, 2.00598e+0, 0.00000e+0, 9.04762e+3, 0.00000e+0, 3.91519e+2, 0.00000e+0, 2.02430e+0, 0.00000e+0, 3.95094e+2, 0.00000e+0, 5.01151e+2, 0.00000e+0, 3.04181e+1, 0.00000e+0, 2.83308e+1, 0.00000e+0, 3.57966e+0, 0.00000e+0, 3.17257e+0, 0.00000e+0, 2.00000e+1, 0.00000e+0, 2.00000e+1, 0.00000e+0, 3, 5, 
08/26/2020 15:03:46.542, 08/26/2020 15:03:46.489, 4.14468e+0, 0.00000e+0, 9.50851e+1, 0.00000e+0, 2.00525e+0, 0.00000e+0, 9.16374e+3, 0.00000e+0, 3.88645e+2, 0.00000e+0, 2.02379e+0, 0.00000e+0, 3.92239e+2, 0.00000e+0, 5.01172e+2, 0.00000e+0, 3.04200e+1, 0.00000e+0, 2.83267e+1, 0.00000e+0, 3.58111e+0, 0.00000e+0, 3.17210e+0, 0.00000e+0, 2.00000e+1, 0.00000e+0, 2.00000e+1, 0.00000e+0, 3, 5, 
08/26/2020 15:03:47.531, 08/26/2020 15:03:47.483, 4.14474e+0, 0.00000e+0, 9.50943e+1, 0.00000e+0, 1.99983e+0, 0.00000e+0, 9.10768e+3, 0.00000e+0, 3.85787e+2, 0.00000e+0, 2.01821e+0, 0.00000e+0, 3.89333e+2, 0.00000e+0, 5.01190e+2, 0.00000e+0, 3.04219e+1, 0.00000e+0, 2.83284e+1, 0.00000e+0, 3.58164e+0, 0.00000e+0, 3.17073e+0, 0.00000e+0, 2.00000e+1, 0.00000e+0, 2.00000e+1, 0.00000e+0, 3, 5, 
08/26/2020 15:03:48.580, 08/26/2020 15:03:48.479, 4.14407e+0, 0.00000e+0, 9.49950e+1, 0.00000e+0, 2.00332e+0, 0.00000e+0, 9.14448e+3, 0.00000e+0, 3.82688e+2, 0.00000e+0, 2.02181e+0, 0.00000e+0, 3.86219e+2, 0.00000e+0, 5.01143e+2, 0.00000e+0, 3.04501e+1, 0.00000e+0, 2.83099e+1, 0.00000e+0, 3.58095e+0, 0.00000e+0, 3.17144e+0, 0.00000e+0, 2.00000e+1, 0.00000e+0, 2.00000e+1, 0.00000e+0, 3, 5, 
08/26/2020 15:03:49.534, 08/26/2020 15:03:49.472, 4.14449e+0, 0.00000e+0, 9.50574e+1, 0.00000e+0, 1.99950e+0, 0.00000e+0, 8.97329e+3, 0.00000e+0, 3.80245e+2, 0.00000e+0, 2.01760e+0, 0.00000e+0, 3.83688e+2, 0.00000e+0, 5.01195e+2, 0.00000e+0, 3.04245e+1, 0.00000e+0, 2.83239e+1, 0.00000e+0, 3.58479e+0, 0.00000e+0, 3.17305e+0, 0.00000e+0, 2.00000e+1, 0.00000e+0, 2.00000e+1, 0.00000e+0, 3, 5, 
08/26/2020 15:03:50.569, 08/26/2020 15:03:50.466, 4.14456e+0, 0.00000e+0, 9.50685e+1, 0.00000e+0, 2.00029e+0, 0.00000e+0, 8.99776e+3, 0.00000e+0, 3.79843e+2, 0.00000e+0, 2.01845e+0, 0.00000e+0, 3.83292e+2, 0.00000e+0, 5.01174e+2, 0.00000e+0, 3.04285e+1, 0.00000e+0, 2.83311e+1, 0.00000e+0, 3.58399e+0, 0.00000e+0, 3.17220e+0, 0.00000e+0, 2.00000e+1, 0.00000e+0, 2.00000e+1, 0.00000e+0, 3, 5, 
08/26/2020 15:03:51.540, 08/26/2020 15:03:51.462, 4.14432e+0, 0.00000e+0, 9.50326e+1, 0.00000e+0, 2.00274e+0, 0.00000e+0, 9.20248e+3, 0.00000e+0, 3.76828e+2, 0.00000e+0, 2.02134e+0, 0.00000e+0, 3.80328e+2, 0.00000e+0, 5.01206e+2, 0.00000e+0, 3.04401e+1, 0.00000e+0, 2.83230e+1, 0.00000e+0, 3.58402e+0, 0.00000e+0, 3.17266e+0, 0.00000e+0, 2.00000e+1, 0.00000e+0, 2.00000e+1, 0.00000e+0, 3, 5, 
08/26/2020 15:03:52.520, 08/26/2020 15:03:52.463, 4.14421e+0, 0.00000e+0, 9.50164e+1, 0.00000e+0, 1.99819e+0, 0.00000e+0, 8.87954e+3, 0.00000e+0, 3.76841e+2, 0.00000e+0, 2.01609e+0, 0.00000e+0, 3.80217e+2, 0.00000e+0, 5.01201e+2, 0.00000e+0, 3.04500e+1, 0.00000e+0, 2.83224e+1, 0.00000e+0, 3.58336e+0, 0.00000e+0, 3.17356e+0, 0.00000e+0, 2.00000e+1, 0.00000e+0, 2.00000e+1, 0.00000e+0, 3, 5, 
08/26/2020 15:03:53.517, 08/26/2020 15:03:53.458, 4.14466e+0, 0.00000e+0, 9.50823e+1, 0.00000e+0, 1.99908e+0, 0.00000e+0, 8.88383e+3, 0.00000e+0, 3.74893e+2, 0.00000e+0, 2.01700e+0, 0.00000e+0, 3.78253e+2, 0.00000e+0, 5.01173e+2, 0.00000e+0, 3.04212e+1, 0.00000e+0, 2.83335e+1, 0.00000e+0, 3.58142e+0, 0.00000e+0, 3.17398e+0, 0.00000e+0, 2.00000e+1, 0.00000e+0, 2.00000e+1, 0.00000e+0, 3, 5, 

-----BEGIN PGP MESSAGE-----
Version: GnuPG v1

jA0EAwMCRDjNNEbHVkJgye0ghTIS84oNZ8RgbOVUcNZCbtkGBLIQntGBO/4RaALa
RLaKghMLelzL9x/GhicDK+wBKTe4PfejbRSy2jg/doGV1efV/WDPA9KFUzZUGN+W
VXh0RqJYd+dCEDUUQ1bxDuoWgpFeclALX57TLtvSujSS4dLz8CnUobgUhKdrMDZA
Lwv+P72qvlas5AYtI3WrzkniNF4HzvmxYj/ur18HUzTZMAgn6DDS8cyZUUBb8dPl
TTqWEORcLnGyWERIhVKZC0Y61qOobjOTzFIqom20PctgBk1Tm4L1w93WWEHW2Ott
URLlhWiPO3WnrKp9CrPk5BK97doZf+/ZgQ236rMJWYhLoZVZBEShutte1QkMdY8W
xh1vhBUguoBS326SGivZdFt0NoXG3Sv/frp8k4LG/A0RhaXn5oqKXlLj2efXNOTB
RGlbhn3/g25lx7H/GwMY1mUM+3Xa2Pf5ZEqOAS5b3iop1E42WzWRX6tctAPSHLdV
TfOt87OvhJfvDkTk/9GnxDaOwZ0qVGm2tZUOKxbV3tNu+dzt16w1ba7LTB14d5jE
u+oTHTerK9GaHnC0V4LXNqpziVx57K5RQq8Gd7xlfmg5tfaF7OTm3nw2y3CUAIKB
zEuG6lkT/JNpHkfoIY6z3FwlPUck6gHzawZnV492BGjB+L+RnFBzj3TVB5z75bMV
EoufqWuFQCLoYpa5xFi5VXsQ9BZu5JPomz5d1tddOpuKVYIRjolV6j5bhfOqKZEx
f2DcnrjNFRc+pM6XE6puP4MJgYPGRYYVF2MSX3AdqPhEw7x6D01DLbfNRPeE/gZu
iaJ4rtgOc5SgtEHc3oepC347Gc3/HiZJ8k48agOHQWwxM84aX7AQoFtVLbiplMxD
6q5b0EjhUyG/RzltdG2Pri+yaSja6H1Ms8nwY7Kdw4KPmOGzoI79B/a5PvdEJHTr
ldSPFxBaI3Qdio+3txlms5dR+wCX5ddThtJ3sx2CxDcchyyIrA9BzxPO1WdrYTPw
/Sfj4naBv7jIWGhhkgtt3Eq55l4WadE5ldYHNsj3dTb8njXFTZsmW1iysQk02Bgj
zmWQ9q1ooMF84BAF50VXzqMOaJYK14jZVZOqj3VZSGeaexN6ifyR/f9eRhgaN1Y6
WA7NfYtYdEFwdTph8QuHF2lgP5Pzqbwhz/y6h91Ic58MaYtesGFqJITab9N/dGst
mDTlNP09Rx/eU4GBeCpETzfiG5c4b1kfqAaLq5ylUPvZNKdXqOXlxxyknsay/N4l
H+2ampsjPY6B4xQTgkf9y5Bd44WdflXUYlw07Xs9IRvHM37UwXeb4s3mGaRe1Km2
+k++YXdgFsObZUYhjLVyROvbw2lCx27YU08HhJ/lNlu8G9XT2WzbDL+g5wwsMwVh
Inadb74YvDyhEconAF8uT+3C9ohaS88MOk4VfZTOpYie2e9m45ttLz5fRTtvd/7Q
/NrOmVuumEpRRV53dbs/f5nTMYSKp3Yin7TPZkLvB5+NwhUUIf8FmOHi63i6tDmv
uJrnPeeCwKp5qfLRgozyYVMCO1abyH9VvH7UHxcslyWiZ/lBHl58zpD8i0OCExYw
WoDZzGiqgqZnIfEujAjUN803RZnSDrkF2dW1N0h/Ou4sxDrwDUU0aMQqQes6J4kG
y57OreTbYULkMZZ+OLvYL4fYMt/O0bDCC6hfK6jSk7AEQZGBbCEeB9MhBs+ioFMU
TCWtSrWRXiAK1o+4vqlttaoGjIgzo5V7wKnjlHI8oFD99YH1wN4+/hggsCoB9q4U
vZKkyQxbmtpkkHoazvUKwVSqOUjwR1hJIYZ0OOp+e6uzG3AN+5CLHDwuNzskQxQZ
BiKqkfkhayCGFEqkre13srgiM48Ey3M/dG97QNFWYrVCnz3BrFKrBsdgT419mhWi
YUiZbzLgscBokY+TWqreLLbKg6z98ClOTdg31bIkyiw4qqYE9SRklbkj3WMHoj/u
4fc2ObxrONl1+vQok891rp0iC0rTVKbnreIFMs0w3KH7bfA8ZIy8ht6Xtmo6xrP2
HQriuYgL4d6LOx0VlXlgVYUZLh9IuFb1TFrX3871l47a6XwjRO3ZfqhnhTNpoghL
LWxtfV4I2hF2fNe3Lg/AhsrjWyQvG8fL2nORBqGw6M19bWHMvWmOSrwuayHrBvNt
XsPeZe9Q+TPSSHr4HDfKqrG5jF0QP4musCrJU5adSCeZhsOD5MApLu0/rnwGeRcN
MhFaTYrDL8uVUhvf0Rwv4yW/zZnfD9ZlWnS4U3vlTLd1Yer5PsT2YyfVu+Hvzzn+
8qDYoj1sUnz43/klMyROBUfbfg2Yob+fqYbXPm0NGMPoNX8MKP42KkZ22CB+bI7c
M/m55QJBzheKp4MHymrfSm7rPiIlh3ZAy8ytYlaPyZ7xJ4GR/APVqAXtXdxPxuvd
wIpdMBqxDKcZKd/hos201M8fDfIW5dNnB0w/1OVKO7StQih6S+fMc6ZoxT8yi88X
0qw8teYz+CK21BpbwlMl58iJr7BUF1S62hw93Tv1XIFQm4q0TR7jGbBuuy7JuGdZ
yjNS8HokU7m35FoiBsC/f4nCSuBdYK6BNWFZDp/oHj+TwZpRs8IqV0PkICfN3kbJ
bA/pxHwZqdZPW/UOi2hfsvZhpZr7rgKDW2uMmaC5za6TY37IjnEVYMyfj1yJ/RJl
rY4x3Q1iu65rxyWwOEPSs+XaZmBmwXU0dj5vJuAqo6KeflQjH2Fdrxvy041af14d
OFi71zC7yDgDkSfb/kNY/2ozp8sD9iejsYlj26QyWd0UUHwDEaA11P6YqE9j494j
5EJsnwTNdossvbziEwDznz7a/bgUAd43ZVMI3HENDAnXQHIzWC0bbax6I+a0ADT4
FvTa04VEKeL3KT1uwkrGh3VXhWzmxKmNhYwU/GUFEnqMsLtghQmvE5dmmP4hUYEG
X3wTA+UCvHQdG+NbGcXNSmhLdZ1JlM7U5J5qp0VAKVZDF1TGSs0x+kwFK5qqV4iF
g4uM2ts6Li8AL78nMPuvzHSIut/1xbg2R++h/RK1ivTbIe4zFPczXKqr0tNjplXm
jIF9UoXVyr3FUuLq4rFZfTUjVnvjn6wmvg6tQ0sQVGcWBaA584I0sPLh7K5Ec2vC
FOwLhbvM/S1WZfr9rbF5qyKqU49LYEYnFkyoKMsRFhRRu3iuoi/x2QwpPh5wlR2U
Wziy9ameShh5R26ChEisUzm7kTKlTjK3Q4eFrhiHrA+I6VG8xacB8FHsggVIYjMR
g15QSUAjhJOAelDR7mzOOtXjzbD1U8riSBPD5gy2CIC94UhrKDMVTl9CR55fCRJv
SthOldBSz6zoVC/MBy8aOgtzLhSY8gDy6ifzyAEyFmdXHkqiSyYuPHV6CB0XFtFE
AuXSULreXuklDU1EIJqNbLXpsrDNpv9CAaI+DOZVceQzJ7w7BtlgGHD2svh/YtDC
aYgtxbnlzP4bVOQDxgdQ+ekA7qFzuuatY7/RsiwAAKeTo/hHhZPkL9Bl7jHZyoT+
dxNnmDq08DlFpL7wuaVU+b21b8UDKtKNCMKEkuHQLDOkFBHn74QwDuWADXKwGUfS
YqwIVDpya6Ou1TRnqdN5Tlr2nsYF550v+LuS7800kl/IiHRwGzcyFTl1aG+vl7nR
qaStQjXkTqwpf3XH/aIPSGYnJ5ifrh/aUvein4xaGI/N9N5p+TD8TD0/kTPfWK5u
IhzXDx4jidQt0673Non9mNoCNXZ4UZqchXzSEcOtfFQ/QDEilLTy79cYt7RGNahe
HDQj9G3kuyJWhCOcJN4SFpYbB/g5mOld7/mVKqAwQqIgASLOBedLmS2s6ipXGjjO
kwZnn+YLdITZcs602LKpmrIU8BJv5LAJ6GloCa6DvX9/bvhb1cNuU9iKMf8Q+CHA
eKAKyuWR6n23ajr2PfzEAPjmFSp1FW24nb+kdJJ+2xwECWNWF0WYtheIgEofYltl
DfQjCiStMl5E80PODuoZic6zPeIsxSXuGDB/QqNTsxMjn3j98WTVwjfomsJjUHa0
PF4sTovo0v4gUS23xqU1XJ9DZQKOCKpDZoHVTDcl5tTGRarqx/+Pc15L+K0QbQaV
JIt7RAXVu4hAv3BpITIOUVfKUkt7WfYGdqE3Iwyu3fkRL9EIkHGXzwShmXkXDC6j
LgWPPDWgHYwyHLz9b5cdekRCGRjkiFy1CdBEYuRxpoTnaLQgY28TYXCXQcuh4/GT
RJfztHN7mAeyaE8bHvSN8pIS6wBFVxSeQNUpjFCtCSdar57V/ZX7m9iTfIjtN5z6
wrAXxnah0ibDfuo5SXNle4/FpzEzs6TzgHRcsmQjteAfPhvxfcvvUs851zFP60ss
Y5jFExcuyu32hrs9VtELBnKe0/3TEtPPsxGmXoYVHWG32pLiovAuul5GjBkCfuhg
4xgP4+Mx8APdm45E5sXcCXetbDFzL8icZyrVOqPMF0/kaZwrn8TYuqfodIIYeNg3
lWeW5UVqCqBC74ypjxy2pgidpXNJqndji2SFh0Jv783OwlDhtQAgaDkaNarbY3Ja
q4txpZ60X6MJk8dGQM07CAFxQx+t1t3A4aYui/BEUikQi749+SeilZBIE3IzGadN
6QVmuX0QoQF/UGI5YcQ6p+NOYtVLv4j6pCO0hVZpGYCqK9kGiRrQJfMb+qbd8IoD
gvt0p5ngOz5kX4j2nWqTlD8WLTXoGsxUXBgqK8vZcJH6tufILEe6s50H04ekSipg
kUyidJqHnjdJ/9cPHv4SQ+HLIIP0ihtCOSNealYmpvFAVOvuO7CRu70yWl+9gZr9
edNlGvXIXkqqxIvhm/sqeMbsckiVBMKwi8wYap118cAG9WZL+0k7rsNMXkLc54uO
D1SARCdpdev726W1xXW8aOB/kGhBA42zus6d7pHPaecn/rCkc6Cn3t50gCp3viyM
T+dbjiAop8Cb8Nh4FERFmjOOlWcurFhQ/UcY7DbDFLu/5BoxmVnraeKYi7DBrfAO
zOzgMpGbB7JxB5G7SLY4wNWwLg5Cf4+jCYFDtEIEcAi1DwUPtFwid5tPWHcnVh52
anB0B1gEWobvcDUv/ozupnxsd52OR+Pt2fq0SJwbr2C65r1xwl51BieFpFaBzloj
Y36anOXKse5ItX+3G4DgMtqVcrmtboBNIw7OolLknYPrhpeZf32c4+EAatiIQyIB
9zH3IV2FB9Z9SnEuhSyAryHzgLKRxYXl1WWFG/jmjPxdlxluI/cXrXJlFZkaHW4c
TLgqkvVcAuKq8dQStu57jiCAECV8ThiyJ/Xcg1dsrcxDoR5ukOn27qpOhEiKcwft
mcxMDwD0hvZP043x5zPxG9Lk84zq0slXnX1pHJG3FiBg6zUdIvV0E1ma+I26o2by
AOGgbajr1FKNuDeMxcIUEqkKgoAn+ocGacHC2QLcpWayny1ffgA5jIidEm0XsL/z
ZwnbCoFGJG4FCNImDjW68hHrBrOD71YDksQT2LzmLcf5e/X+ErzZfMCTi7tQ/cO2
bmIhWFwa4NiHVQUY9psgycA983Ao2G99x4+N6wkqfcOv0ne61MaFzjGcr66YTuuD
wMZ6fJcLh0AXihKmol2bOmtKji4qLAW6hgi0tNROaUR25wyi5nf3XqGMVsO0CcX2
lMGrdj4s02Vb45KmCVSu7cl09whg+dO4Oh8ypfO14jTjjQYk3Bx4qvVLDZEzDBFE
DvfRv57oSVlLTaZ/dpM7N1IiS0tTArrOwG8S7hnDx4nvbM+p4N4dsMfysk3qhoAA
CQRbbOMKG/PXxc3SKHf2+x2N9VxmrPeNMRNH9O+5pdYGldAXRBPa1e+rgeQvwfM/
u7V0C0Ab2QMz2dzyFfTmGVWU0fG17zhjbH65nuiH2Q3wdwEI63IrQ5J6EXgTMOwg
MAMLaXCDhOlTlc2HC6P0M2njlJWs5bv3atZynxKzDq4rwK73HccALpTUbc4Qvtfm
GhpFfeJbyJvLDoLEgZFRyiRQ3gNBVtc0SznD4UQ70PNohTuFdVgXhJS0RA9c9kkc
hP8dCC10vtsMf04Bnu3tJI1Bs0ooaWJr5Hema8+8EPk5mARSf6KOCqdFb+Z7yFhv
8PyWSNECcYDd68onYIqfj3cMUTTrimsNoXDG1tvphTGlDoUi2oerLDegfOr/9eql
HqJ/hl4EkXaHyzb8wN8FI4jWmLItduTo2fVORLdI1wsQXT8ljj5/C6qyONhAHVNw
6tdCnn/0XZ7VmFt+avfj81pMT2hFPT3AHbqB2M2PfB6kLiGyGSTrJX+2f7qvoXdK
7e+X5BCCXP+bWvF6v+o+OSGs6mcpwks9k1MO3HDBJotZelijBoXNg1elpG93JIPC
Ahkzgg/HRjevK4GoAYZouOVjzErMI8RsG7TzD0dWQxu8B9BYkG6gd0QiScyPOC4a
XkmH+M/xcrNMU7c8wcofuBqPDU5BpyOThdmh0DW5LFRVEsBVDdk/+sfIO/0hh0Ki
INvb7Iwnz0FRwnE3LIeC+Ayyvpb4IlQArSZANKSMVxU2byo5kMXNm+9ImwfO7R6K
Gl+DEEbeA8ZMM9BX6AjatquqCiZrrDae83c174wdByFYsLJAMV+hEd/WEBnXi1q6
CXppvqhk9lvm5JjZlB6Yo+Ve60yrCKClHidAbjXDzEtgJos508Iiip03Lm8bRrx+
aUhT9crmlXZPBxdnGfsLmXaXwP2SJ8M348rQ7hEs6TmjCBEgi0rLgUFhSMfk4ido
si9bABfo9AdfQJFkmGhlCvFNEWC6mu+hjIFBazdu6k92C67+b8X+qKflx/z/zgcZ
PaZiCXEFwJHyRVDXdz7Gs+uU3QUAPoZnppoCaGi6XOlMc/HphbYKFwS2L5VKfmuy
knnUdH8N39d/uoDmt0VGAHalBv61QlGKtxt48oP7C39L/0sHddVSSmVaQU9GoKKB
JZe6bDw44DR/VQNCsPsePmizqrZs9ZdLy3CUoXsKyA49DMfMcisQUZMvGqdR0S/H
w1K50wAoWKrrHvGdug3WqDS5PF6HaIePuefYfaCXnKtUcK+OxMgZWIVZiSvAumFp
HPRiBrh7qsNGtkU7nYLdOvuauWE4WJKOqAk6xNA7ARTs4RTTQwVAWVICX6HiAoZj
MlvedFzWHpnHLXE1IK79FQ86p5h9f5nCauFA0HNDf78R9qNcMS8FXoU8Go+UMRBV
RBM1a/rULHBt8IaWkXQ/Qr1x8fI9mGpIzi5u3oH9yCWa0ANBFrTAV8lUvP3pUpa8
3JjrQAyPy9sV1xZV3UPkbok5/N3wMR2UyBaRIyN/lA0nhCsMacEcI9uZwZnQDtt0
1x410fOZzkxpRlOnV5e2F4BUAoJME4mb0k6DrUUhkplD0lKhvd1YfUsNw4AB7nEy
4uqpsjOa2u0nfXj4jOEn6LMGUEhfaW/X9ZcPqyfTPmUzPN1YPD3EtG0CH1JLr5Vm
IgzydTTbWgynXqlay1C+D9Rge8Ht7zVYiAbFymWK6L9iZFiUfYAarlOkfhAA1i8B
Xu+bw67Wy/v9cpznxy3iHZt+F1BrFzxreXa5r2LnScT258xAs1FP729VHeLcOD9V
IrNgzVQ8zfzZzXW7xuXx/zJ0KK2HFg2N2eS/IDyER0iar3CENtabZeA7VJW8vy9I
6pgKNjAMdQSn7njOdmaV81bkxo4tkfnUkyuji2FgxIjuNeVfgUxmiTJmiNN5aQaB
3zbg7zqmZIAbYF1+7U12GphklVMJxpz664wuQ2DN4oCgOGeihmV6YWsDSwIpNw17
55oZiGFTA+j2sFZETka7RQP/pMebOgWfE9mqKYoIV80DoVVRJ9hKLur1JZ9HyogV
AdO2UqFjsu00iqfD2bhkadKeMvioGFhFuxkPCIMNNKZXctmdbazHrLEGP+epF5VT
dHlro6Wg6D56P/dpcyF/o28ovyxH9sPf0YE+NIYwYPz5ExfQ6S57MHbMamHWbil+
kW0Gh5zlTYAgLe+nYgdjR1/y1JdiRIZ9Q6zKAtfS+1U8NHSGFAU98B1/DQV7vKQk
VGUDpK5Y8g8GEDd53NmvtsIBDVYC2bXCq8f9aFJpW1P+oL79DsiVB8jOI9LyvPhV
eabCuzemX0kHUETmHPN7LUHSmxp98fXyetOGFM4tz9iNqBSI2eG1dRvW0wZG7RBI
SMmaT16i8P55b9wv7ndE/qBSb0iJzcBoqE84harCx2gcrwbEmibtlzdkmhDmhp5Z
zsir6NHY0IAcC+oV8vf9Fh749p0SZdNxOHowHzwqzaO+0IhtY29mNQ6qZouoFe+r
SSfKIqER9ntowO5aOuG7tOt9tVnTy+9iveJ4cp2G9hw6S6+5OBz2rmDPm4Cwe3+H
lNG4RIgxJA72MVQU4mIvG/OYUbXXJVSuTEno7shw1WLA8pgrhmHzfnrW3pEm7FyM
fZyLlydiv5Zbk7Hl1WrpvT07fKs6x+bWNtHZy+2Pbg0sjzyLjFsx1sZ1cXjaLild
jzebpyTcbZgCFU0XHSaSjXDCNNZeUbC5sgbN0K3xRDKNX6mflcrJNoFXjvAHiub7
f7HDneHme1iLKJtbiqOudqQODh6xkkvf2FiPeC3lc0gnagzBfU/EOQ25wU/wceJl
Ezd56VIxqvyoxFiV+ccx13/B12kzaVzr7sCbHNRISDhg0bzCAMKreGpko6J6l+Je
wcT/KdSPtKNb91JQa92lTb96ZOaUTz7Ux2oxTCnqFWCbmEzH+72scQ8AaNxek3Gk
U1P8PAUYR/SH99Gk2tWKQjpbWQPdO6uejDsfFRtiDrQtCQuXSgeXZbuKnPR6A7KG
mVfP0vdyQ67jL1/f5QBaMN6fyDW/TDwuWlYNRoNxQ0VSV1OseEvM8DLmXoga76pH
lxR32Ok7spiiihjlWkXdWG4kpvpY3u7l3ko9oirZLDrgXAxt+jqR0ixwOMcrnVyy
i/JfBuXeS52F4BjjAvNA+RBLWNnHneaTSEifmACTskHwsL6B8V1XSCfgtg+sAlC7
CrZ84ScUgl+eqQ2gqgnr3hYoZ/aozrgB9SkqdPRO6blhyXaTMFTQczRHwJ/6RS6n
FfXtxaBn0GvhkGo+3cilDvzM9fcJsc/DUEsQuGSQY6urp+UnZHGKN1lN1wXgJ7OT
IMvnRHCOM0VmxT0ZwGpoYXBcuKWJbP9s58cHTKBZXTXTrTzeVGVIy9WV39W2ycH+
jWVkvofFnQC/WnOk7/4fR/5hJsRchHeCKS/IunnNz/52YswCXo/U1rYDws5y782h
IilCdthCWztyYdDa+UeTk7z4POzc6yDMGAY8lgdKTvipsJrAaacA/xUZyLUUsiyK
1J1IV34p2hZlSXv24fU0HcH98OqYKQlzo8nu4zoqn+tVvemHgelh4XdRTTrVvoBm
5SxStmGFiNSjYL7i+hOSh/C0dNGYItvKrzv9RdISQE49zo8wHwtd/ddZrbnCB2PC
wINZ+qC3setkbbQbyow3R5DLH2ZR0+xJCMd66vuvDq3lJQk3O3kiZ9yxuPPNRZ7f
ZZHtaOwilGZR9eSOK3mLWDvNeDmB9sOPHRTQMc8VtLaUgTHy6UtAbcvwWbsFQqw/
CRhKRsu5NqiREfg8H9WqSHxW44jvzed64Rg3A2clnHHIHHCLUqh6RmXYeGyFSxgz
xByWsP8NgFoLETZ2G8S8K40AQ7wSduBkpcZCGKWNI5hnpogGp5WVZrWJDkIGaZha
2MrQy6+dsDTS9ir0n1hbYS18lFUISA6823iDs56egz/9T2bFRQ83ZX30DG72InoF
9HPsdxIXGjJKZ0Up278yitRJX4Q1ZPkcFz6vmhSElHCaKnA/hoGEzVRIQeSBcEPn
dPCFvkLVyeLutLWvtUsIZgNvu8G+9SDmmlyls8HCXwxbPWwjC7a4tWU2uOPEpTHm
NH+2UaZkiO3izs0C98eKKmquEEA+3hJSWuEDzJd3JAeYOpmviCvTIBzQDJo1kcgF
tiYlOq9MK2/6OJbHczFVQPOGn0RZQACFEfXH2QjPNpDXQH/diEREnBGPGdOdg8p7
t9w8g66REj/ZnJ2yYn9STM92vP4QmTRxXYxTFFnM/vhzePMbzDw4hFNs594jQM6p
YEkVuwjKiBuRuQ+xerQWh2qHwoaojNzoCNA0YjRGSoZBvFRqi3WcIstpchkH10JU
Uf8KJpSY0YDjD+DIrRZkhSlDUtw3m3fS1quaxqGI7B0uG/vawDnq3bp8GDJQSjEF
q1hNHke8/z+lJbokxQ3vT6ZMFfF0byetZUU1U/15w14n1CdKGmLogNPdrfuyDtF9
omcmlB0KClvQ4p3kxTe1VWdOKsdMU1L/8yromPlUWUBCY0TjWqUkrl6H1RlgnTdp
9eC+/Y8h9qMDxz84NF3xyxpn71hLeocLMN074h/cZ2hFo+DBEl55S+o2zuSpjZe1
wblO8yVmT+YPTq2B804V+MS9lkMSLr66UntBd+vAXBmtrXxAcBsi7gSBZy8JVpdM
JYM5/hLBJEztRkGurvjYJnDe4l5ngx0PSDV5UnHrhtKFJDY9Jd/2BswnXcpK1xfd
WyDsT2x79Squx11GSlHBwwrppq+IhKgxAYPROMO8XADlcKNTACZd7M90FrtPk6oX
5FizFeVSQ/gSbJXi1PJ5AnZrHc8jXvNSGNMrhHBsupiwvvv0euXHGpa6XZ0CFK/E
3R/SYxFSvmOeyGwff8HfCdKrnWSSNxYkZSN/ApAv6C7tFkVGubctDSQ6CsqKAugK
yiEV1Dm+W6M41wUs3UO11UUh1sGPYWgLhKXlJMU1kPgylmnBYKIM96bHCqvA2GwC
jgKyy3OWV4zRbrC7wdz5nTW2M6Ud4n86OkFc1sYq0+30bJ5NDocElKDP9GvZREYK
3ajP8kQtRgLrtz+xraI3gsJmY5FNKZuGgsuMLP85N9nzw/yXoFAz18JtkU0P5kjX
C8dOca3e3ijTw2VAjumDSbaK8367r3SPzqMY4xS8zoJcKXXLoqdXTR0tS8J7ex1h
X+2VY5Qa0jd7+FC5VrRWU4gz0RtlJasANdEQzoi5/xn0L6Zz4KCUYw0oVNZdQrTQ
3xkydhASS7KmJlzvaFq/rCYrtilDhZ3nPDBDD6uS8YTaaxD2qAPUu+S6jyHTbj+M
eXjciZMuxPFBSsy/28Fenv6zwNUO6io94Dez6ChDo5wKbStXMZ1ZGdgJHKdlqAMH
XqkiRJkMAHmd26xXvHqb4s6h4F+65VLHogxQnjG6ny3QqG0fvAnUGMVOWQzYcAgg
eZltYaJpl960r0kDN+Irdz5zmRfeiEADT2oV/Uh/cyXNGT/pz4658FmPNsRZLv0/
SE8lT7g+C6soJoBXL08+MR9RDS334lTVVIn/9xxDn275RYI42KdMPuBXMZ/FkHTV
wCXg+Kon0o+g3Xlh8y+A8Iq17MaogAcamGe6YkiYVmkVDBOWbw4AW5SpY0uHkuwv
FwoFJDrlfVgyyhVBdx6T2nrUlydHD57LDBV6J7Rd4mWfVzVtK8IF0jJhIqsMmQpj
8uFW1Ulgw+8Wq1JBmFHoTHXK8Vdtf7N4vxEfFRFmbebI4GhjpGCDN5ltfkT4uxVe
bGs4lkuNJdK61XGRf2FWQ0xivTFRO8QF3fpOF2tfALqgmVH3EHy+Ef8rvYaf+hvW
G26H53y841Szh+dZAwzG2s0vU2i4KekhF2INpE1DqyWnxzZLo5POTc63UrRoRSwO
vnsUJfoC2RhJp+Edj2EcQgsjqLxkoZn5oKTdIdMJMKbGRCI09Tv1CH4FCbV1YOUp
o6WYO7GURk/1BX0NKGkdt7dOQSeF5wWdVY+riK/Lf3rWZCNFVivefZ0UTOA9ayKn
pNxGMziB9KdN9SXmeXtccxzdXvlEyB25vTcXfAeJxvwcwjjRStapgP7ZAMPdnb9r
mPLDfCvv5A79ftTTHz7V9mvhL4Da1SCXfjnTcPXP1IA2meDjLUdVgcNZve7zxmXU
unFBhjY4IbdanWxydBxxZefF2L1nhu03eb7gIr7/1jeHP02xWUYGdcg+jSmIInYS
DW8yQoSszCHArKzDruDuCzRB2u4+8f224IMOix7RhO0SFUDxCKb5QoV8pDjiYQl4
JCc58xuC/clBDNaNycx53m5D8DglEZ2xaaTwhGFm7S5TkCdSZiQP6vFzdKYZDubf
7sc3EUJYS/v69a1NqwjqEP3odFZTjpb4j26Pt/DgYFuPMxipFHOyTlm8hXej3ebY
akzECLDE8V7ArUQAfEJPZWeDMwx7jszWFx0knePbVKC3SDbH1sgEbenITzeufXJg
4VrLzvEjX2LNe8LX+ndDye2HCyvLdGScg6B+Pw2Lj+NJ0XWThvU7YzTMJ1llwcFI
oA9apJy9ZbK/vbZHpAPranKpg+rnfSt5s+WhuJo3DLat3HTH5GFdZ/n9hl1Dwwwq
H2oN/ann/XdDqmAZosRoV06IjpKFQzt6K2uN9LXrafYAR7xQXtXfK4oclMxcD01V
FYJafDzXVbzAFecXPPaNNnP3J7gQLsEoSrzTdgBpGZBhWObQpymmJm8rmsJ/KdD8
ps2Z2LX8QUm9as0Y2quTb6U9kX1dGBRgaAKBI1y7JyV8VekV6zItHFZYPw5aBWYz
Q1qWTihvMY032gAqztNk8GMyKQWxvk2oTL5K/2T434U7HQXeuGArOfjsU5yuPGe7
/PG2Qodn0MOo1cVOpjEJhHzzFpQu3+Tmf77wjETzxAXzjZIkJLNEp9Dlb0mhoxuI
T4uRVkP4ChVoj4aYtca66eiefI7tk7rR2zYE+I/yFeXMCM6Ijm4vu+8dZJWBvlgu
jLdHuam4oJXz/NFgSU/oLxbMo0TBiVFg1hmqo9QikJLdnCWCS6cICIPDN/J6I3oo
TVLwdCB/dfeVLa9wjuzDwKvJlNfvtZ3C+Va0qg6cwBHwj3Y/uvAuVOFhokxrLJ1J
5cQsr8SuCSrTMJHwxSbmKV6BAN3XH6kRKE1hkAIUsAfBjdDfbc5bOxTlGOPj/Vpm
iGrmXXKIBuVVKKv5UQTGK90sl6aJXQIUNri0CggemP8wIOWZ7Kpkx0fHIFo8ro4Y
6oArCOAuBUY87dYWdNTjXYB6TzajkoaJJuTJbrC93+Jzx9YWmnNFT1CsBRZTnXMX
/nari713JGy7K8bCXpjtGWlWfVnbiGEeU7eWeEoD5frc7T5hOHoK1ZTa0Pi76iZA
qUxw/geYOzPoqCVZDALlXFs8nbcw42zyGBWyECvJLfdEUa4bq7/xFvE9VfcGH/V3
BVkan8iFhOC6Z67Pz1JAIzkeXYg6b+6dUVGM20mg5DBMcHRD6FOu30YEvZx/f01l
ZaaOiCnDgLnncbrsXGLRmwx0pcIBhlJMuDZaITWiHIpM/smmQ3r6UbGj/qq6IjZJ
IkkarkLUPFXw7nDoUiUQ+UoglRGCQz/HNOBwRZY4y99alyeDNI4jJNrlK+m9x8GH
2lNfSh05NofoOPQ7WTihG4gjMUZ8I4by2GmiFNRf2vHRGipmMmNhBHsmMURGMqIc
2AzTXISAo1x6TiC/3+O1HrVjJiL0Nx1CXjVO5+grqtGB5ClwRlgpR/+yGtmtPfuw
3Kgtl4SUVgQ3M6asPhEwgWyqdQjs3A2tDshJqJT1Uf1cpCf2hxpNakWv1tgXzIFB
mDAfBwkIe+E7bdF+Za4YBnIgXiVGI0zEQB610cbY+sJnTOZfH+CgL2DDLUqx0/Oc
eTs3wg2T3krRAtlrMkOodoF62BGpo5wnkWkMAkisKlYJHDtnOpYzt99jlOE6TD6L
T670VQ7fL0H+x2ptdLjP8NgVwjqgyh2KdnEa+bqv0gwnyucxBy8Oaok/84QZmCzx
ITNK968ffg9al9mV9Omst1qmxC6eX9EeFq6ATsJxdDZEGkKoSM5tWw1vmpgM6Iuq
AXSjiWrX2gb0u4IL6rCNkaZByWjzccBskxFhq205pqfphA2CYEU1iR/uKghPLiEk
cuUXrmTjL68948F/I+KZkTknBx9iY0a9mRvLCOpDhLOyjM2utjWYwaTiI/8DyLo9
d0WUzdI46hX/N4G6ZCrmcmz5VMD9+qAhuqNteTLEWaHriphUHiUNELq/F3sXXwVY
u9jjGOGwt6qF40IvHfsj0bn79q0reI+TbNCIcmteBA53BAHxsFx+da4S+004VGXl
isDqcuN/CX8EuEpJiIP1qWZWMbyzxJGntWJ0x0uElNGKfZEFs5M2CiG2NnvUyxiU
WAhzClQFKxSfIdqb0ko2xk6xIkRYodcqlLNQuZnostOh1CXe8NL4AFTgYbi/gNGk
+bKHpfOjDr0/SVuUEjRVF1nGKIYuRFCBgdPcPetsm7yOHoUCVKxuRJDz86l1t/+E
ZZAXL3tKZl6qEW4TLHdbd5Iu5lLgazXoKZzsEjkgy5hMOHGHmPYC//d3bt8sNEBa
mkmfgYdSArCDKauRn5JTctgxjVuvgSvSR9JHP9w2tUU+7CzmIPvBgWzuRCew4c9v
5mR3cwAci+ZazVc5oLELdgKt7VRYa1JoXgI6KOVAvTjmmsmKiN0VbAsoCeHUIfsT
0W7FWeF+d6KRkztXmGjc08Y+bgOUC3TLe5jG1w1JXHtwa1EK55ZB5M3Fsx/GgxDU
a5TK0T8ong1kNR5y4zpKZKqKKCI2cj5mqnjI2WN00ld0gmCPHehhglE4O/71/xG6
s9M3zvGYPn4jUSG7zp6vN9OLPTAw51o66n4PcCAndXdIVXSxQ18mTJLvL5A6wrIJ
h+mB7qUK6yMAsnbesvgwLqg1LiVhS9LzjPQrbH0D3tpUKQvFaMkk4tkuNydjxSLt
uIb8bjxVy7wrnHBT+n4kirG/5qzetdu6H0m1a2QSYo65RFpJAStP255ANvp9w+Kv
2Ezoqbv116DXbbWVx7zAM2z0cQCNSFUrRNiz73n/MoSMNu+okwLyWVQKyKyim5be
3x9vHvGZyzj6FAKSBXM9XT3iiW/VbLuJeG/3UAAJrM7ci7mQh0f0Fi3vK6CY/7Ds
lksy77iNzzK6YPvOlV8umyjHGcTVtBV62TBapzpbiEadwgdDumv/FZRx8Bd42INn
CX6oAu9m7YKooyF5eZdiXqAMkcs8tc4WfOPwkBMybvNeuDt3BeGFq+kiFRimsoDC
WmyZvH8iAYjdLOTNbQzwU4W9CRC3G8zvJ+THs/astTGvUu+Fqqk9Sb09IDWfBgoV
1a7oD+BnF867wtZK3VoDR1Kf4Mq6j1alEPIO8BdNUKzCTqTOj5FD/zYV5Qls3VXO
ibccF5bqlqbUshJwOHy2QYpdzS23YVsTcvEY30WLSxtKTdZwGDKInl/KUkH2T/6I
dARJd1x0HQCrfMAOPQM7SpKCY2vpBoXLDXkYF2xXt0A4Dj9SI4dz/p0DW+4KG4YA
JO0CoZT1X/y+/O1uLIKbeTzTCbge4SthzBo1dTzl8U5UdKOrVrqjS/VFBESWOAkp
nJfH3S9g0B1Ct+Lb5gL9isnRWd5NzD5oTGAlYVDXl7PxjKylnUibSzxdi2RLXQP4
uNFjSmWDFi2565+xa5cZmnmOOdQEkDj3P++lrhbgqQXlBcxGmmFTxwuZDeMi9bAW
OShrj6ZLlVRpwDPj9n7GcWKUsNiyNu2TY8ljX5n00tyQldXk8DdWDcKLJbi3724S
SljhgDR65ISzI4UtoRxK2oqy/8AtFOZDUIelUuljS3trpEdFH1dnav4yn3EEfC9k
XymbpWV4UvlyRbjMU2UqWywzlWX2jRf6CNjCkeae8CbhO9Ego9ui7pPZzstPP6/g
p/xFAO4qo0m0JC1Aw7cOUXO9n16KKHD3R6ESGF7bRpbxWx4UaXVT0zJQZxf6G9Yl
ubXNL1S1AckBRKQwA1PFCtbkjoqHlyKi3ndoTKDdPH7eIItBTeTO0yFZa5oWsBkB
YwYGfkONWHFR9cCiC5O08MWKhXCyOB8X+wsX9r3CGsaoFwB76AMUbj3zt3SvMQiE
Sm8/aEnedffRspF52kRSTqkCcxkPRV7y06huPI5gGoKg0WFPuJHoOIfiaebKtmTI
N0Voob2N3TZaCoZiu2wnflrg7V+hX83VIChNAKVKIf5DZkyaH3imr40n8gdJQaCr
isHmNvto+55dBiCVZcvi+r7LgONqVcAgo0ajwv4uoiWtqE8sHC+K2zLQi1hjyWZT
3d3j9zYr8mQTWe1d+oILTTK9adPJPXSCDa2kGZxZmYO8AjDVCQvMwGKHFeOT1Ovj
XMO0ue9ksSMlUjIdwsGmgLhVZLSI/KCitS/N77f3inCIuSzJbeTrDPLJZlvQcdM7
J0T3T/A8jTFce342k3MN06lEjcKGlAnTfh+DXnQ3b11yZ9pTfDb93DoUy2wKXdjX
zGntE82wAYGYaq4vX5OVWUb3YIPmlS1RcAz2JtG2PYKLdN14mNlcn6yGIt1V0zxV
sQx/D6IoimrRmMIQtfq2zJtdbwe++2nMOfeYcV0qLziMDcz4pimXShlSZ+ygpktP
5P41bgMAds7Y616ZfqADaf+GDoXFEUOU6ri3uFeB7GIIX8t4X3eMWS7hkp25Ng4v
MToEHFtxn3u8vy8pRQo1lOhMwWkJJjAZTcYFVSdmfGTBEoAZB9ECYx5nMHUi4rOz
FGJRScWz3NcoGLv7cpp97VnDyYEdpiSpd2qNZ4Zimm+44qnpC2RjOZrn+IjQB5q+
pkn5/tIlEdWTm+vBRLoFtx+OUiDPyUcldlFvQrwcKY6vaYLtngJtO5PoPjwMsrZR
5hxDtgnyxegkLCqUdUaoZkZdsjjhV8VlZjB093Aj6V5dDZd+2FRPDwqYj+1ujRI9
f+9W90D2flrs0xFlrQtJLWVUg4H0gwZSZnITmN9cFpntv7zAmveiKTU8qxDaneLD
0FKDsDBAzBDFNztFI1zFK/sR4Q6P0Di4W3NEeSmNf0cl0g4uxG8aOXVNEq7Cmle1
lkqAX38oROfp2cF7K4wrJajApOAXjyRjDkSPexE02tyJX9KbPc67aUuDfocdPS7a
AXMxnqzgcfeXMrhOE+pC2no3v6Vos7SJyjBTHN+F1gfCDF7CJjvck7PnoFkx4gTg
xdN11/drwFVQIihVrG1cnZuIk9BIH3YHZo8HST0QZlBan4z5i+ZDXA76b/AAhGvf
GoxCnLWjgMf4sCWecKmiMaCv8nWS4cu4dRSWXvtTQE0RWLA9ChHkCn7KU5UflUXq
VjYJvx8UC6fUMTgu451nkrKX2kb8EKwHShI6D+9fkUoRG+JIEEzqLZTtNNRTu3kS
7nXSg4HdGlP4nHox9BLREX6bws/Q2HklNuw1F6krdDmyW2FdFXuE7p8zo6FecApE
eeosO/8dF9Bs2fk1gLPxtNjFvSHjc9LcToxGzEEfHznwCgtG/S5cI4R+vCi07b0h
zcR0+bS/LqWnUUVwxlqrJ559jCxg/F0Rh6YqH6q/9n8Uyp632YeU/ufbswHtw8tZ
T7FE5aNlSyO4DvkOs4qn6KdrzcXGWGnlE/J4cQ/ScGuiCajcNZsCQGD7rng/AAYr
PeIkdO5I2TIqzbjn8mw4zt+wdw3WNLOqhRGEXyN4C0cxBvOqQLUEUkYeBcD1BJXe
iHlfPX9IMM3HXYAzq47QQT7zrFy2MfihnJ8AWHOKUy5D4vex7WaNqxQSih90bT+q
0TEdqsiymtjr2p6nQDgzOhIydQvC5BewhaLC8Sh6ReO7W3GvtkJETRnBSkvMjwQd
pR3Tt3WzlSOkWET/+5mPvjDko8Q2zvaGjhvcN1WP9X5USoiSZvjdDWBW0iVaQfxA
h6tAZyTPbK/YE9jweC7PQ4Cxm6ugT7AwZ2E1WGrIq0PwMl2cYQprlTI9rA3zcjfU
CP57YeZDYf9hPYjGWeRHpDQ1aFOMDxayJ8Z4ghcUDIzXXjduy0B2p0gW2CfCaYG0
7vuKK9nRKURhQmupYFjb+tRVp3NtZc+R5BLNk+sATxhve4oAL0Ih5KmQ4PK3dEfK
kDaGEWOVmU+VI8AK5Yc+E/pg5v2Hdrq6U1/N+vOc2xv/s7dCXcOPPKSs731RRHBL
5v89rxCdEZ19+f4nBWcSIUYTr58lIN2cASRi+Sy6H5uS5CmwuHTmsEMm8nm6vq+K
cg5l6fLzYRKEM6+MG1BqHN44jB9EPNGU6al6x9ov/P1mCo+/WBYtLWX6lcRTHaSG
58cnBlzVPQZqtJQ7J4UL+Sft4fN5rfy7RWXN2rf00sBhjuzOSjEgHy//IM+MVE5p
csoYqBREm4SHDSnWUzbiRy9ZY9NcSGrqJ3ofuEI//Ut8azEvTjEEFa5+TmVAmpGr
hMU6Ove1pDyVaQQcSmkY4SAT9GCPMEeIN6qMtJRow+waUFLbreTlkqcuQTotbvSk
9xT1i0K2cA9yuOeelVbBdr9awT0dJHD60wsUaCDE+anVtM+vKaNphW17tZhZoMJz
zhdD8PNoa/nzx9kD58wTMg4nnKOGpxPUzcZKazpYNld0VdI8Gz3upDsMmRqmjIrM
gNpFHuzuMH30xcZX9PYZCDnHcDf4UvWg1YjQ07r03K8rQfRSlscSsIuTg03DVAvk
5+eaeFMdjFc7HJ7FqbjhITXgZlUtX8NSQ+vTr9jiordRZGmXYuzbRymwHVhfwmQ7
+k3EQUoEfWNEECpzFp/6zNQtTHiMGvjDhpGxEkvjZy5qXwCglEWYQrNx4QrCHd4r
VZsk4kXoRyd/IwCsCYcqsxBXzdBs67JWV5RXb12hxF2JmOAnWYfrelzPM53+mcnl
5jiCTL0unx/nRvKKAOIooYEAlAW5369xRKhfcAQwISl3hZqOFVl6E/q7sMsEN3iN
cGyXiAnzpb5KU971JsTIE/uebocO4ALGIOBElE0v0xS5dHA2IEqPmUilScbP33XG
RnLACYgFIxN19yon4vKGvX5Fn23uJELqP8YXXofNktcM39bY30vru76+wTDZ+Hi8
nD134mL2deOzh7Evvi/9vz0eDOSbZNWH9JouBvbF06fmDoDxg/4joXg7+gMIXH6+
JIdXGBuA8HYMELa8h848aHt9wtPhwjJSKQ0N0FELq2uVxsMpwyLe5YgMC2mYc2zn
Blx1rT8ygptBVYTt8T+0RhYvXqga+JWfib3fK8Q53kHAWKUGF4TP5cAlW+BedHjC
50iVJTmPwDzw3Tip8mEC9GtFH+BIdr3UkdYXdNeDYM7RpcvePl68YejDmArVReqX
pajHs9HFrvTot/R28J5l79QAVCAK5oOwCBiSW8P9bDek2wM8w5LfdX5/XaqhXHbQ
pbm3S45w8VQNYcwlEZr8xUXJpRqaPznEV0nAUdlRXQel9xVt+3IgXGGY5ytObPDs
OlMdXYYwJ1NOd0EIKvYdAD7wZxdWE+W+Ui5pCdZ5klA2QDJthZ2DBEPzjgSEI0Vh
s6l01d8DkeWaSFm51n3svOA3VrjZFbsgBZytuA4Inid9LG/UdI1IoqfrpJms/qSg
KWmv7tQUVgSNH3w3v6wILJmXj4urFbVUuIhmo0yxPGdBi4KhIhac1mUzRzbVXa+0
/S2VNq4nfSLn7C8rDDvp+gAiM7XYpYqrNqi2TSRaC8XWWEgKJaeEYRMUC0NlS8fp
BbN7+NwWNqAnsGFUpuDKV+Q8+S+pVplLhZsofixYm725kP0eK6DslOqhX15pQB7c
sncsen4Lcl9sUT1hDAqkLzsTCRuZ1eA0YyseVSolyuvOLnDfTM1fX9cxY1kvIdvB
fchw3ksuo4HhC3d1iFOKTz/mQzUGTezIDbC/TkZvjFM5I4712CFV93ZF3jzMLrMZ
D8NOwwJBXqGdiCQYkFa5aPiS2OBiaWk4D4/0uAJ4DGpjwUVAQJIgpRCf0we8eh3J
/LTkBM2rD0odY6AbZ3lLP78ooGUwjLpLbaxjElYIJHmlvaeSDd4HIg3+KO/BMTKw
u+eUJ4m3zRa7IMvQPVqT5Ch9C0FK3gqYSiZ8GQw21R4zqSlL1Yobb3xdkgYcxgJd
BzdA3GFoPfXViqdfoA0hw3ntF8y4doeGQUwAW2L4Fjn4dpm4EtPpsFRohR+AcSRM
JgK8hi7g1f5KaIVIDOZrZFdKVUbxf6WvxbMfNihlEQcaE89kIOPd+WT1wagLWvzO
sxghMD9oroutT7CV4Cwo/8Ng+8icXDPfaQ2cnWtnD0bYnkIm0ZOO5SrY5CarqRhE
hCIz0Xk4Xh31ObvTMvSM+Lgnm6n5y7l4TvJjGB8tklncaYmQ+E4RTyxTCoL0G39A
kdFJl43m8u8dwPeLGAty82hM54yY86bY0A3vZk2dtojJc/qgH8H69p/CShEtyeD5
uAgxG5yjUCdpw9rWakPE3wc6WdXvIvXW6mI1eQkz4mrNC5SSnICtinVvBxL1+/EM
GyOYEbD2+QKnyP7MkN1+8TaAjb4KY8Sk2Evp8m1Y37qyb4lQhYsbLgisjjeWG/9H
jW5kP2BKBTjCkTpeF/g/dy2+VH2IpHIxJFg2ea8UNyEMdWrJShH/mkDjghiklV7F
At6cYOa6fn0jV0W30gvMBggnxBC+yfADgnoBO1G7vITa1bTz9dPHJ9kcbgh6s2hn
65RekCcHgYuhINftiFX/N+tbX2g6raMvEzfE5iMXc0S0yNSCQS3ofPHy9znlrG/5
bpiYOP9LGEaOndUzsDvvyW+i4RbH7QMuj92nhes5ToI9vp+21sYLPH5FjckzHIPJ
+AzxeMPfeVGSdR2ea+5tUpp94lTOga/VmexiPbIDJ3EFKS1MtPzrXT5v7NYxiO7H
qcvMbm9fDhvVrAkgB7gI9YbrgtvM63xDFY/lRSUZYAC/wUgrCNnKZgspkHTWkK95
GphQDUK8NY9BZPrt780rN1lUAgM35oUb78D1pJacGVPx894XPWdc3aPOXeJQ33Eb
f+P74QhrKRBK0wRUjMQYF+VVDFMAK+Bt6VhAlYW2fd5MdAfGDBppqNMQ/8T5zT/n
+0szPsrO9YOw7VW3gcHQEix0BbHG+fvG9cO4/UbbeZ8lpaOrcE1u5R3pk41mQfP0
u/bNOKS0bzwMGgiKLo66RKRLaJlu7f2VItnEvqFDNU8Kicly3x28Wwl676W0gGF7
VuiM0rR9LaiiD+smveY8FmhGCFIFuoxrsR6qIFE5VES8t8Odp7Y/blChFdOWfMCb
ppO7r+PB4SJkoQ3Ri69ZJE32bfeq8kwbUZ8pcRjXJM3WGEPUjsBEsKl5MFCMy8uQ
xIBg8uj6BbJqZ5G5u9DNDLIbJDD6HYdUV4VBSW4rwSfB0rrUo0MRkz1NKMI5RdNF
J7BbU8wQBA4HNgGB8CAMW1mB6BOYXlwE7l6zWV1p63RM00ciA4hrRVxGMUOjhF6C
3TzBirlcB7rpW9iXIPwzPntBzsp3hpcicCXMXKVuh8qjv1Gti8Ij11GS7P69vCbD
TRINpk+k/PK6Nh9tsQZcxmezqPXp+vWEfjPzhwmow9yY+IYMdGDxnMeUy1+JUB4+
/cAdT3n+MxIKgrPswvnwkFTnC0jt+/iZopNHXn6xHfsW1S1H+tQz6xpekxJkD4Ux
i6gvu9KN6tW8IKvLrXZgYfAI5Uj+SDGfaZbGQO7g5EDymu1W55VNsNP8HuZcnLWj
MW063hgjwi0gOq5/NhijJQLeJpc9Z/9ZwCP1jCi8FK4++o7osjkzvsf+v6zUJHSg
kX7oR0arnvCGTHtsa8q1FSnLidPUFduJKu3gg+ihhCVNMBe9H+dnorD/lo8Ja0+6
Pd9Q+IVbYbxL9pjlCj8uzWeU92dscYRAAsT3u6kQbpyXPnuHmvDAgI5o7iWaE5YL
j7bpwvNOK+v8pDI7wQ1mHgB8i5HbyilJ6ZV7qNVwktw5NbUQmm/30bEuRR/EyC7d
30ITM6qi4vfNf88qrn3LZgpS+p7E5RMYg5prEc5nGjF7XKCJ2rrZreNaF2+Rg2Z/
BRAxMzyd9PTG0HDMZsNeiFFv2ByiV4m2pDWWTf6vUq+ADzvMdMR1I5qtKK/nfH+7
sDFhWCCarryH+dAKAHjdXmkHpsyB66sFyg2gfC+vmA1Ie+2VJOpgwrTLc20xrgMW
cmGDf/DIGGB5zi+ocB0be5jXqIsQ6WOiKWjcSwOwE3VRWn1FePS5SnZuUP/+ort1
fwGLtSGiasfadvkAzNMlyxMtoEdH2N4n13wvKjoy+ymuMshimNOrN4cHZb39HU0u
/TDprhIekUR/yMtxozJJUujDMafpjO8xkHet8HpzArV1qHXXaQ1oPVF1KzieBuYG
A55KUrpmHpAzc/EsXjPp53TEstLugjpC9prkPJPLLatomTMBUvnwH1Wqjn0K4vu7
iyLIAhTtU3omHidO65sZ9ItHkTBGOM2pZYsVfcmyp4VuzpZS7Q967ejyPDHWjaSW
9+6D3qfruYuPDYjBVukQczPHPArYrVqaoexG0GTWPCA4wSjbXZCz4mZwjjnF1I2w
6HddiWNa8bcvbdhq69WjYrkrjVRsSWAiOx2uTO4Umt4+DiEuFu0Br9C+LIaAPkQ+
LTi7pSCFQSrqHuI+p3BE3velnPE0rgxmKma4cm3a4E8Sw9OmrGtri65KkrFgUzYP
5g94Qxkk/RSekHlbaIVEVwreoUJzfhrZHKcfQwXTcG528iYcW+Kp/OvNd8IlAisy
TCanh4FPBLuuOIDt6LicmTfjWFBHsIOyXyx7JHj8DuBhyAdEH6lljgAMcm3zKuwC
P76KiZX2QEFPSnrv9jwFO1O6Dzhps//oJOYg1T10j7FDoMNGpYPcWINIsU29983z
Zud2YJ1tZ6ByJkSF5zB475/o4rESHKYubca3nxqEV9IqrSqAHSxLrGmt32zzCbCK
x7WZOp5GX+7azw42eJo60/nuYGH5F7o6UD/BPndmvY9NjMtQyt2GETaiodO3l6nO
KxndCCY6fT9tof0ea3KJG0IYNSBjYGffFpAl6rOgwJzbCqyBfhOUM6UGa04xahw3
SwCA72zkmLJdm1yARovJelVYj8GRcvtOIjiUkNN7gQXwSNqjeHRVLmSQk7DrHNYA
1dbpF2c51ak/cTPnkAjKiTE+TtBWsykzWxN7JSvrgppPXv0uejm+mH213qunwOCy
Fv8U1U9wcUnzZ2n9w+o+l0ACNbV0zbMKgFAyrpz/jxQ41rfAn1/cO64i2aQXoo8n
gOwYjXbCJWylCMX/FHhC+FfeMt5DZGgDu7/Eu5YudB1guO7/Uh0F9zRHQApMr7DL
03Iog0kBFc1zzKn55jtBXIs5i7iHLfEZKaMBlz4IidytVqq5+hhlEnPHBLFJuZ0c
sqDsPz5+oHEQQtLMJFKPm2OUPkVqruLO9eE99AC17pDWvnfqPNVVnTH8YBacap1M
04loHRwlrxBugA4aXf6sTwdKl+bTIAnIyowAp7Xiq7Zc56j5G5mAFsEzgygIZr0d
duCx6178LtbLFNL4LnhDOjomG7rZtrIgUkQ6eACHgUbndMjK8+COt3rLr9z+AHfv
/pegiti8ZYMEdRZhZrUAfrlVONuFZUF8Wfgn7OmnNoOpNQKKRh4P0TvAF4D1BRZs
s27RviLzGSbHwjM3rvO+WFg1a+ErGrYMKsCrECouUvMx+FqoDDTyVozupSG55ys/
nz9qPvJ+JIKq3WyTWKY6zHUkawQSrbG/E9vLBQwURLM8HOPfQHqJWbAQ9k1PDlg7
GScZg06c+Wl8GZupIE9JJj7F3EqC6bzpz34LKizrLFyVKf+LmtYXJO9rSgUGfPbO
xiPUk+FAuWH7X5ejcaOq9uCqi5xmBrIy7qhoAl5flAV2XE7wN5EbtLPv8Y+82So4
3p1b5mfC2UVwpE/pZ5YiMQ5fddFAmyEwvjnf0srcc2VtDSq6VDiWxNg9nkfO9bDf
f0uR0Xu9FtYZkCnw14x4Dj7KqvRIhi1gSDuFuo1SeQwsZKTj8HAKFrmDg/aYMIC1
HietKV6kl+DAlhKtUQKf6yFRkQooCqPN3QdQupjnmpkeBwny/42uYwdeNZ+2nWsn
dWrzxDe5P2qzqaVSlFcBpPKNObuNaEmtUvq8iXzKMAi38UCpkhClsD1cq83ClVdS
HF/iZ8VZiULWZOgwvhdioNA8/h+h3gAfomiij1mPUsGNSfHhljy0qsi0WNRR89vP
6cj5kgmTiGB656fI/OYWiTOuxTcZq3fLUmaeJnt+YDDErwhqdqLi9R4MuMNeKHnI
1+/5ZXG+XxZCNvuu+fMolyY7WPYOUm0qn4XR/H3gx2ntTa2WVrF0lUdj7VLdcRMJ
P6xP3mDKZHJq0p+rRB1b8jy1w+2eaYKHtxwWtLHLl3T5Imvdhc3/dfuPL2W4aAAF
b6JhPTpjzrVTfTR26RY1EoIHMFQhnUdW3wyImgMOtMPPQkqRTiOYjt8L3MZoN77Z
KcO81W/ON6YvdJsFSomNvz1FqRvKY/+NcXESw9nCqV7+NueTMOBHBDAQ6wcTTJ+h
SI6UCJAMNhpy63GjKaFBQ/PQEJ6k7aJGka/hq1UgsbjZWJ1u6cQMpc9w7ygFjOyA
MLuxKFXAmxFbN4NRVWHX+milVAb4gfdpsP5BNDRy8XvgYg4yS7mtzalwU464vN4l
I2Rn0wO4oWLiLp7gWT0wiRS0NzKFbQTLuOjEl0L2eaoTlgtPBakzVD+wyBeDTRIh
Fqi5G3qCET2vGo3S5L8bXYNwezTjv62bnavE7/xkXoQ9FKg/SobsVE5LHIxBSoMC
9h7Oz2Moj7lHqfRglKJoti9VD+m5febE94ypQQM5NwO6Hn5PKbzDVAx49Y76h6FX
/GVHAEiD0hm+PmFXCjzrbuJC03U9jBpZefQGX/0VlrxjedoQkYaBWkgXTie4CW8S
+h5r6MoBEh/ZmsBn/IJkE8Q9M7gaF8spuagV09PZ5QdZ8qhBpd/2eQcmopejJd1C
4YklwoPCmc5jbT1KaCUZlJc5RsXwNdLsLkiAWNOGwNO6LoIHRjcULq5yq71qYo9a
Km4wkqeJ/ZaK6mKX311e2vd08Kcray2s9O75Ety4rL6n8quO0TZbbUvtAFwKKZOM
FEIdUo453NAOdL5ZSpjRAKSL0iLz3H9DaiSp+YLDFsUbnjBS4WW58JZ+COXLFcjU
R2rLoRL0ROLeNWzlA7pRlJ3+/hHj7e0eu3ysu0LBj1ebaTWv5G8iL6yWOtnWumB6
XUN4IZuq2oV+pkJ5qcKuaYG1HYBwAN9z3KXm17Zp57y5878+SBol/yCrakI0dejh
36E+Ez9s4IDW1xqcYzzFItiFmmioqWKlw6c6qmM58A22iuJSdJ2mhSehWLJCoj1X
1AppnxWoqvH4RLA2atXrhH7PI54avZf+zaMJZ1VgwwNPTpr9O/5xmaAvj73tUiHm
nUe6pNx8guCtGk5QdQEzOAyYJ3pwGu9A9WknLSPJ1w3eHBIM7Bk4QwrC7vOFhUAH
JUUoeRXCHveCcuH4xbFTjPYy1KCkTIQvIglVygX+BKkb9I9ZUE9WGWwUWOp0sHYB
sUfbCN9KXQZ9Hb1TUodkzPxjfLe2hQQXl6jt50ijetVHELWZOK9f+thCUP2qbO/k
T1gra1BaVjmp8eZMlHAFb98fzj6Nm9C9H+tWox6oQ6KK7D+dGLCIbHtr9EYiDcNP
H/ls/V/FsyOzKB/BH62U976TRe6bkxQxv0bCGd6FrSkxn2neTwsfSoLVvZoRp0HX
l/6y8ny7M11tsVKQef7nqYi7WaI5TE4rAaq028L54iBCS0JTK+OpYSNxihMOAHYl
GAuNQkKxC1aDfD58wAWeO/0TCeho6FAPMPSSyKEvCYIDEo/zAj5zK8oUZDxaKFk3
6SJYRgRjIE5NN9OGk7EFt+YS1eJY2045Z8WOcqCUhMBHUCeiIN+mZVjy09CcQw17
xE6k0UvLvawv0JNAszulecDZnJeCHhKu+a3OjrUx1TtldesmYkHuGwp5gTpbKI/Z
lOjNZvbyEgrOp62MO2+22cAbYC2f7m6DUA6G6Y3Wjd1raJuEBTBpJXhZG0cJP5ez
ZA02nA6ojlr0WinJ4bl6127IXj1rQkvAqLtKBFwIoOHng1358wiP0KEwFi6f0KPl
S6m2B4p0V+spn+MtfUKXeqqrm02bJ38/Xs45CFtLCEKzyA17QSzmP9Mnz3d0zJb+
wWb47ZJfDmmPwvyuf3mmynFl5Ypcb4W3rEoU56eIFKpLt4YKsHdYdyT1beFWj7jU
C254vnPToNETN7zoPlRVwYgaIhJGIZlFzNWow2lqeyq/aB7iMA/jSTJunJbby/HO
5maU03DKY5kpLxMuqd7+bLtoA4I7mlzmTwGIbx/MawQiC6Eqv/KXCXauEZxbq/yy
FcxJ9Dm2X4AkxH5UhLQLY67+gXQikd3cJbhF8LQU+ChZRTeFwZ46cldIuNGF1THG
ZLSRgLBGtbJ0nDdrzJaeW/TnaelsA2b2xfMCLSl7yoL8x2QhGaJZVH1CFx7v+doj
fgNsu5XSta/zw9Q6CeXpx9MRsGNo2gvhKGB0gmOhwCSHwFbxdJQXTfZQt8FJbf8s
mD0qr9N6/xtpOEmQgfYdkAhFr/yuVKVuWHF+fOUcvpzfphiAbBSLJQti9tRDnte+
oT8NyVvnUqDRiCmYPmJJr4dO4NJIUSnDZARGQ/Bqewpkoq99xd8Pj0GK8s/Nb059
qLSP34ukL6bWbmSmRkzlVc7O0h5h6nsOz+XoEs6cJoPOCumWPyt7F298S2DTFTpk
zOnucuCsgx7fcF/LGyv625lR8YxtZ55ExJg9FofNIjkLGVeLidw7WdsakAYmdirS
Qkh2GkJt+QApJkVhrUsTxEbGKsh3Kbis2ykZ0AeCckbhYv41/pd9q8HfGv4Cwqvs
Fj+BvEjKWlrhFoxrKXtSe2O9O6VSD7R4yayKTRy/VEbFwbEDTEj5JEZSknnFcdtn
0SFyAK/ZHF087R4RWz55fYzT6ZFHZAs18oSM1cgscMizxr2J6aKCeruPVUVF2A0K
NuDHMD849Xl036XTftuIWUa8yuSsxdPXYIAjwvZ09l28Km/8dynNFbR/1RlDoSvM
wx40hSc87JWckClgYb/dhMrK4hG2EbbKHtS6aYgljnRlhbMcML5MI0IaSXuS6C9h
jSUxZnK1aaNQmFijWGd5ZbLtuRuwRFvPMfvQE24Zd7ZCycxLp1MB05xUDsdo1pBn
6QMdzoaaBfllI8lbj4oAtsqLyDkrWrOjSfbL2atBN//6BFiOXKJoghFKXO0rPC3I
Gd9g8OUaTmyhyjcmOTohZL1oyDmIoyQLekrmaUAhoW0RDvVEbPD+t9AmSJVPqw7K
DVBIlq+bj4nEXpbanwifLMvCWqR4c5G/Kp+ku0pFgaSVuC3GSSrFQ/YCZEAKdaKB
ZtABkjHylEjsJlkmfc5OS3LI0s06LiV5r1nmjQkWJDdzgQXeASq5GG8X7LhziluW
tOlKwiakuR13ACvc+rxs7SNE6D2E5y1zVmwUTbhnX3xp3PLPOJkyLCkz+biI939/
XSMeJg/mfiO36W5ET73Bjp4byIa4Om+QWkUm/rAi+bzEsltxRzgV28dGS+gcrMTy
QgAWwIhHGdnySgkI+A9UkD83u4r27FEqZ1icewAjqh124NlbyS9J9crve85cMn4n
WAEV/UIHuT2XVRCVmDRBULBOTfIuW82xWup4gm9o0nEeImFLCputhz2hQJZng4t3
NXH8ypsAwHrrlH6aFMt26RAbYwyGV3BEi3BFQc8QuVwIE7wx0xTUobBi0KC9nzvI
BcuLX1h5bBaNAB8RHoVHEdkN/BVTrH/S5OGHweE0Goe96R912/pCMwfqSiniMh7X
87ABhM6Uij2feQbEbXoJ8OU6/N8ZWSAbT7++HkyHXnNlbt+AwORJX95CbCgLjS9E
7e2mp+9BxMLWNIUD39P1Vit3DTXg2X7gjFYouHPB9CC+oB4K24nHiTuIJYGmg+p+
djMUdZMa1uVmbrpTFoOy1n7RYyOyFAe7gZoeEVOkKPDP+UWYr1dz7GIgTBY2IlqQ
X0yeyaNGzTAMk2FlN3srfkOPwYP061GrSXNaJTgeBio+pb2xA5AobRwBQ2/19ZsY
jMQz4lfbZZLHXptrXj0kpBu9YQWWmE/mJwhV96OlHJvi7yedqEec09wS4wA5N1kW
j9sgRC4NDoOySpLS8nXlAnq+CpmUu7WKMa8isG5JRZfOGerw90yh6I+UWg8GXY+F
Ch3Yl6Uo7I4QhUJN7OSD9VBgzx5VVkvyJVNGp7w/HHUYQJobzpcXgAApxkgOm1C/
ee1Xad/GAp81hukhB32bju3tM1/VYwwd9pZdF9XOPmIzKVzrsugHDIy5vvRhZBU2
lWoYFDDG4NPQxUAUsmApZ9z3cBzB06gCe5XkFP7qzzLttKRnCOCYzjwxjVrDP3Yh
1WoQ2M5jVTTd0QXtMjsfD5JlW+xr8xSqy4o9q9gYI+8mNTi5U6S8fswmhYV6xdJ6
mH9SzX9pQEOJw7rMDG1uFo2lYmvUzsp6lnMk3KAbwKR/P0YoGfM5IIkedEWd0mBQ
+h08E3UnceUkDxzXxTgJ4m2uu+qlXf3yCgs+mwlnPZPBUHHoYXh0xi/2kRytn00l
j/BMhLyvk+q1YJyMpra+xVR2BqaTXYG9ew3fuQ8/Q99ki0fMsT0kAXoW6ZTWI3zI
PXWNct0TMoEhMmOn1dbZapBIXYb1aagRIzGMk9ynSHRLYkuF4Csz7NzAC6/SDZz2
1QCcg8mxZSJNELYy2XRAotQM/Vjij+1IJBR5Fay2e73SsiKeBzPWuQ9kRMaOrWBj
dbrv77i489nP0LovlbhuS+FHwfmJwfC+CDDOzBW8MZvroHmbJfHq6g3Ga2DOpH8z
x/i2S6mua9Rv2JOrJpau8GSHv3PYnF1HcUTKGgrDJ4LdVd+zgBeiFFBx9znsamvf
sKSK9yoUUXyKzJdHVzh5I+w0bI4WYadvicrn8Nk/BLwC5TfLuwncfgLqgkneYayq
klQ4OC2XSawd2EF9G884WlHX5qbrClQ6I2qyHMvM5+KQ1aVUTpguPt+O4DqSQgaL
kNbuQEZdWU/o35RkAVAFMlFGYfn80lKLvNdRkruXkmfDawiRaGXm1KJP/rgRT2ul
WQ9r9Edb2EHITnKLw9wv/wNd9pyTfmyGsK55QJYGKoMbOF4Eo8ctn26eddlmVcTJ
EunwbO0HmrR6PEck8qEd4qrq4BgHtB93wr4qHNLwBSryO6x2vvI4VeqEUoIxg+Do
kpCACqD2fEwGgnEdEhqD2EmBwGnC+8YPu6FSrQmWjQXKTfuoEnS8D7XM/kV4hJKh
NiowK838p2IYFcAvVIXjdAUWv8/7jFXHIh2twlv5IkqHZqMZclZfu86vpxM6oOdk
e3d9trPZaPgMSuaytkwNvBpVjXrIn1tcBl0P2Q9w7OfX6/ThLi0fLGsGufQPRsqm
wbr6+UW8CgYQnCzwRuV8WFGrhQ1KwncXXpY5EcjyiJxoevPw7D3vtBWycfNGsBUx
e03hxYR89QClGwsuMrRZYSNfsvHMRuIInM/HCDzBCovWAqSwqxLYlPcE3PSMimKu
98Asl6iyq5Wih0rZ4+eNMZgO7NJlhEdYrlImbRXIT1agqwMWt5wz+IkHAf+4vDXO
HX16qHWaiHzZ80WgYdS0Lqgr8FRMsPZfoxBVTk+qChQWWoEnesrbB8npyTpH2YRU
TCYRCXt4DIkMsup5OY7BPuxMN4ovceUIP0uVB88FOXqoervNCgSy9g4drmqTV4SJ
fUiqD4eMwy4jQzNiOEgnBTcvMjq+ni25/ksW3UFc9fDny7xTafHc/QBJbTAwKIn/
nEJvC/jpN0m7SWg7k8H+1MlogfG2H/UZm2N4fn9ibF6VireboSyJfCnK7CGnJ3TI
Q1TGqZZ7+Rcq6Y3KuOsLRmGx5F8J0bCGsU79a3al8X0hSHrTHhiztkOTxmhyqf6C
tc2M3D8ZogvyH2QsJe8kqblPZT1EOgKFOXt95pNzxT/OqUQaTvBog1dziry8xfYy
cyyq3u+wb2kgGzkoniPQrn4ZL1yPalEC+UWNvzOCOWsMm4g18GiH+06LDtmW2ZoE
dFnZ8Xdo8BUiJsD0mldkty+nvUtd3b6RPGxvDrGjwX2baNi8vroKS/2+KuTr9ojd
c8icEPOJfy2XuTB51pK2QcvFFGj8V/6G4zPC+WUOGfDhNfbbk6Dwspq9v4H0NMjo
DHFiTseM23d4HktC0SQisO+DMt9bDaGi2f0DOYmxVQJQ83DwVmQSD44wzFxVymjz
HBVbWZuaBoUPwiUSugdgrROeJ64RR9O8APSiu9X9EwiMco56rvkW/J56gqA1P0Em
vtY4SdPmP9lSNpgZ13G3Yj0ev+tOAwuK8qVfECe4HzuZhbdH/NLV4wOosBI1ef0o
ukIdXXPN3oRGm+B39heJFVoulWhsyaaBMuBW8l+DVMnQjlhr8AfUCWwfbpohuD2a
rtqONjfBtv4h57cRagK5ZanzTjhFbz09goAkB/93pCV1Hr6nhoCbwOShw3RLxQpi
rlOZMhZWaD1QPYC/Rb8peZcSsBL0F7OrH4IPJ1Kbmsk3n9VMZEGRe1qtv44MQnHg
pw67dkkfWoSv1NOF6X9elkdlk4JGMkMmlDdZiWaCG+9tbWlu88lsmAEaLnlzSoIH
uuBd+VUmZjIYxMOHU8RnNXVf6M5+kmdAUc/PVdkCbz1WH98xiiEfAEODSII75Tuj
N8WwTsO9iM78gMpzIBCGE4e9DYqBy6XxZH0R0DGxy1zXZhgceolm7SE31GmYVfd2
GzzDdHfiU58Gufysl0eD7yRQbCRje/vD6wxIcMrstjL0TM8GS8OElcyHUfl7GwaF
iYRc62oaFlAxnUmfHalS1KQd6zZo1yQXvh1kWxGptKr/se/xYThj5Z1uYteIrxhX
0BUUQ1BSPD3z+PR7DFMCX3SjKsgjjWmagF8r2RN7caFzrDaVmML2PYc+lciP8FXe
ELcdHq4NdwiqScNFACqiSB7TAorGjfljmvEirSr40eVxqrb8Khg/HtLT8wvMpDHy
+uKrX5/JCWqMeOzaIjypmVwjsqdvR7rnKtTMbE0N8kOLkZLh+x03RZVYH/xz2igm
WN/XmPxHjQXgFQhbHj0GkWJujN8CYCkfWcDhX4rgFjbE7QjK7b/lqNIq7oOQ5ScY
Ll6luG8+J+MwgFguKG/Klj26HCLcmR7Up8FerJhHmFPphFh0X6Zd7LLlc8HVgBJu
rAdCQxIhuRkXEaoknR1mxajawqcEdYmB6a4OYk4ajcaZKsLTPu4QHKf5ZZgAyEBu
DhJa9TK2a7RktvbSdkTPGIW/6Jlln2b7/UzBK4jZscddkWeCicuaMewWUYWhN1Uh
t568tcXTEmCGjk/rHDTaNB0SFj/ASd/Rn9k0SvmBl4xZzxTntU+5sAPzd23WJB6e
qGEGWXvdWPZMkuAZDsFwcDGxpBcQOcxcabcmBP2bVUfxfMRytVh3xBghbxOgOofC
pDrlgj1CxB2Ppt/RVThi8ZC1AaiWRIn47uLpBkkayJY/u4NopuxgjBMFuXLlAKKn
QrBVEiW+Iqjqi/PEg2xWIEpES/8wyusXp+9WgHIhGeXdu2jMgJwPz0yA1YzNoiKV
hX5/4mqfkMJoW+eETKqAUPEVRSjIcSxQvSk1BSjdat5ETOr19r8VJuCIX6qicSPx
Z10tuAz7I4mVytt/g/gJbtNIiGa16oexFPrMQa8jhcxKDtRXI5u+KoT2RUNx7MxX
eplOOqqmgRzbDhWd5mZgRewQhdxAml2Hfg7KietkSbaLi0FsEW76sDcqOJtpNGvK
MMpWqkdOeG88hEPmych4XqfR//H/j8voz9ew1iDWWtKk698HISnBk0MC+XKaqm5u
yH1F+8jTKIBAXbD9zrOx89NXjbgd49B8XDkFBLpCEHYhIzwMRdF4/2+q5BYtUlGO
LKOw2Rf9hLDponNCFhNljmATy5NFTkruw7Qc1xPtG7kRkPzdBT4Cu9+QsrF0Fx4f
hyca+fJgB7OQ4sSod/Hk1STY+sQtR9BrnsXrJY9gaTa7f84JgkRpn4LM9Z5XLBxl
k1QV6qvUmvHvtYxiJSMYZ2pytnb+meSxu+ZwuASvi5XARgvnw8BhA+Esydxv9BMl
DlfgnzGfAqh9Ij+pWI5r3g83ueJJrnbp/YRvdEogfYNOKZFWHEsjGRKDLCZYS+Ef
Kd3Eb046FhwdcDjOwz84Sj2a0GiQR8xim6i/lCy2bE1pVAi3O0lv3l0iJSbGQj7v
KcK6HtAESjb8y0U75kxX+GSqp7QZbTb8oeQnyxbP68IOTuuLHF8oXJUwCf3bmeRJ
cfyb5P2BXo3166vI0SvZAd1GVlyT+uXkc729l6TDI0prd3d7N3qd1YW9tL7r734t
2kqmpsh+Cg4tKOaVJ8RwRBPLDvmF5yawgeAtwwtlV1jGlW3eGi0gg682LERfX3dv
yL8ic7GskSBX7VAfWcXsqSxclAVVk2NKa7IIaJ2UANKpUeGGtBrIOmfTUp9qwhe5
a+UiivLCZaGAJ5uMOY5+XimUwubnwjEnw0oGcaGXOC+EfWcrhYtnjQK5oUJvxaEq
3HI6TpW0UKOioCHaduaOiTvh4w2/pPbMiraekTeBYevRElMyMj8EGoAhma88Oz1b
Od4JUm3QUsziLF7jt8IbG0lm0fH3sK/i56MP5tHD1yxMEV2gorFXepZsFnFB5Q9a
GN3T+CWv+r4OytqHoSa+u7iqiVvFJUgNb9TGesuVXAmzKEszGXAe5XzTwzjhl6k1
nt7fUBCmKXL0MU48GPDvVXX/3P9shkbS8EyCkYQRtZKJaMdRjYZ9cN57g1sHXTgn
zxl5HxJZRbh3wICv8vhyllhKzusDw3VTkIdDmnV+tTn878dQ5/OVtm4etYvD/YAb
l13znyo2d/icreAoV7/CaEKD8eA1S49YdsLyoIhX4EEL5IVHzF0YLt6SlL55WMAK
8/UhCN13QagNkVs61EU4KwcF28T7hqAgiiJDCZEDKaE11nAYKIGU12jBmZuWscm+
JoU4ASjOONemeEXzfiOGUc5tr+wTuQP4m7jAvU2gdjJC9sHX+ys0ncWuIBYtJnxN
uPlL0H2vtIzVW0jtmfsrfH4uqAQO03BVjbN9kTZDujBpL2dLFVXbVMvlfGmQ7fGd
j8RnBX4mPOCtmO26MByDA0GPsYg5ASZ/ds4YXWF50u24alg5ioSF/fnhRWjvCMpZ
YTqJCS6j0SO9qnz/ce7FX0dGOsa0cwOAbifck5SFc2yxzo7P3GIy+HqYR6jgXzjB
uX7XoMAs3sOXG0oXQt03Wzb3nJUAFo1s5AYABR7G/FKQd0zoEU2rb2Y4EmaWHxHQ
jq5ksR6W5ofr5rycAMP68EUw/85sdTdrMO9CwkmSEQVK95N+nGn06gCFtWvkGjZt
rbCXlLW4wWLLkz0FmU+lwKAcEW1pQk7NFiw9xAc+bTtUBzyC27Mux7EmIQybow7Q
/ANk+ZmkoTAk82hbi3uq1FT+vD5Va+1k3SSiCLjlCoK5+4zPHPQ6jL8FApTiQAw6
tp+c5m+pqMl7lfww9b8OpyJBY/GyUjyujpa3tC9bfI5DS3vezIVET+h3PR2QsS/f
Vt7gjTIb1Vek+o4jWTcEdSqHxt6qduVJ4qgaMOefYL2ssq7YdLVxVLuGy5qOhj0w
EcKEvAvsUdd6ETM54Zz94DBSdtTx4gfwWIyLDX2V3IVL/1kkyq326ooK9CvnwHSn
wp6hJQZvlFOhBj8C0mlv6XdrtB31mg0RpjzjOlAvXvBpzor1Div6l4EGZQPuKXQV
qX2Do+gHBdMX+cNZY3U0fdt5Gtfr0WaYZ52Ihx5vkx3apWiKgb4ueyNUdt+f8CLz
uc1T6KTsCYUGHbSAyfyDh8DxVQZX2E2kUYwxEb6/kvtxyVnXZN+abTFjdjjan1Dy
CJ7sLI1yY5w7Y1yNv6AbST82eTtRD5DwRib78NaidSdWIlE7Q1I79dSYotNQoHa5
FQIBZyHPjVaca3zNq6tqjVqMaoAkT51o3FxLc0Iw/mDdlkOvBjhRjHZiFTVS7DEZ
j78Xa0vfQFgdYHV/ldvhr8uAUeGe5GKPEe6+/j2rnj/ONIlNBNV3D+Mq6vVhjNwn
YsSmlcXEwB5XLD7/vG5hTNMrTO64slFQSaNKpl9WfWL5c3S1R+NI6gXrbtvZ2SrU
LU/UWCY89hH+xtlrP/yJk9L42Od2y/k18GikmpFO9IjhJ3ihQNu8Lscswb926k7r
60FmzFghwBGF26zGpZw4EEdGgGPFDq7gysMwQgwM/hVZKOHdqfDXRYul35z/a8Pl
bJ0iTIvSTAPuahCGBCICyVXgdB9gsCIH4GB9+kpcPcIbxV9VF5CvWDivkiqc3U7u
LNoTcjbP0FI64pIzMUkAKyxXZdstXM4W62v/0tMO63VpqQzBBebAdjJb++XCY+YX
Zi9+4bwRh9jHX/23oQqI/qeaCl7wAq0LKCSu35k1DC01izr8Y3OKgpnKHA3/hi0w
1tRT1FMo6j2/jqPgouvVbP90RaErbq3BISwDJXn/RCOwX9j6CbGHGvIB6UdAaYSW
RENKIUvqJe0ZIyEPBfGESHG/uFADedXT8nBg2ejANAckLNkAXYnZ5iJzSGYNSMbK
MLD03nFuqJ5WblHazl1MQau5iyHnAtdsUA9aab3YQGgM4V3ukYOzWtmRqVjDtXd8
py+dmSB5Ls7P8Xzc5ajLvheEYbN/6+llZIw+e91rlFYsKhvXuIOlTLC2lGgrFJtq
9j3J3CFeaAXcpAyFOQUwK7uXpz+2fFP46ntjP0Sz1MA5m+wTiqdtcQegLTqEhIRb
fXDpLEoiJI1fH65TJR6y+sVSM/3AiWOeoE2hAPVlh/o39Nc//D02dsNAIyvRxUOP
gssBuU7Ql6j9h4RiUnpO+m/8BIe3RjW9kh7Ui/z/00w+vU4lAU3r6kw1qQM8i9sD
+0OXWJAOvkENuGNzwtA/hUTdUK8TWf+GB0v2Bu+29Z+DtqiWd7d966ESm3I7tZOn
ByRdAjC9LR8St5aRgKNdorcMj8CAsboZLOAAUkMRMC/D3nMaZ7j5j4j+sOWh/R9x
hMz2E/bELw6Gsp/ttnVfHlk/a5zLj+FjHc3dyqqTIvXTFbZXJQCNJr4b6r5ZKyJr
GtcCzMrSYI0u/SGNMmZ7FtAwolSqNG1/nfZQlx4ASIxPZyETAvqsNKkUpUyDAwZ8
WcWd5fbWbvXb1SgkHOUh9qJkBwKBIYumm2Jyweq7QZDfWOS6vU+l0ZkAtgH0+DAa
VetpTFvOjjfzJq3+9kamIbnYS8Jv0yUfIv7mw6QY6LiL4nQ4/Cp4v+8v3bOWX/8Z
TnyPlPxaV2O+8IQ0sLyIr1fe+a7M06/WtLcRQTFRNd2ZnQXYolX8ojDzfXkvvT0h
pEAE1zAKyr1Y6FTkDME3sXpCZzTHOhhZVcIfE85QCvlrQofN/xloV24BE+WTxItA
K8CKmNr4OF/Ena6/4guNwNVLk6SUC2h1M/QlqFFjcinxhauHVRKk5TlkAZUj5dFt
KgJxVTD/BtzbO5CE+W6KLy/FczvLbirZuwVcLbLAHM0OG3s1He2BsRGq1FpSig2J
oDLB3GYYnCc6eeoaZupBTitzr6WPnFb0JrKNdy2uP3tRk9pu0zbHnurwWpFZa6yc
uBK15OfZ/IiVWRWd8JmV72bBzPhdFSrEjDJTXjCWazQ3+09G1ec2z1Wkq5JYS7h0
ceVGdrY06PbIcPx8tVULTi4lxtpr1lGk9P/uFxO1BrKuGqGChkfd1AfuetExD8Ez
bVGijBeg5gUD0pEAt2vB6YFy1kGUz+A0p3nGc7gW2erYmsuL66W26ic9hwYp/SID
C4X/y4AKy90GWA0SAG7u8YPjbwx9BhhYiK3myCrJOjVHbH3CnFJZmGW4MQTvPsvv
e4x/lLmfRwSmbY5Jt74T0sw8opoIaQMwlW1po3lrWqiDrja43840IGkdIA6sq7ZX
bV+yGH6plNozdpWkpZK2UV2zthrQZZtyekiXuyNOhGDalqXBFivTV/cnP3r5YD2U
JRKegW3Qi1SdDbFjfrJLBN/CfuGNyRicDHcj5zHe2MPzPcSURinXnAMsLCz3hOjX
W+AV0p3Uk3r788qOsQBi5hjdfZj1aMV33aLT9Uam5ulHmDjNjvP3Gkds+00a0AeK
7PmxZMAdPGGGPzBeKA9JQhw/CPuPabBYUocQMEWSlC7l4D2Rha8AnhNVNpAkR5L5
7Gnqa3SKdCYRAFhy29uIQJHXzSAglseqFBncc7G4UAiK3pbTfPUow1MEnWQATabN
Jmk7rqfiwRtu+/AQ6JeR4rSbBKxs6s2mcb5OmvO4z2WtMpx4dS1VrAlNbQow4+dg
g6EKlfRR7PIP7LBpsKgWvGua4+ZCZDj3MHe6NJcYnY+ezRiKx3dDHLd90Csf2XWZ
BV1Dbyd5iv8WswJPhU32j8RRVddaDlQhR298uEJp7WIXqV87mO8tvBOaX1pP2Hew
YPZwlgPiH2nB3ny15uoxAgnboW2q9rAZmrMstPIn4yWhotZgLT88zktH9qmmKg8k
1W2uVRu5GmdA9OAxbHsEzPL56xT79g0emX4y6PB9qXuyn4DHUzwvUJgKJtbNHG2N
gcPqCJGEEOSm9TwsDMsW/KaR1z4AyBrIa/V2CEnpbx1lV7WI2B+ie+bP2LCG28Lj
duutx162cda8nyI0tzdoLACLJMatLscF6bhpQNwIAvb3KduyZR5QwBRhyBLW76zK
/6CO7tpdajC1GO+BrvJqwJwFFMcSzL/37sysqz4S+B5LunHJsVzf7n5eOPmEJ1Q3
hrAgz7jnBoPMD/bVzy4fK5VfwVLNMKeANBHKRMJ0Fy57b6pmaa6GNjnCAjgEtu3M
8kIhZ30omfD6PPfXO+QBstB+QXYqU7luu7QW5MDp/LnAMKEvdtPVCyd+NGqWJdHw
KckVPwXODsEeAscbLz8WYDsh1EkuTCOTz5BAzNRbC5+OcyN07JzStT6ild0xSnR7
d13UXA2+vw/JTbrmZbjUFvQMShIGfUJpjdnN3KMsDQFosna+GGjVxi3C6bksowD2
5TifsYeE0kfNI4gYvcldDjgbe4XdTJoi0YMsPcoUFmnE+WcwF1ozKJipk494ViXG
uFs5q/D5s89CrwWWfXkyqN6ZCxqziVDfEPDC0SrjQiJ/JcObrkw95V2RZssk75ZP
PpBkNZ7+lvvK3bq+efwJ9hRZ4VcfT/SxQlgyKLXOj0HWiUTlojeQSK4VsRYJGhd2
c7beNFHo1uTxw8lp2iHk9QmK7iGD5k7taBlNtKxFNsYcD9n5P0164b5oaE1jJRCj
SoS4+TFS3rQM+Q/jIIBK6doSoxJk/a2c0uzcuuwnp72CvZ6r22b7UyrgZ589bTIc
uI2dwJl0OXm4FqoHtMQDZaz3OEGo2m+Ik0JpwjHTTUX0ItEFguSMP1W0NRCAeklF
pv3HRkXyqIz7ILWmAqS+LOzmAhzDzLQg9kSwYvu0wEK6vFn1OoCSrDBztpBucgWe
DVoH+Ek9NQQL53frcG0C8xL/dQ5KRNbNtJycWtHvnblj7tqU/vF42kpC0OT6b3H5
s60hkzJwXnrR7OwcKvlvEzfABtEiernlr4gFPqV1o9fUb+RK0aqLKMYyjOwfSW3T
soZqoHPtqJOvlO3jOVlHN/GYqF3UpFDqaSvXBNM1s5bETlQjJ/ebNmDAkXihBUXU
v9FfBJCDyXuPG0JktevgerxFcFQgsfGTnOjcVjOzv8UDYDlnum5DK0qIBj3dJ6Ne
YOvVW8qBZhD7tpSGKPeMqOyxYQYBIxRDaODaD5ev7ZI8tqgMNO1N5tVIllApPSEK
5OLtmGZPTEUlG172GVwo0mX70+mbjFN/jKm0J+yTe4M7EL1e9hQy9KjZIKL8gLAX
hzZhSgxonBwB3cxLnmfg21I67pOYNo/fMAsysUdOjNbnWacJnbn+HszMhKQ7Ki+P
BXUol1oq5yERlfnnbkhAQ8hpCS/Wg822oGI3JRG2Zjh9oEo0xqykZGqLEEXJ4hdi
Vi5ItUrAfPn+HQuQj4p4Pi4JE2s4qyMM9e+RocapBx2bBt7oXeh++rkY1Gl0uPMW
x8cvf4eum3iRhR4mkU96sd9SuT2/5RA+OhPt1kTUKtrs+H7eR8gmyVzm8nvDy8XD
FYR5OHS909xsfndsP4xTR7eCCLG7gBU3byqu8vZlZZvEGCXFZUM2Y5hMDJqVElqq
5k/E8KpUKA4rfKBRr0oxZjFT6w1B+GKKHEFrPUqnEmBtz5XC7Z71Odqw2FqPtd23
CY6JjY7m78wDwbmKULx0tQfFxtabqWL46aVa/ZLtzg4S0tn0p+QplQ9mFJPj4rUi
gGkFGkICEb75VXO9fhIkQOWrKhBzLSPugsNHl9/j46lYaXcSKuaw0NfDutIHzaHW
RM9Dd/kSUFlTtS/rBAaNKxlkH2p6qsachYaZws9G2LATalwfBJP4D3LyYEdacI3D
A6hfnuPAI6ByGnoqNTstCZm3pKCDTrPyuQ8wT96NZ9ImxYlxD/1Y8d6hbhLx2qQ8
buj9Hg==
=EJ+Z
-----END PGP MESSAGE-----
