SN:3K60180500001584 BD:Jul 23 2018 VC:834b9c1 MD5:48f99e4865ed8b810be1bb0eaaabf929
SysTime,                      Time,         Batt_v,      Batt_v_sd,   BATT_PERCENT,BATT_PERCENT_sd,      [CH4]_ppm,   [CH4]_ppm_sd,      [H2O]_ppm,   [H2O]_ppm_sd,      [CO2]_ppm,   [CO2]_ppm_sd,     [CH4]d_ppm,  [CH4]d_ppm_sd,     [CO2]d_ppm,  [CO2]d_ppm_sd,      GasP_torr,   GasP_torr_sd,         GasT_C,      GasT_C_sd,         AmbT_C,      AmbT_C_sd,         RD0_us,      RD0_us_sd,         RD1_us,      RD1_us_sd, Temp_Status_mA,Temp_Status_mA_sd,Analyzer_Status_mA,Analyzer_Status_mA_sd,       Fit_Flag,      MIU_VALVE,       MIU_DESC
07/28/2021 10:44:03.724, 07/28/2021 10:44:03.664, 3.53031e+0, 0.00000e+0, -2.58162e+2, 0.00000e+0, 1.82510e+0, 0.00000e+0, 1.48504e+4, 0.00000e+0, 4.35969e+2, 0.00000e+0, 9.26307e-1, 0.00000e+0, 2.21270e+2, 0.00000e+0, 4.97507e+2, 0.00000e+0, 2.53525e+1, 0.00000e+0, 2.67366e+1, 0.00000e+0, 2.78045e+0, 0.00000e+0, 2.75357e+0, 0.00000e+0, 2.00000e+1, 0.00000e+0, 1.30000e+1, 0.00000e+0, 2, 1, 
07/28/2021 10:44:08.689, 07/28/2021 10:44:08.637, 3.52965e+0, 2.94800e-4, 4.41253e+0, 4.38690e-2, 1.83634e+0, 1.59611e-3, 1.63596e+4, 1.85411e+2, 4.51223e+2, 2.21550e+0, 1.86688e+0, 1.53576e-3, 4.58727e+2, 2.33847e+0, 4.97884e+2, 1.19020e+0, 2.53488e+1, 1.18612e-2, 2.67554e+1, 9.85324e-3, 2.78051e+0, 2.39404e-4, 2.75393e+0, 2.10813e-4, 2.00000e+1, 0.00000e+0, 1.30000e+1, 0.00000e+0, 2, 1, 
07/28/2021 10:44:13.667, 07/28/2021 10:44:13.612, 3.52882e+0, 7.88277e-4, 4.28846e+0, 1.17303e-1, 1.83561e+0, 1.49504e-3, 1.63590e+4, 1.30239e+2, 4.43382e+2, 7.40532e+0, 1.86614e+0, 1.37621e-3, 4.50756e+2, 7.48264e+0, 4.97969e+2, 1.15633e+0, 2.53672e+1, 8.16950e-3, 2.67744e+1, 9.53754e-3, 2.78046e+0, 2.60417e-4, 2.75339e+0, 4.28397e-4, 2.00000e+1, 0.00000e+0, 1.30000e+1, 0.00000e+0, 2, 1, 
07/28/2021 10:44:18.638, 07/28/2021 10:44:18.582, 3.52559e+0, 1.08616e-3, 3.80826e+0, 1.61631e-1, 1.83595e+0, 3.18678e-3, 1.64614e+4, 1.33910e+2, 4.27270e+2, 1.40705e+0, 1.86668e+0, 3.44597e-3, 4.34421e+2, 1.42651e+0, 4.97894e+2, 1.45429e+0, 2.53630e+1, 9.55827e-3, 2.68005e+1, 4.11362e-3, 2.77984e+0, 4.71028e-4, 2.75323e+0, 1.93016e-4, 2.00000e+1, 0.00000e+0, 1.30000e+1, 0.00000e+0, 3, 1, 
07/28/2021 10:44:23.626, 07/28/2021 10:44:23.554, 3.52732e+0, 9.73488e-3, 4.06516e+0, 1.44864e+0, 1.83405e+0, 1.38299e-3, 1.65897e+4, 1.41253e+2, 4.24582e+2, 1.35584e+0, 1.86499e+0, 1.44130e-3, 4.31745e+2, 1.38568e+0, 4.97842e+2, 1.44998e+0, 2.53609e+1, 8.90448e-3, 2.68121e+1, 7.58283e-3, 2.78007e+0, 5.82493e-4, 2.75323e+0, 6.15550e-4, 2.00000e+1, 0.00000e+0, 1.30000e+1, 0.00000e+0, 3, 1, 
07/28/2021 10:44:28.606, 07/28/2021 10:44:28.527, 4.13554e+0, 3.10588e-2, 9.45746e+1, 4.62185e+0, 1.83340e+0, 3.00702e-3, 1.64740e+4, 1.42660e+2, 4.18976e+2, 1.58689e+0, 1.86411e+0, 3.13019e-3, 4.25994e+2, 1.60795e+0, 4.97835e+2, 1.35472e+0, 2.53451e+1, 2.67909e-2, 2.68080e+1, 6.67120e-3, 2.77961e+0, 7.51930e-4, 2.75323e+0, 6.74071e-4, 2.00000e+1, 0.00000e+0, 1.30000e+1, 0.00000e+0, 3, 1, 
07/28/2021 10:44:33.554, 07/28/2021 10:44:33.501, 4.15195e+0, 5.29297e-4, 9.70164e+1, 7.87644e-2, 1.83342e+0, 1.13781e-3, 1.65440e+4, 1.78649e+2, 4.37561e+2, 8.37374e+0, 1.86426e+0, 1.47164e-3, 4.44921e+2, 8.47520e+0, 4.97762e+2, 1.32838e+0, 2.53555e+1, 4.32741e-3, 2.68385e+1, 7.28703e-3, 2.77977e+0, 7.49628e-4, 2.75262e+0, 6.30316e-4, 2.00000e+1, 0.00000e+0, 1.30000e+1, 0.00000e+0, 3, 1, 
07/28/2021 10:44:38.543, 07/28/2021 10:44:38.473, 4.15328e+0, 3.54208e-4, 9.72150e+1, 5.27095e-2, 1.83186e+0, 2.81950e-3, 1.64575e+4, 1.37320e+2, 4.61828e+2, 6.70240e+0, 1.86252e+0, 2.72090e-3, 4.69556e+2, 6.83480e+0, 4.97775e+2, 1.24431e+0, 2.53635e+1, 2.03867e-2, 2.68544e+1, 8.15532e-3, 2.78044e+0, 5.26545e-4, 2.75249e+0, 8.15804e-4, 2.00000e+1, 0.00000e+0, 1.30000e+1, 0.00000e+0, 3, 1, 
07/28/2021 10:44:43.519, 07/28/2021 10:44:43.446, 4.15419e+0, 2.57913e-4, 9.73491e+1, 3.83799e-2, 1.83212e+0, 3.71369e-3, 1.64367e+4, 1.98567e+2, 4.33385e+2, 6.60014e+0, 1.86274e+0, 3.96827e-3, 4.40628e+2, 6.79017e+0, 4.97762e+2, 1.15423e+0, 2.53505e+1, 3.88181e-2, 2.68877e+1, 1.05862e-2, 2.77999e+0, 7.55576e-4, 2.75354e+0, 1.86662e-4, 2.00000e+1, 0.00000e+0, 1.30000e+1, 0.00000e+0, 3, 1, 
07/28/2021 10:44:48.479, 07/28/2021 10:44:48.418, 4.15492e+0, 2.23715e-4, 9.74580e+1, 3.32909e-2, 1.83175e+0, 1.44462e-3, 1.65221e+4, 1.79549e+2, 4.20332e+2, 3.46471e+0, 1.86252e+0, 1.63240e-3, 4.27394e+2, 3.54676e+0, 4.97825e+2, 1.24393e+0, 2.53674e+1, 1.50409e-2, 2.69227e+1, 1.04805e-2, 2.77985e+0, 6.99736e-4, 2.75257e+0, 3.62871e-4, 2.00000e+1, 0.00000e+0, 1.30000e+1, 0.00000e+0, 3, 1, 
07/28/2021 10:44:53.451, 07/28/2021 10:44:53.390, 4.15542e+0, 1.51810e-4, 9.75321e+1, 2.25907e-2, 1.83389e+0, 2.53589e-3, 1.64894e+4, 1.12393e+2, 4.13833e+2, 1.56574e+0, 1.86464e+0, 2.70041e-3, 4.20771e+2, 1.60384e+0, 4.97749e+2, 1.21781e+0, 2.53584e+1, 4.64984e-3, 2.69415e+1, 5.03154e-3, 2.78000e+0, 3.22863e-4, 2.75298e+0, 5.09883e-4, 2.00000e+1, 0.00000e+0, 1.30000e+1, 0.00000e+0, 3, 2, 
07/28/2021 10:44:58.426, 07/28/2021 10:44:58.363, 4.15596e+0, 1.66407e-4, 9.76125e+1, 2.47630e-2, 1.83226e+0, 2.20062e-3, 1.64998e+4, 1.45417e+2, 4.12203e+2, 4.92763e-1, 1.86300e+0, 2.35545e-3, 4.19119e+2, 5.07735e-1, 4.97676e+2, 1.32598e+0, 2.53368e+1, 9.71096e-3, 2.69589e+1, 6.49856e-3, 2.77972e+0, 4.31684e-4, 2.75222e+0, 5.14967e-4, 2.00000e+1, 0.00000e+0, 1.30000e+1, 0.00000e+0, 3, 2, 
07/28/2021 10:45:03.393, 07/28/2021 10:45:03.337, 4.15633e+0, 1.19511e-4, 9.76675e+1, 1.77843e-2, 1.83038e+0, 9.29280e-4, 1.64387e+4, 1.62076e+2, 4.11987e+2, 6.90531e-1, 1.86097e+0, 1.08339e-3, 4.18873e+2, 6.78982e-1, 4.97765e+2, 1.33042e+0, 2.53106e+1, 1.37312e-2, 2.70005e+1, 1.68223e-2, 2.77970e+0, 3.28502e-4, 2.75285e+0, 4.26604e-4, 2.00000e+1, 0.00000e+0, 1.30000e+1, 0.00000e+0, 3, 2, 
07/28/2021 10:45:08.368, 07/28/2021 10:45:08.309, 4.15663e+0, 6.83068e-5, 9.77126e+1, 1.01647e-2, 1.83244e+0, 2.47235e-3, 1.63475e+4, 2.41350e+2, 4.12150e+2, 4.79248e-1, 1.86289e+0, 2.72025e-3, 4.19000e+2, 4.84870e-1, 4.97725e+2, 1.30540e+0, 2.53158e+1, 1.91367e-2, 2.70253e+1, 9.47075e-3, 2.77921e+0, 5.30744e-4, 2.75243e+0, 3.24934e-4, 2.00000e+1, 0.00000e+0, 1.30000e+1, 0.00000e+0, 3, 2, 
07/28/2021 10:45:13.337, 07/28/2021 10:45:13.281, 4.15682e+0, 1.02899e-4, 9.77411e+1, 1.53124e-2, 1.83316e+0, 2.16955e-3, 1.63617e+4, 1.85632e+2, 4.12103e+2, 8.38251e-1, 1.86365e+0, 2.45108e-3, 4.18958e+2, 8.86475e-1, 4.97545e+2, 1.23774e+0, 2.53236e+1, 1.33879e-3, 2.70519e+1, 7.64479e-3, 2.77973e+0, 7.30135e-4, 2.75242e+0, 3.07513e-4, 2.00000e+1, 0.00000e+0, 1.30000e+1, 0.00000e+0, 3, 2, 
07/28/2021 10:45:18.313, 07/28/2021 10:45:18.254, 4.15710e+0, 6.66889e-5, 9.77831e+1, 9.92394e-3, 1.83145e+0, 1.19776e-3, 1.63493e+4, 1.09305e+2, 4.12069e+2, 7.83759e-1, 1.86189e+0, 1.29073e-3, 4.18918e+2, 7.68500e-1, 4.97744e+2, 1.31190e+0, 2.53166e+1, 2.53167e-2, 2.70812e+1, 1.35035e-2, 2.77915e+0, 6.78120e-4, 2.75195e+0, 3.70707e-4, 2.00000e+1, 0.00000e+0, 1.30000e+1, 0.00000e+0, 3, 2, 
07/28/2021 10:45:23.281, 07/28/2021 10:45:23.227, 4.15734e+0, 5.51583e-5, 9.78182e+1, 8.20808e-3, 1.83183e+0, 2.93210e-3, 1.63024e+4, 2.16764e+2, 4.11860e+2, 1.06312e+0, 1.86219e+0, 3.23573e-3, 4.18686e+2, 1.12503e+0, 4.97728e+2, 1.21909e+0, 2.53206e+1, 1.94843e-3, 2.71133e+1, 8.36838e-3, 2.77910e+0, 6.52423e-4, 2.75260e+0, 5.44131e-4, 2.00000e+1, 0.00000e+0, 1.30000e+1, 0.00000e+0, 3, 2, 
07/28/2021 10:45:28.258, 07/28/2021 10:45:28.200, 4.15753e+0, 5.48525e-5, 9.78469e+1, 8.16258e-3, 1.83253e+0, 1.76208e-3, 1.63778e+4, 1.10368e+2, 4.12126e+2, 9.10883e-1, 1.86304e+0, 1.80567e-3, 4.18988e+2, 9.36648e-1, 4.97657e+2, 1.22506e+0, 2.53187e+1, 1.95834e-3, 2.71440e+1, 1.21268e-2, 2.77951e+0, 7.31402e-4, 2.75197e+0, 5.70111e-4, 2.00000e+1, 0.00000e+0, 1.30000e+1, 0.00000e+0, 3, 2, 
07/28/2021 10:45:33.230, 07/28/2021 10:45:33.172, 4.15772e+0, 6.78003e-5, 9.78747e+1, 1.00893e-2, 1.83232e+0, 2.25915e-3, 1.63541e+4, 2.11241e+2, 4.13307e+2, 9.51218e-1, 1.86278e+0, 2.62210e-3, 4.20179e+2, 9.87686e-1, 4.97641e+2, 1.25137e+0, 2.53134e+1, 1.13769e-3, 2.71829e+1, 1.24111e-2, 2.77922e+0, 5.04617e-4, 2.75221e+0, 3.61428e-4, 2.00000e+1, 0.00000e+0, 1.30000e+1, 0.00000e+0, 3, 2, 
07/28/2021 10:45:38.211, 07/28/2021 10:45:38.145, 4.15784e+0, 1.02280e-4, 9.78929e+1, 1.52202e-2, 1.83068e+0, 4.93621e-3, 1.62322e+4, 1.14227e+2, 4.14933e+2, 1.20744e+0, 1.86088e+0, 5.21302e-3, 4.21780e+2, 1.26267e+0, 4.97910e+2, 1.36808e+0, 2.52968e+1, 1.18052e-2, 2.72161e+1, 8.57327e-3, 2.77890e+0, 5.62349e-4, 2.75206e+0, 3.23829e-4, 2.00000e+1, 0.00000e+0, 1.30000e+1, 0.00000e+0, 3, 2, 
07/28/2021 10:45:43.180, 07/28/2021 10:45:43.118, 4.15802e+0, 4.13405e-5, 9.79193e+1, 6.15186e-3, 1.82933e+0, 2.54670e-3, 1.62301e+4, 1.93624e+2, 4.12734e+2, 9.75617e-1, 1.85951e+0, 2.40055e-3, 4.19543e+2, 9.72367e-1, 4.97808e+2, 1.38247e+0, 2.53036e+1, 2.90436e-3, 2.72366e+1, 1.17803e-2, 2.77955e+0, 3.41478e-4, 2.75226e+0, 7.81991e-4, 2.00000e+1, 0.00000e+0, 1.30000e+1, 0.00000e+0, 3, 2, 
07/28/2021 10:45:48.142, 07/28/2021 10:45:48.091, 4.15815e+0, 9.11284e-5, 9.79389e+1, 1.35608e-2, 1.83043e+0, 4.40007e-3, 1.63311e+4, 7.86893e+1, 4.15981e+2, 1.33054e+0, 1.86082e+0, 4.55943e-3, 4.22887e+2, 1.34816e+0, 4.97752e+2, 1.28270e+0, 2.52924e+1, 4.21937e-3, 2.72771e+1, 1.10381e-2, 2.77895e+0, 4.25833e-4, 2.75203e+0, 6.49312e-4, 2.00000e+1, 0.00000e+0, 1.30000e+1, 0.00000e+0, 3, 2, 
07/28/2021 10:45:53.121, 07/28/2021 10:45:53.064, 4.15834e+0, 9.89910e-5, 9.79672e+1, 1.47308e-2, 1.82893e+0, 2.69525e-3, 1.64345e+4, 2.41211e+2, 4.19466e+2, 1.29094e+0, 1.85949e+0, 2.88378e-3, 4.26475e+2, 1.33733e+0, 4.97625e+2, 1.25465e+0, 2.52800e+1, 5.43673e-3, 2.73115e+1, 1.37608e-2, 2.77958e+0, 5.76682e-4, 2.75161e+0, 5.80053e-4, 2.00000e+1, 0.00000e+0, 1.30000e+1, 0.00000e+0, 3, 1, 
07/28/2021 10:45:58.090, 07/28/2021 10:45:58.037, 4.15845e+0, 4.10883e-5, 9.79835e+1, 6.11434e-3, 1.82960e+0, 2.16480e-3, 1.62984e+4, 9.09491e+1, 4.19109e+2, 6.33259e-1, 1.85991e+0, 2.28475e-3, 4.26053e+2, 6.36605e-1, 4.97649e+2, 1.29960e+0, 2.52651e+1, 3.07153e-3, 2.73414e+1, 1.35071e-2, 2.77919e+0, 4.27562e-4, 2.75158e+0, 5.46378e-4, 2.00000e+1, 0.00000e+0, 1.30000e+1, 0.00000e+0, 3, 1, 
07/28/2021 10:46:03.065, 07/28/2021 10:46:03.009, 4.15853e+0, 3.44588e-5, 9.79954e+1, 5.12780e-3, 1.83129e+0, 2.32878e-3, 1.63058e+4, 1.67964e+2, 4.17613e+2, 5.37571e-1, 1.86164e+0, 2.61222e-3, 4.24535e+2, 5.47151e-1, 4.97572e+2, 1.30612e+0, 2.52627e+1, 6.95213e-3, 2.73793e+1, 1.19143e-2, 2.77967e+0, 5.41579e-4, 2.75179e+0, 3.50622e-4, 2.00000e+1, 0.00000e+0, 1.30000e+1, 0.00000e+0, 3, 1, 
07/28/2021 10:46:08.041, 07/28/2021 10:46:07.982, 4.15863e+0, 5.22178e-5, 9.80111e+1, 7.77050e-3, 1.82978e+0, 2.96708e-3, 1.61288e+4, 1.04620e+2, 4.16047e+2, 5.81624e-1, 1.85977e+0, 3.10803e-3, 4.22867e+2, 6.25151e-1, 4.97718e+2, 1.41521e+0, 2.52624e+1, 1.59245e-3, 2.74044e+1, 7.52399e-3, 2.77869e+0, 5.07523e-4, 2.75185e+0, 6.14899e-4, 2.00000e+1, 0.00000e+0, 1.30000e+1, 0.00000e+0, 3, 1, 
07/28/2021 10:46:13.006, 07/28/2021 10:46:12.955, 4.15871e+0, 5.84756e-5, 9.80218e+1, 8.70172e-3, 1.83001e+0, 3.13285e-3, 1.62810e+4, 7.02027e+1, 4.16115e+2, 3.46572e-1, 1.86030e+0, 3.16787e-3, 4.23002e+2, 3.69099e-1, 4.97578e+2, 1.26289e+0, 2.52746e+1, 1.18518e-2, 2.74319e+1, 1.57574e-2, 2.77839e+0, 5.47277e-4, 2.75139e+0, 4.76084e-4, 2.00000e+1, 0.00000e+0, 1.30000e+1, 0.00000e+0, 3, 1, 
07/28/2021 10:46:17.979, 07/28/2021 10:46:17.927, 4.15882e+0, 4.33878e-5, 9.80392e+1, 6.45652e-3, 1.83020e+0, 2.51747e-3, 1.63154e+4, 1.37741e+2, 4.15715e+2, 5.32471e-1, 1.86055e+0, 2.72682e-3, 4.22610e+2, 5.46900e-1, 4.97569e+2, 1.12358e+0, 2.52782e+1, 4.29175e-3, 2.74864e+1, 1.44276e-2, 2.77879e+0, 5.21635e-4, 2.75166e+0, 4.09452e-4, 2.00000e+1, 0.00000e+0, 1.30000e+1, 0.00000e+0, 3, 1, 
07/28/2021 10:46:22.960, 07/28/2021 10:46:22.900, 4.15893e+0, 5.62606e-5, 9.80545e+1, 8.37212e-3, 1.83029e+0, 2.12292e-3, 1.61513e+4, 1.95268e+2, 4.14565e+2, 7.60091e-1, 1.86034e+0, 2.35000e-3, 4.21370e+2, 8.09937e-1, 4.97686e+2, 1.23047e+0, 2.52867e+1, 1.28854e-2, 2.75264e+1, 1.09605e-2, 2.77852e+0, 4.18438e-4, 2.75138e+0, 2.49253e-4, 2.00000e+1, 0.00000e+0, 1.30000e+1, 0.00000e+0, 3, 1, 
07/28/2021 10:46:27.925, 07/28/2021 10:46:27.872, 4.15897e+0, 7.03743e-5, 9.80607e+1, 1.04724e-2, 1.83084e+0, 3.31817e-3, 1.61760e+4, 2.04902e+2, 4.14130e+2, 9.79079e-1, 1.86094e+0, 3.61619e-3, 4.20939e+2, 9.54297e-1, 4.97771e+2, 1.27618e+0, 2.53113e+1, 5.38075e-3, 2.75598e+1, 1.37460e-2, 2.77829e+0, 5.69278e-4, 2.75119e+0, 5.28217e-4, 2.00000e+1, 0.00000e+0, 1.30000e+1, 0.00000e+0, 3, 1, 
07/28/2021 10:46:32.904, 07/28/2021 10:46:32.845, 4.15904e+0, 6.52214e-5, 9.80717e+1, 9.70556e-3, 1.83050e+0, 1.63238e-3, 1.62093e+4, 1.34073e+2, 4.12548e+2, 6.34287e-1, 1.86066e+0, 1.82287e-3, 4.19345e+2, 6.37282e-1, 4.97707e+2, 1.26339e+0, 2.53154e+1, 2.48267e-3, 2.76050e+1, 1.18588e-2, 2.77828e+0, 6.17407e-4, 2.75110e+0, 3.02261e-4, 2.00000e+1, 0.00000e+0, 1.30000e+1, 0.00000e+0, 3, 1, 
07/28/2021 10:46:37.871, 07/28/2021 10:46:37.817, 4.15917e+0, 7.12231e-5, 9.80908e+1, 1.05987e-2, 1.83005e+0, 2.48253e-3, 1.62023e+4, 1.65525e+2, 4.11181e+2, 7.62525e-1, 1.86019e+0, 2.61302e-3, 4.17953e+2, 8.20123e-1, 4.97770e+2, 1.26192e+0, 2.52995e+1, 1.69367e-2, 2.76485e+1, 1.15685e-2, 2.77841e+0, 4.13970e-4, 2.75155e+0, 6.65916e-4, 2.00000e+1, 0.00000e+0, 1.30000e+1, 0.00000e+0, 3, 1, 
07/28/2021 10:46:42.848, 07/28/2021 10:46:42.791, 4.15921e+0, 4.55973e-5, 9.80972e+1, 6.78531e-3, 1.82988e+0, 1.87037e-3, 1.62299e+4, 1.59004e+2, 4.10005e+2, 1.53483e-1, 1.86007e+0, 1.96289e-3, 4.16770e+2, 1.68008e-1, 4.97872e+2, 1.23967e+0, 2.53112e+1, 1.27979e-2, 2.76772e+1, 9.43968e-3, 2.77824e+0, 5.99717e-4, 2.75099e+0, 3.43063e-4, 2.00000e+1, 0.00000e+0, 1.30000e+1, 0.00000e+0, 3, 1, 
07/28/2021 10:46:47.826, 07/28/2021 10:46:47.763, 4.15930e+0, 4.39560e-5, 9.81101e+1, 6.54107e-3, 1.82919e+0, 2.36947e-3, 1.61794e+4, 8.83533e+1, 4.10658e+2, 7.45947e-1, 1.85927e+0, 2.43471e-3, 4.17412e+2, 7.41690e-1, 4.97695e+2, 1.08899e+0, 2.53288e+1, 1.56453e-2, 2.77044e+1, 6.81489e-3, 2.77833e+0, 3.96473e-4, 2.75069e+0, 6.42798e-4, 2.00000e+1, 0.00000e+0, 1.30000e+1, 0.00000e+0, 3, 1, 
07/28/2021 10:46:52.799, 07/28/2021 10:46:52.736, 4.15934e+0, 7.18461e-5, 9.81164e+1, 1.06914e-2, 1.83076e+0, 2.78099e-3, 1.61858e+4, 1.62434e+2, 4.11303e+2, 6.15747e-1, 1.86088e+0, 3.05396e-3, 4.18070e+2, 6.79686e-1, 4.97614e+2, 1.24577e+0, 2.53227e+1, 4.94456e-3, 2.77361e+1, 1.25322e-2, 2.77836e+0, 7.61219e-4, 2.75116e+0, 5.91965e-4, 2.00000e+1, 0.00000e+0, 1.30000e+1, 0.00000e+0, 3, 1, 
07/28/2021 10:46:57.764, 07/28/2021 10:46:57.708, 4.15945e+0, 7.29989e-5, 9.81323e+1, 1.08629e-2, 1.83110e+0, 2.38054e-3, 1.60557e+4, 1.51345e+2, 4.13157e+2, 7.50682e-1, 1.86098e+0, 2.68663e-3, 4.19899e+2, 8.23445e-1, 4.97554e+2, 1.20925e+0, 2.53080e+1, 1.67338e-2, 2.77818e+1, 9.96317e-3, 2.77804e+0, 4.56586e-4, 2.75119e+0, 3.00254e-4, 2.00000e+1, 0.00000e+0, 1.30000e+1, 0.00000e+0, 3, 2, 
07/28/2021 10:47:02.741, 07/28/2021 10:47:02.681, 4.15946e+0, 4.89048e-5, 9.81339e+1, 7.27750e-3, 1.83056e+0, 2.69429e-3, 1.61521e+4, 1.71362e+2, 4.12794e+2, 1.11176e+0, 1.86061e+0, 2.94435e-3, 4.19572e+2, 1.19483e+0, 4.97497e+2, 1.29090e+0, 2.53297e+1, 1.56147e-2, 2.78146e+1, 1.56908e-2, 2.77793e+0, 4.38629e-4, 2.75074e+0, 3.99960e-4, 2.00000e+1, 0.00000e+0, 1.30000e+1, 0.00000e+0, 3, 2, 
07/28/2021 10:47:07.714, 07/28/2021 10:47:07.653, 4.15953e+0, 3.99950e-5, 9.81441e+1, 5.95163e-3, 1.83051e+0, 3.58289e-3, 1.62612e+4, 1.79549e+2, 4.12751e+2, 4.56128e-1, 1.86077e+0, 3.90236e-3, 4.19574e+2, 4.71705e-1, 4.97569e+2, 1.38156e+0, 2.53223e+1, 1.63296e-3, 2.78669e+1, 1.75791e-2, 2.77755e+0, 1.43538e-4, 2.75067e+0, 6.45384e-4, 2.00000e+1, 0.00000e+0, 1.30000e+1, 0.00000e+0, 3, 2, 
07/28/2021 10:47:12.684, 07/28/2021 10:47:12.627, 4.15956e+0, 4.19962e-5, 9.81487e+1, 6.24944e-3, 1.83091e+0, 1.16038e-3, 1.61534e+4, 1.89568e+2, 4.12051e+2, 5.12369e-1, 1.86097e+0, 1.31451e-3, 4.18816e+2, 5.75526e-1, 4.97578e+2, 1.10673e+0, 2.52988e+1, 1.26754e-2, 2.79023e+1, 1.16277e-2, 2.77828e+0, 7.70551e-4, 2.75023e+0, 5.28652e-4, 2.00000e+1, 0.00000e+0, 1.30000e+1, 0.00000e+0, 3, 2, 
07/28/2021 10:47:17.656, 07/28/2021 10:47:17.600, 4.15968e+0, 4.62720e-5, 9.81662e+1, 6.88571e-3, 1.83007e+0, 3.10854e-3, 1.61266e+4, 1.10733e+2, 4.12143e+2, 5.30767e-1, 1.86006e+0, 3.30720e-3, 4.18898e+2, 5.79107e-1, 4.97738e+2, 1.20557e+0, 2.53259e+1, 1.90357e-3, 2.79415e+1, 1.06568e-2, 2.77793e+0, 7.62868e-4, 2.75021e+0, 6.74571e-4, 2.00000e+1, 0.00000e+0, 1.30000e+1, 0.00000e+0, 3, 2, 
07/28/2021 10:47:22.627, 07/28/2021 10:47:22.573, 4.15973e+0, 2.58661e-5, 9.81735e+1, 3.84912e-3, 1.83112e+0, 3.15826e-3, 1.60434e+4, 1.04971e+2, 4.11322e+2, 6.62465e-1, 1.86097e+0, 3.22998e-3, 4.18029e+2, 6.49068e-1, 4.97555e+2, 1.24643e+0, 2.53286e+1, 2.47974e-3, 2.79664e+1, 8.88274e-3, 2.77807e+0, 5.79050e-4, 2.75042e+0, 4.09283e-4, 2.00000e+1, 0.00000e+0, 1.30000e+1, 0.00000e+0, 3, 2, 
07/28/2021 10:47:27.599, 07/28/2021 10:47:27.544, 4.15979e+0, 5.53537e-5, 9.81828e+1, 8.23716e-3, 1.83112e+0, 3.06150e-3, 1.61314e+4, 1.53599e+2, 4.12436e+2, 8.44929e-1, 1.86115e+0, 3.37208e-3, 4.19199e+2, 9.07108e-1, 4.97650e+2, 1.26487e+0, 2.53387e+1, 1.36047e-2, 2.79937e+1, 9.81942e-3, 2.77795e+0, 5.20682e-4, 2.75041e+0, 6.44275e-4, 2.00000e+1, 0.00000e+0, 1.30000e+1, 0.00000e+0, 3, 2, 
07/28/2021 10:47:32.574, 07/28/2021 10:47:32.518, 4.15988e+0, 3.86700e-5, 9.81968e+1, 5.75447e-3, 1.83125e+0, 2.92875e-3, 1.61126e+4, 1.02993e+2, 4.10712e+2, 9.08163e-1, 1.86124e+0, 3.10580e-3, 4.17438e+2, 9.28597e-1, 4.97654e+2, 1.25535e+0, 2.53193e+1, 1.84163e-2, 2.80321e+1, 2.14584e-2, 2.77791e+0, 3.51080e-4, 2.75060e+0, 3.99156e-4, 2.00000e+1, 0.00000e+0, 1.30000e+1, 0.00000e+0, 3, 2, 
07/28/2021 10:47:37.545, 07/28/2021 10:47:37.491, 4.15991e+0, 4.90844e-5, 9.82005e+1, 7.30422e-3, 1.82969e+0, 3.06814e-3, 1.61835e+4, 1.73448e+2, 4.10026e+2, 1.13058e+0, 1.85979e+0, 3.35748e-3, 4.16771e+2, 1.17698e+0, 4.97833e+2, 1.33806e+0, 2.53338e+1, 1.79538e-3, 2.80904e+1, 1.63819e-2, 2.77818e+0, 7.14266e-4, 2.75035e+0, 3.72793e-4, 2.00000e+1, 0.00000e+0, 1.30000e+1, 0.00000e+0, 3, 2, 
07/28/2021 10:47:42.516, 07/28/2021 10:47:42.462, 4.15991e+0, 5.48089e-5, 9.82015e+1, 8.15609e-3, 1.83036e+0, 3.39915e-3, 1.61556e+4, 1.32902e+2, 4.10884e+2, 5.63558e-1, 1.86041e+0, 3.66822e-3, 4.17631e+2, 5.66361e-1, 4.97703e+2, 1.31046e+0, 2.53349e+1, 1.37827e-3, 2.81234e+1, 8.41358e-3, 2.77799e+0, 5.33062e-4, 2.75001e+0, 6.82423e-4, 2.00000e+1, 0.00000e+0, 1.30000e+1, 0.00000e+0, 3, 2, 
07/28/2021 10:47:47.490, 07/28/2021 10:47:47.435, 4.15996e+0, 2.78638e-5, 9.82085e+1, 4.14640e-3, 1.83282e+0, 2.12928e-3, 1.61552e+4, 9.51921e+1, 4.12420e+2, 5.13878e-1, 1.86291e+0, 2.21486e-3, 4.19192e+2, 5.42711e-1, 4.97526e+2, 1.07140e+0, 2.53092e+1, 2.45286e-2, 2.81644e+1, 1.02178e-2, 2.77786e+0, 9.68745e-4, 2.74952e+0, 6.67468e-4, 2.00000e+1, 0.00000e+0, 1.30000e+1, 0.00000e+0, 3, 2, 
07/28/2021 10:47:52.474, 07/28/2021 10:47:52.409, 4.16004e+0, 3.71676e-5, 9.82203e+1, 5.53090e-3, 1.83036e+0, 3.41546e-3, 1.61511e+4, 1.30580e+2, 4.11551e+2, 6.20335e-1, 1.86041e+0, 3.52107e-3, 4.18307e+2, 6.49131e-1, 4.97471e+2, 1.12503e+0, 2.53298e+1, 1.24319e-2, 2.81980e+1, 1.36538e-2, 2.77751e+0, 4.76499e-4, 2.75028e+0, 4.69564e-4, 2.00000e+1, 0.00000e+0, 1.30000e+1, 0.00000e+0, 3, 2, 
07/28/2021 10:47:57.435, 07/28/2021 10:47:57.381, 4.16008e+0, 3.52660e-5, 9.82255e+1, 5.24791e-3, 1.83082e+0, 3.08910e-3, 1.62042e+4, 1.84605e+2, 4.10697e+2, 6.27802e-1, 1.86097e+0, 3.17815e-3, 4.17462e+2, 6.22517e-1, 4.97566e+2, 1.31118e+0, 2.53320e+1, 2.01032e-3, 2.82389e+1, 1.52521e-2, 2.77761e+0, 5.80100e-4, 2.75010e+0, 4.76699e-4, 2.00000e+1, 0.00000e+0, 1.30000e+1, 0.00000e+0, 3, 1, 
07/28/2021 10:48:02.412, 07/28/2021 10:48:02.354, 4.16007e+0, 1.23645e-5, 9.82254e+1, 1.83995e-3, 1.83014e+0, 3.36630e-3, 1.62448e+4, 2.40091e+2, 4.09062e+2, 1.40409e+0, 1.86036e+0, 3.85298e-3, 4.15817e+2, 1.47565e+0, 4.97531e+2, 1.39521e+0, 2.53277e+1, 2.87499e-3, 2.82770e+1, 1.06164e-2, 2.77755e+0, 6.42321e-4, 2.75034e+0, 7.55980e-4, 2.00000e+1, 0.00000e+0, 1.30000e+1, 0.00000e+0, 3, 1, 
07/28/2021 10:48:07.383, 07/28/2021 10:48:07.326, 4.16015e+0, 1.97778e-5, 9.82363e+1, 2.94312e-3, 1.83037e+0, 2.52273e-3, 1.62027e+4, 5.36896e+1, 4.08348e+2, 9.61899e-1, 1.86051e+0, 2.54756e-3, 4.15073e+2, 9.89729e-1, 4.97408e+2, 1.26328e+0, 2.53164e+1, 6.24792e-3, 2.83145e+1, 1.01815e-2, 2.77794e+0, 2.41284e-4, 2.75005e+0, 7.41244e-5, 2.00000e+1, 0.00000e+0, 1.30000e+1, 0.00000e+0, 3, 1, 
07/28/2021 10:48:12.360, 07/28/2021 10:48:12.299, 4.16020e+0, 2.14501e-5, 9.82433e+1, 3.19198e-3, 1.83077e+0, 2.01610e-3, 1.62247e+4, 1.13408e+2, 4.08062e+2, 6.21818e-1, 1.86097e+0, 2.13062e-3, 4.14792e+2, 6.51767e-1, 4.97524e+2, 1.23456e+0, 2.53088e+1, 5.74509e-3, 2.83561e+1, 1.81052e-2, 2.77765e+0, 8.12568e-4, 2.75018e+0, 8.50925e-4, 2.00000e+1, 0.00000e+0, 1.30000e+1, 0.00000e+0, 3, 1, 
07/28/2021 10:48:17.333, 07/28/2021 10:48:17.273, 4.16023e+0, 3.87904e-5, 9.82490e+1, 5.77238e-3, 1.83065e+0, 2.42297e-3, 1.61639e+4, 9.79339e+1, 4.10484e+2, 1.20587e+0, 1.86072e+0, 2.56185e-3, 4.17228e+2, 1.25998e+0, 4.97574e+2, 1.03507e+0, 2.53044e+1, 1.77796e-3, 2.83903e+1, 1.15133e-2, 2.77678e+0, 4.79115e-4, 2.75020e+0, 5.94453e-4, 2.00000e+1, 0.00000e+0, 1.30000e+1, 0.00000e+0, 3, 1, 
07/28/2021 10:48:22.303, 07/28/2021 10:48:22.245, 4.16026e+0, 2.95366e-5, 9.82525e+1, 4.39532e-3, 1.82985e+0, 3.03285e-3, 1.62127e+4, 1.35356e+2, 4.12399e+2, 1.62966e+0, 1.86001e+0, 3.25339e-3, 4.19195e+2, 1.71307e+0, 4.97458e+2, 1.15185e+0, 2.53089e+1, 2.06739e-3, 2.84291e+1, 1.11113e-2, 2.77707e+0, 6.08905e-4, 2.75033e+0, 2.17444e-4, 2.00000e+1, 0.00000e+0, 1.30000e+1, 0.00000e+0, 3, 1, 
07/28/2021 10:48:27.273, 07/28/2021 10:48:27.217, 4.16021e+0, 7.30725e-5, 9.82455e+1, 1.08739e-2, 1.82987e+0, 2.43775e-3, 1.61608e+4, 7.45044e+1, 4.15005e+2, 6.86905e-1, 1.85993e+0, 2.59172e-3, 4.21822e+2, 7.28370e-1, 4.97422e+2, 1.36820e+0, 2.53160e+1, 2.93919e-3, 2.84614e+1, 1.28846e-2, 2.77742e+0, 4.94885e-4, 2.75011e+0, 5.58216e-4, 2.00000e+1, 0.00000e+0, 1.30000e+1, 0.00000e+0, 3, 1, 
07/28/2021 10:48:32.246, 07/28/2021 10:48:32.189, 4.16030e+0, 2.37456e-5, 9.82592e+1, 3.53358e-3, 1.83036e+0, 3.80120e-3, 1.62582e+4, 1.49582e+2, 4.12955e+2, 7.59447e-1, 1.86061e+0, 4.01335e-3, 4.19780e+2, 7.88299e-1, 4.97496e+2, 1.15720e+0, 2.53209e+1, 2.73000e-3, 2.85089e+1, 1.45573e-2, 2.77809e+0, 3.23883e-4, 2.74989e+0, 2.95167e-4, 2.00000e+1, 0.00000e+0, 1.30000e+1, 0.00000e+0, 3, 1, 
07/28/2021 10:48:37.219, 07/28/2021 10:48:37.162, 4.16032e+0, 3.76278e-5, 9.82623e+1, 5.59938e-3, 1.83213e+0, 2.54329e-3, 1.62361e+4, 5.09958e+1, 4.10954e+2, 1.04248e+0, 1.86237e+0, 2.63708e-3, 4.17736e+2, 1.07204e+0, 4.97393e+2, 1.29184e+0, 2.53596e+1, 2.55016e-2, 2.85711e+1, 2.11922e-2, 2.77700e+0, 6.68511e-4, 2.74993e+0, 5.55869e-4, 2.00000e+1, 0.00000e+0, 1.30000e+1, 0.00000e+0, 3, 1, 
07/28/2021 10:48:42.193, 07/28/2021 10:48:42.136, 4.16034e+0, 1.28354e-5, 9.82646e+1, 1.91003e-3, 1.83060e+0, 3.69170e-3, 1.62668e+4, 5.81117e+1, 4.10291e+2, 6.66433e-1, 1.86087e+0, 3.72249e-3, 4.17075e+2, 6.54621e-1, 4.97726e+2, 1.42686e+0, 2.53618e+1, 4.32645e-3, 2.86179e+1, 1.13770e-2, 2.77807e+0, 2.03402e-4, 2.74985e+0, 5.93620e-4, 2.00000e+1, 0.00000e+0, 1.30000e+1, 0.00000e+0, 3, 1, 
07/28/2021 10:48:47.162, 07/28/2021 10:48:47.109, 4.16038e+0, 2.69926e-5, 9.82704e+1, 4.01675e-3, 1.83281e+0, 3.51671e-3, 1.62801e+4, 1.09844e+2, 4.23200e+2, 4.97212e+0, 1.86315e+0, 3.68255e-3, 4.30204e+2, 5.08311e+0, 4.97532e+2, 1.34402e+0, 2.53690e+1, 1.21413e-2, 2.86624e+1, 1.67413e-2, 2.77743e+0, 4.94184e-4, 2.74978e+0, 3.06800e-4, 2.00000e+1, 0.00000e+0, 1.30000e+1, 0.00000e+0, 3, 1, 
07/28/2021 10:48:52.143, 07/28/2021 10:48:52.081, 4.16047e+0, 3.61745e-5, 9.82846e+1, 5.38311e-3, 1.83314e+0, 2.04452e-3, 1.62074e+4, 2.18692e+2, 4.31978e+2, 1.18967e+0, 1.86334e+0, 2.44076e-3, 4.39095e+2, 1.25321e+0, 4.97484e+2, 1.20276e+0, 2.53645e+1, 1.74209e-2, 2.87096e+1, 1.72263e-2, 2.77758e+0, 4.43215e-4, 2.74980e+0, 4.50014e-4, 2.00000e+1, 0.00000e+0, 1.30000e+1, 0.00000e+0, 3, 1, 
07/28/2021 10:48:57.114, 07/28/2021 10:48:57.054, 4.16042e+0, 2.57418e-5, 9.82765e+1, 3.83062e-3, 1.83247e+0, 3.06257e-3, 1.61559e+4, 7.55264e+1, 4.30154e+2, 1.60431e+0, 1.86256e+0, 3.17688e-3, 4.37218e+2, 1.65099e+0, 4.97530e+2, 1.14621e+0, 2.53876e+1, 3.67428e-3, 2.87482e+1, 1.67885e-2, 2.77766e+0, 3.13254e-4, 2.74977e+0, 3.72520e-4, 2.00000e+1, 0.00000e+0, 1.30000e+1, 0.00000e+0, 3, 2, 
07/28/2021 10:49:02.088, 07/28/2021 10:49:02.026, 4.16045e+0, 4.49853e-5, 9.82808e+1, 6.69424e-3, 1.83208e+0, 2.14654e-3, 1.62114e+4, 2.17984e+2, 4.38174e+2, 1.41194e+0, 1.86227e+0, 2.43610e-3, 4.45395e+2, 1.45703e+0, 4.97307e+2, 1.28358e+0, 2.53862e+1, 1.24379e-2, 2.87976e+1, 1.32359e-2, 2.77746e+0, 5.50616e-4, 2.74964e+0, 3.74661e-4, 2.00000e+1, 0.00000e+0, 1.30000e+1, 0.00000e+0, 3, 2, 
07/28/2021 10:49:07.056, 07/28/2021 10:49:06.998, 4.16054e+0, 4.46281e-5, 9.82946e+1, 6.64109e-3, 1.83078e+0, 2.86085e-3, 1.61870e+4, 1.50754e+2, 4.38965e+2, 2.23537e+0, 1.86090e+0, 2.92616e-3, 4.46187e+2, 2.26035e+0, 4.97238e+2, 1.30000e+0, 2.53787e+1, 1.19597e-2, 2.88468e+1, 1.12841e-2, 2.77769e+0, 5.26852e-4, 2.74932e+0, 2.78105e-4, 2.00000e+1, 0.00000e+0, 1.30000e+1, 0.00000e+0, 3, 2, 
07/28/2021 10:49:12.036, 07/28/2021 10:49:11.971, 4.16060e+0, 3.98241e-5, 9.83036e+1, 5.92620e-3, 1.83398e+0, 4.38423e-3, 1.61910e+4, 1.80362e+2, 4.53590e+2, 3.13059e+0, 1.86416e+0, 4.73488e-3, 4.61055e+2, 3.18703e+0, 4.97368e+2, 1.39667e+0, 2.54022e+1, 1.93616e-3, 2.88894e+1, 1.64049e-2, 2.77761e+0, 2.46595e-4, 2.74983e+0, 7.27429e-4, 2.00000e+1, 0.00000e+0, 1.30000e+1, 0.00000e+0, 3, 2, 
07/28/2021 10:49:16.998, 07/28/2021 10:49:16.945, 4.16059e+0, 3.48957e-5, 9.83021e+1, 5.19282e-3, 1.83370e+0, 2.69271e-3, 1.61818e+4, 1.52789e+2, 4.36675e+2, 7.12736e+0, 1.86386e+0, 2.68419e-3, 4.43857e+2, 7.20330e+0, 4.97317e+2, 1.31545e+0, 2.54075e+1, 2.35405e-3, 2.89318e+1, 1.59949e-2, 2.77733e+0, 8.99278e-4, 2.74950e+0, 7.38854e-4, 2.00000e+1, 0.00000e+0, 1.30000e+1, 0.00000e+0, 3, 2, 
07/28/2021 10:49:21.976, 07/28/2021 10:49:21.917, 4.16063e+0, 4.33289e-5, 9.83080e+1, 6.44775e-3, 1.83437e+0, 2.61306e-3, 1.61632e+4, 1.21081e+2, 4.22058e+2, 2.63214e+0, 1.86450e+0, 2.84113e-3, 4.28991e+2, 2.64310e+0, 4.97433e+2, 1.32546e+0, 2.54064e+1, 1.10959e-2, 2.89904e+1, 2.09540e-2, 2.77736e+0, 5.34085e-4, 2.74952e+0, 4.05294e-4, 2.00000e+1, 0.00000e+0, 1.30000e+1, 0.00000e+0, 3, 2, 
07/28/2021 10:49:26.941, 07/28/2021 10:49:26.889, 4.16071e+0, 5.77355e-5, 9.83193e+1, 8.59159e-3, 1.83514e+0, 1.67754e-3, 1.61255e+4, 1.20253e+2, 4.17750e+2, 7.73495e-1, 1.86522e+0, 1.84422e-3, 4.24597e+2, 8.00768e-1, 4.97291e+2, 1.14271e+0, 2.54153e+1, 3.12308e-2, 2.90499e+1, 1.34468e-2, 2.77741e+0, 7.03436e-4, 2.74941e+0, 7.34585e-4, 2.00000e+1, 0.00000e+0, 1.30000e+1, 0.00000e+0, 3, 2, 
07/28/2021 10:49:31.940, 07/28/2021 10:49:31.869, 4.16066e+0, 3.05121e-5, 9.83122e+1, 4.54049e-3, 1.83292e+0, 3.29740e-3, 1.61321e+4, 2.05859e+2, 4.16665e+2, 8.75189e-1, 1.86297e+0, 3.72661e-3, 4.23497e+2, 9.15770e-1, 4.97464e+2, 1.19602e+0, 2.54275e+1, 5.34559e-3, 2.91093e+1, 2.00006e-2, 2.77758e+0, 1.17183e-3, 2.74998e+0, 1.15392e-3, 2.00000e+1, 0.00000e+0, 1.30000e+1, 0.00000e+0, 3, 2, 
07/28/2021 10:49:36.900, 07/28/2021 10:49:36.841, 4.16070e+0, 2.85030e-5, 9.83178e+1, 4.24151e-3, 1.83414e+0, 1.85935e-3, 1.62131e+4, 1.40228e+2, 4.17287e+2, 8.90540e-1, 1.86436e+0, 2.08804e-3, 4.24165e+2, 9.48376e-1, 4.97413e+2, 1.10142e+0, 2.54292e+1, 2.98601e-3, 2.91712e+1, 1.72415e-2, 2.77681e+0, 3.84962e-4, 2.74933e+0, 5.32958e-4, 2.00000e+1, 0.00000e+0, 1.30000e+1, 0.00000e+0, 3, 2, 
07/28/2021 10:49:41.868, 07/28/2021 10:49:41.815, 4.16074e+0, 4.32446e-5, 9.83248e+1, 6.43521e-3, 1.83437e+0, 1.92214e-3, 1.61757e+4, 5.85793e+1, 4.19520e+2, 7.20226e-1, 1.86453e+0, 2.04748e-3, 4.26417e+2, 7.33278e-1, 4.97313e+2, 1.30841e+0, 2.54250e+1, 1.56224e-2, 2.92277e+1, 1.87930e-2, 2.77654e+0, 6.47221e-4, 2.74957e+0, 4.73606e-4, 2.00000e+1, 0.00000e+0, 1.30000e+1, 0.00000e+0, 3, 2, 
07/28/2021 10:49:46.847, 07/28/2021 10:49:46.786, 4.16079e+0, 2.22031e-5, 9.83313e+1, 3.30403e-3, 1.83511e+0, 3.27622e-3, 1.61650e+4, 9.78753e+1, 4.19685e+2, 9.44715e-1, 1.86526e+0, 3.50508e-3, 4.26581e+2, 9.95668e-1, 4.97416e+2, 1.43939e+0, 2.54403e+1, 3.00502e-3, 2.92813e+1, 2.30548e-2, 2.77690e+0, 7.82959e-4, 2.74933e+0, 6.19900e-4, 2.00000e+1, 0.00000e+0, 1.30000e+1, 0.00000e+0, 3, 2, 
07/28/2021 10:49:51.818, 07/28/2021 10:49:51.759, 4.16083e+0, 4.03075e-5, 9.83379e+1, 5.99814e-3, 1.83386e+0, 1.87516e-3, 1.61691e+4, 6.20661e+1, 4.16516e+2, 2.03898e+0, 1.86400e+0, 1.83198e-3, 4.23362e+2, 2.05951e+0, 4.97413e+2, 1.32330e+0, 2.54484e+1, 4.06886e-3, 2.93474e+1, 1.35986e-2, 2.77719e+0, 6.72431e-4, 2.74999e+0, 1.69542e-4, 2.00000e+1, 0.00000e+0, 1.30000e+1, 0.00000e+0, 3, 2, 
07/28/2021 10:49:56.790, 07/28/2021 10:49:56.732, 4.16087e+0, 1.86649e-5, 9.83438e+1, 2.77752e-3, 1.83371e+0, 2.85654e-3, 1.60840e+4, 2.27659e+2, 4.13527e+2, 1.15279e+0, 1.86369e+0, 3.11269e-3, 4.20287e+2, 1.23392e+0, 4.97355e+2, 1.17703e+0, 2.54482e+1, 1.37426e-2, 2.93941e+1, 2.08001e-2, 2.77715e+0, 5.90527e-4, 2.74960e+0, 5.94151e-4, 2.00000e+1, 0.00000e+0, 1.30000e+1, 0.00000e+0, 3, 1, 
07/28/2021 10:50:01.766, 07/28/2021 10:50:01.705, 4.16091e+0, 1.75442e-5, 9.83494e+1, 2.61074e-3, 1.83435e+0, 2.86223e-3, 1.61138e+4, 2.79823e+2, 4.13107e+2, 4.72761e-1, 1.86439e+0, 3.41183e-3, 4.19872e+2, 5.10361e-1, 4.97459e+2, 1.23676e+0, 2.54521e+1, 1.39332e-2, 2.94421e+1, 1.53997e-2, 2.77679e+0, 7.54552e-4, 2.74914e+0, 7.27108e-4, 2.00000e+1, 0.00000e+0, 1.30000e+1, 0.00000e+0, 3, 1, 
07/28/2021 10:50:06.732, 07/28/2021 10:50:06.677, 4.16090e+0, 4.79333e-5, 9.83476e+1, 7.13294e-3, 1.83304e+0, 2.10093e-3, 1.62265e+4, 1.19655e+2, 4.12311e+2, 8.42288e-1, 1.86327e+0, 2.34541e-3, 4.19112e+2, 8.72823e-1, 4.97818e+2, 1.30834e+0, 2.54612e+1, 6.69539e-4, 2.94941e+1, 1.69616e-2, 2.77755e+0, 4.12156e-4, 2.74920e+0, 3.94158e-4, 2.00000e+1, 0.00000e+0, 1.30000e+1, 0.00000e+0, 3, 1, 
07/28/2021 10:50:11.725, 07/28/2021 10:50:11.650, 4.16094e+0, 7.93426e-5, 9.83547e+1, 1.18069e-2, 1.83374e+0, 2.63360e-3, 1.61937e+4, 2.36663e+2, 4.11199e+2, 1.03728e+0, 1.86393e+0, 2.85368e-3, 4.17967e+2, 1.13210e+0, 4.97661e+2, 1.26356e+0, 2.54628e+1, 1.46719e-3, 2.95394e+1, 1.82888e-2, 2.77697e+0, 6.98153e-4, 2.74932e+0, 2.74313e-4, 2.00000e+1, 0.00000e+0, 1.30000e+1, 0.00000e+0, 3, 1, 
07/28/2021 10:50:16.682, 07/28/2021 10:50:16.623, 4.16098e+0, 5.95762e-5, 9.83597e+1, 8.86550e-3, 1.83340e+0, 2.60031e-3, 1.61726e+4, 2.17100e+2, 4.11340e+2, 8.56181e-1, 1.86354e+0, 3.03043e-3, 4.18102e+2, 9.54459e-1, 4.97675e+2, 1.25126e+0, 2.54584e+1, 9.36087e-3, 2.95827e+1, 1.45367e-2, 2.77698e+0, 3.05444e-4, 2.74916e+0, 4.04390e-4, 2.00000e+1, 0.00000e+0, 1.30000e+1, 0.00000e+0, 3, 1, 
07/28/2021 10:50:21.676, 07/28/2021 10:50:21.597, 4.16103e+0, 1.88635e-5, 9.83677e+1, 2.80707e-3, 1.83660e+0, 2.35094e-3, 1.62327e+4, 8.77892e+1, 4.11088e+2, 5.45914e-1, 1.86690e+0, 2.32151e-3, 4.17871e+2, 5.42244e-1, 4.97674e+2, 9.72071e-1, 2.54724e+1, 1.60660e-2, 2.96275e+1, 9.63782e-3, 2.77609e+0, 2.84765e-4, 2.74853e+0, 3.85090e-4, 2.00000e+1, 0.00000e+0, 1.30000e+1, 0.00000e+0, 3, 1, 
07/28/2021 10:50:26.648, 07/28/2021 10:50:26.568, 4.16101e+0, 8.28072e-5, 9.83651e+1, 1.23225e-2, 1.83440e+0, 1.82250e-3, 1.62648e+4, 2.36155e+2, 4.10349e+2, 6.51885e-1, 1.86473e+0, 2.11763e-3, 4.17133e+2, 6.77089e-1, 4.97640e+2, 1.14430e+0, 2.54503e+1, 6.89628e-3, 2.96570e+1, 1.64944e-2, 2.77638e+0, 2.07293e-4, 2.74885e+0, 2.79417e-4, 2.00000e+1, 0.00000e+0, 1.30000e+1, 0.00000e+0, 3, 1, 
07/28/2021 10:50:31.597, 07/28/2021 10:50:31.541, 4.16108e+0, 2.54595e-5, 9.83757e+1, 3.78862e-3, 1.83425e+0, 2.30868e-3, 1.62222e+4, 2.15463e+2, 4.10442e+2, 8.28113e-1, 1.86449e+0, 2.66804e-3, 4.17210e+2, 8.83894e-1, 4.97655e+2, 1.32277e+0, 2.54482e+1, 1.42827e-3, 2.96968e+1, 9.81745e-3, 2.77650e+0, 3.06489e-4, 2.74902e+0, 7.41751e-4, 2.00000e+1, 0.00000e+0, 1.30000e+1, 0.00000e+0, 3, 1, 
07/28/2021 10:50:36.577, 07/28/2021 10:50:36.514, 4.16108e+0, 3.33073e-5, 9.83748e+1, 4.95645e-3, 1.83472e+0, 2.94002e-3, 1.62711e+4, 2.98026e+2, 4.09867e+2, 6.77826e-1, 1.86506e+0, 3.52477e-3, 4.16647e+2, 7.79139e-1, 4.97887e+2, 1.40280e+0, 2.54548e+1, 2.21572e-3, 2.97283e+1, 6.96706e-3, 2.77646e+0, 7.77232e-4, 2.74890e+0, 4.50620e-4, 2.00000e+1, 0.00000e+0, 1.30000e+1, 0.00000e+0, 3, 1, 
07/28/2021 10:50:41.548, 07/28/2021 10:50:41.487, 4.16113e+0, 2.89875e-5, 9.83818e+1, 4.31362e-3, 1.83355e+0, 2.63316e-3, 1.62149e+4, 1.10147e+2, 4.09685e+2, 8.40469e-1, 1.86377e+0, 2.73637e-3, 4.16438e+2, 8.70945e-1, 4.97761e+2, 1.31640e+0, 2.54618e+1, 2.92237e-3, 2.97604e+1, 1.33925e-2, 2.77600e+0, 4.87670e-4, 2.74848e+0, 5.84184e-4, 2.00000e+1, 0.00000e+0, 1.30000e+1, 0.00000e+0, 3, 1, 
07/28/2021 10:50:46.515, 07/28/2021 10:50:46.459, 4.16113e+0, 4.14506e-5, 9.83829e+1, 6.16825e-3, 1.83177e+0, 1.73541e-3, 1.61856e+4, 1.74025e+2, 4.09246e+2, 9.11026e-1, 1.86191e+0, 2.04417e-3, 4.15979e+2, 9.95031e-1, 4.97549e+2, 1.01833e+0, 2.54713e+1, 8.41885e-3, 2.98036e+1, 1.70155e-2, 2.77657e+0, 3.73676e-4, 2.74868e+0, 5.94908e-4, 2.00000e+1, 0.00000e+0, 1.30000e+1, 0.00000e+0, 3, 1, 
07/28/2021 10:50:51.490, 07/28/2021 10:50:51.432, 4.16116e+0, 7.53495e-5, 9.83868e+1, 1.12127e-2, 1.83194e+0, 2.78986e-3, 1.61408e+4, 2.07536e+2, 4.07632e+2, 4.37770e-1, 1.86200e+0, 3.16350e-3, 4.14319e+2, 3.66724e-1, 4.97698e+2, 1.24947e+0, 2.54932e+1, 7.40097e-3, 2.98537e+1, 1.43093e-2, 2.77640e+0, 7.94333e-4, 2.74874e+0, 4.69777e-4, 2.00000e+1, 0.00000e+0, 1.30000e+1, 0.00000e+0, 3, 1, 
07/28/2021 10:50:56.463, 07/28/2021 10:50:56.404, 4.16119e+0, 3.59455e-5, 9.83913e+1, 5.34904e-3, 1.83147e+0, 2.78872e-3, 1.62063e+4, 1.69275e+2, 4.08425e+2, 8.41473e-1, 1.86164e+0, 3.07776e-3, 4.15153e+2, 8.34732e-1, 4.97594e+2, 1.40010e+0, 2.55148e+1, 6.73436e-3, 2.98974e+1, 1.39388e-2, 2.77630e+0, 4.45246e-4, 2.74848e+0, 5.34758e-4, 2.00000e+1, 0.00000e+0, 1.30000e+1, 0.00000e+0, 3, 2, 
07/28/2021 10:51:01.442, 07/28/2021 10:51:01.384, 4.16117e+0, 3.32475e-5, 9.83891e+1, 4.94755e-3, 1.83368e+0, 2.56948e-3, 1.63427e+4, 2.84089e+2, 4.06819e+2, 8.73983e-1, 1.86415e+0, 3.03672e-3, 4.13578e+2, 9.35149e-1, 4.97662e+2, 1.23943e+0, 2.55165e+1, 1.06016e-2, 2.99274e+1, 1.21846e-2, 2.77648e+0, 4.04046e-4, 2.74889e+0, 4.53900e-4, 2.00000e+1, 0.00000e+0, 1.30000e+1, 0.00000e+0, 3, 2, 
07/28/2021 10:51:06.412, 07/28/2021 10:51:06.356, 4.16118e+0, 6.11112e-5, 9.83899e+1, 9.09392e-3, 1.83554e+0, 1.82925e-3, 1.62933e+4, 1.75515e+2, 4.04757e+2, 6.63073e-1, 1.86594e+0, 2.08759e-3, 4.11461e+2, 7.01359e-1, 4.97522e+2, 8.62543e-1, 2.55580e+1, 2.49985e-2, 2.99715e+1, 1.41558e-2, 2.77717e+0, 6.76286e-4, 2.74929e+0, 3.68072e-4, 2.00000e+1, 0.00000e+0, 1.30000e+1, 0.00000e+0, 3, 2, 
07/28/2021 10:51:11.384, 07/28/2021 10:51:11.330, 4.16122e+0, 4.46867e-5, 9.83958e+1, 6.64981e-3, 1.83216e+0, 2.25613e-3, 1.61383e+4, 1.46043e+2, 4.04558e+2, 2.11208e+0, 1.86221e+0, 2.53711e-3, 4.11194e+2, 2.16034e+0, 4.97732e+2, 9.47409e-1, 2.55530e+1, 3.42090e-3, 2.99942e+1, 3.17633e-3, 2.77662e+0, 9.23575e-4, 2.74895e+0, 3.49014e-4, 2.00000e+1, 0.00000e+0, 1.30000e+1, 0.00000e+0, 3, 2, 
07/28/2021 10:51:16.375, 07/28/2021 10:51:16.302, 4.16125e+0, 3.59376e-5, 9.83998e+1, 5.34786e-3, 1.83413e+0, 2.86018e-3, 1.62599e+4, 1.92937e+2, 4.13884e+2, 1.89029e+0, 1.86445e+0, 2.92340e-3, 4.20725e+2, 1.93845e+0, 4.97730e+2, 1.33503e+0, 2.55453e+1, 1.43228e-2, 3.00103e+1, 9.50263e-3, 2.77693e+0, 1.99053e-4, 2.74892e+0, 6.81708e-4, 2.00000e+1, 0.00000e+0, 1.30000e+1, 0.00000e+0, 3, 2, 
07/28/2021 10:51:21.332, 07/28/2021 10:51:21.275, 4.16125e+0, 4.54643e-5, 9.84003e+1, 6.76552e-3, 1.83411e+0, 4.49373e-3, 1.61534e+4, 1.58399e+2, 4.13750e+2, 1.13368e+0, 1.86423e+0, 4.65841e-3, 4.20543e+2, 1.17614e+0, 4.97709e+2, 1.40344e+0, 2.55530e+1, 1.85700e-2, 3.00408e+1, 1.15035e-2, 2.77661e+0, 6.28378e-4, 2.74878e+0, 5.95685e-4, 2.00000e+1, 0.00000e+0, 1.30000e+1, 0.00000e+0, 3, 2, 
07/28/2021 10:51:26.304, 07/28/2021 10:51:26.248, 4.16128e+0, 2.82026e-5, 9.84051e+1, 4.19682e-3, 1.83521e+0, 2.36165e-3, 1.63465e+4, 5.72418e+1, 4.12686e+2, 3.70635e-1, 1.86571e+0, 2.43310e-3, 4.19544e+2, 3.85133e-1, 4.97627e+2, 1.27292e+0, 2.55718e+1, 3.92746e-3, 3.00703e+1, 5.91687e-3, 2.77711e+0, 6.91078e-4, 2.74867e+0, 5.69436e-4, 2.00000e+1, 0.00000e+0, 1.30000e+1, 0.00000e+0, 3, 2, 
07/28/2021 10:51:31.280, 07/28/2021 10:51:31.220, 4.16128e+0, 2.99679e-5, 9.84046e+1, 4.45951e-3, 1.83460e+0, 2.52523e-3, 1.62345e+4, 1.51119e+2, 4.12130e+2, 5.36427e-1, 1.86488e+0, 2.67102e-3, 4.18931e+2, 6.01026e-1, 4.97668e+2, 1.07878e+0, 2.55807e+1, 2.57769e-3, 3.01033e+1, 5.70179e-3, 2.77713e+0, 2.55829e-4, 2.74869e+0, 5.56948e-4, 2.00000e+1, 0.00000e+0, 1.30000e+1, 0.00000e+0, 3, 2, 
07/28/2021 10:51:36.254, 07/28/2021 10:51:36.193, 4.16126e+0, 7.27510e-5, 9.84025e+1, 1.08260e-2, 1.83584e+0, 4.02300e-3, 1.62125e+4, 2.50891e+2, 4.11192e+2, 8.78674e-1, 1.86609e+0, 4.51072e-3, 4.17968e+2, 9.69299e-1, 4.97592e+2, 1.15273e+0, 2.55748e+1, 1.54672e-2, 3.01254e+1, 6.62843e-3, 2.77712e+0, 2.59258e-4, 2.74866e+0, 4.87530e-4, 2.00000e+1, 0.00000e+0, 1.30000e+1, 0.00000e+0, 3, 2, 
07/28/2021 10:51:41.221, 07/28/2021 10:51:41.165, 4.16132e+0, 2.75343e-5, 9.84102e+1, 4.09737e-3, 1.83307e+0, 3.44553e-3, 1.60978e+4, 1.11732e+2, 4.05609e+2, 2.16778e+0, 1.86306e+0, 3.65067e-3, 4.12245e+2, 2.22525e+0, 4.97321e+2, 1.36669e+0, 2.55800e+1, 1.61689e-2, 3.01499e+1, 1.89892e-2, 2.77670e+0, 5.39522e-4, 2.74876e+0, 3.58140e-4, 2.00000e+1, 0.00000e+0, 1.30000e+1, 0.00000e+0, 3, 2, 
07/28/2021 10:51:46.191, 07/28/2021 10:51:46.138, 4.16135e+0, 4.17756e-5, 9.84156e+1, 6.21661e-3, 1.83423e+0, 4.81659e-3, 1.61787e+4, 1.75873e+2, 4.05503e+2, 1.80815e+0, 1.86439e+0, 4.99741e-3, 4.12172e+2, 1.90048e+0, 4.97686e+2, 1.31838e+0, 2.55936e+1, 1.34006e-2, 3.01819e+1, 1.14358e-2, 2.77712e+0, 4.95686e-4, 2.74859e+0, 6.84076e-4, 2.00000e+1, 0.00000e+0, 1.30000e+1, 0.00000e+0, 3, 2, 
07/28/2021 10:51:51.171, 07/28/2021 10:51:51.111, 4.16136e+0, 4.96278e-5, 9.84172e+1, 7.38510e-3, 1.83434e+0, 1.38179e-3, 1.60436e+4, 1.70335e+2, 4.09553e+2, 1.54061e+0, 1.86425e+0, 1.47716e-3, 4.16231e+2, 1.62666e+0, 4.97767e+2, 1.03237e+0, 2.55972e+1, 1.24642e-2, 3.02064e+1, 9.84219e-3, 2.77651e+0, 7.27843e-4, 2.74912e+0, 6.61401e-4, 2.00000e+1, 0.00000e+0, 1.30000e+1, 0.00000e+0, 3, 2, 
07/28/2021 10:51:56.138, 07/28/2021 10:51:56.085, 4.16137e+0, 4.65674e-5, 9.84186e+1, 6.92967e-3, 1.83483e+0, 1.32628e-3, 1.62612e+4, 2.17994e+2, 4.11638e+2, 1.00097e+0, 1.86516e+0, 1.64343e-3, 4.18442e+2, 1.03351e+0, 4.97661e+2, 1.10011e+0, 2.56116e+1, 1.64321e-2, 3.02376e+1, 9.64767e-3, 2.77669e+0, 4.56718e-4, 2.74888e+0, 5.20411e-4, 2.00000e+1, 0.00000e+0, 1.30000e+1, 0.00000e+0, 3, 10, hhh
07/28/2021 10:52:01.118, 07/28/2021 10:52:01.057, 4.16139e+0, 4.53667e-5, 9.84215e+1, 6.75099e-3, 1.83483e+0, 2.32301e-3, 1.61388e+4, 1.59852e+2, 4.10304e+2, 9.64041e-1, 1.86493e+0, 2.46023e-3, 4.17035e+2, 9.41272e-1, 4.97650e+2, 1.29037e+0, 2.56252e+1, 3.05474e-3, 3.02658e+1, 9.26090e-3, 2.77685e+0, 5.33865e-4, 2.74922e+0, 4.63548e-4, 2.00000e+1, 0.00000e+0, 1.30000e+1, 0.00000e+0, 3, 1, 
07/28/2021 10:52:06.087, 07/28/2021 10:52:06.029, 4.16146e+0, 2.96371e-5, 9.84309e+1, 4.41028e-3, 1.83230e+0, 3.26171e-3, 1.60705e+4, 2.50214e+2, 4.09752e+2, 3.94073e-1, 1.86223e+0, 3.74289e-3, 4.16445e+2, 4.84794e-1, 4.98005e+2, 1.51401e+0, 2.56307e+1, 1.40306e-3, 3.03088e+1, 1.62475e-2, 2.77703e+0, 3.74928e-4, 2.74886e+0, 8.31269e-4, 2.00000e+1, 0.00000e+0, 1.30000e+1, 0.00000e+0, 3, 1, 
07/28/2021 10:52:11.064, 07/28/2021 10:52:11.002, 4.16143e+0, 1.70513e-5, 9.84271e+1, 2.53739e-3, 1.83545e+0, 2.34637e-3, 1.61408e+4, 2.58803e+2, 4.10887e+2, 4.39808e-1, 1.86556e+0, 2.63766e-3, 4.17628e+2, 4.99155e-1, 4.97678e+2, 9.75552e-1, 2.56311e+1, 1.23332e-2, 3.03409e+1, 1.12207e-2, 2.77636e+0, 5.14211e-4, 2.74840e+0, 5.93138e-4, 2.00000e+1, 0.00000e+0, 1.30000e+1, 0.00000e+0, 3, 1, 
07/28/2021 10:52:16.033, 07/28/2021 10:52:15.974, 4.16149e+0, 3.19942e-5, 9.84353e+1, 4.76104e-3, 1.83545e+0, 1.94693e-3, 1.61601e+4, 2.25768e+2, 4.10048e+2, 1.46878e+0, 1.86560e+0, 2.33377e-3, 4.16784e+2, 1.46063e+0, 4.97434e+2, 1.07945e+0, 2.56399e+1, 1.27962e-2, 3.03952e+1, 2.22975e-2, 2.77669e+0, 9.83930e-4, 2.74881e+0, 3.31294e-4, 2.00000e+1, 0.00000e+0, 1.30000e+1, 0.00000e+0, 3, 1, 
07/28/2021 10:52:21.004, 07/28/2021 10:52:20.947, 4.16147e+0, 2.30903e-5, 9.84335e+1, 3.43606e-3, 1.83388e+0, 1.27819e-3, 1.60540e+4, 1.20234e+2, 4.08630e+2, 5.35780e-1, 1.86380e+0, 1.45655e-3, 4.15298e+2, 5.48219e-1, 4.97514e+2, 1.27684e+0, 2.56528e+1, 1.86588e-3, 3.04428e+1, 1.41863e-2, 2.77696e+0, 3.84207e-4, 2.74852e+0, 4.68303e-4, 2.00000e+1, 0.00000e+0, 1.30000e+1, 0.00000e+0, 3, 1, 
07/28/2021 10:52:25.981, 07/28/2021 10:52:25.919, 4.16148e+0, 5.82477e-5, 9.84342e+1, 8.66781e-3, 1.83287e+0, 2.09498e-3, 1.61727e+4, 2.20675e+2, 4.05034e+2, 2.99339e+0, 1.86300e+0, 2.44783e-3, 4.11692e+2, 3.04810e+0, 4.97657e+2, 1.38448e+0, 2.56497e+1, 1.00489e-2, 3.04737e+1, 1.06154e-2, 2.77693e+0, 4.12595e-4, 2.74813e+0, 8.18025e-5, 2.00000e+1, 0.00000e+0, 1.30000e+1, 0.00000e+0, 3, 1, 
07/28/2021 10:52:30.950, 07/28/2021 10:52:30.893, 4.16156e+0, 2.98270e-5, 9.84459e+1, 4.43855e-3, 1.83257e+0, 2.12139e-3, 1.61468e+4, 2.06204e+2, 3.99916e+2, 2.88239e-1, 1.86265e+0, 2.37636e-3, 4.06479e+2, 2.16888e-1, 4.97504e+2, 1.20957e+0, 2.56491e+1, 2.20177e-2, 3.04873e+1, 8.95649e-3, 2.77689e+0, 4.24592e-4, 2.74871e+0, 3.93568e-4, 2.00000e+1, 0.00000e+0, 1.30000e+1, 0.00000e+0, 3, 1, 
07/28/2021 10:52:35.920, 07/28/2021 10:52:35.866, 4.16159e+0, 3.52517e-5, 9.84504e+1, 5.24578e-3, 1.83334e+0, 2.24321e-3, 1.61480e+4, 1.79372e+2, 3.99511e+2, 7.34159e-1, 1.86343e+0, 2.45118e-3, 4.06068e+2, 7.63149e-1, 4.97632e+2, 9.42549e-1, 2.56541e+1, 2.31692e-3, 3.05162e+1, 9.30731e-3, 2.77687e+0, 3.08926e-4, 2.74927e+0, 1.13536e-4, 2.00000e+1, 0.00000e+0, 1.30000e+1, 0.00000e+0, 3, 1, 
07/28/2021 10:52:40.900, 07/28/2021 10:52:40.839, 4.16159e+0, 2.82023e-5, 9.84516e+1, 4.19677e-3, 1.83270e+0, 2.59221e-3, 1.62674e+4, 1.88532e+2, 3.98882e+2, 2.15857e+0, 1.86300e+0, 2.75058e-3, 4.05478e+2, 2.20797e+0, 4.97826e+2, 1.37604e+0, 2.56461e+1, 4.51172e-3, 3.05533e+1, 1.00015e-2, 2.77721e+0, 7.78236e-4, 2.74835e+0, 8.62996e-4, 2.00000e+1, 0.00000e+0, 1.30000e+1, 0.00000e+0, 3, 1, 
07/28/2021 10:52:45.873, 07/28/2021 10:52:45.818, 4.16167e+0, 3.66366e-5, 9.84622e+1, 5.45188e-3, 1.83350e+0, 2.24244e-3, 1.61605e+4, 9.15445e+1, 4.03628e+2, 4.37204e-1, 1.86362e+0, 2.34719e-3, 4.10258e+2, 4.65229e-1, 4.97701e+2, 1.43969e+0, 2.56402e+1, 2.64296e-3, 3.05958e+1, 1.75456e-2, 2.77699e+0, 5.72808e-4, 2.74879e+0, 6.08897e-4, 2.00000e+1, 0.00000e+0, 1.30000e+1, 0.00000e+0, 3, 1, 
07/28/2021 10:52:50.871, 07/28/2021 10:52:50.790, 4.16164e+0, 1.29730e-5, 9.84585e+1, 1.93050e-3, 1.83312e+0, 2.34307e-3, 1.61890e+4, 1.57728e+2, 4.01724e+2, 1.34212e+0, 1.86329e+0, 2.58594e-3, 4.08334e+2, 1.37933e+0, 4.97691e+2, 1.26090e+0, 2.56458e+1, 2.94213e-3, 3.06316e+1, 3.43996e-3, 2.77690e+0, 5.26766e-4, 2.74850e+0, 4.12385e-4, 2.00000e+1, 0.00000e+0, 1.30000e+1, 0.00000e+0, 3, 1, 
07/28/2021 10:52:55.826, 07/28/2021 10:52:55.763, 4.16153e+0, 6.37736e-5, 9.84413e+1, 9.49011e-3, 1.83320e+0, 2.69654e-3, 1.62296e+4, 2.06040e+2, 4.00441e+2, 6.58082e-1, 1.86344e+0, 2.96441e-3, 4.07047e+2, 6.89055e-1, 4.97674e+2, 9.73162e-1, 2.56542e+1, 4.25057e-3, 3.06522e+1, 7.23843e-3, 2.77679e+0, 6.30418e-4, 2.74868e+0, 9.17419e-4, 2.00000e+1, 0.00000e+0, 1.30000e+1, 0.00000e+0, 3, 1, 
07/28/2021 10:53:00.794, 07/28/2021 10:53:00.735, 4.16164e+0, 5.57610e-5, 9.84577e+1, 8.29777e-3, 1.83399e+0, 3.34958e-3, 1.61585e+4, 3.01775e+2, 4.02552e+2, 6.96178e-1, 1.86411e+0, 3.94932e-3, 4.09164e+2, 7.48118e-1, 4.97577e+2, 1.06321e+0, 2.56917e+1, 2.27893e-2, 3.06772e+1, 8.98112e-3, 2.77728e+0, 3.08512e-4, 2.74856e+0, 5.90367e-4, 2.00000e+1, 0.00000e+0, 1.30000e+1, 0.00000e+0, 3, 2, 
07/28/2021 10:53:05.765, 07/28/2021 10:53:05.708, 4.16164e+0, 3.99494e-5, 9.84580e+1, 5.94485e-3, 1.83246e+0, 4.57870e-3, 1.61657e+4, 1.42248e+2, 4.06359e+2, 1.24740e+0, 1.86257e+0, 4.90518e-3, 4.13036e+2, 1.29579e+0, 4.97549e+2, 1.45774e+0, 2.56880e+1, 6.74462e-3, 3.07032e+1, 7.45775e-3, 2.77710e+0, 5.54730e-4, 2.74856e+0, 4.85162e-4, 2.00000e+1, 0.00000e+0, 1.30000e+1, 0.00000e+0, 3, 2, 
07/28/2021 10:53:10.741, 07/28/2021 10:53:10.681, 4.16164e+0, 6.56425e-6, 9.84583e+1, 9.76823e-4, 1.83322e+0, 1.46509e-3, 1.62627e+4, 1.78858e+2, 4.07269e+2, 9.09594e-1, 1.86352e+0, 1.49328e-3, 4.14001e+2, 9.00427e-1, 4.97424e+2, 1.36014e+0, 2.57019e+1, 6.71846e-3, 3.07074e+1, 5.84278e-3, 2.77730e+0, 3.86684e-4, 2.74858e+0, 8.91674e-4, 2.00000e+1, 0.00000e+0, 1.30000e+1, 0.00000e+0, 3, 2, 
07/28/2021 10:53:15.730, 07/28/2021 10:53:15.653, 4.16163e+0, 2.64378e-5, 9.84566e+1, 3.93419e-3, 1.83366e+0, 9.78960e-4, 1.61120e+4, 2.48256e+2, 4.06536e+2, 3.14129e-1, 1.86369e+0, 1.37030e-3, 4.13193e+2, 2.65810e-1, 4.97454e+2, 1.08790e+0, 2.57327e+1, 3.66526e-2, 3.07223e+1, 1.05060e-2, 2.77712e+0, 5.55408e-4, 2.74862e+0, 7.41719e-4, 2.00000e+1, 0.00000e+0, 1.30000e+1, 0.00000e+0, 3, 2, 
07/28/2021 10:53:20.690, 07/28/2021 10:53:20.626, 4.16164e+0, 3.27898e-5, 9.84581e+1, 4.87943e-3, 1.83388e+0, 1.86871e-3, 1.61949e+4, 1.97529e+2, 4.05325e+2, 6.19988e-1, 1.86407e+0, 2.05065e-3, 4.11998e+2, 6.59870e-1, 4.97652e+2, 1.08373e+0, 2.57457e+1, 2.71062e-3, 3.07694e+1, 1.56771e-2, 2.77767e+0, 7.28797e-4, 2.74876e+0, 3.65244e-4, 2.00000e+1, 0.00000e+0, 1.30000e+1, 0.00000e+0, 3, 2, 
07/28/2021 10:53:25.658, 07/28/2021 10:53:25.599, 4.16173e+0, 4.57934e-5, 9.84721e+1, 6.81450e-3, 1.83447e+0, 2.06823e-3, 1.63361e+4, 1.32867e+2, 4.05343e+2, 5.42450e-1, 1.86493e+0, 1.96013e-3, 4.12074e+2, 5.84611e-1, 4.97692e+2, 1.32181e+0, 2.57521e+1, 3.30504e-3, 3.08031e+1, 9.90401e-3, 2.77640e+0, 3.76617e-4, 2.74843e+0, 5.59164e-4, 2.00000e+1, 0.00000e+0, 1.30000e+1, 0.00000e+0, 3, 2, 
07/28/2021 10:53:30.624, 07/28/2021 10:53:30.572, 4.16173e+0, 2.90103e-5, 9.84711e+1, 4.31700e-3, 1.83466e+0, 2.62805e-3, 1.63050e+4, 1.84575e+2, 4.05706e+2, 9.44671e-1, 1.86507e+0, 2.77508e-3, 4.12431e+2, 1.01965e+0, 4.97763e+2, 1.28281e+0, 2.57384e+1, 1.63012e-2, 3.08154e+1, 1.25383e-2, 2.77665e+0, 4.20521e-4, 2.74905e+0, 5.67529e-4, 2.00000e+1, 0.00000e+0, 1.30000e+1, 0.00000e+0, 3, 2, 
07/28/2021 10:53:35.602, 07/28/2021 10:53:35.545, 4.16179e+0, 3.68780e-5, 9.84803e+1, 5.48780e-3, 1.83471e+0, 1.99035e-3, 1.61506e+4, 1.00908e+2, 4.07019e+2, 5.78330e-1, 1.86483e+0, 2.03949e-3, 4.13700e+2, 6.19532e-1, 4.97543e+2, 1.24544e+0, 2.57722e+1, 3.48710e-3, 3.08608e+1, 1.61030e-2, 2.77665e+0, 3.64468e-4, 2.74836e+0, 6.82891e-4, 2.00000e+1, 0.00000e+0, 1.30000e+1, 0.00000e+0, 3, 2, 
07/28/2021 10:53:40.579, 07/28/2021 10:53:40.524, 4.16180e+0, 2.48069e-5, 9.84819e+1, 3.69150e-3, 1.83401e+0, 1.53082e-3, 1.61573e+4, 1.77633e+2, 4.05826e+2, 1.16268e+0, 1.86412e+0, 1.53299e-3, 4.12490e+2, 1.17045e+0, 4.97530e+2, 1.25347e+0, 2.57801e+1, 2.14494e-3, 3.08972e+1, 1.07576e-2, 2.77653e+0, 4.89329e-4, 2.74889e+0, 7.82786e-4, 2.00000e+1, 0.00000e+0, 1.30000e+1, 0.00000e+0, 3, 2, 
07/28/2021 10:53:45.556, 07/28/2021 10:53:45.496, 4.16181e+0, 9.79436e-6, 9.84829e+1, 1.45749e-3, 1.83378e+0, 2.67297e-3, 1.61844e+4, 2.61036e+2, 4.04425e+2, 6.17933e-1, 1.86395e+0, 3.00438e-3, 4.11078e+2, 6.40642e-1, 4.97618e+2, 1.25461e+0, 2.57871e+1, 1.71935e-3, 3.09158e+1, 1.15285e-2, 2.77678e+0, 7.34571e-4, 2.74863e+0, 7.49887e-4, 2.00000e+1, 0.00000e+0, 1.30000e+1, 0.00000e+0, 3, 2, 
07/28/2021 10:53:50.524, 07/28/2021 10:53:50.470, 4.16184e+0, 3.72378e-5, 9.84877e+1, 5.54134e-3, 1.83561e+0, 3.94879e-3, 1.60991e+4, 2.07632e+2, 4.04142e+2, 7.60004e-1, 1.86565e+0, 4.39000e-3, 4.10755e+2, 8.32551e-1, 4.97534e+2, 1.41169e+0, 2.57884e+1, 1.42193e-2, 3.09544e+1, 9.78791e-3, 2.77697e+0, 4.41669e-4, 2.74849e+0, 6.28182e-4, 2.00000e+1, 0.00000e+0, 1.30000e+1, 0.00000e+0, 3, 2, 
07/28/2021 10:53:55.499, 07/28/2021 10:53:55.442, 4.16182e+0, 4.83800e-5, 9.84855e+1, 7.19941e-3, 1.83422e+0, 2.96976e-3, 1.62382e+4, 2.11520e+2, 4.04473e+2, 9.32593e-1, 1.86450e+0, 3.34080e-3, 4.11150e+2, 1.01426e+0, 4.97558e+2, 1.14428e+0, 2.58016e+1, 2.05405e-3, 3.09827e+1, 9.45232e-3, 2.77677e+0, 6.71808e-4, 2.74844e+0, 8.57177e-4, 2.00000e+1, 0.00000e+0, 1.30000e+1, 0.00000e+0, 3, 2, 
07/28/2021 10:54:00.469, 07/28/2021 10:54:00.414, 4.16187e+0, 4.43433e-5, 9.84924e+1, 6.59870e-3, 1.83377e+0, 3.12357e-3, 1.63351e+4, 2.15015e+2, 4.02592e+2, 7.89878e-1, 1.86422e+0, 3.42372e-3, 4.09278e+2, 8.68111e-1, 4.97670e+2, 1.25168e+0, 2.58109e+1, 4.03471e-3, 3.10149e+1, 9.84971e-3, 2.77669e+0, 5.89640e-4, 2.74843e+0, 5.97448e-4, 2.00000e+1, 0.00000e+0, 1.30000e+1, 0.00000e+0, 3, 1, 
07/28/2021 10:54:05.445, 07/28/2021 10:54:05.387, 4.16190e+0, 1.72793e-5, 9.84977e+1, 2.57133e-3, 1.83343e+0, 2.57055e-3, 1.63060e+4, 1.69958e+2, 4.02437e+2, 7.70773e-1, 1.86383e+0, 2.87180e-3, 4.09108e+2, 8.06816e-1, 4.97610e+2, 1.14569e+0, 2.58131e+1, 1.27221e-2, 3.10534e+1, 1.48585e-2, 2.77682e+0, 6.72996e-4, 2.74865e+0, 3.70431e-4, 2.00000e+1, 0.00000e+0, 1.30000e+1, 0.00000e+0, 3, 1, 
07/28/2021 10:54:10.419, 07/28/2021 10:54:10.361, 4.16193e+0, 4.05275e-5, 9.85017e+1, 6.03088e-3, 1.83477e+0, 3.19563e-3, 1.63661e+4, 9.74596e+1, 4.03328e+2, 1.22599e+0, 1.86530e+0, 3.14842e-3, 4.10039e+2, 1.27512e+0, 4.97791e+2, 1.41913e+0, 2.58317e+1, 4.64170e-3, 3.10778e+1, 2.85145e-3, 2.77618e+0, 4.13992e-4, 2.74888e+0, 7.14344e-4, 2.00000e+1, 0.00000e+0, 1.30000e+1, 0.00000e+0, 3, 1, 
07/28/2021 10:54:15.389, 07/28/2021 10:54:15.333, 4.16200e+0, 3.95694e-5, 9.85122e+1, 5.88831e-3, 1.83658e+0, 2.80866e-3, 1.62316e+4, 1.27703e+2, 4.04322e+2, 1.05083e+0, 1.86689e+0, 3.07668e-3, 4.10993e+2, 1.06081e+0, 4.97663e+2, 1.39477e+0, 2.58469e+1, 1.65531e-2, 3.10998e+1, 7.27516e-3, 2.77672e+0, 3.77528e-4, 2.74845e+0, 2.23651e-4, 2.00000e+1, 0.00000e+0, 1.30000e+1, 0.00000e+0, 3, 1, 
07/28/2021 10:54:20.381, 07/28/2021 10:54:20.305, 4.16200e+0, 6.56476e-5, 9.85114e+1, 9.76899e-3, 1.83531e+0, 1.62124e-3, 1.62373e+4, 1.18439e+2, 4.03772e+2, 1.30175e+0, 1.86560e+0, 1.84880e-3, 4.10436e+2, 1.35608e+0, 4.97761e+2, 1.09511e+0, 2.58398e+1, 1.00060e-2, 3.11183e+1, 6.02415e-3, 2.77646e+0, 6.02416e-4, 2.74849e+0, 4.97931e-4, 2.00000e+1, 0.00000e+0, 1.30000e+1, 0.00000e+0, 3, 1, 
07/28/2021 10:54:25.329, 07/28/2021 10:54:25.277, 4.16199e+0, 2.25054e-5, 9.85110e+1, 3.34902e-3, 1.83490e+0, 2.84263e-3, 1.62078e+4, 1.09579e+2, 3.99459e+2, 1.75311e+0, 1.86513e+0, 2.96935e-3, 4.06040e+2, 1.78697e+0, 4.97567e+2, 1.25718e+0, 2.58570e+1, 4.09234e-3, 3.11412e+1, 9.06737e-3, 2.77689e+0, 4.45392e-4, 2.74857e+0, 2.80197e-4, 2.00000e+1, 0.00000e+0, 1.30000e+1, 0.00000e+0, 3, 1, 
07/28/2021 10:54:30.308, 07/28/2021 10:54:30.251, 4.16199e+0, 3.75714e-5, 9.85111e+1, 5.59099e-3, 1.83405e+0, 2.46124e-3, 1.62171e+4, 7.38338e+1, 3.98012e+2, 9.50243e-1, 1.86429e+0, 2.62558e-3, 4.04574e+2, 9.89395e-1, 4.97588e+2, 1.29365e+0, 2.58612e+1, 6.11426e-3, 3.11703e+1, 6.37821e-3, 2.77691e+0, 5.02536e-4, 2.74929e+0, 3.14300e-4, 2.00000e+1, 0.00000e+0, 1.30000e+1, 0.00000e+0, 3, 1, 
07/28/2021 10:54:35.282, 07/28/2021 10:54:35.223, 4.16201e+0, 1.72894e-5, 9.85135e+1, 2.57283e-3, 1.83463e+0, 3.34560e-3, 1.62504e+4, 7.17699e+1, 4.09915e+2, 6.01647e+0, 1.86494e+0, 3.48619e-3, 4.16687e+2, 6.12970e+0, 4.97368e+2, 1.38549e+0, 2.58707e+1, 3.68798e-3, 3.11872e+1, 1.33763e-2, 2.77665e+0, 7.20108e-4, 2.74860e+0, 5.92189e-4, 2.00000e+1, 0.00000e+0, 1.30000e+1, 0.00000e+0, 3, 1, 
07/28/2021 10:54:40.253, 07/28/2021 10:54:40.196, 4.16199e+0, 2.87676e-5, 9.85107e+1, 4.28089e-3, 1.83303e+0, 2.43786e-3, 1.63181e+4, 1.47647e+2, 4.10783e+2, 1.28360e+0, 1.86344e+0, 2.73974e-3, 4.17597e+2, 1.30715e+0, 4.97492e+2, 1.44649e+0, 2.58562e+1, 2.25499e-2, 3.12116e+1, 7.48434e-3, 2.77706e+0, 5.91850e-4, 2.74910e+0, 7.66636e-4, 2.00000e+1, 0.00000e+0, 1.30000e+1, 0.00000e+0, 3, 1, 
07/28/2021 10:54:45.227, 07/28/2021 10:54:45.169, 4.16201e+0, 3.18871e-5, 9.85141e+1, 4.74511e-3, 1.83342e+0, 1.28643e-3, 1.62083e+4, 1.43875e+2, 4.08224e+2, 5.81835e-1, 1.86362e+0, 1.45078e-3, 4.14950e+2, 6.20461e-1, 4.97559e+2, 8.93119e-1, 2.58803e+1, 2.44221e-3, 3.12489e+1, 1.79718e-2, 2.77671e+0, 5.43447e-4, 2.74857e+0, 3.99340e-4, 2.00000e+1, 0.00000e+0, 1.30000e+1, 0.00000e+0, 3, 1, 
07/28/2021 10:54:50.198, 07/28/2021 10:54:50.141, 4.16200e+0, 4.99599e-5, 9.85112e+1, 7.43450e-3, 1.83427e+0, 2.18190e-3, 1.61585e+4, 1.10570e+2, 4.06984e+2, 8.44753e-1, 1.86440e+0, 2.36304e-3, 4.13668e+2, 8.95176e-1, 4.97731e+2, 1.30741e+0, 2.58876e+1, 1.43627e-2, 3.12748e+1, 8.77024e-3, 2.77650e+0, 4.37308e-4, 2.74835e+0, 7.15785e-4, 2.00000e+1, 0.00000e+0, 1.30000e+1, 0.00000e+0, 3, 1, 
07/28/2021 10:54:55.182, 07/28/2021 10:54:55.114, 4.16203e+0, 1.96330e-5, 9.85164e+1, 2.92158e-3, 1.83388e+0, 2.36531e-3, 1.62029e+4, 2.44678e+2, 4.05535e+2, 3.37305e-1, 1.86408e+0, 2.68593e-3, 4.12214e+2, 3.34315e-1, 4.97680e+2, 1.24419e+0, 2.58720e+1, 7.50520e-3, 3.13113e+1, 9.15183e-3, 2.77697e+0, 6.76770e-4, 2.74869e+0, 8.34289e-4, 2.00000e+1, 0.00000e+0, 1.30000e+1, 0.00000e+0, 3, 1, 
07/28/2021 10:55:00.148, 07/28/2021 10:55:00.087, 4.16201e+0, 3.92053e-5, 9.85140e+1, 5.83412e-3, 1.83366e+0, 3.04796e-3, 1.61387e+4, 1.25193e+2, 4.06156e+2, 9.07768e-1, 1.86374e+0, 3.31336e-3, 4.12818e+2, 9.59904e-1, 4.97669e+2, 1.02806e+0, 2.58704e+1, 2.68531e-3, 3.13286e+1, 3.06286e-3, 2.77649e+0, 2.65499e-4, 2.74874e+0, 5.84902e-4, 2.00000e+1, 0.00000e+0, 1.30000e+1, 0.00000e+0, 3, 2, 
07/28/2021 10:55:05.117, 07/28/2021 10:55:05.061, 4.16201e+0, 5.59627e-5, 9.85134e+1, 8.32778e-3, 1.83321e+0, 3.25760e-3, 1.61956e+4, 1.15314e+2, 4.07844e+2, 8.04563e-1, 1.86339e+0, 3.39292e-3, 4.14558e+2, 7.92421e-1, 4.97523e+2, 1.07093e+0, 2.58857e+1, 2.62190e-2, 3.13275e+1, 7.22521e-3, 2.77716e+0, 4.82797e-4, 2.74859e+0, 4.65904e-4, 2.00000e+1, 0.00000e+0, 1.30000e+1, 0.00000e+0, 3, 2, 
07/28/2021 10:55:10.095, 07/28/2021 10:55:10.032, 4.16209e+0, 1.98748e-5, 9.85247e+1, 2.95756e-3, 1.83382e+0, 4.15076e-3, 1.62207e+4, 1.62614e+2, 4.08027e+2, 5.16710e-1, 1.86406e+0, 4.45659e-3, 4.14755e+2, 5.77405e-1, 4.97498e+2, 1.49680e+0, 2.58845e+1, 5.56973e-3, 3.13610e+1, 8.86360e-3, 2.77698e+0, 4.36540e-4, 2.74848e+0, 6.05928e-4, 2.00000e+1, 0.00000e+0, 1.30000e+1, 0.00000e+0, 3, 2, 
07/28/2021 10:55:15.059, 07/28/2021 10:55:15.005, 4.16210e+0, 2.42048e-5, 9.85266e+1, 3.60191e-3, 1.83281e+0, 2.52887e-3, 1.61787e+4, 1.62319e+2, 4.07359e+2, 5.63799e-1, 1.86295e+0, 2.77520e-3, 4.14058e+2, 5.61309e-1, 4.97320e+2, 1.24721e+0, 2.59007e+1, 4.75663e-3, 3.13657e+1, 1.20229e-2, 2.77690e+0, 3.88893e-4, 2.74859e+0, 6.19290e-4, 2.00000e+1, 0.00000e+0, 1.30000e+1, 0.00000e+0, 3, 2, 
07/28/2021 10:55:20.037, 07/28/2021 10:55:19.978, 4.16211e+0, 4.05402e-5, 9.85287e+1, 6.03277e-3, 1.83319e+0, 1.95789e-3, 1.61340e+4, 9.94250e+1, 4.05894e+2, 7.82621e-1, 1.86326e+0, 2.02966e-3, 4.12550e+2, 7.79768e-1, 4.97564e+2, 9.56230e-1, 2.59216e+1, 1.30748e-2, 3.13817e+1, 9.39926e-3, 2.77605e+0, 8.97030e-4, 2.74843e+0, 2.28476e-4, 2.00000e+1, 0.00000e+0, 1.30000e+1, 0.00000e+0, 3, 2, 
07/28/2021 10:55:25.006, 07/28/2021 10:55:24.950, 4.16207e+0, 2.90559e-5, 9.85226e+1, 4.32379e-3, 1.83265e+0, 1.67844e-3, 1.60629e+4, 1.99641e+2, 4.06640e+2, 5.59025e-1, 1.86257e+0, 2.03360e-3, 4.13278e+2, 6.35943e-1, 4.97628e+2, 1.33780e+0, 2.59361e+1, 1.50114e-2, 3.14201e+1, 1.36751e-2, 2.77670e+0, 3.88658e-4, 2.74823e+0, 7.15497e-4, 2.00000e+1, 0.00000e+0, 1.30000e+1, 0.00000e+0, 3, 2, 
07/28/2021 10:55:29.982, 07/28/2021 10:55:29.923, 4.16215e+0, 5.62844e-5, 9.85344e+1, 8.37565e-3, 1.83341e+0, 2.61508e-3, 1.60851e+4, 2.04063e+2, 4.06620e+2, 9.27924e-1, 1.86339e+0, 2.85655e-3, 4.13267e+2, 9.59626e-1, 4.97670e+2, 1.50663e+0, 2.59612e+1, 5.68440e-3, 3.14488e+1, 7.31602e-3, 2.77618e+0, 3.95494e-4, 2.74869e+0, 2.52891e-4, 2.00000e+1, 0.00000e+0, 1.30000e+1, 0.00000e+0, 3, 2, 
07/28/2021 10:55:34.959, 07/28/2021 10:55:34.895, 4.16219e+0, 2.50764e-5, 9.85407e+1, 3.73161e-3, 1.83370e+0, 2.80775e-3, 1.59624e+4, 6.38187e+1, 4.05113e+2, 8.12758e-1, 1.86344e+0, 2.91860e-3, 4.11685e+2, 8.30112e-1, 4.97643e+2, 9.34662e-1, 2.59762e+1, 5.62205e-3, 3.14612e+1, 6.90840e-3, 2.77661e+0, 6.20379e-4, 2.74823e+0, 5.83559e-4, 2.00000e+1, 0.00000e+0, 1.30000e+1, 0.00000e+0, 3, 2, 
07/28/2021 10:55:39.928, 07/28/2021 10:55:39.868, 4.16217e+0, 4.51624e-5, 9.85374e+1, 6.72060e-3, 1.83410e+0, 1.90314e-3, 1.61552e+4, 1.29401e+2, 4.01424e+2, 1.47292e+0, 1.86422e+0, 1.99125e-3, 4.08016e+2, 1.54404e+0, 4.97426e+2, 1.27485e+0, 2.59861e+1, 1.32318e-2, 3.14759e+1, 9.73450e-3, 2.77677e+0, 8.89614e-4, 2.74839e+0, 4.20475e-4, 2.00000e+1, 0.00000e+0, 1.30000e+1, 0.00000e+0, 3, 2, 
07/28/2021 10:55:44.895, 07/28/2021 10:55:44.841, 4.16216e+0, 2.30539e-5, 9.85362e+1, 3.43064e-3, 1.83344e+0, 1.55467e-3, 1.60921e+4, 1.54058e+2, 3.99859e+2, 1.14007e+0, 1.86343e+0, 1.59701e-3, 4.06399e+2, 1.19938e+0, 4.97582e+2, 1.34700e+0, 2.59977e+1, 2.40619e-2, 3.15077e+1, 8.90392e-3, 2.77660e+0, 4.92337e-4, 2.74884e+0, 3.49202e-4, 2.00000e+1, 0.00000e+0, 1.30000e+1, 0.00000e+0, 3, 2, 
07/28/2021 10:55:49.875, 07/28/2021 10:55:49.815, 4.16219e+0, 2.61578e-5, 9.85405e+1, 3.89253e-3, 1.83241e+0, 2.05718e-3, 1.60153e+4, 1.97323e+2, 4.01986e+2, 1.04924e+0, 1.86223e+0, 2.09297e-3, 4.08529e+2, 1.01588e+0, 4.97456e+2, 1.30215e+0, 2.60085e+1, 3.10909e-3, 3.15318e+1, 4.84610e-3, 2.77671e+0, 5.26350e-4, 2.74854e+0, 3.12874e-4, 2.00000e+1, 0.00000e+0, 1.30000e+1, 0.00000e+0, 3, 2, 
07/28/2021 10:55:54.866, 07/28/2021 10:55:54.787, 4.16215e+0, 2.38248e-5, 9.85341e+1, 3.54536e-3, 1.83334e+0, 2.44929e-3, 1.60298e+4, 1.81323e+2, 4.02074e+2, 1.23133e+0, 1.86320e+0, 2.76088e-3, 4.08624e+2, 1.24432e+0, 4.97582e+2, 1.07088e+0, 2.60154e+1, 5.50090e-3, 3.15507e+1, 1.46298e-2, 2.77678e+0, 2.19325e-4, 2.74879e+0, 4.59201e-4, 2.00000e+1, 0.00000e+0, 1.30000e+1, 0.00000e+0, 3, 2, 
07/28/2021 10:55:59.811, 07/28/2021 10:55:59.760, 4.16222e+0, 3.24654e-5, 9.85440e+1, 4.83116e-3, 1.83284e+0, 3.37863e-3, 1.60037e+4, 1.46206e+2, 4.05098e+2, 2.00063e+0, 1.86265e+0, 3.53799e-3, 4.11687e+2, 2.02765e+0, 4.97732e+2, 1.36271e+0, 2.60146e+1, 1.80575e-2, 3.15951e+1, 1.25655e-2, 2.77707e+0, 6.25836e-4, 2.74891e+0, 7.15482e-4, 2.00000e+1, 0.00000e+0, 1.30000e+1, 0.00000e+0, 3, 2, 
07/28/2021 10:56:04.788, 07/28/2021 10:56:04.733, 4.16217e+0, 4.52564e-5, 9.85370e+1, 6.73459e-3, 1.83324e+0, 3.24982e-3, 1.58776e+4, 1.38156e+2, 4.08202e+2, 9.29898e-1, 1.86281e+0, 3.34115e-3, 4.14788e+2, 9.84379e-1, 4.97669e+2, 1.39629e+0, 2.60351e+1, 4.13607e-3, 3.16165e+1, 1.64022e-3, 2.77638e+0, 5.12256e-4, 2.74903e+0, 7.17706e-4, 2.00000e+1, 0.00000e+0, 1.30000e+1, 0.00000e+0, 3, 1, 
07/28/2021 10:56:09.762, 07/28/2021 10:56:09.705, 4.16222e+0, 3.53299e-5, 9.85451e+1, 5.25743e-3, 1.83310e+0, 2.39685e-3, 1.58572e+4, 1.77895e+2, 4.12006e+2, 9.12430e-1, 1.86263e+0, 2.67522e-3, 4.18644e+2, 9.12558e-1, 4.97649e+2, 1.15218e+0, 2.60460e+1, 2.82467e-3, 3.16231e+1, 4.41632e-3, 2.77696e+0, 9.12768e-4, 2.74906e+0, 5.93106e-4, 2.00000e+1, 0.00000e+0, 1.30000e+1, 0.00000e+0, 3, 1, 
07/28/2021 10:56:14.748, 07/28/2021 10:56:14.677, 4.16224e+0, 5.99758e-5, 9.85473e+1, 8.92497e-3, 1.83268e+0, 2.87441e-3, 1.59322e+4, 2.01089e+2, 4.13818e+2, 7.10771e-1, 1.86235e+0, 2.75683e-3, 4.20518e+2, 6.89572e-1, 4.97582e+2, 1.24842e+0, 2.60360e+1, 1.51691e-2, 3.16412e+1, 9.81753e-3, 2.77707e+0, 7.76999e-4, 2.74899e+0, 3.42088e-4, 2.00000e+1, 0.00000e+0, 1.30000e+1, 0.00000e+0, 3, 1, 
07/28/2021 10:56:19.707, 07/28/2021 10:56:19.650, 4.16226e+0, 2.02471e-5, 9.85510e+1, 3.01297e-3, 1.83392e+0, 1.82621e-3, 1.58961e+4, 4.08282e+2, 4.13930e+2, 1.34594e+0, 1.86354e+0, 2.27013e-3, 4.20616e+2, 1.45305e+0, 4.97464e+2, 1.55779e+0, 2.60585e+1, 2.71426e-3, 3.16675e+1, 9.79746e-3, 2.77707e+0, 7.80288e-4, 2.74859e+0, 5.18256e-4, 2.00000e+1, 0.00000e+0, 1.30000e+1, 0.00000e+0, 3, 1, 
07/28/2021 10:56:24.683, 07/28/2021 10:56:24.623, 4.16230e+0, 2.90103e-5, 9.85573e+1, 4.31701e-3, 1.83288e+0, 2.00746e-3, 1.58035e+4, 3.22740e+2, 4.13664e+2, 1.17166e+0, 1.86231e+0, 2.51136e-3, 4.20306e+2, 1.27399e+0, 4.97563e+2, 1.31680e+0, 2.60676e+1, 3.81215e-3, 3.16964e+1, 1.64484e-2, 2.77662e+0, 7.40866e-4, 2.74891e+0, 2.81096e-4, 2.00000e+1, 0.00000e+0, 1.30000e+1, 0.00000e+0, 3, 1, 
07/28/2021 10:56:29.650, 07/28/2021 10:56:29.596, 4.16234e+0, 4.27561e-5, 9.85628e+1, 6.36251e-3, 1.83441e+0, 2.31754e-3, 1.57768e+4, 3.03923e+2, 4.12427e+2, 1.00730e+0, 1.86382e+0, 2.42669e-3, 4.19038e+2, 1.01380e+0, 4.97267e+2, 6.88376e-1, 2.60787e+1, 4.05523e-3, 3.17139e+1, 3.02594e-3, 2.77660e+0, 5.00950e-4, 2.74848e+0, 2.78294e-4, 2.00000e+1, 0.00000e+0, 1.30000e+1, 0.00000e+0, 3, 1, 
07/28/2021 10:56:34.624, 07/28/2021 10:56:34.569, 4.16237e+0, 5.28553e-5, 9.85662e+1, 7.86538e-3, 1.83285e+0, 2.17088e-3, 1.57876e+4, 2.74148e+2, 4.09552e+2, 7.52779e-1, 1.86225e+0, 2.48532e-3, 4.16122e+2, 6.67296e-1, 4.97524e+2, 1.27051e+0, 2.60821e+1, 1.34174e-2, 3.17359e+1, 1.06535e-2, 2.77671e+0, 3.09183e-4, 2.74894e+0, 4.23454e-4, 2.00000e+1, 0.00000e+0, 1.30000e+1, 0.00000e+0, 3, 1, 
07/28/2021 10:56:39.601, 07/28/2021 10:56:39.541, 4.16237e+0, 3.29089e-5, 9.85675e+1, 4.89716e-3, 1.83279e+0, 1.34723e-3, 1.57030e+4, 6.74865e+1, 4.07992e+2, 1.18377e+0, 1.86203e+0, 1.31339e-3, 4.14500e+2, 1.20943e+0, 4.97715e+2, 1.36398e+0, 2.60974e+1, 2.63743e-3, 3.17616e+1, 9.89846e-3, 2.77654e+0, 4.58131e-4, 2.74872e+0, 4.84923e-4, 2.00000e+1, 0.00000e+0, 1.30000e+1, 0.00000e+0, 3, 1, 
07/28/2021 10:56:44.570, 07/28/2021 10:56:44.514, 4.16235e+0, 4.32303e-5, 9.85645e+1, 6.43307e-3, 1.83262e+0, 4.02128e-3, 1.57096e+4, 2.00426e+2, 4.08682e+2, 4.69443e-1, 1.86187e+0, 4.42214e-3, 4.15205e+2, 5.51833e-1, 4.97643e+2, 1.40764e+0, 2.61050e+1, 4.06137e-3, 3.17789e+1, 7.29433e-3, 2.77660e+0, 6.76309e-4, 2.74835e+0, 4.80473e-4, 2.00000e+1, 0.00000e+0, 1.30000e+1, 0.00000e+0, 3, 1, 
07/28/2021 10:56:49.545, 07/28/2021 10:56:49.487, 4.16241e+0, 3.41604e-5, 9.85730e+1, 5.08340e-3, 1.83308e+0, 3.31356e-3, 1.57353e+4, 2.17155e+2, 4.07354e+2, 1.00947e+0, 1.86239e+0, 3.23289e-3, 4.13866e+2, 9.61170e-1, 4.97637e+2, 9.05025e-1, 2.61031e+1, 1.37912e-2, 3.17956e+1, 1.23810e-2, 2.77653e+0, 8.06426e-4, 2.74818e+0, 4.32923e-4, 2.00000e+1, 0.00000e+0, 1.30000e+1, 0.00000e+0, 3, 1, 
07/28/2021 10:56:54.526, 07/28/2021 10:56:54.460, 4.16242e+0, 4.64566e-5, 9.85740e+1, 6.91319e-3, 1.83380e+0, 1.98777e-3, 1.57660e+4, 2.67940e+2, 4.08405e+2, 7.33366e-1, 1.86318e+0, 2.10192e-3, 4.14947e+2, 7.13047e-1, 4.97411e+2, 1.21674e+0, 2.61164e+1, 1.71586e-2, 3.18327e+1, 6.38002e-3, 2.77632e+0, 5.21077e-4, 2.74887e+0, 5.48326e-4, 2.00000e+1, 0.00000e+0, 1.30000e+1, 0.00000e+0, 3, 1, 
07/28/2021 10:56:59.515, 07/28/2021 10:56:59.431, 4.16243e+0, 2.63659e-5, 9.85763e+1, 3.92350e-3, 1.83112e+0, 4.40325e-3, 1.56981e+4, 2.11821e+2, 4.09679e+2, 6.96140e-1, 1.86032e+0, 4.62224e-3, 4.16213e+2, 7.28271e-1, 4.97545e+2, 1.39818e+0, 2.61210e+1, 1.23031e-2, 3.18652e+1, 1.34537e-2, 2.77668e+0, 7.45582e-4, 2.74857e+0, 6.18789e-4, 2.00000e+1, 0.00000e+0, 1.30000e+1, 0.00000e+0, 3, 1, 
07/28/2021 10:57:04.483, 07/28/2021 10:57:04.404, 4.16243e+0, 3.62686e-5, 9.85762e+1, 5.39711e-3, 1.83381e+0, 3.64351e-3, 1.56370e+4, 1.69398e+2, 4.07910e+2, 1.08112e+0, 1.86294e+0, 3.76772e-3, 4.14390e+2, 1.09058e+0, 4.97460e+2, 1.15069e+0, 2.61233e+1, 1.00999e-2, 3.18921e+1, 1.55055e-2, 2.77654e+0, 7.47747e-4, 2.74866e+0, 8.85522e-4, 2.00000e+1, 0.00000e+0, 1.30000e+1, 0.00000e+0, 3, 2, 
07/28/2021 10:57:09.433, 07/28/2021 10:57:09.377, 4.16241e+0, 4.87990e-5, 9.85732e+1, 7.26176e-3, 1.83373e+0, 2.46390e-3, 1.55076e+4, 8.49937e+1, 4.05272e+2, 9.82458e-1, 1.86261e+0, 2.45740e-3, 4.11655e+2, 9.75436e-1, 4.97603e+2, 1.00327e+0, 2.61215e+1, 1.97090e-2, 3.19287e+1, 6.98622e-3, 2.77673e+0, 2.16115e-4, 2.74891e+0, 6.18701e-4, 2.00000e+1, 0.00000e+0, 1.30000e+1, 0.00000e+0, 3, 2, 
07/28/2021 10:57:14.411, 07/28/2021 10:57:14.350, 4.16242e+0, 5.90954e-5, 9.85743e+1, 8.79396e-3, 1.83030e+0, 5.06668e-3, 1.57102e+4, 1.76781e+2, 4.01227e+2, 8.91855e-1, 1.85951e+0, 5.42526e-3, 4.07631e+2, 9.23830e-1, 4.97557e+2, 1.47812e+0, 2.61293e+1, 2.46629e-2, 3.19527e+1, 8.30429e-3, 2.77634e+0, 4.54484e-4, 2.74858e+0, 4.05432e-4, 2.00000e+1, 0.00000e+0, 1.30000e+1, 0.00000e+0, 3, 2, 
07/28/2021 10:57:19.400, 07/28/2021 10:57:19.323, 4.16246e+0, 4.52298e-5, 9.85806e+1, 6.73063e-3, 1.83210e+0, 2.70708e-3, 1.55836e+4, 1.40895e+2, 4.03276e+2, 1.14141e+0, 1.86111e+0, 3.00601e-3, 4.09660e+2, 1.20962e+0, 4.97635e+2, 1.17111e+0, 2.61349e+1, 1.91964e-2, 3.19904e+1, 7.66317e-3, 2.77680e+0, 3.13514e-4, 2.74817e+0, 3.13384e-4, 2.00000e+1, 0.00000e+0, 1.30000e+1, 0.00000e+0, 3, 2, 
07/28/2021 10:57:24.372, 07/28/2021 10:57:24.295, 4.16244e+0, 7.17427e-5, 9.85780e+1, 1.06760e-2, 1.83275e+0, 2.91040e-3, 1.56337e+4, 1.22421e+2, 4.05868e+2, 1.83068e-1, 1.86186e+0, 3.06481e-3, 4.12314e+2, 2.05220e-1, 4.97562e+2, 9.87440e-1, 2.61551e+1, 2.28719e-2, 3.20104e+1, 8.97960e-3, 2.77678e+0, 3.70977e-4, 2.74836e+0, 2.72734e-4, 2.00000e+1, 0.00000e+0, 1.30000e+1, 0.00000e+0, 3, 2, 
07/28/2021 10:57:29.326, 07/28/2021 10:57:29.268, 4.16250e+0, 5.64137e-5, 9.85859e+1, 8.39490e-3, 1.83068e+0, 4.22627e-3, 1.55834e+4, 1.97475e+2, 4.05968e+2, 1.22663e+0, 1.85966e+0, 4.40789e-3, 4.12394e+2, 1.24390e+0, 4.97392e+2, 1.43430e+0, 2.61769e+1, 2.23502e-2, 3.20320e+1, 6.91357e-3, 2.77641e+0, 5.67531e-4, 2.74826e+0, 2.59376e-4, 2.00000e+1, 0.00000e+0, 1.30000e+1, 0.00000e+0, 3, 2, 
07/28/2021 10:57:34.296, 07/28/2021 10:57:34.241, 4.16245e+0, 5.47668e-5, 9.85787e+1, 8.14982e-3, 1.83236e+0, 3.27909e-3, 1.55643e+4, 9.93747e+1, 4.05430e+2, 1.27731e+0, 1.86133e+0, 3.48185e-3, 4.11840e+2, 1.29585e+0, 4.97375e+2, 1.32642e+0, 2.61585e+1, 8.85752e-3, 3.20343e+1, 4.46429e-3, 2.77664e+0, 3.63622e-4, 2.74906e+0, 4.23575e-4, 2.00000e+1, 0.00000e+0, 1.30000e+1, 0.00000e+0, 3, 2, 
07/28/2021 10:57:39.267, 07/28/2021 10:57:39.214, 4.16251e+0, 4.69858e-5, 9.85885e+1, 6.99194e-3, 1.83181e+0, 2.16263e-3, 1.56616e+4, 1.89980e+2, 4.05120e+2, 9.75621e-1, 1.86095e+0, 2.28070e-3, 4.11566e+2, 1.05258e+0, 4.97380e+2, 1.17601e+0, 2.61771e+1, 1.11557e-2, 3.20556e+1, 1.22787e-2, 2.77673e+0, 6.25157e-4, 2.74848e+0, 5.77970e-4, 2.00000e+1, 0.00000e+0, 1.30000e+1, 0.00000e+0, 3, 2, 
07/28/2021 10:57:44.247, 07/28/2021 10:57:44.186, 4.16250e+0, 7.53055e-5, 9.85857e+1, 1.12062e-2, 1.83350e+0, 1.75580e-3, 1.56080e+4, 1.54809e+2, 4.03340e+2, 7.48999e-1, 1.86257e+0, 2.03802e-3, 4.09735e+2, 7.98723e-1, 4.97410e+2, 1.18304e+0, 2.62038e+1, 7.77954e-3, 3.20853e+1, 4.61074e-3, 2.77696e+0, 7.07535e-4, 2.74822e+0, 5.28527e-4, 2.00000e+1, 0.00000e+0, 1.30000e+1, 0.00000e+0, 3, 2, 
07/28/2021 10:57:49.219, 07/28/2021 10:57:49.160, 4.16248e+0, 3.30056e-5, 9.85832e+1, 4.91155e-3, 1.83401e+0, 3.57374e-3, 1.56185e+4, 1.27079e+2, 4.03543e+2, 1.06049e+0, 1.86311e+0, 3.83050e-3, 4.09946e+2, 1.11765e+0, 4.97448e+2, 1.34610e+0, 2.62314e+1, 1.46068e-2, 3.20974e+1, 5.67168e-3, 2.77635e+0, 3.33928e-4, 2.74792e+0, 9.42184e-4, 2.00000e+1, 0.00000e+0, 1.30000e+1, 0.00000e+0, 3, 2, 
07/28/2021 10:57:54.194, 07/28/2021 10:57:54.131, 4.16252e+0, 2.95616e-5, 9.85899e+1, 4.39904e-3, 1.83096e+0, 1.59049e-3, 1.55938e+4, 2.40242e+2, 4.05358e+2, 1.54424e+0, 1.85997e+0, 1.91738e-3, 4.11780e+2, 1.64379e+0, 4.97627e+2, 1.34251e+0, 2.62241e+1, 1.76666e-2, 3.21307e+1, 1.15030e-2, 2.77660e+0, 2.29935e-4, 2.74837e+0, 3.51638e-4, 2.00000e+1, 0.00000e+0, 1.30000e+1, 0.00000e+0, 3, 2, 
07/28/2021 10:57:59.164, 07/28/2021 10:57:59.104, 4.16253e+0, 5.90568e-5, 9.85908e+1, 8.78822e-3, 1.83109e+0, 3.14213e-3, 1.54833e+4, 1.36186e+2, 4.06312e+2, 6.47981e-1, 1.85989e+0, 3.28930e-3, 4.12702e+2, 6.70496e-1, 4.97467e+2, 1.22568e+0, 2.62444e+1, 4.21143e-3, 3.21557e+1, 7.97302e-3, 2.77681e+0, 6.83585e-4, 2.74812e+0, 8.91815e-4, 2.00000e+1, 0.00000e+0, 1.30000e+1, 0.00000e+0, 3, 2, 
07/28/2021 10:58:04.142, 07/28/2021 10:58:04.083, 4.16251e+0, 2.47815e-5, 9.85879e+1, 3.68772e-3, 1.83094e+0, 2.48727e-3, 1.56031e+4, 2.12525e+2, 4.06271e+2, 1.34985e+0, 1.85996e+0, 2.82954e-3, 4.12711e+2, 1.42496e+0, 4.97219e+2, 1.83949e+0, 2.62551e+1, 3.90235e-3, 3.21787e+1, 6.44687e-3, 2.77605e+0, 5.08096e-4, 2.74861e+0, 3.28509e-4, 2.00000e+1, 0.00000e+0, 1.30000e+1, 0.00000e+0, 3, 1, 
07/28/2021 10:58:09.110, 07/28/2021 10:58:09.056, 4.16254e+0, 1.96224e-5, 9.85919e+1, 2.92001e-3, 1.83276e+0, 2.33787e-3, 1.56308e+4, 2.42789e+2, 4.06495e+2, 7.23451e-1, 1.86186e+0, 2.28270e-3, 4.12950e+2, 7.93872e-1, 4.97719e+2, 1.06122e+0, 2.62517e+1, 1.45435e-2, 3.21950e+1, 1.22588e-2, 2.77601e+0, 1.60985e-4, 2.74866e+0, 6.63915e-4, 2.00000e+1, 0.00000e+0, 1.30000e+1, 0.00000e+0, 3, 1, 
07/28/2021 10:58:14.084, 07/28/2021 10:58:14.029, 4.16256e+0, 3.16836e-5, 9.85947e+1, 4.71483e-3, 1.83140e+0, 3.93231e-3, 1.56969e+4, 2.09744e+2, 4.03797e+2, 1.16866e+0, 1.86061e+0, 3.91321e-3, 4.10237e+2, 1.23729e+0, 4.97538e+2, 1.10320e+0, 2.62695e+1, 6.82355e-3, 3.22083e+1, 5.10254e-3, 2.77623e+0, 6.25061e-4, 2.74829e+0, 5.75814e-4, 2.00000e+1, 0.00000e+0, 1.30000e+1, 0.00000e+0, 3, 1, 
07/28/2021 10:58:19.070, 07/28/2021 10:58:19.008, 4.16260e+0, 2.64771e-5, 9.86011e+1, 3.94005e-3, 1.83221e+0, 3.03383e-3, 1.56681e+4, 1.73553e+2, 4.00946e+2, 1.60948e+0, 1.86137e+0, 3.29079e-3, 4.07329e+2, 1.69008e+0, 4.97654e+2, 1.12776e+0, 2.62838e+1, 2.98145e-3, 3.22081e+1, 6.33938e-3, 2.77590e+0, 4.18168e-4, 2.74797e+0, 6.62560e-4, 2.00000e+1, 0.00000e+0, 1.30000e+1, 0.00000e+0, 3, 1, 
07/28/2021 10:58:24.038, 07/28/2021 10:58:23.981, 4.16254e+0, 1.02978e-5, 9.85917e+1, 1.53241e-3, 1.83026e+0, 2.37977e-3, 1.57060e+4, 1.32777e+2, 3.98955e+2, 5.64826e-1, 1.85946e+0, 2.57052e-3, 4.05321e+2, 6.14152e-1, 4.97357e+2, 1.31392e+0, 2.62930e+1, 3.78826e-3, 3.22244e+1, 7.94759e-3, 2.77605e+0, 5.37902e-4, 2.74823e+0, 4.54517e-4, 2.00000e+1, 0.00000e+0, 1.30000e+1, 0.00000e+0, 3, 1, 
07/28/2021 10:58:29.011, 07/28/2021 10:58:28.953, 4.16260e+0, 2.96955e-5, 9.86016e+1, 4.41897e-3, 1.83021e+0, 2.24898e-3, 1.56553e+4, 1.70230e+2, 3.99350e+2, 1.17133e+0, 1.85932e+0, 2.19065e-3, 4.05701e+2, 1.23663e+0, 4.97557e+2, 1.43015e+0, 2.63000e+1, 1.91545e-2, 3.22417e+1, 6.00487e-3, 2.77622e+0, 6.49061e-4, 2.74839e+0, 5.23126e-4, 2.00000e+1, 0.00000e+0, 1.30000e+1, 0.00000e+0, 3, 1, 
07/28/2021 10:58:33.984, 07/28/2021 10:58:33.926, 4.16262e+0, 5.68896e-5, 9.86048e+1, 8.46571e-3, 1.83229e+0, 3.26203e-3, 1.57468e+4, 2.63509e+2, 4.02539e+2, 1.04560e+0, 1.86160e+0, 3.70029e-3, 4.08980e+2, 1.16341e+0, 4.97574e+2, 1.13515e+0, 2.63136e+1, 3.52619e-3, 3.22613e+1, 1.28138e-2, 2.77614e+0, 4.56328e-4, 2.74796e+0, 4.10221e-4, 2.00000e+1, 0.00000e+0, 1.30000e+1, 0.00000e+0, 3, 1, 
07/28/2021 10:58:38.955, 07/28/2021 10:58:38.899, 4.16266e+0, 4.36143e-5, 9.86105e+1, 6.49022e-3, 1.83127e+0, 1.46639e-3, 1.56688e+4, 8.79410e+1, 4.03038e+2, 3.91960e-1, 1.86042e+0, 1.54607e-3, 4.09454e+2, 4.32226e-1, 4.97617e+2, 1.20485e+0, 2.63227e+1, 3.49155e-3, 3.22802e+1, 4.78495e-3, 2.77632e+0, 1.86367e-4, 2.74823e+0, 3.81234e-4, 2.00000e+1, 0.00000e+0, 1.30000e+1, 0.00000e+0, 3, 1, 
07/28/2021 10:58:43.925, 07/28/2021 10:58:43.872, 4.16266e+0, 2.11544e-5, 9.86108e+1, 3.14798e-3, 1.83047e+0, 2.54112e-3, 1.58788e+4, 1.51784e+2, 4.03228e+2, 4.72656e-1, 1.86001e+0, 2.34509e-3, 4.09734e+2, 5.10950e-1, 4.97837e+2, 9.56910e-1, 2.63308e+1, 3.41096e-2, 3.22951e+1, 4.12152e-3, 2.77609e+0, 3.03870e-4, 2.74783e+0, 4.95022e-4, 2.00000e+1, 0.00000e+0, 1.30000e+1, 0.00000e+0, 3, 1, 
07/28/2021 10:58:48.902, 07/28/2021 10:58:48.845, 4.16268e+0, 4.11310e-5, 9.86133e+1, 6.12068e-3, 1.82913e+0, 2.17620e-3, 1.58052e+4, 2.14052e+2, 4.03286e+2, 7.11404e-1, 1.85850e+0, 2.37489e-3, 4.09763e+2, 7.55696e-1, 4.97640e+2, 1.15839e+0, 2.63378e+1, 3.07990e-3, 3.23148e+1, 2.83046e-3, 2.77646e+0, 6.77762e-4, 2.74828e+0, 4.79150e-4, 2.00000e+1, 0.00000e+0, 1.30000e+1, 0.00000e+0, 3, 1, 
07/28/2021 10:58:53.883, 07/28/2021 10:58:53.825, 4.16271e+0, 2.08088e-5, 9.86179e+1, 3.09655e-3, 1.83120e+0, 3.56568e-3, 1.58106e+4, 3.50475e+2, 4.03473e+2, 1.19284e+0, 1.86061e+0, 3.97309e-3, 4.09955e+2, 1.35567e+0, 4.97565e+2, 1.34358e+0, 2.63462e+1, 3.60930e-3, 3.23287e+1, 9.03243e-3, 2.77627e+0, 6.82129e-4, 2.74856e+0, 1.38928e-4, 2.00000e+1, 0.00000e+0, 1.30000e+1, 0.00000e+0, 3, 1, 
07/28/2021 10:58:58.848, 07/28/2021 10:58:58.797, 4.16279e+0, 5.68095e-5, 9.86295e+1, 8.45380e-3, 1.82869e+0, 2.13946e-3, 1.58745e+4, 9.82675e+1, 4.05438e+2, 7.78087e-1, 1.85819e+0, 2.16459e-3, 4.11978e+2, 7.72088e-1, 4.97652e+2, 1.42774e+0, 2.63555e+1, 4.08557e-3, 3.23561e+1, 8.49934e-3, 2.77632e+0, 5.41800e-4, 2.74811e+0, 6.48515e-4, 2.00000e+1, 0.00000e+0, 1.30000e+1, 0.00000e+0, 3, 1, 
07/28/2021 10:59:03.826, 07/28/2021 10:59:03.770, 4.16276e+0, 3.18472e-5, 9.86255e+1, 4.73917e-3, 1.83117e+0, 3.12763e-3, 1.59081e+4, 9.00420e+1, 4.04771e+2, 5.35928e-1, 1.86078e+0, 3.05209e-3, 4.11315e+2, 5.08675e-1, 4.97683e+2, 1.33045e+0, 2.63529e+1, 2.68167e-2, 3.23739e+1, 1.02160e-2, 2.77660e+0, 5.18515e-4, 2.74806e+0, 7.28393e-4, 2.00000e+1, 0.00000e+0, 1.30000e+1, 0.00000e+0, 3, 2, 
07/28/2021 10:59:08.796, 07/28/2021 10:59:08.742, 4.16273e+0, 3.24719e-5, 9.86202e+1, 4.83213e-3, 1.83077e+0, 2.20483e-3, 1.58979e+4, 1.57188e+2, 4.02540e+2, 6.51339e-1, 1.86035e+0, 2.48345e-3, 4.09043e+2, 7.15321e-1, 4.97599e+2, 1.08961e+0, 2.63753e+1, 1.62171e-3, 3.23869e+1, 9.76865e-3, 2.77669e+0, 5.28935e-4, 2.74768e+0, 7.11182e-4, 2.00000e+1, 0.00000e+0, 1.30000e+1, 0.00000e+0, 3, 2, 
07/28/2021 10:59:13.772, 07/28/2021 10:59:13.715, 4.16274e+0, 2.68940e-5, 9.86214e+1, 4.00208e-3, 1.83183e+0, 3.14756e-3, 1.59533e+4, 1.25821e+2, 4.01668e+2, 7.32736e-1, 1.86152e+0, 3.18757e-3, 4.08179e+2, 7.35084e-1, 4.97490e+2, 1.01308e+0, 2.63783e+1, 2.39593e-3, 3.24249e+1, 1.51242e-2, 2.77621e+0, 4.56964e-4, 2.74831e+0, 6.86409e-4, 2.00000e+1, 0.00000e+0, 1.30000e+1, 0.00000e+0, 3, 2, 
07/28/2021 10:59:18.749, 07/28/2021 10:59:18.687, 4.16271e+0, 4.15659e-5, 9.86182e+1, 6.18541e-3, 1.82952e+0, 3.73672e-3, 1.60177e+4, 1.54956e+2, 4.00028e+2, 9.43372e-1, 1.85930e+0, 3.93359e-3, 4.06540e+2, 9.74312e-1, 4.97625e+2, 1.06210e+0, 2.63723e+1, 9.98608e-3, 3.24461e+1, 2.57078e-3, 2.77631e+0, 7.62381e-4, 2.74841e+0, 4.38599e-4, 2.00000e+1, 0.00000e+0, 1.30000e+1, 0.00000e+0, 3, 2, 
07/28/2021 10:59:23.718, 07/28/2021 10:59:23.660, 4.16277e+0, 2.15346e-5, 9.86272e+1, 3.20456e-3, 1.83151e+0, 2.50535e-3, 1.60034e+4, 8.46301e+1, 3.99752e+2, 5.90355e-1, 1.86129e+0, 2.67437e-3, 4.06254e+2, 6.27761e-1, 4.97482e+2, 1.25389e+0, 2.63740e+1, 7.83274e-3, 3.24617e+1, 5.32827e-3, 2.77588e+0, 3.51953e-4, 2.74851e+0, 4.63597e-4, 2.00000e+1, 0.00000e+0, 1.30000e+1, 0.00000e+0, 3, 2, 
07/28/2021 10:59:28.692, 07/28/2021 10:59:28.633, 4.16278e+0, 4.19881e-5, 9.86275e+1, 6.24823e-3, 1.82966e+0, 3.36964e-3, 1.59696e+4, 1.30182e+2, 3.99726e+2, 6.09886e-1, 1.85935e+0, 3.53833e-3, 4.06213e+2, 6.63841e-1, 4.97456e+2, 1.35225e+0, 2.63691e+1, 4.28393e-3, 3.24738e+1, 9.18122e-3, 2.77624e+0, 4.47447e-4, 2.74816e+0, 5.61186e-4, 2.00000e+1, 0.00000e+0, 1.30000e+1, 0.00000e+0, 3, 2, 
07/28/2021 10:59:33.664, 07/28/2021 10:59:33.606, 4.16278e+0, 2.60046e-5, 9.86278e+1, 3.86973e-3, 1.83079e+0, 1.73405e-3, 1.61112e+4, 7.75294e+1, 3.99624e+2, 1.35455e+0, 1.86076e+0, 1.67606e-3, 4.06168e+2, 1.37840e+0, 4.97581e+2, 1.17118e+0, 2.63928e+1, 2.23521e-2, 3.24917e+1, 5.19653e-3, 2.77626e+0, 4.08703e-4, 2.74778e+0, 5.60968e-4, 2.00000e+1, 0.00000e+0, 1.30000e+1, 0.00000e+0, 3, 2, 
07/28/2021 10:59:38.639, 07/28/2021 10:59:38.579, 4.16287e+0, 3.60713e-5, 9.86414e+1, 5.36776e-3, 1.83011e+0, 2.59712e-3, 1.61461e+4, 1.33150e+2, 4.00815e+2, 1.20438e+0, 1.86014e+0, 2.68654e-3, 4.07392e+2, 1.25861e+0, 4.97450e+2, 1.25581e+0, 2.63772e+1, 3.67725e-3, 3.25069e+1, 1.19406e-2, 2.77629e+0, 6.31844e-4, 2.74821e+0, 1.10508e-3, 2.00000e+1, 0.00000e+0, 1.30000e+1, 0.00000e+0, 3, 2, 
07/28/2021 10:59:43.606, 07/28/2021 10:59:43.550, 4.16284e+0, 4.11925e-5, 9.86368e+1, 6.12983e-3, 1.82977e+0, 2.37386e-3, 1.60768e+4, 9.76437e+1, 4.03410e+2, 1.07937e+0, 1.85966e+0, 2.32726e-3, 4.10002e+2, 1.09840e+0, 4.97678e+2, 1.07603e+0, 2.63907e+1, 5.76775e-3, 3.25239e+1, 3.39952e-3, 2.77634e+0, 5.48894e-4, 2.74844e+0, 3.51737e-4, 2.00000e+1, 0.00000e+0, 1.30000e+1, 0.00000e+0, 3, 2, 
07/28/2021 10:59:48.580, 07/28/2021 10:59:48.523, 4.16285e+0, 3.64989e-5, 9.86382e+1, 5.43139e-3, 1.83039e+0, 2.16112e-3, 1.62316e+4, 2.10491e+2, 4.03800e+2, 9.38742e-1, 1.86059e+0, 2.46800e-3, 4.10463e+2, 9.21262e-1, 4.97503e+2, 1.26582e+0, 2.64045e+1, 8.90770e-3, 3.25266e+1, 3.02719e-3, 2.77634e+0, 5.41132e-4, 2.74805e+0, 8.32537e-4, 2.00000e+1, 0.00000e+0, 1.30000e+1, 0.00000e+0, 3, 2, 
07/28/2021 10:59:53.556, 07/28/2021 10:59:53.496, 4.16285e+0, 3.46470e-5, 9.86383e+1, 5.15580e-3, 1.83123e+0, 3.00645e-3, 1.61567e+4, 1.25328e+2, 4.03879e+2, 9.24487e-1, 1.86130e+0, 3.19602e-3, 4.10512e+2, 9.79714e-1, 4.97408e+2, 1.02244e+0, 2.64281e+1, 6.94536e-3, 3.25274e+1, 5.78837e-3, 2.77602e+0, 6.27162e-4, 2.74854e+0, 4.87369e-4, 2.00000e+1, 0.00000e+0, 1.30000e+1, 0.00000e+0, 3, 2, 
07/28/2021 10:59:58.522, 07/28/2021 10:59:58.469, 4.16285e+0, 1.47767e-5, 9.86377e+1, 2.19891e-3, 1.83013e+0, 1.87933e-3, 1.61929e+4, 9.67806e+1, 4.03313e+2, 5.28992e-1, 1.86026e+0, 1.99796e-3, 4.09952e+2, 5.51667e-1, 4.97469e+2, 1.09029e+0, 2.64514e+1, 6.21171e-3, 3.25472e+1, 1.01166e-2, 2.77621e+0, 4.80898e-4, 2.74838e+0, 9.48020e-4, 2.00000e+1, 0.00000e+0, 1.30000e+1, 0.00000e+0, 3, 2, 
07/28/2021 11:00:03.496, 07/28/2021 11:00:03.441, 4.16286e+0, 1.36796e-5, 9.86392e+1, 2.03565e-3, 1.83099e+0, 4.38752e-3, 1.61851e+4, 1.21671e+2, 4.04050e+2, 9.87728e-1, 1.86112e+0, 4.56752e-3, 4.10697e+2, 9.64826e-1, 4.97462e+2, 1.16971e+0, 2.64658e+1, 1.03698e-2, 3.25842e+1, 1.68499e-2, 2.77593e+0, 5.19179e-4, 2.74762e+0, 5.94691e-4, 2.00000e+1, 0.00000e+0, 1.30000e+1, 0.00000e+0, 3, 10, hhh
07/28/2021 11:00:08.475, 07/28/2021 11:00:08.415, 4.16290e+0, 2.31204e-5, 9.86451e+1, 3.44054e-3, 1.83150e+0, 2.08092e-3, 1.61720e+4, 1.15445e+2, 4.03994e+2, 4.79247e-1, 1.86161e+0, 2.19473e-3, 4.10634e+2, 5.03940e-1, 4.97517e+2, 1.33131e+0, 2.64857e+1, 3.54166e-3, 3.26231e+1, 1.20882e-2, 2.77588e+0, 6.12489e-4, 2.74790e+0, 2.53107e-4, 2.00000e+1, 0.00000e+0, 1.30000e+1, 0.00000e+0, 3, 1, 
07/28/2021 11:00:13.443, 07/28/2021 11:00:13.386, 4.16291e+0, 3.42918e-5, 9.86474e+1, 5.10295e-3, 1.83011e+0, 4.82986e-3, 1.60487e+4, 1.28408e+2, 4.01937e+2, 5.90466e-1, 1.85996e+0, 5.01832e-3, 4.08493e+2, 6.30532e-1, 4.97514e+2, 1.37363e+0, 2.65002e+1, 2.37085e-2, 3.26397e+1, 8.12126e-3, 2.77610e+0, 4.43006e-4, 2.74783e+0, 4.38654e-4, 2.00000e+1, 0.00000e+0, 1.30000e+1, 0.00000e+0, 3, 1, 
07/28/2021 11:00:18.415, 07/28/2021 11:00:18.360, 4.16292e+0, 1.25811e-5, 9.86488e+1, 1.87218e-3, 1.83146e+0, 1.90143e-3, 1.62202e+4, 1.12697e+2, 4.01154e+2, 5.49389e-1, 1.86166e+0, 1.93197e-3, 4.07768e+2, 5.43671e-1, 4.97674e+2, 1.36752e+0, 2.65041e+1, 2.57691e-3, 3.26596e+1, 2.66150e-3, 2.77614e+0, 4.67267e-4, 2.74773e+0, 1.04773e-3, 2.00000e+1, 0.00000e+0, 1.30000e+1, 0.00000e+0, 3, 1, 
07/28/2021 11:00:23.390, 07/28/2021 11:00:23.333, 4.16289e+0, 4.45127e-5, 9.86437e+1, 6.62391e-3, 1.82921e+0, 3.33387e-3, 1.61517e+4, 1.86073e+2, 3.98635e+2, 1.92332e+0, 1.85924e+0, 3.68563e-3, 4.05179e+2, 1.99586e+0, 4.97605e+2, 1.12923e+0, 2.65103e+1, 1.46309e-2, 3.26827e+1, 9.30478e-3, 2.77598e+0, 2.33339e-4, 2.74816e+0, 2.99685e-4, 2.00000e+1, 0.00000e+0, 1.30000e+1, 0.00000e+0, 3, 1, 
07/28/2021 11:00:28.356, 07/28/2021 11:00:28.305, 4.16293e+0, 1.59930e-5, 9.86501e+1, 2.37990e-3, 1.83045e+0, 1.77993e-3, 1.60836e+4, 1.41263e+2, 3.98865e+2, 5.71015e-1, 1.86038e+0, 1.76669e-3, 4.05385e+2, 5.67231e-1, 4.97662e+2, 1.07929e+0, 2.65258e+1, 4.62857e-3, 3.26961e+1, 5.53000e-3, 2.77695e+0, 3.79035e-4, 2.74879e+0, 4.26032e-4, 2.00000e+1, 0.00000e+0, 1.30000e+1, 0.00000e+0, 3, 1, 
07/28/2021 11:00:33.340, 07/28/2021 11:00:33.279, 4.16287e+0, 4.48231e-5, 9.86418e+1, 6.67010e-3, 1.83074e+0, 2.62726e-3, 1.60910e+4, 1.03680e+2, 4.02022e+2, 1.50389e+0, 1.86068e+0, 2.71550e-3, 4.08597e+2, 1.50407e+0, 4.97571e+2, 1.08060e+0, 2.65288e+1, 1.16721e-3, 3.26869e+1, 6.34081e-3, 2.77597e+0, 7.55636e-4, 2.74812e+0, 6.26934e-4, 2.00000e+1, 0.00000e+0, 1.30000e+1, 0.00000e+0, 3, 1, 
07/28/2021 11:00:38.305, 07/28/2021 11:00:38.250, 4.16293e+0, 2.37558e-5, 9.86509e+1, 3.53509e-3, 1.83018e+0, 2.27156e-3, 1.61813e+4, 2.14575e+2, 4.02423e+2, 5.69046e-1, 1.86028e+0, 2.26586e-3, 4.09041e+2, 6.36679e-1, 4.97453e+2, 1.11119e+0, 2.65315e+1, 2.07427e-2, 3.26844e+1, 2.27432e-3, 2.77630e+0, 7.06184e-4, 2.74864e+0, 9.29449e-4, 2.00000e+1, 0.00000e+0, 1.30000e+1, 0.00000e+0, 3, 1, 
07/28/2021 11:00:43.283, 07/28/2021 11:00:43.223, 4.16296e+0, 2.69960e-5, 9.86544e+1, 4.01727e-3, 1.83023e+0, 2.28012e-3, 1.61894e+4, 1.96742e+2, 4.03844e+2, 2.73949e+0, 1.86035e+0, 2.59254e-3, 4.10490e+2, 2.76733e+0, 4.97528e+2, 1.32287e+0, 2.65459e+1, 1.68127e-2, 3.26952e+1, 5.30124e-3, 2.77632e+0, 4.56044e-4, 2.74801e+0, 6.89056e-4, 2.00000e+1, 0.00000e+0, 1.30000e+1, 0.00000e+0, 3, 1, 
07/28/2021 11:00:48.255, 07/28/2021 11:00:48.196, 4.16294e+0, 2.49099e-5, 9.86513e+1, 3.70683e-3, 1.83130e+0, 3.42663e-3, 1.61246e+4, 2.32399e+2, 4.11178e+2, 1.08544e+0, 1.86132e+0, 3.80387e-3, 4.17917e+2, 1.06990e+0, 4.97520e+2, 1.36655e+0, 2.65579e+1, 1.27988e-2, 3.27016e+1, 4.31349e-3, 2.77627e+0, 7.83387e-4, 2.74863e+0, 5.12343e-4, 2.00000e+1, 0.00000e+0, 1.30000e+1, 0.00000e+0, 3, 1, 
07/28/2021 11:00:53.229, 07/28/2021 11:00:53.170, 4.16292e+0, 4.33814e-5, 9.86487e+1, 6.45556e-3, 1.83104e+0, 1.45731e-3, 1.60324e+4, 2.05883e+2, 4.19102e+2, 2.48248e+0, 1.86087e+0, 1.25983e-3, 4.25930e+2, 2.50385e+0, 4.97415e+2, 1.29309e+0, 2.65726e+1, 3.55725e-3, 3.27160e+1, 9.49045e-3, 2.77634e+0, 2.34543e-4, 2.74829e+0, 4.50433e-4, 2.00000e+1, 0.00000e+0, 1.30000e+1, 0.00000e+0, 3, 1, 
07/28/2021 11:00:58.200, 07/28/2021 11:00:58.141, 4.16300e+0, 1.09415e-5, 9.86605e+1, 1.62820e-3, 1.83014e+0, 1.14343e-3, 1.62166e+4, 1.72055e+2, 4.22561e+2, 2.30076e+0, 1.86031e+0, 1.44627e-3, 4.29527e+2, 2.36459e+0, 4.97645e+2, 1.26876e+0, 2.65695e+1, 1.86444e-2, 3.27231e+1, 2.46232e-3, 2.77560e+0, 8.46568e-4, 2.74746e+0, 3.76393e-4, 2.00000e+1, 0.00000e+0, 1.30000e+1, 0.00000e+0, 3, 1, 
07/28/2021 11:01:03.172, 07/28/2021 11:01:03.114, 4.16299e+0, 4.13362e-5, 9.86597e+1, 6.15123e-3, 1.83056e+0, 1.38807e-3, 1.61658e+4, 2.54189e+2, 4.12390e+2, 1.85549e+0, 1.86064e+0, 1.65076e-3, 4.19166e+2, 1.79904e+0, 4.97465e+2, 1.27828e+0, 2.65910e+1, 1.84530e-2, 3.27397e+1, 6.02803e-3, 2.77604e+0, 3.94564e-4, 2.74790e+0, 8.12404e-4, 2.00000e+1, 0.00000e+0, 1.30000e+1, 0.00000e+0, 3, 1, 
07/28/2021 11:01:08.160, 07/28/2021 11:01:08.086, 4.16301e+0, 5.32730e-5, 9.86620e+1, 7.92753e-3, 1.83057e+0, 2.39091e-3, 1.59845e+4, 1.37010e+2, 4.10499e+2, 6.43809e-1, 1.86030e+0, 2.49557e-3, 4.17167e+2, 6.58640e-1, 4.97560e+2, 1.11431e+0, 2.65984e+1, 2.71788e-3, 3.27511e+1, 5.97622e-3, 2.77596e+0, 4.55183e-4, 2.74801e+0, 3.98164e-4, 2.00000e+1, 0.00000e+0, 1.30000e+1, 0.00000e+0, 3, 2, 
07/28/2021 11:01:13.117, 07/28/2021 11:01:13.059, 4.16306e+0, 1.88660e-5, 9.86691e+1, 2.80745e-3, 1.83287e+0, 1.91360e-3, 1.60808e+4, 1.19992e+2, 4.10145e+2, 1.88317e+0, 1.86282e+0, 1.90776e-3, 4.16848e+2, 1.89289e+0, 4.97530e+2, 1.15117e+0, 2.65878e+1, 1.43292e-2, 3.27535e+1, 6.39815e-3, 2.77582e+0, 3.83659e-4, 2.74816e+0, 2.85998e-4, 2.00000e+1, 0.00000e+0, 1.30000e+1, 0.00000e+0, 3, 2, 
07/28/2021 11:01:18.089, 07/28/2021 11:01:18.032, 4.16304e+0, 2.40975e-5, 9.86663e+1, 3.58594e-3, 1.83183e+0, 3.22499e-3, 1.59798e+4, 3.25254e+2, 4.19397e+2, 1.11319e+1, 1.86157e+0, 3.59028e-3, 4.26209e+2, 1.13878e+1, 4.97603e+2, 9.38954e-1, 2.66094e+1, 1.09356e-2, 3.27635e+1, 2.91392e-3, 2.77580e+0, 4.37342e-4, 2.74830e+0, 2.43967e-4, 2.00000e+1, 0.00000e+0, 1.30000e+1, 0.00000e+0, 3, 2, 
07/28/2021 11:01:23.084, 07/28/2021 11:01:23.006, 4.16304e+0, 2.65138e-5, 9.86666e+1, 3.94551e-3, 1.82932e+0, 3.19691e-3, 1.59786e+4, 1.19423e+2, 4.34076e+2, 3.68246e+0, 1.85902e+0, 3.43578e-3, 4.41124e+2, 3.71987e+0, 4.97651e+2, 1.29099e+0, 2.66256e+1, 2.91030e-3, 3.27592e+1, 3.07472e-3, 2.77647e+0, 6.48291e-4, 2.74839e+0, 3.31453e-4, 2.00000e+1, 0.00000e+0, 1.30000e+1, 0.00000e+0, 3, 2, 
07/28/2021 11:01:28.033, 07/28/2021 11:01:27.977, 4.16301e+0, 5.60181e-5, 9.86627e+1, 8.33602e-3, 1.83097e+0, 2.32713e-3, 1.59260e+4, 1.19550e+2, 4.25443e+2, 3.73735e+0, 1.86060e+0, 2.53529e-3, 4.32328e+2, 3.78231e+0, 4.97562e+2, 1.27083e+0, 2.66346e+1, 1.14894e-3, 3.27606e+1, 5.07386e-3, 2.77602e+0, 5.77224e-4, 2.74809e+0, 2.50193e-4, 2.00000e+1, 0.00000e+0, 1.30000e+1, 0.00000e+0, 3, 2, 
07/28/2021 11:01:33.013, 07/28/2021 11:01:32.950, 4.16304e+0, 3.77888e-5, 9.86673e+1, 5.62333e-3, 1.83048e+0, 2.30568e-3, 1.61266e+4, 2.57272e+2, 4.18333e+2, 1.69025e+0, 1.86049e+0, 2.73033e-3, 4.25190e+2, 1.70878e+0, 4.97617e+2, 1.19389e+0, 2.66243e+1, 2.12518e-2, 3.27780e+1, 7.03277e-3, 2.77670e+0, 7.62824e-4, 2.74820e+0, 4.56902e-4, 2.00000e+1, 0.00000e+0, 1.30000e+1, 0.00000e+0, 3, 2, 
07/28/2021 11:01:37.982, 07/28/2021 11:01:37.923, 4.16300e+0, 2.37689e-5, 9.86600e+1, 3.53704e-3, 1.83136e+0, 2.48823e-3, 1.60224e+4, 1.45991e+2, 4.16688e+2, 7.26218e-1, 1.86118e+0, 2.66238e-3, 4.23473e+2, 7.31538e-1, 4.97578e+2, 1.19091e+0, 2.66359e+1, 1.80518e-3, 3.27958e+1, 5.42442e-3, 2.77649e+0, 9.15704e-4, 2.74843e+0, 3.78499e-4, 2.00000e+1, 0.00000e+0, 1.30000e+1, 0.00000e+0, 3, 2, 
07/28/2021 11:01:42.950, 07/28/2021 11:01:42.895, 4.16302e+0, 3.60851e-5, 9.86639e+1, 5.36980e-3, 1.83050e+0, 3.02534e-3, 1.60653e+4, 2.27822e+2, 4.17121e+2, 1.77954e+0, 1.86039e+0, 3.28070e-3, 4.23932e+2, 1.83361e+0, 4.97612e+2, 1.17405e+0, 2.66294e+1, 2.00952e-3, 3.28167e+1, 1.35531e-2, 2.77647e+0, 2.79692e-4, 2.74796e+0, 4.05397e-4, 2.00000e+1, 0.00000e+0, 1.30000e+1, 0.00000e+0, 3, 2, 
07/28/2021 11:01:47.927, 07/28/2021 11:01:47.868, 4.16304e+0, 2.48729e-5, 9.86671e+1, 3.70133e-3, 1.82977e+0, 1.80468e-3, 1.60597e+4, 1.02363e+2, 4.14561e+2, 1.09688e+0, 1.85964e+0, 1.77804e-3, 4.21327e+2, 1.11016e+0, 4.97512e+2, 1.20401e+0, 2.66243e+1, 1.49875e-3, 3.28492e+1, 8.70907e-3, 2.77628e+0, 5.97060e-4, 2.74848e+0, 4.34477e-4, 2.00000e+1, 0.00000e+0, 1.30000e+1, 0.00000e+0, 3, 2, 
07/28/2021 11:01:52.898, 07/28/2021 11:01:52.841, 4.16303e+0, 5.12842e-5, 9.86651e+1, 7.63158e-3, 1.83065e+0, 2.59647e-3, 1.62579e+4, 1.65498e+2, 4.17276e+2, 1.84191e+0, 1.86091e+0, 2.91475e-3, 4.24173e+2, 1.85878e+0, 4.97526e+2, 1.26869e+0, 2.66303e+1, 2.31983e-3, 3.28620e+1, 8.94736e-3, 2.77646e+0, 6.07356e-4, 2.74772e+0, 3.74238e-4, 2.00000e+1, 0.00000e+0, 1.30000e+1, 0.00000e+0, 3, 2, 
07/28/2021 11:01:57.873, 07/28/2021 11:01:57.813, 4.16299e+0, 4.83821e-5, 9.86589e+1, 7.19971e-3, 1.83020e+0, 3.06989e-3, 1.62345e+4, 1.39606e+2, 4.22429e+2, 1.73851e+0, 1.86041e+0, 3.04495e-3, 4.29400e+2, 1.80928e+0, 4.97574e+2, 9.91080e-1, 2.66371e+1, 2.47747e-3, 3.28841e+1, 9.79815e-3, 2.77672e+0, 5.97627e-4, 2.74865e+0, 4.79860e-4, 2.00000e+1, 0.00000e+0, 1.30000e+1, 0.00000e+0, 3, 2, 
07/28/2021 11:02:02.852, 07/28/2021 11:02:02.786, 4.16307e+0, 6.03142e-5, 9.86712e+1, 8.97533e-3, 1.83014e+0, 2.98837e-3, 1.61451e+4, 1.19125e+2, 4.27688e+2, 1.68049e+0, 1.86017e+0, 3.02272e-3, 4.34706e+2, 1.72178e+0, 4.97479e+2, 1.22837e+0, 2.66540e+1, 4.45527e-3, 3.29051e+1, 7.09312e-3, 2.77619e+0, 2.30516e-4, 2.74799e+0, 5.85956e-4, 2.00000e+1, 0.00000e+0, 1.30000e+1, 0.00000e+0, 3, 2, 
07/28/2021 11:02:07.813, 07/28/2021 11:02:07.760, 4.16305e+0, 4.15834e-5, 9.86676e+1, 6.18801e-3, 1.83161e+0, 2.53862e-3, 1.62629e+4, 1.80802e+2, 4.29186e+2, 5.93915e-1, 1.86189e+0, 2.84732e-3, 4.36281e+2, 6.02964e-1, 4.97498e+2, 1.25959e+0, 2.66917e+1, 2.41615e-2, 3.29381e+1, 1.51507e-2, 2.77639e+0, 4.64834e-4, 2.74836e+0, 5.69238e-4, 2.00000e+1, 0.00000e+0, 1.30000e+1, 0.00000e+0, 3, 1, 
07/28/2021 11:02:12.787, 07/28/2021 11:02:12.732, 4.16310e+0, 6.21723e-5, 9.86760e+1, 9.25183e-3, 1.83117e+0, 2.91028e-3, 1.62399e+4, 1.55251e+2, 4.26621e+2, 1.09607e+0, 1.86140e+0, 2.85044e-3, 4.33664e+2, 1.10400e+0, 4.97515e+2, 1.19070e+0, 2.67079e+1, 1.52620e-2, 3.29714e+1, 8.53464e-3, 2.77632e+0, 4.42998e-4, 2.74848e+0, 7.10322e-4, 2.00000e+1, 0.00000e+0, 1.30000e+1, 0.00000e+0, 3, 1, 
07/28/2021 11:02:17.765, 07/28/2021 11:02:17.706, 4.16310e+0, 2.87641e-5, 9.86755e+1, 4.28037e-3, 1.83266e+0, 2.66813e-3, 1.63139e+4, 9.31352e+1, 4.23987e+2, 9.88666e-1, 1.86305e+0, 2.65393e-3, 4.31019e+2, 1.03094e+0, 4.97415e+2, 1.07570e+0, 2.67145e+1, 1.91838e-2, 3.30062e+1, 9.01108e-3, 2.77660e+0, 9.99761e-4, 2.74816e+0, 7.06609e-4, 2.00000e+1, 0.00000e+0, 1.30000e+1, 0.00000e+0, 3, 1, 
07/28/2021 11:02:22.733, 07/28/2021 11:02:22.678, 4.16312e+0, 5.37417e-5, 9.86787e+1, 7.99727e-3, 1.83162e+0, 1.60184e-3, 1.63205e+4, 1.61150e+2, 4.22207e+2, 6.65085e-1, 1.86201e+0, 1.66812e-3, 4.29212e+2, 7.23689e-1, 4.97512e+2, 1.31079e+0, 2.67401e+1, 5.65147e-3, 3.30413e+1, 9.78388e-3, 2.77652e+0, 4.52337e-4, 2.74816e+0, 4.90663e-4, 2.00000e+1, 0.00000e+0, 1.30000e+1, 0.00000e+0, 3, 1, 
07/28/2021 11:02:27.704, 07/28/2021 11:02:27.651, 4.16314e+0, 6.53229e-5, 9.86819e+1, 9.72068e-3, 1.83174e+0, 2.03498e-3, 1.62684e+4, 1.63091e+2, 4.21841e+2, 4.39768e-1, 1.86203e+0, 2.28804e-3, 4.28817e+2, 4.78979e-1, 4.97386e+2, 1.02125e+0, 2.67529e+1, 5.42572e-3, 3.30570e+1, 4.01318e-3, 2.77691e+0, 2.17527e-4, 2.74849e+0, 4.13543e-4, 2.00000e+1, 0.00000e+0, 1.30000e+1, 0.00000e+0, 3, 1, 
07/28/2021 11:02:32.677, 07/28/2021 11:02:32.622, 4.16316e+0, 3.25972e-5, 9.86843e+1, 4.85078e-3, 1.83241e+0, 3.36984e-3, 1.61693e+4, 8.94592e+1, 4.20067e+2, 7.97622e-1, 1.86253e+0, 3.55278e-3, 4.26971e+2, 8.36188e-1, 4.97524e+2, 1.17329e+0, 2.67469e+1, 1.42878e-2, 3.30577e+1, 5.39282e-3, 2.77627e+0, 8.14623e-4, 2.74830e+0, 8.69798e-4, 2.00000e+1, 0.00000e+0, 1.30000e+1, 0.00000e+0, 3, 1, 
07/28/2021 11:02:37.655, 07/28/2021 11:02:37.596, 4.16314e+0, 3.36435e-5, 9.86820e+1, 5.00647e-3, 1.83210e+0, 2.74405e-3, 1.62060e+4, 2.95100e+1, 4.18392e+2, 8.85973e-1, 1.86228e+0, 2.76665e-3, 4.25284e+2, 9.07888e-1, 4.97602e+2, 1.29567e+0, 2.67669e+1, 2.43730e-3, 3.30684e+1, 5.25579e-3, 2.77657e+0, 2.46399e-4, 2.74828e+0, 3.28548e-4, 2.00000e+1, 0.00000e+0, 1.30000e+1, 0.00000e+0, 3, 1, 
07/28/2021 11:02:42.623, 07/28/2021 11:02:42.569, 4.16321e+0, 1.48499e-5, 9.86918e+1, 2.20980e-3, 1.83247e+0, 3.00005e-3, 1.61844e+4, 1.52463e+2, 4.18161e+2, 7.44649e-1, 1.86261e+0, 3.24052e-3, 4.25040e+2, 7.88395e-1, 4.97353e+2, 1.27747e+0, 2.67717e+1, 3.22249e-3, 3.30846e+1, 9.66843e-3, 2.77617e+0, 5.69648e-4, 2.74793e+0, 5.70484e-4, 2.00000e+1, 0.00000e+0, 1.30000e+1, 0.00000e+0, 3, 1, 
07/28/2021 11:02:47.598, 07/28/2021 11:02:47.540, 4.16320e+0, 2.12688e-5, 9.86904e+1, 3.16500e-3, 1.83159e+0, 2.33078e-3, 1.61050e+4, 1.25019e+2, 4.14981e+2, 1.90062e+0, 1.86157e+0, 2.50458e-3, 4.21774e+2, 1.92548e+0, 4.97564e+2, 1.21621e+0, 2.67847e+1, 4.79288e-3, 3.31146e+1, 1.18447e-2, 2.77642e+0, 3.09761e-4, 2.74871e+0, 5.75486e-4, 2.00000e+1, 0.00000e+0, 1.30000e+1, 0.00000e+0, 3, 1, 
07/28/2021 11:02:52.573, 07/28/2021 11:02:52.513, 4.16314e+0, 2.97535e-5, 9.86822e+1, 4.42760e-3, 1.83151e+0, 1.45262e-3, 1.60855e+4, 1.94088e+2, 4.10852e+2, 7.62054e-1, 1.86146e+0, 1.40611e-3, 4.17569e+2, 8.17743e-1, 4.97530e+2, 1.09648e+0, 2.67858e+1, 1.91377e-2, 3.31418e+1, 7.60605e-3, 2.77634e+0, 2.46927e-4, 2.74809e+0, 6.57623e-4, 2.00000e+1, 0.00000e+0, 1.30000e+1, 0.00000e+0, 3, 1, 
07/28/2021 11:02:57.542, 07/28/2021 11:02:57.486, 4.16322e+0, 4.07404e-5, 9.86938e+1, 6.06255e-3, 1.83308e+0, 2.09803e-3, 1.60700e+4, 1.03254e+2, 4.11063e+2, 9.28109e-1, 1.86302e+0, 2.20752e-3, 4.17777e+2, 9.57997e-1, 4.97440e+2, 1.07638e+0, 2.68174e+1, 1.80714e-2, 3.31629e+1, 9.91985e-3, 2.77630e+0, 4.61058e-4, 2.74817e+0, 2.12219e-4, 2.00000e+1, 0.00000e+0, 1.30000e+1, 0.00000e+0, 3, 1, 
07/28/2021 11:03:02.517, 07/28/2021 11:03:02.460, 4.16323e+0, 2.03564e-5, 9.86951e+1, 3.02922e-3, 1.83223e+0, 3.65367e-3, 1.60070e+4, 7.28886e+1, 4.10701e+2, 7.07655e-1, 1.86203e+0, 3.59815e-3, 4.17382e+2, 7.43881e-1, 4.97647e+2, 1.04569e+0, 2.68132e+1, 6.66071e-3, 3.31903e+1, 9.83766e-3, 2.77624e+0, 4.19903e-4, 2.74824e+0, 2.82935e-4, 2.00000e+1, 0.00000e+0, 1.30000e+1, 0.00000e+0, 3, 1, 
07/28/2021 11:03:07.518, 07/28/2021 11:03:07.431, 4.16324e+0, 5.89150e-5, 9.86957e+1, 8.76712e-3, 1.83088e+0, 2.18856e-3, 1.61089e+4, 1.63225e+2, 4.09611e+2, 8.33006e-1, 1.86086e+0, 2.15151e-3, 4.16318e+2, 8.46559e-1, 4.97694e+2, 1.23295e+0, 2.68138e+1, 1.61876e-2, 3.32160e+1, 8.36348e-3, 2.77608e+0, 4.15509e-4, 2.74810e+0, 2.39041e-4, 2.00000e+1, 0.00000e+0, 1.30000e+1, 0.00000e+0, 3, 2, 
07/28/2021 11:03:12.460, 07/28/2021 11:03:12.404, 4.16326e+0, 5.03983e-5, 9.86995e+1, 7.49974e-3, 1.83078e+0, 2.02138e-3, 1.59560e+4, 1.17997e+2, 4.09192e+2, 4.55434e-1, 1.86047e+0, 2.18907e-3, 4.15827e+2, 4.72110e-1, 4.97737e+2, 1.21504e+0, 2.68319e+1, 1.53180e-2, 3.32181e+1, 5.17917e-3, 2.77632e+0, 6.74522e-4, 2.74837e+0, 8.04004e-5, 2.00000e+1, 0.00000e+0, 1.30000e+1, 0.00000e+0, 3, 2, 
07/28/2021 11:03:17.451, 07/28/2021 11:03:17.377, 4.16329e+0, 1.71419e-5, 9.87045e+1, 2.55088e-3, 1.83175e+0, 2.11351e-3, 1.60436e+4, 1.51404e+2, 4.08315e+2, 7.97268e-1, 1.86161e+0, 2.25971e-3, 4.14973e+2, 8.51280e-1, 4.97664e+2, 1.27931e+0, 2.68488e+1, 4.01806e-3, 3.32176e+1, 3.76608e-3, 2.77599e+0, 6.65116e-4, 2.74777e+0, 8.92808e-4, 2.00000e+1, 0.00000e+0, 1.30000e+1, 0.00000e+0, 3, 2, 
07/28/2021 11:03:22.409, 07/28/2021 11:03:22.351, 4.16334e+0, 2.64015e-5, 9.87110e+1, 3.92879e-3, 1.83296e+0, 1.68507e-3, 1.59276e+4, 1.02677e+2, 4.06941e+2, 5.89904e-1, 1.86263e+0, 1.81460e-3, 4.13528e+2, 6.31312e-1, 4.97509e+2, 1.18227e+0, 2.68586e+1, 1.99003e-2, 3.32277e+1, 5.28707e-3, 2.77572e+0, 5.01948e-4, 2.74792e+0, 4.94640e-4, 2.00000e+1, 0.00000e+0, 1.30000e+1, 0.00000e+0, 3, 2, 
07/28/2021 11:03:27.381, 07/28/2021 11:03:27.322, 4.16331e+0, 1.54597e-5, 9.87075e+1, 2.30055e-3, 1.83005e+0, 1.75196e-3, 1.59321e+4, 1.66005e+2, 4.07231e+2, 8.34042e-1, 1.85967e+0, 1.87882e-3, 4.13824e+2, 8.55862e-1, 4.97559e+2, 1.10096e+0, 2.68540e+1, 1.58539e-2, 3.32490e+1, 8.25307e-3, 2.77617e+0, 3.37715e-4, 2.74784e+0, 4.72226e-4, 2.00000e+1, 0.00000e+0, 1.30000e+1, 0.00000e+0, 3, 2, 
07/28/2021 11:03:32.354, 07/28/2021 11:03:32.295, 4.16334e+0, 5.79212e-5, 9.87108e+1, 8.61923e-3, 1.83206e+0, 1.53482e-3, 1.59316e+4, 1.03525e+2, 4.06874e+2, 7.32034e-1, 1.86172e+0, 1.61358e-3, 4.13461e+2, 7.53135e-1, 4.97451e+2, 1.11567e+0, 2.68759e+1, 2.07749e-3, 3.32680e+1, 6.94304e-3, 2.77588e+0, 6.08697e-4, 2.74829e+0, 2.40666e-4, 2.00000e+1, 0.00000e+0, 1.30000e+1, 0.00000e+0, 3, 2, 
07/28/2021 11:03:37.325, 07/28/2021 11:03:37.269, 4.16334e+0, 1.76685e-5, 9.87113e+1, 2.62925e-3, 1.83165e+0, 2.87572e-3, 1.58768e+4, 2.13062e+2, 4.07789e+2, 8.56668e-1, 1.86120e+0, 3.02433e-3, 4.14368e+2, 8.59153e-1, 4.97501e+2, 1.25401e+0, 2.68815e+1, 4.61073e-3, 3.32825e+1, 1.12617e-2, 2.77603e+0, 4.89481e-4, 2.74793e+0, 7.54208e-4, 2.00000e+1, 0.00000e+0, 1.30000e+1, 0.00000e+0, 3, 2, 
07/28/2021 11:03:42.301, 07/28/2021 11:03:42.241, 4.16329e+0, 5.11114e-5, 9.87035e+1, 7.60587e-3, 1.83094e+0, 1.72688e-3, 1.59094e+4, 8.07052e+1, 4.09481e+2, 8.28205e-1, 1.86054e+0, 1.80376e-3, 4.16101e+2, 8.53128e-1, 4.97490e+2, 1.36407e+0, 2.68703e+1, 1.00915e-2, 3.32934e+1, 6.73147e-3, 2.77604e+0, 7.52964e-4, 2.74794e+0, 4.80698e-4, 2.00000e+1, 0.00000e+0, 1.30000e+1, 0.00000e+0, 3, 2, 
07/28/2021 11:03:47.269, 07/28/2021 11:03:47.213, 4.16335e+0, 2.06057e-5, 9.87127e+1, 3.06632e-3, 1.83128e+0, 2.96928e-3, 1.58478e+4, 7.07114e+1, 4.14121e+2, 2.58080e+0, 1.86077e+0, 3.04365e-3, 4.20790e+2, 2.64606e+0, 4.97445e+2, 1.15712e+0, 2.68982e+1, 1.00124e-3, 3.32813e+1, 4.11671e-3, 2.77602e+0, 6.75267e-4, 2.74804e+0, 4.29319e-4, 2.00000e+1, 0.00000e+0, 1.30000e+1, 0.00000e+0, 3, 2, 
07/28/2021 11:03:52.243, 07/28/2021 11:03:52.186, 4.16335e+0, 2.59226e-5, 9.87128e+1, 3.85753e-3, 1.83142e+0, 2.51745e-3, 1.58079e+4, 9.09062e+1, 4.17286e+2, 8.92367e-1, 1.86084e+0, 2.69969e-3, 4.23989e+2, 9.09861e-1, 4.97604e+2, 1.30172e+0, 2.69043e+1, 1.39624e-2, 3.32871e+1, 7.03464e-3, 2.77629e+0, 5.68484e-4, 2.74789e+0, 6.82702e-4, 2.00000e+1, 0.00000e+0, 1.30000e+1, 0.00000e+0, 3, 2, 
07/28/2021 11:03:57.217, 07/28/2021 11:03:57.158, 4.16334e+0, 4.36199e-5, 9.87115e+1, 6.49106e-3, 1.83225e+0, 2.50949e-3, 1.58449e+4, 6.84584e+1, 4.14515e+2, 9.08209e-1, 1.86175e+0, 2.57873e-3, 4.21189e+2, 9.03132e-1, 4.97546e+2, 1.21142e+0, 2.68909e+1, 6.66331e-3, 3.32797e+1, 9.88186e-3, 2.77636e+0, 5.08393e-4, 2.74785e+0, 4.45030e-4, 2.00000e+1, 0.00000e+0, 1.30000e+1, 0.00000e+0, 3, 2, 
07/28/2021 11:04:02.190, 07/28/2021 11:04:02.132, 4.16338e+0, 2.00828e-5, 9.87170e+1, 2.98851e-3, 1.83119e+0, 2.84356e-3, 1.57553e+4, 1.88585e+2, 4.12514e+2, 6.43506e-1, 1.86050e+0, 3.17486e-3, 4.19117e+2, 7.31306e-1, 4.97498e+2, 1.35025e+0, 2.68834e+1, 2.09653e-3, 3.32694e+1, 5.08065e-3, 2.77636e+0, 9.08523e-4, 2.74839e+0, 7.30617e-4, 2.00000e+1, 0.00000e+0, 1.30000e+1, 0.00000e+0, 3, 2, 
07/28/2021 11:04:07.165, 07/28/2021 11:04:07.104, 4.16338e+0, 6.14117e-5, 9.87175e+1, 9.13865e-3, 1.83147e+0, 2.65271e-3, 1.58030e+4, 7.58002e+1, 4.12255e+2, 2.12339e-1, 1.86087e+0, 2.80335e-3, 4.18875e+2, 2.21397e-1, 4.97560e+2, 1.14327e+0, 2.68907e+1, 7.42000e-3, 3.32566e+1, 7.39502e-3, 2.77584e+0, 5.29820e-4, 2.74778e+0, 8.07302e-4, 2.00000e+1, 0.00000e+0, 1.30000e+1, 0.00000e+0, 3, 1, 
07/28/2021 11:04:12.132, 07/28/2021 11:04:12.077, 4.16335e+0, 5.27650e-5, 9.87126e+1, 7.85193e-3, 1.83152e+0, 3.29208e-3, 1.58306e+4, 1.80467e+2, 4.12250e+2, 3.00251e-1, 1.86098e+0, 3.48237e-3, 4.18881e+2, 2.68294e-1, 4.97473e+2, 1.07180e+0, 2.68967e+1, 5.63211e-3, 3.32492e+1, 1.12965e-2, 2.77585e+0, 6.82958e-4, 2.74842e+0, 7.05337e-4, 2.00000e+1, 0.00000e+0, 1.30000e+1, 0.00000e+0, 3, 1, 
07/28/2021 11:04:17.138, 07/28/2021 11:04:17.056, 4.16337e+0, 4.16161e-5, 9.87154e+1, 6.19287e-3, 1.83008e+0, 2.76748e-3, 1.57873e+4, 2.14677e+2, 4.11302e+2, 4.62525e-1, 1.85944e+0, 3.04894e-3, 4.17899e+2, 4.43750e-1, 4.97513e+2, 1.12050e+0, 2.69172e+1, 4.12413e-3, 3.32560e+1, 8.51505e-3, 2.77614e+0, 5.28549e-4, 2.74843e+0, 3.92510e-4, 2.00000e+1, 0.00000e+0, 1.30000e+1, 0.00000e+0, 3, 1, 
                                                                                                                                                                                                                                                                                                                                                                                                                                                                                                                                                                                                                                                                                                                                                                                                                                                                                                                                                                                                                                                                                                                                                                                                                           