SN:3K60180500001583 BD:Jul 23 2018 VC:834b9c1 MD5:48f99e4865ed8b810be1bb0eaaabf929
SysTime,                      Time,         Batt_v,      Batt_v_sd,   BATT_PERCENT,BATT_PERCENT_sd,      [CH4]_ppm,   [CH4]_ppm_sd,      [H2O]_ppm,   [H2O]_ppm_sd,      [CO2]_ppm,   [CO2]_ppm_sd,     [CH4]d_ppm,  [CH4]d_ppm_sd,     [CO2]d_ppm,  [CO2]d_ppm_sd,      GasP_torr,   GasP_torr_sd,         GasT_C,      GasT_C_sd,         AmbT_C,      AmbT_C_sd,         RD0_us,      RD0_us_sd,         RD1_us,      RD1_us_sd, Temp_Status_mA,Temp_Status_mA_sd,Analyzer_Status_mA,Analyzer_Status_mA_sd,       Fit_Flag,      MIU_VALVE,       MIU_DESC
03/05/2021 13:45:46.822, 03/05/2021 13:45:46.765, 4.06027e+0, 0.00000e+0, 8.26353e+1, 0.00000e+0, 2.01365e+0, 0.00000e+0, 2.40158e+3, 0.00000e+0, 3.99976e+2, 0.00000e+0, 2.01849e+0, 0.00000e+0, 4.00938e+2, 0.00000e+0, 5.03092e+2, 0.00000e+0, 6.78587e+0, 0.00000e+0, 7.56361e+0, 0.00000e+0, 3.60752e+0, 0.00000e+0, 3.20294e+0, 0.00000e+0, 2.00000e+1, 0.00000e+0, 1.00000e+1, 0.00000e+0, 3, 1, 
03/05/2021 13:45:47.278, 03/05/2021 13:45:47.198, 4.06064e+0, 0.00000e+0, 8.26907e+1, 0.00000e+0, 2.01420e+0, 0.00000e+0, 1.81297e+3, 0.00000e+0, 3.99956e+2, 0.00000e+0, 2.01785e+0, 0.00000e+0, 4.00682e+2, 0.00000e+0, 5.03127e+2, 0.00000e+0, 6.88625e+0, 0.00000e+0, 7.57486e+0, 0.00000e+0, 3.60627e+0, 0.00000e+0, 3.20279e+0, 0.00000e+0, 2.00000e+1, 0.00000e+0, 1.00000e+1, 0.00000e+0, 3, 1, 
03/05/2021 13:45:48.247, 03/05/2021 13:45:48.193, 4.06115e+0, 0.00000e+0, 8.27654e+1, 0.00000e+0, 2.01166e+0, 0.00000e+0, 1.47452e+3, 0.00000e+0, 4.00267e+2, 0.00000e+0, 2.01464e+0, 0.00000e+0, 4.00858e+2, 0.00000e+0, 5.03134e+2, 0.00000e+0, 6.83489e+0, 0.00000e+0, 7.60865e+0, 0.00000e+0, 3.60908e+0, 0.00000e+0, 3.20138e+0, 0.00000e+0, 2.00000e+1, 0.00000e+0, 1.00000e+1, 0.00000e+0, 3, 1, 
03/05/2021 13:45:49.240, 03/05/2021 13:45:49.187, 4.06137e+0, 0.00000e+0, 8.27986e+1, 0.00000e+0, 2.01016e+0, 0.00000e+0, 1.67539e+3, 0.00000e+0, 4.00392e+2, 0.00000e+0, 2.01353e+0, 0.00000e+0, 4.01064e+2, 0.00000e+0, 5.03095e+2, 0.00000e+0, 6.76987e+0, 0.00000e+0, 7.62277e+0, 0.00000e+0, 3.60580e+0, 0.00000e+0, 3.20254e+0, 0.00000e+0, 2.00000e+1, 0.00000e+0, 1.00000e+1, 0.00000e+0, 3, 1, 
03/05/2021 13:45:50.231, 03/05/2021 13:45:50.182, 4.06134e+0, 0.00000e+0, 8.27936e+1, 0.00000e+0, 2.01315e+0, 0.00000e+0, 2.56578e+3, 0.00000e+0, 4.02036e+2, 0.00000e+0, 2.01833e+0, 0.00000e+0, 4.03070e+2, 0.00000e+0, 5.03134e+2, 0.00000e+0, 6.76636e+0, 0.00000e+0, 7.63018e+0, 0.00000e+0, 3.60706e+0, 0.00000e+0, 3.20309e+0, 0.00000e+0, 2.00000e+1, 0.00000e+0, 1.00000e+1, 0.00000e+0, 3, 1, 
03/05/2021 13:45:51.241, 03/05/2021 13:45:51.177, 4.06157e+0, 0.00000e+0, 8.28281e+1, 0.00000e+0, 2.01200e+0, 0.00000e+0, 2.01601e+3, 0.00000e+0, 4.01855e+2, 0.00000e+0, 2.01607e+0, 0.00000e+0, 4.02667e+2, 0.00000e+0, 5.03170e+2, 0.00000e+0, 6.78205e+0, 0.00000e+0, 7.62601e+0, 0.00000e+0, 3.60535e+0, 0.00000e+0, 3.20104e+0, 0.00000e+0, 2.00000e+1, 0.00000e+0, 1.00000e+1, 0.00000e+0, 3, 1, 
03/05/2021 13:45:52.223, 03/05/2021 13:45:52.171, 4.06145e+0, 0.00000e+0, 8.28095e+1, 0.00000e+0, 2.01261e+0, 0.00000e+0, 1.89564e+3, 0.00000e+0, 4.01007e+2, 0.00000e+0, 2.01643e+0, 0.00000e+0, 4.01768e+2, 0.00000e+0, 5.03137e+2, 0.00000e+0, 6.77596e+0, 0.00000e+0, 7.63517e+0, 0.00000e+0, 3.60936e+0, 0.00000e+0, 3.20242e+0, 0.00000e+0, 2.00000e+1, 0.00000e+0, 1.00000e+1, 0.00000e+0, 3, 1, 
03/05/2021 13:45:53.222, 03/05/2021 13:45:53.166, 4.06138e+0, 0.00000e+0, 8.27988e+1, 0.00000e+0, 2.01117e+0, 0.00000e+0, 2.07826e+3, 0.00000e+0, 4.01855e+2, 0.00000e+0, 2.01536e+0, 0.00000e+0, 4.02692e+2, 0.00000e+0, 5.03131e+2, 0.00000e+0, 6.78163e+0, 0.00000e+0, 7.63479e+0, 0.00000e+0, 3.60574e+0, 0.00000e+0, 3.20237e+0, 0.00000e+0, 2.00000e+1, 0.00000e+0, 1.00000e+1, 0.00000e+0, 3, 1, 
03/05/2021 13:45:54.216, 03/05/2021 13:45:54.160, 4.06137e+0, 0.00000e+0, 8.27974e+1, 0.00000e+0, 2.01224e+0, 0.00000e+0, 1.78119e+3, 0.00000e+0, 4.00306e+2, 0.00000e+0, 2.01583e+0, 0.00000e+0, 4.01021e+2, 0.00000e+0, 5.03134e+2, 0.00000e+0, 6.77583e+0, 0.00000e+0, 7.64344e+0, 0.00000e+0, 3.60778e+0, 0.00000e+0, 3.20246e+0, 0.00000e+0, 2.00000e+1, 0.00000e+0, 1.00000e+1, 0.00000e+0, 3, 1, 
03/05/2021 13:45:55.212, 03/05/2021 13:45:55.155, 4.06151e+0, 0.00000e+0, 8.28179e+1, 0.00000e+0, 2.01092e+0, 0.00000e+0, 2.33565e+3, 0.00000e+0, 4.00339e+2, 0.00000e+0, 2.01563e+0, 0.00000e+0, 4.01276e+2, 0.00000e+0, 5.03133e+2, 0.00000e+0, 6.76693e+0, 0.00000e+0, 7.64423e+0, 0.00000e+0, 3.60946e+0, 0.00000e+0, 3.20003e+0, 0.00000e+0, 2.00000e+1, 0.00000e+0, 1.00000e+1, 0.00000e+0, 3, 1, 
03/05/2021 13:45:56.198, 03/05/2021 13:45:56.149, 4.06154e+0, 0.00000e+0, 8.28233e+1, 0.00000e+0, 2.01253e+0, 0.00000e+0, 1.92563e+3, 0.00000e+0, 4.01272e+2, 0.00000e+0, 2.01641e+0, 0.00000e+0, 4.02046e+2, 0.00000e+0, 5.03116e+2, 0.00000e+0, 6.75558e+0, 0.00000e+0, 7.65059e+0, 0.00000e+0, 3.60868e+0, 0.00000e+0, 3.19977e+0, 0.00000e+0, 2.00000e+1, 0.00000e+0, 1.00000e+1, 0.00000e+0, 3, 1, 
03/05/2021 13:45:57.195, 03/05/2021 13:45:57.145, 4.06124e+0, 0.00000e+0, 8.27791e+1, 0.00000e+0, 2.01401e+0, 0.00000e+0, 1.66530e+3, 0.00000e+0, 3.99360e+2, 0.00000e+0, 2.01736e+0, 0.00000e+0, 4.00026e+2, 0.00000e+0, 5.03153e+2, 0.00000e+0, 6.78964e+0, 0.00000e+0, 7.65453e+0, 0.00000e+0, 3.60687e+0, 0.00000e+0, 3.20245e+0, 0.00000e+0, 2.00000e+1, 0.00000e+0, 1.00000e+1, 0.00000e+0, 3, 1, 
03/05/2021 13:45:58.191, 03/05/2021 13:45:58.139, 4.06138e+0, 0.00000e+0, 8.27993e+1, 0.00000e+0, 2.00635e+0, 0.00000e+0, 1.85049e+3, 0.00000e+0, 3.97467e+2, 0.00000e+0, 2.01007e+0, 0.00000e+0, 3.98204e+2, 0.00000e+0, 5.03113e+2, 0.00000e+0, 6.77455e+0, 0.00000e+0, 7.65536e+0, 0.00000e+0, 3.61061e+0, 0.00000e+0, 3.20110e+0, 0.00000e+0, 2.00000e+1, 0.00000e+0, 1.00000e+1, 0.00000e+0, 3, 1, 
03/05/2021 13:45:59.186, 03/05/2021 13:45:59.133, 4.06154e+0, 0.00000e+0, 8.28224e+1, 0.00000e+0, 2.01067e+0, 0.00000e+0, 1.91126e+3, 0.00000e+0, 3.98731e+2, 0.00000e+0, 2.01452e+0, 0.00000e+0, 3.99494e+2, 0.00000e+0, 5.03131e+2, 0.00000e+0, 6.78338e+0, 0.00000e+0, 7.66321e+0, 0.00000e+0, 3.60789e+0, 0.00000e+0, 3.20064e+0, 0.00000e+0, 2.00000e+1, 0.00000e+0, 1.00000e+1, 0.00000e+0, 3, 1, 
03/05/2021 13:46:00.182, 03/05/2021 13:46:00.127, 4.06145e+0, 0.00000e+0, 8.28092e+1, 0.00000e+0, 2.01224e+0, 0.00000e+0, 1.81447e+3, 0.00000e+0, 3.98523e+2, 0.00000e+0, 2.01590e+0, 0.00000e+0, 3.99248e+2, 0.00000e+0, 5.03108e+2, 0.00000e+0, 6.79034e+0, 0.00000e+0, 7.66801e+0, 0.00000e+0, 3.60960e+0, 0.00000e+0, 3.20038e+0, 0.00000e+0, 2.00000e+1, 0.00000e+0, 1.00000e+1, 0.00000e+0, 3, 1, 
03/05/2021 13:46:01.176, 03/05/2021 13:46:01.121, 4.06110e+0, 0.00000e+0, 8.27587e+1, 0.00000e+0, 2.01187e+0, 0.00000e+0, 2.07859e+3, 0.00000e+0, 3.99670e+2, 0.00000e+0, 2.01606e+0, 0.00000e+0, 4.00502e+2, 0.00000e+0, 5.03160e+2, 0.00000e+0, 6.78547e+0, 0.00000e+0, 7.67343e+0, 0.00000e+0, 3.60766e+0, 0.00000e+0, 3.20071e+0, 0.00000e+0, 2.00000e+1, 0.00000e+0, 1.00000e+1, 0.00000e+0, 3, 1, 
03/05/2021 13:46:02.172, 03/05/2021 13:46:02.116, 4.06122e+0, 0.00000e+0, 8.27755e+1, 0.00000e+0, 2.01222e+0, 0.00000e+0, 1.48377e+3, 0.00000e+0, 3.96825e+2, 0.00000e+0, 2.01521e+0, 0.00000e+0, 3.97415e+2, 0.00000e+0, 5.03116e+2, 0.00000e+0, 6.77768e+0, 0.00000e+0, 7.68081e+0, 0.00000e+0, 3.60622e+0, 0.00000e+0, 3.20196e+0, 0.00000e+0, 2.00000e+1, 0.00000e+0, 1.00000e+1, 0.00000e+0, 3, 1, 
03/05/2021 13:46:03.167, 03/05/2021 13:46:03.110, 4.06132e+0, 0.00000e+0, 8.27899e+1, 0.00000e+0, 2.00945e+0, 0.00000e+0, 1.73154e+3, 0.00000e+0, 3.95862e+2, 0.00000e+0, 2.01293e+0, 0.00000e+0, 3.96548e+2, 0.00000e+0, 5.03149e+2, 0.00000e+0, 6.79128e+0, 0.00000e+0, 7.67476e+0, 0.00000e+0, 3.60900e+0, 0.00000e+0, 3.20053e+0, 0.00000e+0, 2.00000e+1, 0.00000e+0, 1.00000e+1, 0.00000e+0, 3, 1, 
03/05/2021 13:46:04.158, 03/05/2021 13:46:04.106, 4.06135e+0, 0.00000e+0, 8.27953e+1, 0.00000e+0, 2.01016e+0, 0.00000e+0, 2.11948e+3, 0.00000e+0, 3.94998e+2, 0.00000e+0, 2.01443e+0, 0.00000e+0, 3.95837e+2, 0.00000e+0, 5.03117e+2, 0.00000e+0, 6.76996e+0, 0.00000e+0, 7.68513e+0, 0.00000e+0, 3.61079e+0, 0.00000e+0, 3.19998e+0, 0.00000e+0, 2.00000e+1, 0.00000e+0, 1.00000e+1, 0.00000e+0, 3, 1, 
03/05/2021 13:46:05.155, 03/05/2021 13:46:05.101, 4.06112e+0, 0.00000e+0, 8.27608e+1, 0.00000e+0, 2.00815e+0, 0.00000e+0, 2.23563e+3, 0.00000e+0, 3.96311e+2, 0.00000e+0, 2.01265e+0, 0.00000e+0, 3.97199e+2, 0.00000e+0, 5.03119e+2, 0.00000e+0, 6.78685e+0, 0.00000e+0, 7.68755e+0, 0.00000e+0, 3.60862e+0, 0.00000e+0, 3.20026e+0, 0.00000e+0, 2.00000e+1, 0.00000e+0, 1.00000e+1, 0.00000e+0, 3, 1, 
03/05/2021 13:46:06.147, 03/05/2021 13:46:06.094, 4.06121e+0, 0.00000e+0, 8.27746e+1, 0.00000e+0, 2.01030e+0, 0.00000e+0, 2.24561e+3, 0.00000e+0, 3.94622e+2, 0.00000e+0, 2.01482e+0, 0.00000e+0, 3.95510e+2, 0.00000e+0, 5.03104e+2, 0.00000e+0, 6.77467e+0, 0.00000e+0, 7.69377e+0, 0.00000e+0, 3.60832e+0, 0.00000e+0, 3.19996e+0, 0.00000e+0, 2.00000e+1, 0.00000e+0, 1.00000e+1, 0.00000e+0, 3, 1, 
03/05/2021 13:46:07.141, 03/05/2021 13:46:07.089, 4.06120e+0, 0.00000e+0, 8.27725e+1, 0.00000e+0, 2.00991e+0, 0.00000e+0, 1.79576e+3, 0.00000e+0, 3.94537e+2, 0.00000e+0, 2.01353e+0, 0.00000e+0, 3.95246e+2, 0.00000e+0, 5.03125e+2, 0.00000e+0, 6.78546e+0, 0.00000e+0, 7.69295e+0, 0.00000e+0, 3.60939e+0, 0.00000e+0, 3.20104e+0, 0.00000e+0, 2.00000e+1, 0.00000e+0, 1.00000e+1, 0.00000e+0, 3, 1, 
03/05/2021 13:46:08.132, 03/05/2021 13:46:08.083, 4.06135e+0, 0.00000e+0, 8.27950e+1, 0.00000e+0, 2.01141e+0, 0.00000e+0, 1.42853e+3, 0.00000e+0, 3.95027e+2, 0.00000e+0, 2.01428e+0, 0.00000e+0, 3.95593e+2, 0.00000e+0, 5.03102e+2, 0.00000e+0, 6.77496e+0, 0.00000e+0, 7.69655e+0, 0.00000e+0, 3.60683e+0, 0.00000e+0, 3.20066e+0, 0.00000e+0, 2.00000e+1, 0.00000e+0, 1.00000e+1, 0.00000e+0, 3, 1, 
03/05/2021 13:46:09.133, 03/05/2021 13:46:09.079, 4.06121e+0, 0.00000e+0, 8.27742e+1, 0.00000e+0, 2.00972e+0, 0.00000e+0, 1.46791e+3, 0.00000e+0, 3.95388e+2, 0.00000e+0, 2.01267e+0, 0.00000e+0, 3.95969e+2, 0.00000e+0, 5.03118e+2, 0.00000e+0, 6.79022e+0, 0.00000e+0, 7.69627e+0, 0.00000e+0, 3.60878e+0, 0.00000e+0, 3.20021e+0, 0.00000e+0, 2.00000e+1, 0.00000e+0, 1.00000e+1, 0.00000e+0, 3, 1, 
03/05/2021 13:46:10.127, 03/05/2021 13:46:10.072, 4.06134e+0, 0.00000e+0, 8.27928e+1, 0.00000e+0, 2.00630e+0, 0.00000e+0, 1.38369e+3, 0.00000e+0, 3.95982e+2, 0.00000e+0, 2.00908e+0, 0.00000e+0, 3.96530e+2, 0.00000e+0, 5.03092e+2, 0.00000e+0, 6.78022e+0, 0.00000e+0, 7.70273e+0, 0.00000e+0, 3.60781e+0, 0.00000e+0, 3.19934e+0, 0.00000e+0, 2.00000e+1, 0.00000e+0, 1.00000e+1, 0.00000e+0, 3, 1, 
03/05/2021 13:46:11.122, 03/05/2021 13:46:11.068, 4.06138e+0, 0.00000e+0, 8.27995e+1, 0.00000e+0, 2.00994e+0, 0.00000e+0, 1.89775e+3, 0.00000e+0, 3.94392e+2, 0.00000e+0, 2.01376e+0, 0.00000e+0, 3.95142e+2, 0.00000e+0, 5.03106e+2, 0.00000e+0, 6.76647e+0, 0.00000e+0, 7.70484e+0, 0.00000e+0, 3.61009e+0, 0.00000e+0, 3.19915e+0, 0.00000e+0, 2.00000e+1, 0.00000e+0, 1.00000e+1, 0.00000e+0, 3, 2, 
03/05/2021 13:46:12.115, 03/05/2021 13:46:12.062, 4.06130e+0, 0.00000e+0, 8.27883e+1, 0.00000e+0, 2.00874e+0, 0.00000e+0, 1.54774e+3, 0.00000e+0, 3.94248e+2, 0.00000e+0, 2.01185e+0, 0.00000e+0, 3.94859e+2, 0.00000e+0, 5.03125e+2, 0.00000e+0, 6.78065e+0, 0.00000e+0, 7.70611e+0, 0.00000e+0, 3.61079e+0, 0.00000e+0, 3.19976e+0, 0.00000e+0, 2.00000e+1, 0.00000e+0, 1.00000e+1, 0.00000e+0, 3, 2, 
03/05/2021 13:46:13.115, 03/05/2021 13:46:13.056, 4.06131e+0, 0.00000e+0, 8.27895e+1, 0.00000e+0, 2.01102e+0, 0.00000e+0, 1.66746e+3, 0.00000e+0, 3.95873e+2, 0.00000e+0, 2.01437e+0, 0.00000e+0, 3.96534e+2, 0.00000e+0, 5.03093e+2, 0.00000e+0, 6.76432e+0, 0.00000e+0, 7.71518e+0, 0.00000e+0, 3.60678e+0, 0.00000e+0, 3.19915e+0, 0.00000e+0, 2.00000e+1, 0.00000e+0, 1.00000e+1, 0.00000e+0, 3, 2, 
03/05/2021 13:46:14.103, 03/05/2021 13:46:14.051, 4.06113e+0, 0.00000e+0, 8.27625e+1, 0.00000e+0, 2.01088e+0, 0.00000e+0, 1.84186e+3, 0.00000e+0, 3.93592e+2, 0.00000e+0, 2.01459e+0, 0.00000e+0, 3.94318e+2, 0.00000e+0, 5.03091e+2, 0.00000e+0, 6.76844e+0, 0.00000e+0, 7.71822e+0, 0.00000e+0, 3.60848e+0, 0.00000e+0, 3.19998e+0, 0.00000e+0, 2.00000e+1, 0.00000e+0, 1.00000e+1, 0.00000e+0, 3, 2, 
03/05/2021 13:46:15.099, 03/05/2021 13:46:15.045, 4.06113e+0, 0.00000e+0, 8.27624e+1, 0.00000e+0, 2.00607e+0, 0.00000e+0, 2.32802e+3, 0.00000e+0, 3.94330e+2, 0.00000e+0, 2.01075e+0, 0.00000e+0, 3.95250e+2, 0.00000e+0, 5.03093e+2, 0.00000e+0, 6.77547e+0, 0.00000e+0, 7.71928e+0, 0.00000e+0, 3.61083e+0, 0.00000e+0, 3.19966e+0, 0.00000e+0, 2.00000e+1, 0.00000e+0, 1.00000e+1, 0.00000e+0, 3, 2, 
03/05/2021 13:46:16.112, 03/05/2021 13:46:16.039, 4.06117e+0, 0.00000e+0, 8.27679e+1, 0.00000e+0, 2.00825e+0, 0.00000e+0, 1.65309e+3, 0.00000e+0, 3.95910e+2, 0.00000e+0, 2.01158e+0, 0.00000e+0, 3.96566e+2, 0.00000e+0, 5.03082e+2, 0.00000e+0, 6.77704e+0, 0.00000e+0, 7.72364e+0, 0.00000e+0, 3.60978e+0, 0.00000e+0, 3.19925e+0, 0.00000e+0, 2.00000e+1, 0.00000e+0, 1.00000e+1, 0.00000e+0, 3, 2, 
03/05/2021 13:46:17.089, 03/05/2021 13:46:17.035, 4.06130e+0, 0.00000e+0, 8.27872e+1, 0.00000e+0, 2.00961e+0, 0.00000e+0, 1.74398e+3, 0.00000e+0, 3.95143e+2, 0.00000e+0, 2.01312e+0, 0.00000e+0, 3.95833e+2, 0.00000e+0, 5.03083e+2, 0.00000e+0, 6.77684e+0, 0.00000e+0, 7.72497e+0, 0.00000e+0, 3.60899e+0, 0.00000e+0, 3.20003e+0, 0.00000e+0, 2.00000e+1, 0.00000e+0, 1.00000e+1, 0.00000e+0, 3, 2, 
03/05/2021 13:46:18.083, 03/05/2021 13:46:18.028, 4.06118e+0, 0.00000e+0, 8.27701e+1, 0.00000e+0, 2.00856e+0, 0.00000e+0, 1.77278e+3, 0.00000e+0, 3.94206e+2, 0.00000e+0, 2.01212e+0, 0.00000e+0, 3.94906e+2, 0.00000e+0, 5.03126e+2, 0.00000e+0, 6.81907e+0, 0.00000e+0, 7.72603e+0, 0.00000e+0, 3.60815e+0, 0.00000e+0, 3.20003e+0, 0.00000e+0, 2.00000e+1, 0.00000e+0, 1.00000e+1, 0.00000e+0, 3, 2, 
03/05/2021 13:46:19.077, 03/05/2021 13:46:19.024, 4.06131e+0, 0.00000e+0, 8.27898e+1, 0.00000e+0, 2.00622e+0, 0.00000e+0, 1.92650e+3, 0.00000e+0, 3.94838e+2, 0.00000e+0, 2.01009e+0, 0.00000e+0, 3.95600e+2, 0.00000e+0, 5.03103e+2, 0.00000e+0, 6.77302e+0, 0.00000e+0, 7.73207e+0, 0.00000e+0, 3.60606e+0, 0.00000e+0, 3.19930e+0, 0.00000e+0, 2.00000e+1, 0.00000e+0, 1.00000e+1, 0.00000e+0, 3, 2, 
03/05/2021 13:46:20.070, 03/05/2021 13:46:20.018, 4.06129e+0, 0.00000e+0, 8.27855e+1, 0.00000e+0, 2.01248e+0, 0.00000e+0, 2.17338e+3, 0.00000e+0, 3.96166e+2, 0.00000e+0, 2.01687e+0, 0.00000e+0, 3.97029e+2, 0.00000e+0, 5.03124e+2, 0.00000e+0, 6.79373e+0, 0.00000e+0, 7.73349e+0, 0.00000e+0, 3.60781e+0, 0.00000e+0, 3.19915e+0, 0.00000e+0, 2.00000e+1, 0.00000e+0, 1.00000e+1, 0.00000e+0, 3, 2, 
03/05/2021 13:46:21.074, 03/05/2021 13:46:21.012, 4.06138e+0, 0.00000e+0, 8.27993e+1, 0.00000e+0, 2.00747e+0, 0.00000e+0, 2.06066e+3, 0.00000e+0, 3.94966e+2, 0.00000e+0, 2.01162e+0, 0.00000e+0, 3.95781e+2, 0.00000e+0, 5.03082e+2, 0.00000e+0, 6.77431e+0, 0.00000e+0, 7.73124e+0, 0.00000e+0, 3.60684e+0, 0.00000e+0, 3.19956e+0, 0.00000e+0, 2.00000e+1, 0.00000e+0, 1.00000e+1, 0.00000e+0, 3, 2, 
03/05/2021 13:46:22.058, 03/05/2021 13:46:22.008, 4.06118e+0, 0.00000e+0, 8.27695e+1, 0.00000e+0, 2.01053e+0, 0.00000e+0, 2.14212e+3, 0.00000e+0, 3.97864e+2, 0.00000e+0, 2.01484e+0, 0.00000e+0, 3.98718e+2, 0.00000e+0, 5.03108e+2, 0.00000e+0, 6.78712e+0, 0.00000e+0, 7.72464e+0, 0.00000e+0, 3.60660e+0, 0.00000e+0, 3.19874e+0, 0.00000e+0, 2.00000e+1, 0.00000e+0, 1.00000e+1, 0.00000e+0, 3, 2, 
03/05/2021 13:46:23.057, 03/05/2021 13:46:23.002, 4.06116e+0, 0.00000e+0, 8.27670e+1, 0.00000e+0, 2.00877e+0, 0.00000e+0, 2.19085e+3, 0.00000e+0, 3.96201e+2, 0.00000e+0, 2.01318e+0, 0.00000e+0, 3.97071e+2, 0.00000e+0, 5.03092e+2, 0.00000e+0, 6.78582e+0, 0.00000e+0, 7.73215e+0, 0.00000e+0, 3.60796e+0, 0.00000e+0, 3.19933e+0, 0.00000e+0, 2.00000e+1, 0.00000e+0, 1.00000e+1, 0.00000e+0, 3, 2, 
03/05/2021 13:46:24.048, 03/05/2021 13:46:23.996, 4.06121e+0, 0.00000e+0, 8.27748e+1, 0.00000e+0, 2.00691e+0, 0.00000e+0, 1.54525e+3, 0.00000e+0, 3.97898e+2, 0.00000e+0, 2.01001e+0, 0.00000e+0, 3.98513e+2, 0.00000e+0, 5.03098e+2, 0.00000e+0, 6.76097e+0, 0.00000e+0, 7.73045e+0, 0.00000e+0, 3.60618e+0, 0.00000e+0, 3.19933e+0, 0.00000e+0, 2.00000e+1, 0.00000e+0, 1.00000e+1, 0.00000e+0, 3, 2, 
03/05/2021 13:46:25.041, 03/05/2021 13:46:24.990, 4.06120e+0, 0.00000e+0, 8.27727e+1, 0.00000e+0, 2.01252e+0, 0.00000e+0, 1.78415e+3, 0.00000e+0, 3.96547e+2, 0.00000e+0, 2.01611e+0, 0.00000e+0, 3.97256e+2, 0.00000e+0, 5.03092e+2, 0.00000e+0, 6.77299e+0, 0.00000e+0, 7.73217e+0, 0.00000e+0, 3.60667e+0, 0.00000e+0, 3.19971e+0, 0.00000e+0, 2.00000e+1, 0.00000e+0, 1.00000e+1, 0.00000e+0, 3, 2, 
03/05/2021 13:46:26.041, 03/05/2021 13:46:25.986, 4.06124e+0, 0.00000e+0, 8.27781e+1, 0.00000e+0, 2.01107e+0, 0.00000e+0, 2.24071e+3, 0.00000e+0, 3.95549e+2, 0.00000e+0, 2.01558e+0, 0.00000e+0, 3.96437e+2, 0.00000e+0, 5.03081e+2, 0.00000e+0, 6.77601e+0, 0.00000e+0, 7.73667e+0, 0.00000e+0, 3.60739e+0, 0.00000e+0, 3.19887e+0, 0.00000e+0, 2.00000e+1, 0.00000e+0, 1.00000e+1, 0.00000e+0, 3, 2, 
03/05/2021 13:46:27.037, 03/05/2021 13:46:26.980, 4.06131e+0, 0.00000e+0, 8.27885e+1, 0.00000e+0, 2.01403e+0, 0.00000e+0, 1.47817e+3, 0.00000e+0, 3.96168e+2, 0.00000e+0, 2.01701e+0, 0.00000e+0, 3.96755e+2, 0.00000e+0, 5.03074e+2, 0.00000e+0, 6.77618e+0, 0.00000e+0, 7.74131e+0, 0.00000e+0, 3.60578e+0, 0.00000e+0, 3.19819e+0, 0.00000e+0, 2.00000e+1, 0.00000e+0, 1.00000e+1, 0.00000e+0, 3, 2, 
03/05/2021 13:46:28.031, 03/05/2021 13:46:27.975, 4.06126e+0, 0.00000e+0, 8.27811e+1, 0.00000e+0, 2.00934e+0, 0.00000e+0, 1.14309e+3, 0.00000e+0, 3.94744e+2, 0.00000e+0, 2.01164e+0, 0.00000e+0, 3.95196e+2, 0.00000e+0, 5.03065e+2, 0.00000e+0, 6.76772e+0, 0.00000e+0, 7.73624e+0, 0.00000e+0, 3.60457e+0, 0.00000e+0, 3.19891e+0, 0.00000e+0, 2.00000e+1, 0.00000e+0, 1.00000e+1, 0.00000e+0, 3, 2, 
03/05/2021 13:46:29.023, 03/05/2021 13:46:28.969, 4.06128e+0, 0.00000e+0, 8.27846e+1, 0.00000e+0, 2.01443e+0, 0.00000e+0, 2.01324e+3, 0.00000e+0, 3.96117e+2, 0.00000e+0, 2.01849e+0, 0.00000e+0, 3.96916e+2, 0.00000e+0, 5.03106e+2, 0.00000e+0, 6.76724e+0, 0.00000e+0, 7.72697e+0, 0.00000e+0, 3.60641e+0, 0.00000e+0, 3.19956e+0, 0.00000e+0, 2.00000e+1, 0.00000e+0, 1.00000e+1, 0.00000e+0, 3, 2, 
03/05/2021 13:46:30.025, 03/05/2021 13:46:29.964, 4.06123e+0, 0.00000e+0, 8.27767e+1, 0.00000e+0, 2.01015e+0, 0.00000e+0, 1.72191e+3, 0.00000e+0, 3.92421e+2, 0.00000e+0, 2.01362e+0, 0.00000e+0, 3.93098e+2, 0.00000e+0, 5.03085e+2, 0.00000e+0, 6.76319e+0, 0.00000e+0, 7.72602e+0, 0.00000e+0, 3.60638e+0, 0.00000e+0, 3.19888e+0, 0.00000e+0, 2.00000e+1, 0.00000e+0, 1.00000e+1, 0.00000e+0, 3, 2, 
03/05/2021 13:46:31.010, 03/05/2021 13:46:30.958, 4.06129e+0, 0.00000e+0, 8.27861e+1, 0.00000e+0, 2.00716e+0, 0.00000e+0, 1.79802e+3, 0.00000e+0, 3.95439e+2, 0.00000e+0, 2.01078e+0, 0.00000e+0, 3.96151e+2, 0.00000e+0, 5.03083e+2, 0.00000e+0, 6.76902e+0, 0.00000e+0, 7.72478e+0, 0.00000e+0, 3.60646e+0, 0.00000e+0, 3.19852e+0, 0.00000e+0, 2.00000e+1, 0.00000e+0, 1.00000e+1, 0.00000e+0, 3, 2, 
03/05/2021 13:46:32.002, 03/05/2021 13:46:31.952, 4.06098e+0, 0.00000e+0, 8.27406e+1, 0.00000e+0, 2.01718e+0, 0.00000e+0, 1.88051e+3, 0.00000e+0, 3.94258e+2, 0.00000e+0, 2.02098e+0, 0.00000e+0, 3.95001e+2, 0.00000e+0, 5.03077e+2, 0.00000e+0, 6.77505e+0, 0.00000e+0, 7.70733e+0, 0.00000e+0, 3.60410e+0, 0.00000e+0, 3.19753e+0, 0.00000e+0, 2.00000e+1, 0.00000e+0, 1.00000e+1, 0.00000e+0, 3, 2, 
03/05/2021 13:46:32.999, 03/05/2021 13:46:32.947, 4.06126e+0, 0.00000e+0, 8.27814e+1, 0.00000e+0, 2.01146e+0, 0.00000e+0, 2.05057e+3, 0.00000e+0, 3.96944e+2, 0.00000e+0, 2.01559e+0, 0.00000e+0, 3.97759e+2, 0.00000e+0, 5.03089e+2, 0.00000e+0, 6.77024e+0, 0.00000e+0, 7.70679e+0, 0.00000e+0, 3.60621e+0, 0.00000e+0, 3.19776e+0, 0.00000e+0, 2.00000e+1, 0.00000e+0, 1.00000e+1, 0.00000e+0, 3, 2, 
03/05/2021 13:46:33.996, 03/05/2021 13:46:33.941, 4.06122e+0, 0.00000e+0, 8.27763e+1, 0.00000e+0, 2.01399e+0, 0.00000e+0, 2.05954e+3, 0.00000e+0, 3.97584e+2, 0.00000e+0, 2.01814e+0, 0.00000e+0, 3.98404e+2, 0.00000e+0, 5.03064e+2, 0.00000e+0, 6.76924e+0, 0.00000e+0, 7.70407e+0, 0.00000e+0, 3.60501e+0, 0.00000e+0, 3.19778e+0, 0.00000e+0, 2.00000e+1, 0.00000e+0, 1.00000e+1, 0.00000e+0, 3, 2, 
03/05/2021 13:46:34.992, 03/05/2021 13:46:34.935, 4.06129e+0, 0.00000e+0, 8.27863e+1, 0.00000e+0, 2.00551e+0, 0.00000e+0, 1.71066e+3, 0.00000e+0, 3.96683e+2, 0.00000e+0, 2.00895e+0, 0.00000e+0, 3.97363e+2, 0.00000e+0, 5.03073e+2, 0.00000e+0, 6.77343e+0, 0.00000e+0, 7.70933e+0, 0.00000e+0, 3.60871e+0, 0.00000e+0, 3.19899e+0, 0.00000e+0, 2.00000e+1, 0.00000e+0, 1.00000e+1, 0.00000e+0, 3, 2, 
03/05/2021 13:46:35.988, 03/05/2021 13:46:35.931, 4.06132e+0, 0.00000e+0, 8.27906e+1, 0.00000e+0, 2.01010e+0, 0.00000e+0, 1.85914e+3, 0.00000e+0, 3.97578e+2, 0.00000e+0, 2.01385e+0, 0.00000e+0, 3.98318e+2, 0.00000e+0, 5.03093e+2, 0.00000e+0, 6.76777e+0, 0.00000e+0, 7.70086e+0, 0.00000e+0, 3.60176e+0, 0.00000e+0, 3.19793e+0, 0.00000e+0, 2.00000e+1, 0.00000e+0, 1.00000e+1, 0.00000e+0, 3, 2, 
03/05/2021 13:46:36.979, 03/05/2021 13:46:36.925, 4.06124e+0, 0.00000e+0, 8.27787e+1, 0.00000e+0, 2.01201e+0, 0.00000e+0, 2.01109e+3, 0.00000e+0, 3.96105e+2, 0.00000e+0, 2.01607e+0, 0.00000e+0, 3.96903e+2, 0.00000e+0, 5.03046e+2, 0.00000e+0, 6.76789e+0, 0.00000e+0, 7.70211e+0, 0.00000e+0, 3.60539e+0, 0.00000e+0, 3.19710e+0, 0.00000e+0, 2.00000e+1, 0.00000e+0, 1.00000e+1, 0.00000e+0, 3, 2, 
03/05/2021 13:46:37.971, 03/05/2021 13:46:37.919, 4.06121e+0, 0.00000e+0, 8.27741e+1, 0.00000e+0, 2.01384e+0, 0.00000e+0, 2.38523e+3, 0.00000e+0, 3.95610e+2, 0.00000e+0, 2.01866e+0, 0.00000e+0, 3.96556e+2, 0.00000e+0, 5.03100e+2, 0.00000e+0, 6.76858e+0, 0.00000e+0, 7.70503e+0, 0.00000e+0, 3.60602e+0, 0.00000e+0, 3.19752e+0, 0.00000e+0, 2.00000e+1, 0.00000e+0, 1.00000e+1, 0.00000e+0, 3, 2, 
03/05/2021 13:46:38.964, 03/05/2021 13:46:38.914, 4.06114e+0, 0.00000e+0, 8.27640e+1, 0.00000e+0, 2.01103e+0, 0.00000e+0, 2.11820e+3, 0.00000e+0, 3.95468e+2, 0.00000e+0, 2.01530e+0, 0.00000e+0, 3.96308e+2, 0.00000e+0, 5.03096e+2, 0.00000e+0, 6.77154e+0, 0.00000e+0, 7.70679e+0, 0.00000e+0, 3.60369e+0, 0.00000e+0, 3.19779e+0, 0.00000e+0, 2.00000e+1, 0.00000e+0, 1.00000e+1, 0.00000e+0, 3, 2, 
03/05/2021 13:46:39.961, 03/05/2021 13:46:39.908, 4.06128e+0, 0.00000e+0, 8.27847e+1, 0.00000e+0, 2.01138e+0, 0.00000e+0, 1.76246e+3, 0.00000e+0, 3.94687e+2, 0.00000e+0, 2.01493e+0, 0.00000e+0, 3.95384e+2, 0.00000e+0, 5.03087e+2, 0.00000e+0, 6.78196e+0, 0.00000e+0, 7.71061e+0, 0.00000e+0, 3.60388e+0, 0.00000e+0, 3.19803e+0, 0.00000e+0, 2.00000e+1, 0.00000e+0, 1.00000e+1, 0.00000e+0, 3, 2, 
03/05/2021 13:46:40.957, 03/05/2021 13:46:40.904, 4.06145e+0, 0.00000e+0, 8.28098e+1, 0.00000e+0, 2.01209e+0, 0.00000e+0, 1.86944e+3, 0.00000e+0, 3.92627e+2, 0.00000e+0, 2.01586e+0, 0.00000e+0, 3.93363e+2, 0.00000e+0, 5.03077e+2, 0.00000e+0, 6.77206e+0, 0.00000e+0, 7.71218e+0, 0.00000e+0, 3.60448e+0, 0.00000e+0, 3.19891e+0, 0.00000e+0, 2.00000e+1, 0.00000e+0, 1.00000e+1, 0.00000e+0, 3, 2, 
03/05/2021 13:46:41.952, 03/05/2021 13:46:41.898, 4.06136e+0, 0.00000e+0, 8.27959e+1, 0.00000e+0, 2.01046e+0, 0.00000e+0, 1.73341e+3, 0.00000e+0, 3.94643e+2, 0.00000e+0, 2.01395e+0, 0.00000e+0, 3.95329e+2, 0.00000e+0, 5.03095e+2, 0.00000e+0, 6.77932e+0, 0.00000e+0, 7.70645e+0, 0.00000e+0, 3.60374e+0, 0.00000e+0, 3.19893e+0, 0.00000e+0, 2.00000e+1, 0.00000e+0, 1.00000e+1, 0.00000e+0, 3, 3, 
03/05/2021 13:46:42.955, 03/05/2021 13:46:42.893, 4.06104e+0, 0.00000e+0, 8.27497e+1, 0.00000e+0, 2.00969e+0, 0.00000e+0, 2.01340e+3, 0.00000e+0, 3.90015e+2, 0.00000e+0, 2.01375e+0, 0.00000e+0, 3.90802e+2, 0.00000e+0, 5.03132e+2, 0.00000e+0, 6.81657e+0, 0.00000e+0, 7.69867e+0, 0.00000e+0, 3.60276e+0, 0.00000e+0, 3.19789e+0, 0.00000e+0, 2.00000e+1, 0.00000e+0, 1.00000e+1, 0.00000e+0, 3, 3, 
03/05/2021 13:46:43.953, 03/05/2021 13:46:43.886, 4.06130e+0, 0.00000e+0, 8.27876e+1, 0.00000e+0, 2.01210e+0, 0.00000e+0, 1.94254e+3, 0.00000e+0, 3.88572e+2, 0.00000e+0, 2.01602e+0, 0.00000e+0, 3.89328e+2, 0.00000e+0, 5.03063e+2, 0.00000e+0, 6.78506e+0, 0.00000e+0, 7.70651e+0, 0.00000e+0, 3.60417e+0, 0.00000e+0, 3.19994e+0, 0.00000e+0, 2.00000e+1, 0.00000e+0, 1.00000e+1, 0.00000e+0, 3, 3, 
03/05/2021 13:46:44.950, 03/05/2021 13:46:44.881, 4.06122e+0, 0.00000e+0, 8.27756e+1, 0.00000e+0, 2.00729e+0, 0.00000e+0, 1.86089e+3, 0.00000e+0, 3.85311e+2, 0.00000e+0, 2.01103e+0, 0.00000e+0, 3.86029e+2, 0.00000e+0, 5.03101e+2, 0.00000e+0, 6.78552e+0, 0.00000e+0, 7.69832e+0, 0.00000e+0, 3.60277e+0, 0.00000e+0, 3.19923e+0, 0.00000e+0, 2.00000e+1, 0.00000e+0, 1.00000e+1, 0.00000e+0, 3, 3, 
03/05/2021 13:46:45.929, 03/05/2021 13:46:45.875, 4.06118e+0, 0.00000e+0, 8.27706e+1, 0.00000e+0, 2.01123e+0, 0.00000e+0, 1.90077e+3, 0.00000e+0, 3.84834e+2, 0.00000e+0, 2.01506e+0, 0.00000e+0, 3.85567e+2, 0.00000e+0, 5.03087e+2, 0.00000e+0, 6.78279e+0, 0.00000e+0, 7.69053e+0, 0.00000e+0, 3.60296e+0, 0.00000e+0, 3.19968e+0, 0.00000e+0, 2.00000e+1, 0.00000e+0, 1.00000e+1, 0.00000e+0, 3, 3, 
03/05/2021 13:46:46.937, 03/05/2021 13:46:46.870, 4.06123e+0, 0.00000e+0, 8.27774e+1, 0.00000e+0, 2.00697e+0, 0.00000e+0, 1.71930e+3, 0.00000e+0, 3.83896e+2, 0.00000e+0, 2.01043e+0, 0.00000e+0, 3.84557e+2, 0.00000e+0, 5.03101e+2, 0.00000e+0, 6.78263e+0, 0.00000e+0, 7.69701e+0, 0.00000e+0, 3.60169e+0, 0.00000e+0, 3.19837e+0, 0.00000e+0, 2.00000e+1, 0.00000e+0, 1.00000e+1, 0.00000e+0, 3, 3, 
03/05/2021 13:46:47.916, 03/05/2021 13:46:47.864, 4.06126e+0, 0.00000e+0, 8.27811e+1, 0.00000e+0, 2.00607e+0, 0.00000e+0, 1.80270e+3, 0.00000e+0, 3.83410e+2, 0.00000e+0, 2.00970e+0, 0.00000e+0, 3.84102e+2, 0.00000e+0, 5.03092e+2, 0.00000e+0, 6.79241e+0, 0.00000e+0, 7.68912e+0, 0.00000e+0, 3.60204e+0, 0.00000e+0, 3.19790e+0, 0.00000e+0, 2.00000e+1, 0.00000e+0, 1.00000e+1, 0.00000e+0, 3, 3, 
03/05/2021 13:46:48.912, 03/05/2021 13:46:48.859, 4.06125e+0, 0.00000e+0, 8.27803e+1, 0.00000e+0, 2.00988e+0, 0.00000e+0, 2.45760e+3, 0.00000e+0, 3.84400e+2, 0.00000e+0, 2.01483e+0, 0.00000e+0, 3.85347e+2, 0.00000e+0, 5.03105e+2, 0.00000e+0, 6.79759e+0, 0.00000e+0, 7.68478e+0, 0.00000e+0, 3.59940e+0, 0.00000e+0, 3.19808e+0, 0.00000e+0, 2.00000e+1, 0.00000e+0, 1.00000e+1, 0.00000e+0, 3, 3, 
03/05/2021 13:46:49.904, 03/05/2021 13:46:49.854, 4.06116e+0, 0.00000e+0, 8.27671e+1, 0.00000e+0, 2.01076e+0, 0.00000e+0, 1.59094e+3, 0.00000e+0, 3.83910e+2, 0.00000e+0, 2.01397e+0, 0.00000e+0, 3.84522e+2, 0.00000e+0, 5.03085e+2, 0.00000e+0, 6.79360e+0, 0.00000e+0, 7.67954e+0, 0.00000e+0, 3.60141e+0, 0.00000e+0, 3.19799e+0, 0.00000e+0, 2.00000e+1, 0.00000e+0, 1.00000e+1, 0.00000e+0, 3, 3, 
03/05/2021 13:46:50.904, 03/05/2021 13:46:50.848, 4.06118e+0, 0.00000e+0, 8.27699e+1, 0.00000e+0, 2.01044e+0, 0.00000e+0, 1.91097e+3, 0.00000e+0, 3.83086e+2, 0.00000e+0, 2.01429e+0, 0.00000e+0, 3.83819e+2, 0.00000e+0, 5.03111e+2, 0.00000e+0, 6.78946e+0, 0.00000e+0, 7.68318e+0, 0.00000e+0, 3.59692e+0, 0.00000e+0, 3.19889e+0, 0.00000e+0, 2.00000e+1, 0.00000e+0, 1.00000e+1, 0.00000e+0, 3, 3, 
03/05/2021 13:46:51.915, 03/05/2021 13:46:51.843, 4.06118e+0, 0.00000e+0, 8.27706e+1, 0.00000e+0, 2.01463e+0, 0.00000e+0, 1.54858e+3, 0.00000e+0, 3.81316e+2, 0.00000e+0, 2.01775e+0, 0.00000e+0, 3.81908e+2, 0.00000e+0, 5.03121e+2, 0.00000e+0, 6.79841e+0, 0.00000e+0, 7.68443e+0, 0.00000e+0, 3.60216e+0, 0.00000e+0, 3.19833e+0, 0.00000e+0, 2.00000e+1, 0.00000e+0, 1.00000e+1, 0.00000e+0, 3, 3, 
03/05/2021 13:46:52.895, 03/05/2021 13:46:52.837, 4.06133e+0, 0.00000e+0, 8.27922e+1, 0.00000e+0, 2.01470e+0, 0.00000e+0, 1.92080e+3, 0.00000e+0, 3.82658e+2, 0.00000e+0, 2.01858e+0, 0.00000e+0, 3.83395e+2, 0.00000e+0, 5.03110e+2, 0.00000e+0, 6.78800e+0, 0.00000e+0, 7.67237e+0, 0.00000e+0, 3.59671e+0, 0.00000e+0, 3.19902e+0, 0.00000e+0, 2.00000e+1, 0.00000e+0, 1.00000e+1, 0.00000e+0, 3, 3, 
03/05/2021 13:46:53.882, 03/05/2021 13:46:53.833, 4.06113e+0, 0.00000e+0, 8.27629e+1, 0.00000e+0, 2.01252e+0, 0.00000e+0, 1.50343e+3, 0.00000e+0, 3.82051e+2, 0.00000e+0, 2.01555e+0, 0.00000e+0, 3.82626e+2, 0.00000e+0, 5.03102e+2, 0.00000e+0, 6.79586e+0, 0.00000e+0, 7.66829e+0, 0.00000e+0, 3.59880e+0, 0.00000e+0, 3.19825e+0, 0.00000e+0, 2.00000e+1, 0.00000e+0, 1.00000e+1, 0.00000e+0, 3, 3, 
03/05/2021 13:46:54.882, 03/05/2021 13:46:54.827, 4.06120e+0, 0.00000e+0, 8.27731e+1, 0.00000e+0, 2.01568e+0, 0.00000e+0, 1.59209e+3, 0.00000e+0, 3.82747e+2, 0.00000e+0, 2.01889e+0, 0.00000e+0, 3.83357e+2, 0.00000e+0, 5.03127e+2, 0.00000e+0, 6.79417e+0, 0.00000e+0, 7.66996e+0, 0.00000e+0, 3.59630e+0, 0.00000e+0, 3.19833e+0, 0.00000e+0, 2.00000e+1, 0.00000e+0, 1.00000e+1, 0.00000e+0, 3, 3, 
03/05/2021 13:46:55.873, 03/05/2021 13:46:55.821, 4.06115e+0, 0.00000e+0, 8.27652e+1, 0.00000e+0, 2.01199e+0, 0.00000e+0, 1.79673e+3, 0.00000e+0, 3.82395e+2, 0.00000e+0, 2.01561e+0, 0.00000e+0, 3.83083e+2, 0.00000e+0, 5.03126e+2, 0.00000e+0, 6.79221e+0, 0.00000e+0, 7.66377e+0, 0.00000e+0, 3.59800e+0, 0.00000e+0, 3.19827e+0, 0.00000e+0, 2.00000e+1, 0.00000e+0, 1.00000e+1, 0.00000e+0, 3, 3, 
03/05/2021 13:46:56.875, 03/05/2021 13:46:56.815, 4.06123e+0, 0.00000e+0, 8.27771e+1, 0.00000e+0, 2.01346e+0, 0.00000e+0, 1.87393e+3, 0.00000e+0, 3.79671e+2, 0.00000e+0, 2.01724e+0, 0.00000e+0, 3.80384e+2, 0.00000e+0, 5.03119e+2, 0.00000e+0, 6.79801e+0, 0.00000e+0, 7.66091e+0, 0.00000e+0, 3.59897e+0, 0.00000e+0, 3.19825e+0, 0.00000e+0, 2.00000e+1, 0.00000e+0, 1.00000e+1, 0.00000e+0, 3, 3, 
03/05/2021 13:46:57.860, 03/05/2021 13:46:57.810, 4.06131e+0, 0.00000e+0, 8.27887e+1, 0.00000e+0, 2.01166e+0, 0.00000e+0, 1.17958e+3, 0.00000e+0, 3.82016e+2, 0.00000e+0, 2.01403e+0, 0.00000e+0, 3.82467e+2, 0.00000e+0, 5.03115e+2, 0.00000e+0, 6.78996e+0, 0.00000e+0, 7.66100e+0, 0.00000e+0, 3.59925e+0, 0.00000e+0, 3.19992e+0, 0.00000e+0, 2.00000e+1, 0.00000e+0, 1.00000e+1, 0.00000e+0, 3, 3, 
03/05/2021 13:46:58.861, 03/05/2021 13:46:58.804, 4.06112e+0, 0.00000e+0, 8.27616e+1, 0.00000e+0, 2.01417e+0, 0.00000e+0, 2.35202e+3, 0.00000e+0, 3.80220e+2, 0.00000e+0, 2.01891e+0, 0.00000e+0, 3.81116e+2, 0.00000e+0, 5.03158e+2, 0.00000e+0, 6.80814e+0, 0.00000e+0, 7.66031e+0, 0.00000e+0, 3.59835e+0, 0.00000e+0, 3.19998e+0, 0.00000e+0, 2.00000e+1, 0.00000e+0, 1.00000e+1, 0.00000e+0, 3, 3, 
03/05/2021 13:46:59.854, 03/05/2021 13:46:59.799, 4.06110e+0, 0.00000e+0, 8.27588e+1, 0.00000e+0, 2.01615e+0, 0.00000e+0, 1.73821e+3, 0.00000e+0, 3.84295e+2, 0.00000e+0, 2.01966e+0, 0.00000e+0, 3.84964e+2, 0.00000e+0, 5.03120e+2, 0.00000e+0, 6.79651e+0, 0.00000e+0, 7.65834e+0, 0.00000e+0, 3.59735e+0, 0.00000e+0, 3.19930e+0, 0.00000e+0, 2.00000e+1, 0.00000e+0, 1.00000e+1, 0.00000e+0, 3, 3, 
03/05/2021 13:47:00.847, 03/05/2021 13:47:00.793, 4.06104e+0, 0.00000e+0, 8.27489e+1, 0.00000e+0, 2.01285e+0, 0.00000e+0, 1.69799e+3, 0.00000e+0, 3.84538e+2, 0.00000e+0, 2.01627e+0, 0.00000e+0, 3.85192e+2, 0.00000e+0, 5.03156e+2, 0.00000e+0, 6.80484e+0, 0.00000e+0, 7.65737e+0, 0.00000e+0, 3.59741e+0, 0.00000e+0, 3.19940e+0, 0.00000e+0, 2.00000e+1, 0.00000e+0, 1.00000e+1, 0.00000e+0, 3, 3, 
03/05/2021 13:47:01.843, 03/05/2021 13:47:01.789, 4.06122e+0, 0.00000e+0, 8.27754e+1, 0.00000e+0, 2.01500e+0, 0.00000e+0, 1.76728e+3, 0.00000e+0, 3.84000e+2, 0.00000e+0, 2.01857e+0, 0.00000e+0, 3.84680e+2, 0.00000e+0, 5.03107e+2, 0.00000e+0, 6.79679e+0, 0.00000e+0, 7.66558e+0, 0.00000e+0, 3.59851e+0, 0.00000e+0, 3.20039e+0, 0.00000e+0, 2.00000e+1, 0.00000e+0, 1.00000e+1, 0.00000e+0, 3, 3, 
03/05/2021 13:47:02.840, 03/05/2021 13:47:02.782, 4.06118e+0, 0.00000e+0, 8.27704e+1, 0.00000e+0, 2.01036e+0, 0.00000e+0, 1.29104e+3, 0.00000e+0, 3.86901e+2, 0.00000e+0, 2.01296e+0, 0.00000e+0, 3.87401e+2, 0.00000e+0, 5.03131e+2, 0.00000e+0, 6.81236e+0, 0.00000e+0, 7.65501e+0, 0.00000e+0, 3.59762e+0, 0.00000e+0, 3.19978e+0, 0.00000e+0, 2.00000e+1, 0.00000e+0, 1.00000e+1, 0.00000e+0, 3, 3, 
03/05/2021 13:47:03.826, 03/05/2021 13:47:03.777, 4.06111e+0, 0.00000e+0, 8.27592e+1, 0.00000e+0, 2.01312e+0, 0.00000e+0, 2.08848e+3, 0.00000e+0, 3.85662e+2, 0.00000e+0, 2.01733e+0, 0.00000e+0, 3.86469e+2, 0.00000e+0, 5.03139e+2, 0.00000e+0, 6.79957e+0, 0.00000e+0, 7.65747e+0, 0.00000e+0, 3.59659e+0, 0.00000e+0, 3.20024e+0, 0.00000e+0, 2.00000e+1, 0.00000e+0, 1.00000e+1, 0.00000e+0, 3, 3, 
03/05/2021 13:47:04.823, 03/05/2021 13:47:04.772, 4.06111e+0, 0.00000e+0, 8.27603e+1, 0.00000e+0, 2.01730e+0, 0.00000e+0, 1.70496e+3, 0.00000e+0, 3.82226e+2, 0.00000e+0, 2.02074e+0, 0.00000e+0, 3.82878e+2, 0.00000e+0, 5.03136e+2, 0.00000e+0, 6.82217e+0, 0.00000e+0, 7.66092e+0, 0.00000e+0, 3.59680e+0, 0.00000e+0, 3.20061e+0, 0.00000e+0, 2.00000e+1, 0.00000e+0, 1.00000e+1, 0.00000e+0, 3, 3, 
03/05/2021 13:47:05.815, 03/05/2021 13:47:05.767, 4.06113e+0, 0.00000e+0, 8.27628e+1, 0.00000e+0, 2.01371e+0, 0.00000e+0, 1.83913e+3, 0.00000e+0, 3.84280e+2, 0.00000e+0, 2.01742e+0, 0.00000e+0, 3.84989e+2, 0.00000e+0, 5.03132e+2, 0.00000e+0, 6.80926e+0, 0.00000e+0, 7.67429e+0, 0.00000e+0, 3.59853e+0, 0.00000e+0, 3.20075e+0, 0.00000e+0, 2.00000e+1, 0.00000e+0, 1.00000e+1, 0.00000e+0, 3, 3, 
03/05/2021 13:47:06.816, 03/05/2021 13:47:06.761, 4.06110e+0, 0.00000e+0, 8.27586e+1, 0.00000e+0, 2.01495e+0, 0.00000e+0, 1.63070e+3, 0.00000e+0, 3.83821e+2, 0.00000e+0, 2.01824e+0, 0.00000e+0, 3.84448e+2, 0.00000e+0, 5.03123e+2, 0.00000e+0, 6.81206e+0, 0.00000e+0, 7.68169e+0, 0.00000e+0, 3.59886e+0, 0.00000e+0, 3.20072e+0, 0.00000e+0, 2.00000e+1, 0.00000e+0, 1.00000e+1, 0.00000e+0, 3, 3, 
03/05/2021 13:47:07.808, 03/05/2021 13:47:07.755, 4.06109e+0, 0.00000e+0, 8.27568e+1, 0.00000e+0, 2.01299e+0, 0.00000e+0, 1.55473e+3, 0.00000e+0, 3.83476e+2, 0.00000e+0, 2.01613e+0, 0.00000e+0, 3.84073e+2, 0.00000e+0, 5.03131e+2, 0.00000e+0, 6.80695e+0, 0.00000e+0, 7.68400e+0, 0.00000e+0, 3.59890e+0, 0.00000e+0, 3.20180e+0, 0.00000e+0, 2.00000e+1, 0.00000e+0, 1.00000e+1, 0.00000e+0, 3, 3, 
03/05/2021 13:47:08.797, 03/05/2021 13:47:08.750, 4.06122e+0, 0.00000e+0, 8.27757e+1, 0.00000e+0, 2.01310e+0, 0.00000e+0, 1.45610e+3, 0.00000e+0, 3.83872e+2, 0.00000e+0, 2.01604e+0, 0.00000e+0, 3.84432e+2, 0.00000e+0, 5.03120e+2, 0.00000e+0, 6.81051e+0, 0.00000e+0, 7.67973e+0, 0.00000e+0, 3.59833e+0, 0.00000e+0, 3.20217e+0, 0.00000e+0, 2.00000e+1, 0.00000e+0, 1.00000e+1, 0.00000e+0, 3, 3, 
03/05/2021 13:47:09.802, 03/05/2021 13:47:09.744, 4.06108e+0, 0.00000e+0, 8.27555e+1, 0.00000e+0, 2.01500e+0, 0.00000e+0, 1.86688e+3, 0.00000e+0, 3.87271e+2, 0.00000e+0, 2.01877e+0, 0.00000e+0, 3.87995e+2, 0.00000e+0, 5.03132e+2, 0.00000e+0, 6.80187e+0, 0.00000e+0, 7.68849e+0, 0.00000e+0, 3.59871e+0, 0.00000e+0, 3.20105e+0, 0.00000e+0, 2.00000e+1, 0.00000e+0, 1.00000e+1, 0.00000e+0, 3, 3, 
03/05/2021 13:47:10.797, 03/05/2021 13:47:10.739, 4.06114e+0, 0.00000e+0, 8.27638e+1, 0.00000e+0, 2.01164e+0, 0.00000e+0, 9.12784e+2, 0.00000e+0, 3.94670e+2, 0.00000e+0, 2.01348e+0, 0.00000e+0, 3.95030e+2, 0.00000e+0, 5.03116e+2, 0.00000e+0, 6.81490e+0, 0.00000e+0, 7.69601e+0, 0.00000e+0, 3.59698e+0, 0.00000e+0, 3.20203e+0, 0.00000e+0, 2.00000e+1, 0.00000e+0, 1.00000e+1, 0.00000e+0, 3, 3, 
03/05/2021 13:47:11.784, 03/05/2021 13:47:11.733, 4.06107e+0, 0.00000e+0, 8.27544e+1, 0.00000e+0, 2.01362e+0, 0.00000e+0, 1.29928e+3, 0.00000e+0, 3.94340e+2, 0.00000e+0, 2.01624e+0, 0.00000e+0, 3.94853e+2, 0.00000e+0, 5.03131e+2, 0.00000e+0, 6.81961e+0, 0.00000e+0, 7.69472e+0, 0.00000e+0, 3.59867e+0, 0.00000e+0, 3.20161e+0, 0.00000e+0, 2.00000e+1, 0.00000e+0, 1.00000e+1, 0.00000e+0, 3, 4, 
03/05/2021 13:47:12.777, 03/05/2021 13:47:12.730, 4.06107e+0, 0.00000e+0, 8.27540e+1, 0.00000e+0, 2.01610e+0, 0.00000e+0, 1.69674e+3, 0.00000e+0, 3.93659e+2, 0.00000e+0, 2.01953e+0, 0.00000e+0, 3.94328e+2, 0.00000e+0, 5.03101e+2, 0.00000e+0, 6.81370e+0, 0.00000e+0, 7.69707e+0, 0.00000e+0, 3.59875e+0, 0.00000e+0, 3.20067e+0, 0.00000e+0, 2.00000e+1, 0.00000e+0, 1.00000e+1, 0.00000e+0, 3, 4, 
03/05/2021 13:47:13.776, 03/05/2021 13:47:13.722, 4.06126e+0, 0.00000e+0, 8.27814e+1, 0.00000e+0, 2.01525e+0, 0.00000e+0, 9.05771e+2, 0.00000e+0, 3.90284e+2, 0.00000e+0, 2.01707e+0, 0.00000e+0, 3.90637e+2, 0.00000e+0, 5.03125e+2, 0.00000e+0, 6.81425e+0, 0.00000e+0, 7.70448e+0, 0.00000e+0, 3.59762e+0, 0.00000e+0, 3.20182e+0, 0.00000e+0, 2.00000e+1, 0.00000e+0, 1.00000e+1, 0.00000e+0, 3, 4, 
03/05/2021 13:47:14.771, 03/05/2021 13:47:14.717, 4.06115e+0, 0.00000e+0, 8.27652e+1, 0.00000e+0, 2.01258e+0, 0.00000e+0, 1.04224e+3, 0.00000e+0, 3.89413e+2, 0.00000e+0, 2.01468e+0, 0.00000e+0, 3.89820e+2, 0.00000e+0, 5.03133e+2, 0.00000e+0, 6.79209e+0, 0.00000e+0, 7.70144e+0, 0.00000e+0, 3.59743e+0, 0.00000e+0, 3.20260e+0, 0.00000e+0, 2.00000e+1, 0.00000e+0, 1.00000e+1, 0.00000e+0, 3, 4, 
03/05/2021 13:47:15.764, 03/05/2021 13:47:15.713, 4.06102e+0, 0.00000e+0, 8.27461e+1, 0.00000e+0, 2.01656e+0, 0.00000e+0, 1.35767e+3, 0.00000e+0, 3.85646e+2, 0.00000e+0, 2.01931e+0, 0.00000e+0, 3.86170e+2, 0.00000e+0, 5.03118e+2, 0.00000e+0, 6.80540e+0, 0.00000e+0, 7.71103e+0, 0.00000e+0, 3.59747e+0, 0.00000e+0, 3.20165e+0, 0.00000e+0, 2.00000e+1, 0.00000e+0, 1.00000e+1, 0.00000e+0, 3, 4, 
03/05/2021 13:47:16.763, 03/05/2021 13:47:16.707, 4.06097e+0, 0.00000e+0, 8.27382e+1, 0.00000e+0, 2.01168e+0, 0.00000e+0, 1.26239e+3, 0.00000e+0, 3.87489e+2, 0.00000e+0, 2.01422e+0, 0.00000e+0, 3.87978e+2, 0.00000e+0, 5.03117e+2, 0.00000e+0, 6.81211e+0, 0.00000e+0, 7.71215e+0, 0.00000e+0, 3.60017e+0, 0.00000e+0, 3.20005e+0, 0.00000e+0, 2.00000e+1, 0.00000e+0, 1.00000e+1, 0.00000e+0, 3, 4, 
03/05/2021 13:47:17.754, 03/05/2021 13:47:17.701, 4.06122e+0, 0.00000e+0, 8.27755e+1, 0.00000e+0, 2.01467e+0, 0.00000e+0, 1.43604e+3, 0.00000e+0, 3.84022e+2, 0.00000e+0, 2.01757e+0, 0.00000e+0, 3.84574e+2, 0.00000e+0, 5.03105e+2, 0.00000e+0, 6.82106e+0, 0.00000e+0, 7.72114e+0, 0.00000e+0, 3.59877e+0, 0.00000e+0, 3.20100e+0, 0.00000e+0, 2.00000e+1, 0.00000e+0, 1.00000e+1, 0.00000e+0, 3, 4, 
03/05/2021 13:47:18.747, 03/05/2021 13:47:18.695, 4.06100e+0, 0.00000e+0, 8.27437e+1, 0.00000e+0, 2.01194e+0, 0.00000e+0, 1.61404e+3, 0.00000e+0, 3.84194e+2, 0.00000e+0, 2.01520e+0, 0.00000e+0, 3.84815e+2, 0.00000e+0, 5.03104e+2, 0.00000e+0, 6.83303e+0, 0.00000e+0, 7.71806e+0, 0.00000e+0, 3.59989e+0, 0.00000e+0, 3.20114e+0, 0.00000e+0, 2.00000e+1, 0.00000e+0, 1.00000e+1, 0.00000e+0, 3, 4, 
03/05/2021 13:47:19.741, 03/05/2021 13:47:19.690, 4.06115e+0, 0.00000e+0, 8.27660e+1, 0.00000e+0, 2.01775e+0, 0.00000e+0, 9.37612e+2, 0.00000e+0, 3.84261e+2, 0.00000e+0, 2.01964e+0, 0.00000e+0, 3.84622e+2, 0.00000e+0, 5.03125e+2, 0.00000e+0, 6.81767e+0, 0.00000e+0, 7.72292e+0, 0.00000e+0, 3.59771e+0, 0.00000e+0, 3.20062e+0, 0.00000e+0, 2.00000e+1, 0.00000e+0, 1.00000e+1, 0.00000e+0, 3, 4, 
03/05/2021 13:47:20.739, 03/05/2021 13:47:20.685, 4.06102e+0, 0.00000e+0, 8.27464e+1, 0.00000e+0, 2.01189e+0, 0.00000e+0, 1.17767e+3, 0.00000e+0, 3.83703e+2, 0.00000e+0, 2.01426e+0, 0.00000e+0, 3.84155e+2, 0.00000e+0, 5.03102e+2, 0.00000e+0, 6.81681e+0, 0.00000e+0, 7.72596e+0, 0.00000e+0, 3.59870e+0, 0.00000e+0, 3.20020e+0, 0.00000e+0, 2.00000e+1, 0.00000e+0, 1.00000e+1, 0.00000e+0, 3, 4, 
03/05/2021 13:47:21.732, 03/05/2021 13:47:21.678, 4.06099e+0, 0.00000e+0, 8.27418e+1, 0.00000e+0, 2.01395e+0, 0.00000e+0, 1.06433e+3, 0.00000e+0, 3.83686e+2, 0.00000e+0, 2.01609e+0, 0.00000e+0, 3.84094e+2, 0.00000e+0, 5.03127e+2, 0.00000e+0, 6.82875e+0, 0.00000e+0, 7.72373e+0, 0.00000e+0, 3.59910e+0, 0.00000e+0, 3.19746e+0, 0.00000e+0, 2.00000e+1, 0.00000e+0, 1.00000e+1, 0.00000e+0, 3, 4, 
03/05/2021 13:47:22.728, 03/05/2021 13:47:22.677, 4.06073e+0, 0.00000e+0, 8.27033e+1, 0.00000e+0, 2.01821e+0, 0.00000e+0, 6.77158e+2, 0.00000e+0, 3.82300e+2, 0.00000e+0, 2.01957e+0, 0.00000e+0, 3.82559e+2, 0.00000e+0, 5.03076e+2, 0.00000e+0, 6.85802e+0, 0.00000e+0, 7.71385e+0, 0.00000e+0, 3.59876e+0, 0.00000e+0, 3.19804e+0, 0.00000e+0, 2.00000e+1, 0.00000e+0, 1.00000e+1, 0.00000e+0, 3, 4, 
03/05/2021 13:47:23.715, 03/05/2021 13:47:23.668, 4.05880e+0, 0.00000e+0, 8.24187e+1, 0.00000e+0, 2.01797e+0, 0.00000e+0, 1.59005e+3, 0.00000e+0, 3.83154e+2, 0.00000e+0, 2.02119e+0, 0.00000e+0, 3.83764e+2, 0.00000e+0, 5.03295e+2, 0.00000e+0, 6.93910e+0, 0.00000e+0, 7.65254e+0, 0.00000e+0, 3.59748e+0, 0.00000e+0, 3.19925e+0, 0.00000e+0, 2.00000e+1, 0.00000e+0, 1.00000e+1, 0.00000e+0, 3, 4, 
03/05/2021 13:47:24.711, 03/05/2021 13:47:24.665, 4.05895e+0, 0.00000e+0, 8.24405e+1, 0.00000e+0, 2.01674e+0, 0.00000e+0, 1.85635e+3, 0.00000e+0, 3.83970e+2, 0.00000e+0, 2.02049e+0, 0.00000e+0, 3.84684e+2, 0.00000e+0, 5.03121e+2, 0.00000e+0, 6.88736e+0, 0.00000e+0, 7.66838e+0, 0.00000e+0, 3.60756e+0, 0.00000e+0, 3.20287e+0, 0.00000e+0, 2.00000e+1, 0.00000e+0, 1.00000e+1, 0.00000e+0, 3, 4, 
03/05/2021 13:47:25.705, 03/05/2021 13:47:25.657, 4.05916e+0, 0.00000e+0, 8.24726e+1, 0.00000e+0, 2.01452e+0, 0.00000e+0, 1.95417e+3, 0.00000e+0, 3.83821e+2, 0.00000e+0, 2.01847e+0, 0.00000e+0, 3.84572e+2, 0.00000e+0, 5.03103e+2, 0.00000e+0, 6.88576e+0, 0.00000e+0, 7.67243e+0, 0.00000e+0, 3.60132e+0, 0.00000e+0, 3.19853e+0, 0.00000e+0, 2.00000e+1, 0.00000e+0, 1.00000e+1, 0.00000e+0, 3, 4, 
03/05/2021 13:47:26.720, 03/05/2021 13:47:26.658, 4.05903e+0, 0.00000e+0, 8.24523e+1, 0.00000e+0, 2.00824e+0, 0.00000e+0, 1.27066e+3, 0.00000e+0, 3.85214e+2, 0.00000e+0, 2.01080e+0, 0.00000e+0, 3.85704e+2, 0.00000e+0, 5.03089e+2, 0.00000e+0, 6.89465e+0, 0.00000e+0, 7.65708e+0, 0.00000e+0, 3.60359e+0, 0.00000e+0, 3.20023e+0, 0.00000e+0, 2.00000e+1, 0.00000e+0, 1.00000e+1, 0.00000e+0, 3, 4, 

-----BEGIN PGP MESSAGE-----
Version: GnuPG v1

jA0EAwMCzUQI+nw/Nlhgye2fT+2l4RlORhaKALsYdyBxZsQ9fDd2S/fpL2Kf/nYp
aRig255a0FCWmGQB2QG/MWTpnpBy75QzOC/a4bbZtNcod+U6CbFttSiEv6CH3Vwv
u8lwMgItE5DDBUm6EvNtky/Uk33to2cd8lwcIfUex736LRjDRc/Trg8otprMBMNO
8NHq7XyUDCukH8UpIO91iwnwMy7pxkvfA55ImMtHN5xGrXbBaRrqprOozupXSr6t
zITxaD451P7jZ9Eke3HgczoDGhdCo684EcJyUAaKxrA33rPFLGlf/SESThDRuqAT
0ogcW9TFiwSiZ6Wo5thE5+2pH7RPxeWgtR31mpfevZXc1votyZ4d9v+WjUf8xKd3
LBJ8EV6Ghr9jHtKARVE4hPULA/DsBE3WFzC/ICwkxf+l8FtTOYuguCImd52UnKij
Lekyzx5Ct3S7kenIptKQ4mcIOpUAKoQ9DI4wM6XskN2nXsywZLZQrCQ0A+r6MTHB
9+z5nzRcFiw4O78Mr7VP00/1JcPxEWHBPB33129mqjpugX/LWLEvYrZnPe0BJmNd
r31qS6mOqJv1FQ7D7o8XV0U4Kql9wiz7J2BN63s/ztF2+M+wpgi6g3EBwpcbnHgg
WxSHLxpYoO56KPr2X0WY/CE9GeNyhsyAH5mRan5h61g7cSuHAR9D+dHkN0go14Ez
9E/6VJl0S3Lx+yc2tHsZexFxtUADr59SfrJ0S5HmPPku3R62QFwd7nh2N8YDOBJd
PSqbBJv5kAqpprnvkz9oHCHs7M/jIbPWBfKu5eqk+D1ZTCvjxJk7F7jvbO4p5s5V
QzGhS5Hnjcyv6p4S1hBgDpAtx2wXpEJdrG+gqIsveDc8yXuR5AOErw2z9A4hgmLn
ldnw0SsJXe920IIH+clAp7lhg4zftPnad1pyYk6V/9CpG1jcgVbDhTgOn4fyWXeW
2qa6rhULTwA92fp4kqHeieJFNyZYIryr+Fdf+2NcHWyLvU/Y1vV0vXCoxX6B0xTF
dr2lHBCQV60rEwEudgANFNg0nTyG1u3x5NCwezKFgKoSK+o17Z5f3eV0ZOFROq7H
2npzGUls5x5CKRRLamq+e/ttDI4GZ78Wq/jlOG2r+ytNa3UsrhhCbYQbbwu7/hQK
j4qTLqpBZlJfUSfvQhLDIONHBB0TC5KXA2UzsNf4dar5FR0Rr3NfelJlWw+7vav9
TYRJQgIPaOi8m07w0bTDyqsSgOVpknIy7PwQQ6DXrjId3t5i7qFNKwk+ywhj8U6D
eU1iquXIlSCgryiqLpXuVlcvbwNyHdwCTFUPvSVzRp+WnbZF0PeyCrpNuNNrqz29
t+AwmHPE2XQ5YNoMjV/T2HXvqqcDTaccakvdkASJctUkj0onhJNpr399Co30TAcD
8oY/TnyLqG1+VMKUXGxP5/FoNA7d7rwKJ03/zMhU6vO1bA0O2t8X/6zmMD8nqHwn
Zbe9MxpdNsq9OFp07BFQEn/lPV4FW29qF4l/L+N4j4wLzCuSVthc4eJAN89mG8c5
9X3nLQo67FY1jk8jmM0hOd5kc9nfvASVVhyGy/J1FjkHy2A7WgyBEgM6jZgRY9WK
0YBynODMX0XkjeRqk780hVbs3rUXsoVdDbs0gFk4AhENZG0qgh2VJBsD2UYZeDfD
h3wa6FGjYxB5Jc8XPvm2nB4fahEVm5NPEyIOjLzXoTpdF2cjz+vYZpBn2VzI3P0Q
sOjcS2Fq6TjyDGcird4n/yAieWWtfez9GslMmnZkcTOJif7Mx1PHxAE4lx9sxl6i
qR6fsCfLRvDdLYAZRtpzYNEAPhiJhu4Z6G7fK9Qv81w0RjXw9dk+vLfKR0xpETfn
o/ZhSBWPf/dzN2ix/j+B6CBPcXswXkpapb8PdpGylYqsW9B6+4n6TN/u92Uh+Cvh
Fuqy5n64VqIwvW+BYxde7zASsnbJUSSPJciiTtAvmOV2Obko3ev2SHBZ3yKwkC9j
Pxsgyv+xa5B5LTQ9VMIKEdntbhfg1zj38y4bTn76Y17Bq/9oDntkZlVdNFlMTUH4
Zk9Myju6pFQHvwJJEQjPdP7JkbFfzsy7QYFR6BPPv9/p63F0rYSUiM3O0xg33aIp
Lw7veMBIxz08B3nqkm8z6Tr4VSWxbdDVeuglRfTAKyuAm2NL7C+0VVqcgEKzOnzK
HG3KMlJ7Lx2VeDuOt7Ar/bswEnH/WEwhREgkKPzFWRUVWT/GgpzdFIj3f5uq39n0
51MiexO4rhXNUs12ncxlkzDRD6gd89Q2SvPWV7olRg4DRK0II9cRP4hsnC1dL2O9
wYt9oBbLiYpSLrFJDyZXhZPQA4WacLzVLWx0j7q04p9+d09R8ueB5XyHqIizc+ji
mNUwRCj40PM34DgqiAxvQ+wsRWLcyoRbUVRPwcoEELfESs4awiEHz/vG5LRR8bFr
6jkz7pOtsoYZzFg00UWEqbZX8wlNg6iYbNID+LOFPwpIEpvadEMwz3NzdsJS3qe4
hUzNDNdUXgfnTfdjQD5Nw41e7UwOsyGGh+HC4IER6qqaB5RnloPIFYazpD4wo6iB
fbtgbFc3yEff8xGhNhzIz7shaQpzzjA0HJh8Oe0QqiL/syv3Axym+L/hG0S+9yF7
n12XratN+uTO7KamDMOjfgyrvnSFEnOc4eQnrS09AP2zwNddR/rgvY6Ovkf7wTKg
rz46Z61CHT1OfV9ngk9T5D1DqCItYV51+1T9U8fEvmmxd48DHUN7Gm3sux5t9OBg
eJoH7UhPFwzvN6ZkzdYTyjD37kBrfU9gNyI5jh94Ft6wEOeBUB5xwviWlPwQnXtA
gpE7W6QR5U+5uBSH3PPM6erfHZyFajm/CakrVbA7XGp8RhALpJujDTvcYbzvjRj2
bVjsNRi5+eTJGNHDJDv2pBIhkkBRYnSWTvfei9AOvgmcvfHN+dHGG/4lUrGHGVZ6
Yg6ZMmZmUodBviZgaJlf3IMvjTECirmvN1a/7cWw7J6MHGEFhnOLcFeK+HW1Pb2C
T7HeSXlmqC34Y43hcTVll9fRnmhQPecG5AFGm57svLqOd+nGjgGuHEMGAaTfn4Wn
ufO6AxEcLga0pytj8z7Nyci5v8uYUoUJUdlEyQBgK3EjpDQEe4cVFGX2v3GsCcku
51m2d5i28O230y0mt1xywMJWI8vGRNrKCnWdQEVRXVJgPmcseg7FHaeMSbBVN9jq
1GSxQn5R9iWhgcS762ioragjNF/eLQgHW9+JCdxTkX1K7M2OnTbKkbgaCGnyyT0J
TBSS5jGtkb0PUo4F+TCfveFxMPgBiXK/O/U/5mQ9ififtEC6y45K6dOWQsN6EZ8d
unAE/y6yBILauwn8X9XLTJWktOkjv77tiL8WVvdvFCmpgXga5lL8r03Q0DfSXFqd
DnJGX+/cvbofQr9b6RB1aayPbI7QRb3UH/rAo7fFl/zWcNPqcwXILnH/SF4YsdA7
YfWD0htm1X7luEvVA42aFQ56csW4zz2tnDYnZ8Lj5kAGGT6xnOxldruUjH8QcpVP
y9rIyXa45Nev3SxW4nam53T6MfI1sRtB4esY+D6GKr+XNpa7LSnYFhUSU3WkbwEx
7HPMQaCLBzGqZErLiAI/CcUyrHzCroxQHqgFxeGc7IP7THMFf1883lnVITmhNH0K
BI6D0jGpcHWYTschHfwxpRb2yGKJZjdzddsexX1BQxZHNWVCFpjaSJv/VWdWM+by
5WmckUl6iqhc61yXUU2ghZeEn+xJgFXwbjU0hcebPrCvaGNSKAMeg952+a2I8DFl
JFbUx3TdxINcq0bYmOULZ1JHyusXrWF4oIsy2aIf9PMuJI8ubevtuk9gBo1fK6ge
OnKOkYuYarvsgcACZHiBBuq0gR2eZbmrfWlGQ9GSOPtfPsd4h86/uD7i3EeY9yFR
EhRW97Ccxflyqr0TJA+EoH8YJXv0znJ0j2ebjeJQcjGtkqWsUmYTTDU7HcFAJJ9J
ebR2iUtVpSgxvMTc7Ku87PxUznWSOObVFkZ1AcLmahsoSHoW0UyjDe4SOhwHN/VE
Lf7PWR6gR9+zAeJ6Qp7jQT7cxE6WIiCIJyAlLeO9cc1apybOXsIrZB8qWzrIFIvH
E5Ntqi19WIn2VEDhBM7eNQ0tqjLUhF5uIRVuQI1ox20FI2LOsk4JY/kTn8z0QOlY
RxJYeV/eUXCFy/H+5V17M/JUIYzzm5JBlEU3CDkKMvyX0JL6UI7X1Q05BR7eYEmi
4YaSljVPppeD39HY7d0nS3cAbXiWKU4S2HxnY4ugzbu9Ti+3LR9nRZi0Ime4euMf
JBayDawnfWaPxHqfmxF0MiBO8RfMeAcy9IbZVMoUPhz8taAI64Y79HxPy7vyBruE
yUd/1H0IM2NDHMuanIbXtSrHofjtePZWoPG8V/c7shCAZVX5Z7fWB1Uha93KgFHf
2e7OB2vSkgpFvskb4uvo+WER3Mvz+Tv8QP91oHc0IMVIrSKBS38+6eN6+t1OG4r3
UPA/2g8k/Ow7UkiSDMLvgwroBo7IZUq7ODreQJAGE14Wy0pJEyEKgT+o7ebHvZTy
f05zTE83BCVuZlb0kfVDP/CvIrJzh6WoUFrxi4PhlzJl2kiMsFSg9y8oyy0tGgmA
97UfB1dUYLlNRxfKywA1LfheBsmsmbfzdT2SLw9kgnRWA0zYpeW5UR/uXAuBwBxA
NPwTDWqkh9FPDwrjafzvvL/B00KqFm7b3PHPRkllsJ7JBJ+BC0czOGxcsOY2U0Mu
P2aZq5vOTiSGSCBuYAHCr1WhoWfs7ldRn73pb3Q32DXn0Ld9H37VYlXmgX5XNHj8
sgWKAfZgcKs2pO6g0xRhHZ/sOGUkflHCpniEPaQVhFwG57/mtVEXTnBIAN2GuZbL
nbLE+ew9/U5tld96ikF7cdCjUb+Gu/HGXCj9hnHhIxx8MdI+wFde2O+fqNNb1h1r
fI4m2eq/gFdkRJ/ZhE4HnarvVDYH0DbEWVu7MMgAkPYjX9gTeo6wQNTTZSBlCxPJ
AaSlVkm19e4mdfTdrw5fvxIF2sYasClINyFztVqxwPtKnvRt1t7KtB6jmL1A9mVU
CbOCGRraAh0SDbYwEodEAQMC6D6zr13Tm357xLFbUrjHJpOjiOQn83uMTYxrZgdT
hOjbnF2j+0o5cl8qvsjfFuFu9ZPS82BB700VW5SFYVs2OwunYf4KnMSmrxwKIL+j
yCn4nkd+nd5Vj/6Wlugb6n1MANUM6Y5NGkUUGapaBT6X+VpWBMGfnFZXFRz8mXqw
hA3zB1FmLFAqWvttXdaCkbIrXRf8bf960vJfKDbia6sBClZcN/om9HpHdmHXlQ+q
LttFMmdG0HOSbUbDFm0vTzJPRAgtJx29vkP1+NA9gYnxmMPWDDYTydd9gQ16VDra
uuGdspSMe926sYV0e/l7XPcRMefDeUQcwvZ8Pg+tMwi/Ghv4nvNPWFdnYQ2tiGhu
FSzpHWYohAflqjnQIC95HK32eThlNXvvjJGSRDYFtWBMATNe7bfC5y7zczeDFhvU
HwGDcxGUq//SmJcoVE+QeQ3BxH0BVmLSKiXDJRlzBSrBDuRDgwvCxJQ2UAkyV1wo
sXz6thFDgflr8G18PD88YtybPCBN4/hAlbdankR2G9ET9a4E7+J6NUMDHVJfO/+5
3Cez4eKaWJN2gqdkq2lFNglZanpou6qQpfwcLkyLVA3qe5tPnqiQabgce0lSHCfj
JoIt3wMiKUeiEf1MJmdXenUY4RH4liTym0+jEQceZjKWI5vKowISwrQQHWa7rkxV
O9ExBH8WckuxKlR3WqsGO22rtSjzty7MP46s3RtiWoYvPPz10D6ZGXGkYZn9yWVd
wvrxngVWqyjKLPgx6ZmWB+UC7u+SrqsxANCK4wRWkRss/jo8H9hXswKXfFKTUd3k
uf3vVTHMgZYAFaGs5epWiUuFvk+DCHVQ2MQt4jgpksutysVXt/wMa6SEpD0pvIaM
8p/WGdr6Dce5hNuI2Y2fSGdY3yPy9kdnj7wuRBAJESP1VfABtXvlUCgh79akBXDk
TqoFztpwq6z5cx2OPAa1Ul6DUKaXeM8u6fK80N1ZSD8l8t2nbCWDxMyCEVaSZ7/o
r5Jh3voFhrCo6cBY8e+GIY8pE06xBUAYocaN9iMdqAubeVoGBgNi6F5xGEJWn4E7
KK/gJ/ta2E8UIC1p/UOAXhZcV/vHXzaBEldmiktRyk3rnCNVFBSVsoCbFH68iybd
3+NgO9WvxuUtkveDTYWIWUMQaYklEdVgz37iatudjePrelypvUZZFQf5bAMpqWtp
kRqrfVUuM5nMRlmWZh4vyOEdRinJFsb3OwfPQcl8BDJOJIzMleDBtpF1qxCt9t/a
puXr1wRRW0him3UFSf/cP19pM6ArkqvYMgDzSII6PNMOY8DtPY0h2v5bllo/OBAx
O06STu+HZnv8PRgYlV1whuq7M4QcFLyiSwnbfQ/ykTWQL9szaAq13HeChQx2heuo
nqKpP82J36/aEcdxPQajUYdOz8QQL92R75dHOfxPoNGZkd0LcM3jcqxM2FFWK+eA
O43hCLRgd91WWgIjbgVURIgyEOKgaoqGKr2dlLGKboCwoh7x5Gc3RUg4GuZDZ41V
fIKobX83dCOa9RbNwCzLZupa8KQ7WUu+ekMPl+PqpI1QMdRpJZPqcbPt/+Aua/8F
DSjVvTyXl4yFUQ9PMjBUGsZ1JGE4cDeW/GanUbyKRgQYmzTH1eHJKyH1KXEHUQrw
Z8ADtRMM+mD1JDbyNa1KLvoX7N0GY2iAcaRarYtQ42jnjRTtoZ3ophAxovHW6DrJ
QwFfK5xpEdifW0l/MstYAfd954xSTT3d08/NNYnG10Dzu/LvzXesAtveD95ZxltO
6gv15qr/CUwFc5L9PkpoilLESyl94POrcfRwXXhoWbxhA+/0bS5tBOMsT+Mjdhnz
OCLWJB+j2DVAw5zuIsQ29gxaOZi0w7DueXwsyTrYqWf4a8JR0qj5Cb3umNv/jvYF
fqy5YIP4B2zH495jHule0HANbn6wXddKJKzyFlU5PNsvoYopAsLMtzkXCFEnU2IF
dnpF2kLnGsczNO8pYo4Ln9C2UnA7rVVtReAkvqCk4WB7xkUkjmDTUGdCz98nxvI0
EY2DfHW1pDAIf7kbLYIzwI/EeKsFsa2Im5C5YasXJgvKUqcNlEjK4Y0QsqJs9UnG
J/TM1E1sm/2cWoLngmgWVay0KNXShvSVYPsB2YGvsOTWDo0AzQOfikMw5cYhcx/I
aSdFjxe7S2rfBrEPOAyCZPtxxDWPU/lWeosVw1F2Gz2BxBM3joblD8eACIpg7XQP
fpOiGVsWU3AkRsBBwpqcsBCjFw1i7G8C/F8h4X8NFIHzWKNzxjMJsY5tAfaU7aeU
7HufOLALG0JDbqFn0B+Kr7QL/xKwyVjiaZKE0LuwFGjcCet4ONtLt7hCojSXJd+X
m21H4UTqvCjwYNFNUiOL4ajS+zaD+C4oQki8Pm+3eM1SttftTMYnkgWqM5j2159v
odNvcgIr/Q09Q7xBPmeglKxJtCCmPsuF470v9CfKQ3aYYMoLE+7z6bVtHFEK5nnY
niIk8V7sayEU+zeUu8IpYkwIZ1Hmb1RcrZx8ai2/2Ctg+dl7QP0V8+CsICEx9hpk
aZkTZddrqY6T2+cOgzrreHu685nyIAaJZzPlFtChDtV5XWSMAqAbdHw2Eq+1dxYX
W1cEHfq+LcRacILtY9Y8ScE2AWqcMT0AYlp7yxDvrAtW0mm6Wevb3uSmaBHg0X5r
thej8saPkRPkxKgDTnZFhXkr2R+ZkvP/oodR6UNYZ1au9kQqudxcV+qTMvP6xFCN
uKCI5Js5snLnv9Tsifi71HFpRQ/Ua7GZN4rVKMbeVktUeGiMNymb8A4FmQhEl71m
f8hnP8a99ya3KcigOjF3PNjlcduIHbvS8gzLURWsf2IWw3p4eF4RHbZKyVc2nfuw
Ob7XSFuBerYEl6MSaerzbHxuB7/XZVijgycrWks2tWKrBxWVU79OX4y/ta8I4WF4
w/GjBpq5RZv7aDHOUeC44uhGV/MEO1+OvKrb2lNOAdRqv1NQUCXfK8JhWVfiWhOb
gGETfSiAr8NUrXy86UuOAd2E5cJPLhZCET0L1r2dlAN32iEnGvPM/fcq6ogAGC61
wsg5LF73Xfgdd2BQZfMcP4YLAPmBltsRI4csQ8lKeuGCxE0lDjlkCgUiOa8nIBzO
jUYsipJYNf+MYHXO7FdzEU60GXTkMyMJcn1tPazP7Lt9yrP5PYRb4kXSstG9ZO1M
W8TVoT+0AYyWXWk2X/GuJ232rj4xHBL4rKO3UP7YNbSJmhE6QXNd6ab30z1rEMjj
ghkcf5LUE1QYlWBft4OAda1HlJ1pXo7Q0nqBnswJ4n5u7HLvLp6ESrc0dDGMObGZ
LhzsG5Xl0/G5MVEcoYPjEIbHibrA6DDG1+1Na7MLvEpegXjgxvjDRmm4DP6unrOx
IG363VmNb2dvuG5IjMZvAOdp8PXUc7dtECfJfdpLANOejaqojIYuu3b5jTBt5Cnc
ANglkTFRAQahnKlWUvl13rPt3RseXIlOH3pOaQMy1o/VJ2jijfZCXBRALlf4aHgD
0dN5W6kI01nLw3cuFaSr3anlFjtTwefrlOtwwaDBE0+dYMVoyY5tInsfDhGToogF
XevP+It/xobwlQJkQX1/gdbGDMjW+BaZlARo+JO/GeW1Iw8FfogPC+lwnrCfnyof
Gzlw3x9aCkXPaOq0dUA8PnFz+drHAH+tvI+6cZhGt1b+3i4wL0MHNKRS40g6Uodq
91vppAEyZwLSYzwlY5PFfwy1CSMpkmaFfulAWfkkBI09gKftCO8SYDi/CTLS5jFd
FcfFQYAZvtJuKi9M0MVyh2Mu+pkKrA/gsQk2/msyM67/0Uq4sm5J4zGDmop9XSpt
W6JmJwvu+WHMsVqwTApQzFkyfAiwKPaunWFud+FGqPiUWMXUrcjg5xR3ui7oEZsi
uKUpf+wMEaQF4LUf8fvEtQDJUfB0cXg8ZdrqYUV5+4SuQruR612KUGsysdx7aYOy
lxjJvhCqO7zUWAUUoD1urr6A/MKsTItgpeO4wOxkfVa+lL1/wdUKYvL/FyvqPsR1
/2ECELbFW8v/m6/+t+hD9kr79fQo2OHKoMJVhbUgYXMdDmHCXNOYdZrN8fX5/wIx
PjRN//TqD3pvCxfDc/eqk2dK+fxuDIEG7NeViPezmUyQQvM9dqIFHe5qlXIKcUC6
49KN2StIR7EwrEwO84T+D5mdTvjyTkTbb3EQ68J9A8wJuN+3HTVAUYFdFwlwxbHW
YUll3f+I0Sm7HRRfT48cY7M0ShEHE1yxZQuOTmud62qYQ1WQb0BUvIUcWKGyQKDP
GJRSfei0g188duXWvpAYkIkOK0jyyrBds22gceFLmeEmNAK46/FBzjw14dH1Q/oS
6BhAS9QrdfTi+EN28JDhEEZc1RZJINifBbQ5BxoRlpvyMkj6AhDs9EViJIhpFDwE
oill5Ws53FgyzuwmhlHmBUaBomJjWO1ydFFJCOjNxmkdDtxgJFsc+DR0HbqA/wNK
9NRJT91sXzPuIWzbO1EAOfB1blrUzJOJ2YmachjbopC8DVvgCG9Srv6Vx3bBAJk+
puk55VEeZOTKApYn81VXTCG9HTfJlzj6W7PhznKsfelgNc8wu0PM43X0Cg9krdeu
Gl7CoA1LgW9XfTIwziIPyOOE8IJgZpABz5zA8ypd3eoOYg5B95YtmMGlLrRlGpmB
rakdV/JaCFT70chi6dL51fp+rqeHDeamT38QhgLgojfyIhrsHgfAlG0L6von8Ssy
VTZ3ObpF10jPmO4etSZdspzfcpdy11f7WpuCeLyA9aegJrL+V+Ej5z+w9Kv0klBQ
X+VRoJ6Yuyz3ILrgHOaIW/LjAqV60UxhoN5TA3B0aa+0cK5U2yGROv+LOOdZW0SG
aOnUPaoDR1HuGaEJAuHeUsFrwewi98Xex0svjkZXe/8A8TI1J3BDh5wu2sJ92mFv
MuThvmU0Z4uYlzpB7OxL1oAltt/54usMmmfoBLMPWrq04g5rNVg61yuLkB8Dk9Rz
+/95MPK8F763bJV3LYRtedUwUdtL6z6rym60XDRIB97NvmebhDu/+pYj+AWXRF3V
PeNvrhaivNwmXMaoPnZMmSellOSAKwGjiIiQ7ZYkErkfjIdnyNF1jGuoZ8/oc03r
7tqQM5YgdhoRSkVWZEHChOc5kksTHMHyzc160mnZdlK6tQpLKPhX6eoGAllju5w5
XJ+Kt/+My5npzQDm5Jnkifw+JLjxhAtibCHMCOWqf4rcqq8lYe0PeZZLNaH0SvKO
JgO9OZ1ZFwUpOyQWYWx2LzGzrn8rRUuVSdk/pGrbqIwCHvaQfyAMCAB++RnXA7HS
KETTT1jUSl/F0OKt+omVdKEEvgoDmqtrGyMFc2vQgsdYZriYrZTDmjiDqbgw1zfL
JoUPrUHnYEsbK9pf/3sjp6b9NcvbSTOrSb4wI6L7RBUy3txk2OPg7SzTogn9IxpL
4Kqcq2+YSVM0iCQglyUbst3Vb6AjgRbLwb+ygKineqDb9ZZ/2BrQBCIFVt4PpK3l
eYAtq2yY6w6Dmb8gvDoyF9EuEA8/6eEDpPPyIZpN4zQXo0DXKuXnI3hX+MxY58o4
XM9szQ+ObIVHAwPkaP1gM0M9qXd7FRPqVAaDkefaRyj4/nL//DpCd+gfvZT4gOy/
XnRB0qc+BX+rKdBoF+Z8PZjOutjR7NXrKPhcZ8Ul3p7LDVBcBSR++vYgcgNjRLr1
dI8mxH03oH0eYE6LkxxGtsxPaMZJAWoHJwbQmWaSrMy5cU5mPUF6Syks9NSJ3A/2
d0kJrYwHxxc+AEV5xCoRob2adebam0NC7RnGip7MVruGX1JqhpgR0kFdMbcYcPoU
uCgEx1YNvrtMJdmzh9dAtFJ42DNiSyLzyM2PvITEIrbuLgdq6cFaSvcumuck7WVZ
Du0Gcf+M0JUewuBkcEBagvX2eYD1Vm9agzmOiQ01Zf+fsBEVdXU0XZk+9gcZiWpo
84eEmSjTLM8kUqzA/GfvhJSwGDly3qk1fJU/kC1nAsSa32xSz9mK4zPR/IqL1OOR
Rt8YKCLo7dtA52uyZzLbV2xLkRpfp3kalwSK4JRqRMb0AGhtqq1NCuWCnOyLy7Xz
auMsPU1oIcFIvQ7u3sCQtR7fWkLBdd5ItWFT1U/A54tMkIR4aSy1L+suKxfdRJE6
Sbqatgi2Kz4QSffsiJh37LAfew33uS1vez0pbU+l5Ulv/ED06hZXF1TPzNRHD+A7
ZAk1ocIY4Al3vK68Tyia87D4vexzH9kiNpCIDVrq10QVjxi0aoeUwnf4Zp22jcfw
1494YeXpKQfRILL2ONy1QLd1iUe38VQaIJCBHiEIrE5WcQmroPMjv/+HOKyU3tuy
gxX2YFGuDGspIGIu02MMD4YjDIFYB7S3g6KbHfiS2p6aRYXFCyxOdiskNkJ4AR5c
j/DW8tM6NQ0w7PQthf1ENz/Qlld8e/UwqsGqC7vs3w9uBhyZguX8YSnFf++lS+JL
NDSwQyx88sTlsBIRqVL/kEOW2WyGCnZZLS+j3+q1gcj36HJNtbzL4i9eSfAeBX9S
EyV2S4VCPK4gNFRf2tfTzYvUspdzy6O6r8rbhAYJIqK69fk7E9ZH5qGud096ifoD
6qViWHKW3uQgZA2nzwLcigiz2UDrGyG/dPgLmjCOHJfMW8XnLu5J8kf7EQfSd7yp
BDieKeM+ame1C29cITKVNKN/3ey9PsEd+NJcDdNwkbTPTavV9zrI8ns2cARp0J7/
Wk4MbWwGRlY2lN2xqOstIHH7DwkocBsPci76F0CkYFDKP0nAD46+EBiuY9RQrJW9
jam5apsjoPFI2uwzBWxMDG/iqnpH/MoK33vZGeZVwP2kDT8vujrI6H3W/2e6iJQ7
bLlDqup6Gpd/bqsYA364Vg3ImnMfwRattoJ58IAfB6rSzADsFvcQHdtR3+HrS77y
12hrvJnOOfaOYr/OhVVwQmmpe9lCnA0DHWgFmISTgwyy8dsgGfsb1/f5m/FPlLqx
QfBfFHPGO8A+1VvO8F/PI9Hdu9nGbrOvj+nrlR4IVPqii0ruQ391+arNTgFHyOf/
2y2TuT+gJQo39vLtR101E2Npu0Bob0Wj+fvd7bKTqMUwNO86XauUUoz+3FIqLrM8
edMn+oDeR1DTe+3aDvAHuGuF8f+AWgm7I45IYyS7StTifKrJz4dgTRCL67BAprmi
GkCt3bQkDZZOt0cy5skVI0Vlcb4j5lg9R6MFTp204pv+oXdAOCKu6pwbj7bCNHVa
rLgUmZya6dCxBEOfXUbOr+3BmbYipUVgTLBqJqdF5Rt3eKT2eFkjUNxet9bkWcQw
m5zbDmoVve0fgPZ/3H9jJVo2rn6QByHHCej+nKdGBnnpRSUqHLBP7i/PIkvTXb7b
yffllvFHySTbfrRMFawwpZk5EEmrZWFhMB6JtSEmSEQeJodiJE0KD7UURKcqWZ5f
M/OHOUDMWoPl0V+aBRo0qcC7F8GLXj+HbqG3KW7I5fL2DViEiNVUL5c9OCFCMlZn
wLiEualoQTUakuqiPjgvkRxphqY7EUNwhIpAamLxPJYfgA1s/FpIDpc1GPAZCi7o
hK5nsfXSBK8AwT+1XSQmX/jvf8ZeJacSI1vJuA4dIMySm9DcZKAiPO9DVg6TRS06
80ujEMKuhkZ5Astu3kRVyi+ucmEUALBsS1nY2MzBkjZCnSRqj4wx/QbjmemDEJSZ
OYWCTnk3OvtFOM1bCTk1SmQVD0BjADURUW42urg7D7hj4kTgvv/Im8ikRacA5+HH
3iLOp7nFToBoUzkvbrWBFK4dKQiWMMZSC9Z9lvfFyAycygaP5B9Z0FZzkKIBFR1R
UxcHD6oa2LpDSX1NGS4ovQpox0WcxpfN0se5xBavNHSqfs2roTMCHYaOZFaajZkY
DnHwVIE+FQemF2u1XPudz+zyRvI20lILHOTw4WvA7TjrzSHgcukdhxRkIBRdYL9R
dC/KWaTzu2FQoS/5v09rmUfGigVGoNvMktMCCyyVImoef0TSePvzZB6pHbbEz72y
NKOjkr3D4zQnHETtnlMvg1lL1ZZPn6TISdA1Zd2GXsjo+MJWVpJz8gsVePoKDmZR
/VfOrZpqqKcmD1rcoFZyzMy3BpoR5r2hSkwTnBYOdcBt2vFUhQ/d1jxkqGNvgmBc
2W6aCygXgMyxeeYRymIFWFtezdnN0JbpdKp5RhSnkGs3lx8kzGHClYMsgLHrM4Ax
fP+usaesWF2mPTdESpeYWHC/h2T8lbfvTe9IA79QtKiSRkBFAgtp1+GrRt77z23h
fHx5TXR5YBeScl64UG4OypJWTwF/LsCFk/NcmIEldhhhdcLbRdUn1EEjetg3KFiA
H9qmGigVwU2w3b+IX9VXXo3yJi+CBdlN+YADOEX3dwCeJRgby1/NO8xeeoaSary8
tUbctIp/BnNBgTPIBZQEjvF7ELa7CbmvGk01pAcbJnr5v3gxYT/aP8vCV5kYZkU0
381wbN/PKI8BvfsE7fS9fdds9LFzaCXNsIkqk4xwRwi6n3IS0sKpzRhyiYL7zvEq
xw0r1KpsjdZWx/BGnSiXXPuED1xaYDzLKFMpGc0FtGHT38n68jiiEhC3jZ9mP4PD
pya/fKjdIy2/rNZHcRfGzIyeUjDOkvp1LppNGlr6mZNAxNeJwQdeh8uPs8tYjhES
KbXLskiugF9qzmZWl87J/rSdEX/hANA2X/9gRKPg0S9+D3BB6UG8bOdK3N54tr9T
lILHxmQCQgQmH6kZTQjVtQr1x+EyAkNYVRnBiQmh0HVIelS3z6S88B3JRq0zx6NN
VkgM9TNjwCSL59Z5gdTEz9KJXCkuTfL29BJCaz/i31BG7M57jS9NqphXJb4LsIh7
1WoJ7NybMHziLKPvffAQjDXbCylPhwMqeMmNLs66NzsQdfcKWl/Dc749Xr9wZNeW
Jyrx5OPYqDiQEujFdZkmz7yxt3EPjD0r7KvDEcoZU0hIgLC4uZyDf+VyyeAgp4ef
Wxi4ukc0TQDV79XWuJSJyJo3wEmX/Qm88K/CwPIfFRqeSs/nO69qGpXM07K9PQjf
cNlnw8a7RDnkkY/mZKhyzKphgck4vQisoav+inMwb7i0jawa/57jH2Cuu/WCkuFZ
Kn4p+zI6Xkn42gPkDasvXt4NY8K4eHAUU7V3wrxObkzqCXNDR2WTmOnhqSWLpdlA
fpUCtfzuqSer9eCYIkIdsuyGvCfbqiB73JKO/KYl2q4fDhn2svcoQAKmhdsTuz4L
5DZPevfkkq9c68RRUkljRctgZkPh4FQtfHu2PCk7vMGOu6nokQZoXbcw/5FrNWrf
DjmVfrr3jXdt/ZPtbPpwmh41m568I9TSfsb7YaxKGGaxJ6RQTNtJsvLLOWOoaYMs
PfC6mGAn3PKqf+axGXMTuvpV4EGQVLChNtvnmfUWuKpyKQMk0UU1hVduiY2Y83gu
O1ujYeQEXMBRYf9HPqtLVfm/PH+uzGAowM/JoWCGEbEwRwYM1xEkJuTuV1YdHqSB
CtghiEb762A/XblX/PEtVmnVhgDy28JV296big4GteX4xtXHzCFt75uZ6T6nLws0
xhaPiTOulOL0TJdF9EZ4KHxxiga9K3aclgCKKeYc8EopATOK2QKI9OCV99SLyMyg
F6P67/XD4ECtYSI58WfyY10jiKfLWmM0xYK0RFrWFhKxoYYwOkXzGSKPpT428dzZ
WdMjFT2O51nSFmONbFaVqZ0OGoabSWzsvvQr2t7IMb4OIuLkXw7UnMxscW6mxhgd
iklcDy79UFC/wCxH3qdKbl0Tyqbv5SxfoNxYNlLv8v3rRkuqnWbu2uRHGaNDeU5g
dQer478CKQOjGJLy+LvSNNmglxsHYYkXABjZcaSVrTa+ZmJ7yCxAn0V9pp2m2FdE
HCNq4Gfe11LOScZunmG56zNkqdj7VfEmOblY3Hh0Xh6Gf9uAYKrdPK0rPurwHBqo
eeNmLVzg49aDtYWkUo2PY9yOE5aGBWd5lPHWvPQhhkPPADWaznBqq/w1a9upCu8Y
2X4PdnxK27vbWMVMmzOXPADqT90RaZEL+QOVGN+JpBAX58f8zhCV82yAzJX6Qdtl
uMx2VSG0JZ+c/uY5XeNlYrwD8gXAG7Ce1psAVoWb1yDO3ZGFNg6XZ9lZYv8hkFrG
KtALTNNUfNp4Kojqova1ZD/L04wYtokEKovfgQZ//+tSE7LZmKc8tOG+hR/wTbQv
N2S3oIQypu+9N0zqw0fDH5TjM5GvQq9mQWB6NRMib7QfwK/qR4uCh4F8eaYQzvNG
l2DWqOGfuEJMs7w8u40TBI4+SJsUJ72IaNZjZ7rcHCpaXub9YLqtdgI4Rhmm8Z+n
n4/M2xkce46D97wF82HV6oSbxcxMwPVVltHzunc9XvLFMfN2wCqbpa98PbzYAiG4
bPUzZ/EMZJPNcqDg/N5VdqapUqTjDbwYFeugycsm4hYY+rBW0YcoAqV5+YwNIeMY
4d68APmFd7b/jZtIuFheaMnVKsYpozUq2gkr9W54SSHfRXMTiX6AAS3YsT+kgg1D
cZ9reD/m5WHsFsALqWZq1rJSANGOaFXM3twiQiXQTpsvlr7f0/6BTPWn+ik3ds8T
KB8Abq0PnCcFsBtRZEORMM4o680K2Q28XgW6sCscdK8snnNOAtM8WnTVnIBRljjn
YIuJBQe6eEyYMb0dAz0lmLH3EVNv+cQ9Qh/eJ74bX3N4RRWgKNKZGg0VfDbiKnTQ
bl91RP7cZJ440jlU7ednXHjMy/j4IaeDmceqJrOt7r5wdyqUZFvK5K+iQPXU1hUN
rLLrhXPY8d6GgdnEykqmG7OXv7n5TxsDCUffOeM1klzIWZcSt0bDZi85BCCRzrHk
sINdwGNhvjMDMTXo30EcpeFuz07zwDMonufi4IM+mLz7V3uuMXzu8Qis/Sivnb6+
mj5gskDeQ4/nQrN+JucuP1zq6YISsKbMXa43NMSRfr9StdhxJl5JK52Z6mXsG9lL
jrT7sK/kS0HCmkb1lrtQWO4TWK0hov+lpXAC7B7fhhpBDhwJls7qXxRpc6xBM5W9
OpmQYsjOleo8GiECzxmtWNds2cU2Q+IqZLYNpsY6oBh6ZKCCERg7Fq8qjU+DqAa0
FMoAUnO0tw61tEkAkAajkish5RIR121Uiq2ZcCBodhtaVuW1pb2mknhG0ZLmYU++
ThjOuAEigu3d2z4twvKxAdRtsgbmT7ilGhUloEe9480oOfF2RmiSaJJ6mt/1cEkd
Ei7XX9+b74xQf3Qo+PG4h4qqf3TjiTTfbP7bJdzsA/PtyZtd8sdDuSs4BG/J0JtB
igemoynfcAh+9bW2dxHDUuxoojNQRjYS76BqfSimc6sfNYR8KfrE3FHQ0Hx0+a9G
+TfECLbQAdDuDT9iBCIUH4hmK7w0FAP7VgDXkYU55wvtqNbXYCCjA3ZFdUBDe5ki
FMUjF/aj3cLKRKbTfgPSce+y7izEGAWWnVraLs/vD+odXeo6bfBasmy9oUKqfXma
KZdA+RUpsE2nRZpMVZ5qtqeSqBc4lBE+MkdH8LggxOPgHs+001YK4rGT174T+dsf
hmgLUxJZ2Gpho7MMPlyTYAE4VOcg6qm9XmjHUA0i2l5mGkWViYh2ZZY4EfvQzoh5
aKO9v+Ld/dEJtXflBgOsDzJGUmPqJttzvmnufC5V2HcbW9Mwn0bxjO2Dt0I7lfCn
uwcfcIuVHMS/PYLd39bDHv80yOYXqRLfehQRHzqhSnjrqGsf4dA8+sZXW6w+TVGZ
UG6w/HA/ls0V9O8C+biGga9ewBmgct5XeF74qlTzQ+oyvg1GCc95SGdFYHcvkh7r
fjFDPajkVItDaqoX11FihzxFdcG2fHkDkoaeTjU0m7fMGPhP62GkYIJJYq4pE0f+
GZ5DTHw60qrvhvn9KnW42AsUtfSE8031jTw+lFYNmwDbqFg1qYdUgPpjN0SoJ6ay
InZ30IoHzJFYgtisubY7cx2hhypTVcq3oNpa8GIZKC43Mc9s8QwCIMZCKFErMY0u
DI+8Zw/fsQbjBtfwirHX548g2g7LFIo7p8wfatuSYBVD3AgNxXSTN5l+GIdVFKEZ
36ojxfYUw6/iJ5tg5b9OYY2TvJIzRBxkCa3ibb4PV61kBM7+iUTtStnA2vxOis/w
cz87oQfgYHzLkN4NmvGyGQ/mYJRMHlo0LMiLoF7FBe8/yksxA7A1xfmPbwrY+pYd
HwEZxTQH/VAxXK3HW2vVhFMs/f8QDo4DSNIl0n2pCmBd1HbUuUs2ggfuaE9gq9zC
qVooP6xhjs3NevgEMn41WFZs3dLUtszSxrMuXpj1RYCT+DznJZKbv3UKcmmfKDtn
Lkx1WxgvP52U5CwkRB3j8XrlSqj7XGQy7s+ot6mffVCOOCihk9/sovm6DoWoroK5
ZxcakFKqazlRQNtEobLFVASRKe0zN6M9ebX+lIoAIyCTheJklIIWScH1vdmDdYr9
IDS1xYXmm26lQOzyyv6eYVWS6bc0iRsf3uHXIJl3/myLif3/WDxfpnDps5qq61LE
J7DEl/rrsgUJNnurnciRcmp4ZIWBUVuThvIHvE9TV36Vv/QSNihZCyCQ9wE5Q8To
c/w6GglifulHTlhHp6i0Jxzktmj+KKXv8pUfwmWJZ88WpM79mtgUXSEfPlHeYxmc
SFvey/CMa0TLyw0GmawJ9kXzqY5X7KuPpxJOyBlDQpS1JAmZ7p65aAAIxBpe8SvL
mbcQh/qcAeYLkbHc21+mQR14G4FoHESZ1Q3Wv2baYyN9GvgED5r2KF92l497YgXS
Kd5n5gjawKLlQJHqy4qU2lYushq+GltpRMyMbFYV3+U42QkNKEZBw1v9227IAbXn
tAAO8bC9K5vkRlQDCRu8EwEELRsJiqYqY5UKlwJ6vh5z/BrfQ2prUeK4tN57mi8t
oixcNGTTmNY66cgVVGR/e3hpVX18dgu6CtRHXkZG1Is0SfXAY3EJLn9P+KaQcysW
g0G26IchbgraYKiB2wEznxGA9I/zE8m6sYSrF5TLIl8o8v0V2QevsT4zf037Otwm
qjdY6y+sPjYgKa4hlQKMNvdliqAMlFTFil+B53PHZWdSPLHL0Z1DHeW4XvSN3mQb
YHFjl5pFIMbcMWVE2crlb6wZmQHdODUHOxKgH3D+Jf7Yq1YmmnDnmDP/giXqHbXm
jEF9UI6SJ7bpJ6QFR4a9WP2visHGkOTn3jfAxxdsvnfgGivGP/SBko12abJX43oJ
kMBeBww6U/eyZxiZu3ILE4X4b9RJ18RIYp8JhD1ns/Y878fUc7nkItw8R1PQ6tkr
hxL4xDEZfuZFFIrwhVGL/dVtz1FcD3f3AykNJ4kKYAY5wlQLUFREtNVgRmB+RCCN
HyWGpa6+wlA3PZmGUL4DPprfMq/4hUyN7NI227FP7yJOsep3UckWzMyl/Bl2768H
agRNh3E+ePAhmIisazgnOwz+r8Vv7+EvOWw4XQgC4FbsCqrAl5yePRKWqUTvnEG4
MTBjs4MoObvmUxyDkeVyWZ0kKQmo8gDWmELKDMVl0Ziurf5ofLtkqnoUFQOrjlQm
CIXwxWxHTb9YQf9H3938sPEAcQ1E0tiE7ClBRZylO0SMHoPZN1a1u6l6DjBvg0up
g5Ckz1JlPdVpdiUkCyWatJzYJc7kjRtlnRQjtyYpLgdPUFUgfdhlZCnCXqTn3Rra
WBtuwOkSO/YDBDsePNehIubwwvWS32VE3OzaZfoOJUx7D9Wb3Ew2KHZ6tTg14s6R
KCZJncUPc7t8c5TOmuQp/iIM/unBnwYeZR5NQzz8DMIlIiMKC/ZR7zeIed6nwZkK
nkeJZfcBfRo9JMhEdShqbKhGWwflMgDBQPYpmmJ4Uj5EfJBICXppsFPGenWpJeNz
+7uJNdngjWwzrqFNgi7MM01kwbSXABVf1U5YsyzY3DaiVBz3NgdVSAtQgaND7klw
B/MFgocqZ9rszu3mvATdr8kpJHRDzF7lwX6J6vWwB+B0VCxf2LuChhvirsT7PNPb
SUibBtkhCiuIAGD8jDLGV/6j5u1dysiKZuB0hCVDX3/qTjoxUI53ySumNnVlVzxR
Dw+/QLZeOktE+Heo7QEk/AuTpROv4yoKdXGeJZd5y+jzHXZMq8ir0umzcIg5kFDF
UaL2XmaP9KXyNEhzlVFV1aqArDxWDiFOioPc3OIFW+9MmjAyknyJoBoX/5k1TfYX
Z0Eeb7hz13BcjwtO9OCMW6oIgmRE04EvmmZE3yWpS8gKHWht3hagX8s6uOkVibZn
1Xg5SULHKOvLjdsAyLa9LT6wPB1t4ord76PMQ9RlKGX4CERhE9m82yDo+srNLbBU
gH6WKewzksm3woJ9U4xPdUXNF5KDd1yfq6xj0DhcwLkqDg1CJk4kf+uPFF4Z3xtk
83m8uCOIfY+V4pFXiNjAMnzyezeatiAte+ZmaNncwhGnmqjpFSfYtzxPNWNb2NZo
Y138i3d8UxUJpO0M0Iar7LM4bMc2GLmMpggGldcH9yMMLN9m0cgPcjg6N6RX2t8Q
JrMXoD054kVIzM3TBHb4FAJn0THXj/KpUyNxh20ukfkhht3RCnITgiqd8x0SLAtT
fahzkSglPygnQLURGM9lhv71uCRqTliVSQag8OwZoh6WQqVHvJehNpBXCq6vxbfk
ykaoHBZzEdDnR0GoWQTOgP0HP+GxcIWxmbo9mFaH5EiEPG12BMvROu5NfQ/jPE1m
EIi6WAqUAkmsrHG8F2RLJCCkKnN+NYIii74B1d/gRv0o3sq6ydzD7muhfX2qbIdJ
L4mR7ai2IQ7UAQTNBpr5RK7PBceEEbxH9atA0/a1gj95zJ19VidlhRwIeBCPC7xM
4Qr7ezOlSHqdAZOli8tInHnk0osZ3/lPP477X7RzRKr/oL10ZjZWCuj/6Q0i1Ubt
3QnT8myorUynqqkjOLwjpyXLR6UfH18I/K2jwdbDE0Rrsl+qVIYbttp8uBesoMvF
2Zq4PP3N6d/rMeE+nEstofO+w++5L2uvlLZLY/sH7pkb4hNqsfJsA+UmuREfuIP1
oQr0zGte27+DQYb7P4dCWrU8Ab9m7u8rE7Dl8J/+m4DFhbAFm2w0q6kfCAjDcBkb
qsmaMole3lets/BhqZ4BwGd4b1BbmTNVkmro5QSZSaw1CSrs7OkfnFaOCZXIeR+F
pUlCkE0fA08x9OkRigs/LHjwLSWdQ4MgzGLj5y5r0+mMl4bMPdUpPj1ZQ4fJaz8p
kbz8xPLcvC7JSc0iKd/Dv7uwN21zLF1Fpx3Sl/VXqjloy8krgDT2gpyljZbniIFw
vbl1LuJOUeUDEW+wPNNOzK4eTefzd3eJo18emrxWYcbonTovtVC2MF4avKy9NeLC
VamCLOaEagtRMuUmbuxtvKRytZ60FO83IYDhS5M/eoX3GIR6/J+0nMDyhiOVQ7xE
IGW6XjK15W3C3wauQqUg+aINzPsvjp5dtIB+CZfBo5JI5vMddIio9qW+771KGYs3
Vy0oJXmvz3dJ5G3pa8R2vMWaeFRcyVyC2H+uIFEtXqqYFb/yp3tt6vVZPjcoIyIG
SvTUCjXf0EzLOl4sXa9R7zA+3cjsmnBm0VjqQorKxpgxBQZSb3TGjU9LDAXob60+
WqAoYIJFdzX3wRewlO+cgtiL2/tsA5NGQXQcCqFKz9oTer2uTcPG3qkNt1dawxjB
6nZQygObf2++MgDpD7hiWpw38q79xYaSRaCMlIHT+Lwl1ZToaCmLrZRJ5hNDUgXr
xk21D365bG9PJ5dIJnguZ23aTsmdl5oSPiqXq87ejXtDamY2dTFQ80BoPVWV8PLh
4kbQ0wv881EWN+vDFydG93/tS4e0zfrgTabUSctZqPAri+BBsA298gAjaEahyqTH
sMld7IQuzTqaES281Wohf0/9cCs4Mjn9jZUFl3GOkjYYbBWuWhXz2ExarHOIL5K8
c5mkgCnaSEW9ZN9DG2oWJm1LXq45UB64fB9wLTf8dFqdUlMkXSjDGmu28locdeU5
0a+u3kHgyGPgvfYw5ol6wt4jUVemseeqrjpgfkY88UnxELolIRY59+sUNGGxL3pb
qgaE4QiA3YMZ+rVFZmyvA5C+NTiv9HuQTb61XS6VMcVcWpCv9MIA28gWfcgNiZkr
sPkBlHOMvDezDpGeg2qYENND32QALc5Tfz8ukov/CLxZ6jRKpHp9i/A+QFXyVFKW
C/BhinWFv09AYEtZ6ijNi38fb4S4WwWIL8BVX6nO/WE+QZuCNSzQKGh1WU7AJX/c
x0PUUHC5wiT2+dD5Xz/zT2cc/4oj1TAeIUPzgS31NVBhsmbIZGe4W0ACjxiOx/gp
NJr2WrRJKQO822r46e+m82DZe1t/s72woMBh3zb3LVYwQLBcmmHcBMipvrhezwiH
KrbJt+4wstjfKx2Z5LYjm+FxEZPXb7NyTq1EKwPfEzVUhx4y1CN8NkiG1WM1WOfR
TwfQzfPVjnJ70EyCtpIsC3Hcb7mCcFYo7XQEb48gHN+NraAvn9Rq/VepnThwcpNM
U1q50ndoQuMSTjXXvXIgY/0yLQUkmJmxv9BL3ffa3hv0PSdu6RVsrgp6QdSoQr0b
WZsJayrS9h3kgFLT9fNwOthukzlaHlX9GUKoyDOkDIXIV45pV4tZUMJIFY2W7cnr
FFNFtyZEyDqXA7Mq24k5QWZMTsE9WwYf6rK+aQMCtMMijJagOWrsRGAWwCQBKEyl
cAkE9gRUMfEECZRuVQLihMMQDgjBnfDCf9XUVoXNQwf/VOUClaPJXUIed0hyK0nz
PG1YiN7nvnk1p8twyMu0BzEGlTrUpS3g4VXMXczK77S0xzIiVJpUQNgTtIrDTDWx
vsf1yBdBj3WWtNwD4cUsISwg6TpQlhYTU0D6C7jMB0Ieq+0nsmfZpY8OXW/4dQl+
H57MrTO+bVP5a8AIBtaCxd9Zxi9Vt0saYb9UydDlY++zCDYADV2lhXvPinwC56/v
YOLENvcM2/iIkQ1pbNovETIIyXkB2FQEZJnj/B2gy3b/MAkjF5Jya9N7Q0mqYzZ4
IeZe5bh2iQk63aEFTQbhkMwuzvXbC5x2anUG0QIgf1oP+Hn8UBn+K3XyPr80JjeQ
jsJp3Fstwf/Bgj+w9BhGdT6xjlcj40d4c3rcXfk/u5s3aOCdG1FZburZH7IIG9at
sTe5mekYreO7vXVlrNVkB3Dv7byMD4v+meyxEciB4BWZgwPIfpP5m/gsc0dGXyQi
QDYDBP6KGYq2WkvywVh9IiphRfWk8hn586nRktD4XgFDydCpYHXkZy0gSjGojJrn
s7726+xRlrh21AiLz1JYiHyvcwaB4n2F24at2/37o/CKFFFO+7DOh8GIAg4saakz
TrHJ9vRXJzoyn2HPgY/ZVzRvcGfYyVppILa7fSNlTr0ghfUTSbDYf335EakuonOJ
1V76KntU0+tXNfK/GHrf94XJtulbrtd2GCa0UN4NFHWKK/x7n5ysga5PIiqR3pA/
Akc/yp2GfVVrf8D7u+AaCquojf+MAEFwCnBUaibX2jM/p8vsOuZjgw/i8onMku28
PojzroBkedWYgaNAP65AAq6BWiywd/jxut4iXtkFYdMI/2Fsdt6OracGrGW0XGgu
SAM2Rkze+iue9Auj1ZRY8bhz1iFepMW4+fleWGWpuv7H3WqsT3qIWIwUpCyNxPnv
Q4tfuzyErFpAzoUUxmyl4I9a8raMswEW3fhWRXrnf2ltPuY9R0Ser9QxzfNTHjob
DtFwMYlq76k93vk2+QU0i08fiNiFQ5ukV5fB1fgDJi8V6w5reWDnEgbywGEErbkf
8PmC/HyvneHrXcJ3PBSRRZiZZ9CxUyoKb0YyiNeoTBeNIo5W9voi0uc8igNNqTIt
mLSXbLQxf9Vwz629NQBTEIhXG0h2IHudWI/NWbnnA/3GDrdWLiilu54lveKOsoHE
tGHMcASxqt7XwBUnCcb1166SUhFKqGZ0N+SRy4AIlsZaaTna/QPYW9Id+LAT6Z29
Or8pF0SmwddMlhGFdurK1vefOGR5s4xt/8LJCff628bR5rd6cFiWa8lEevyZtcQK
0uWrgqfTX80Yw2cE/kdbjJgDTU9zTrJ92ATNNcLut856K1ErZzycGLanf+suulvL
+y4vS1DH14+bJ5GHVdPv89Ifkt5wUV1BJTW6mVfxB35h7VsYbGThw2Xg3/iu6Act
r/rzLrC/TxnO7uu+5HI8aGmtEwtW/ac374Lp40+DRGlVeuPlXG5dOizYb6yXMH0L
3HoyO3MSdmi2Mu/X1FQi4b+aHjbvaNxgWiTjAsk0jo4ecafE8uBATMTAxMGs/yj3
v9y8/KnYdCdULdFr5We9yEZ9tA3Edof3DI4HhG/c9eWvk3N7RC2VXttxePK9pAWR
ndQqy9i136caygC8YuIRwfoNbbBFaRZhmjhvazNtg4I9vP6ZiOpQnBhOrU8g0RjG
XyPQF/hFiApbdbEqGgRdJh9seX34PuY0zNONk7OhGZhJg441dXOpQ83RjGwABxdG
V5JLllALlBAiBP3P2afXSgrZkgePiK+Q/8i8B1T8EwSwDTnF2Xa7dIpb28QkssmD
2LlsQAnJW55lU0yOdDfSFfJdxXfLjoonBEOhN8EAW0KCWilQ3vwcdZlvPc/Asmsw
F8+dV8N+oKwInDYSLs9m24l6t+/MXHaFvWGgQL7+hsaD1wHh1jxLaQqhBspxC4k1
CeWPYbRVzmcBZvsnBPfRoryB6UjU1BM9yr5Ns/Acuv1jODSiOb6GneD8AGSYSkI2
0PLL3YYYeLsCkh2/nnPLqYFLwEkQ0gAPewh4PBCBBvuICR6fuaHojE9N6fU0TCrp
Jkd7nsozKJj9y/xId/2RsXN6bHl98HcMlMbPVLJsM2R2qXlXoEJUcIs2UdUj2QQP
3i62UENDgbNza/0m1g7ZXbwvuXNwlCF0uaPF7VKAWEEPy5dtuJ+8ucq46EKqBY6P
oGc3VuuKXPmPFn9AV14QUipCW/Dhw+2SppqfN3l+XLyvzI8Fq90nbAwq8+WLE5tI
TkrtwV9aoUM8uT+fkwPL3ru8FZE4teozURfcNxKeZmsW/iYrSPWhzLazqg3JexNf
iBXJKx59yvbmdFuN5cspOhw6oEX8YqSGnlI3AvXVJccvYTLm2b0UPiwielf020IM
HGbCqrf/f9OZI9Sgft7bKWINJ6YECc9MxI4MECTgn6PKfuJCh7uLpaxjW4xB0ziD
uOG2lhNXkOup7Yrggmqt14iubp+aycXuaDYL6LCBQH/1as1k6ZoRFbM4kFEdgSNP
3MzRrIFClkZ+p5xIS6adcWdWiOBZ4Ft6WaL12koRjUZDREixkzxM4NL19vjMqCNW
S7ki7oazK+DYVhD/RPzIIeZY2p9BKWh9SySMkfrrKbOLYUcm7oLqjh/AcRlYg5CE
OX48E8AaYwEIv1Q7x+X1mh8a5nGimsBNJ/vOAwKrQ+JfnCQRAkVkttD485gG92TW
RA3atHCM0L2OCLt+XP/h6CUaT4tF0zWOdDiDuYJEtw0x3pozFrDc1PtTZNSwO45P
EEJs66FjEjcbn+ObCXsbX+tsSOTzc4QyXNmi/ZzMZ8ODC+wjEaRfg0vh15ZWUQ9U
+c9aPdP5uWIgY7VSLhbb+2FC8ZJiZORwKgloXRJQIeMPFmbyrXP8+7/0LZeQ71IC
KELVb6oJOqmvEaEwpd/VCgXngOB2ColuME9u4wf2/Iu3LIm5FIq0T5JcdkdOQA0g
hMp0IbSkEds/6l4a4P6jE4BpJLkPDhjiJn+1DhgvEjdxggVDAUIWSABmrOr1QqWs
Pl7vWNYnZuIP4W2qDURQshrc9JykiiukqJ7nWugrcVG0ePxsbZsLfqRL37irNxNp
oWEJzNpxFH+FzfMu//KkDpBFTb8S2ad/FknApP2WsOv2F9CP5OWT+8Rl641yDWx4
U7/gpAtFOliLagCryH9x8tU1id1KxxhKvMlIKsYx8RmQbO1sR4HdV2gMaddmKqwO
BZMqIBdswRUwsvOwykGTppJhRsbydLFJJaB0iqXzJSVHHCRIBCr6f0/58vz6Nd7z
gS7YkKNB6F/p+ebrInSaGa18Bs2N8zSeaWmQlRDaNCOhRybzELyqXoyw5eJ/rAud
0+zxGUpn4tFfMb7Pu1rsmDr5HZ4MDdT3JUxSOzgSBW09+MDMdXzVuNYoQhdTsvd8
LddKDgSftOMclDY2u3GPfoJ8diBwGOEJOWjtF8nXfnpVU4Ld1jMMcD33XQIJ0DLF
aBWfN1oPD1oTmWGbTTa/4/hIrlp+HJvzCr9zm0/NDG00KlWMAe9J3k0kVojT8vwJ
C2BEoFr9JOambaeAbXno0NFjJbtLudSZWF8xfU9oBg6GK8gwHKyZok1+ZjE53BNU
GAURwnh7fThPJmyAHQGca9JXi/YDWgzHODVk6Bg7d+DsBILzcS/IVoH9d7QKwP3s
kCmneWpfbTpkpSxp8oOBYZTiZruEDbsxMMq7nus/VOls5yf++1o7IUpYTYkEpupR
Le26NyIZOnZcG8v2ExNrJSsJaip8w7qGpi1ZYmYqzh2zuLCrV1u2kRwSWNX5x/XI
6lyaFKyG5n72JA3+z64D1FkWRpp2vCaDrxUw4x0BuCV+ToCa2EE9KSpzrY+CLvAO
5YjPl7OATnGj2zQwmqyVl3eTjHkppjFPBxlE1iWVeY51KRaaooFlLXDzJ+J6drqS
SHKLWtLKNotR0uRXkO7z0cPRCQ6Fqm0QqG/R69dgZ7FUGv5bXoFl6mYYXviL+ZG1
pUoXAmEt2qQLwPdCX2EiXG9PSlLprWUy12ybVZvx/sFRDJ6sa2cbq0oHb/ZytEs0
+Z+XQCttKwb/htqKDhn4v4qSdmcXzKZAuRGP7mLxbxTK+P+TQDteRIIBRzRP+1Uh
lSgPp8SUXV/BtLttoDi8nFjp/eyQ1qAszAQudJEeDlEZ20dGXV6PZeEgq1vouaRH
ZsImrfh6sRAVz9GfmqX+Xa4mXc/T6rlMwH102i+hFcZuetXbd0Vm0G6e99zrEGij
sJYwIiwA447nW8UYtGwVls+3HBCoiy8goKrGlm0tVKIG7tP8oAbNx4s/q+7E3ypi
93wZN16cj0lsup8UOOWK3kme0zfYMa6BH9ZL5h4WVVjIB6Dy48OKYYSsYYDC4Ylf
MM+LouD7ODOI3BYOIcfuOcDVKCZfxrFxp5SUJH7gSDBYwpHAo/L9o5I7cbCoJW6q
zlucKhrBKU9sFwYXJPMr5RHnSQobu4m75TA/Q5ZqiSxcjrumQswm6MIVNlgEPm7d
4LsxoXeiwcaF6uxJC5MojlpHUeHuvjMK1SeZWj8kuMkoU1vpde0VopGKKbqWF5ut
qjq+8B1GkOjecIv3Id6QwYcdt5unHjL7K5s9ZSxAhKAjDWetnVG2YUGSaYlRiz6G
vhspIfxryBL07wBERFlKOvJERZ/ZnhNmXGltwDBB+MHpYpOAt9iXy3CioJLFkbi5
MMzKlqw3dt+B15+akvoIIevL0ZLjrRJcciX9P3OGKnmImMHgjAbNysQrfQ1xGDDO
WzusziP2E+rgJvFQQTR3xHrT3KWoBsV206Z8oTrQ4KuDfKcZh+1scyhkGcMelAOb
gjRjHdZYGu3I7TF8xD6CBvkF8Bo1Rb+AbYHmEHYZNbWJxX/P4TWPjrHWTR2tTQpN
XZu+pr/0uiZXJrzi2JegZCT0Cxh5qPN8cOs1ipNHLl5Hd0yNuyOMIYFzKIS6Swso
7uq1l0eB9OSINPA8RPYgOzvk0/ZXNRdF3DMm7H6zHRGOiDJljSvjSm14h26tzRyc
NHDhmG0znLO2+pHIo9axYSkJfGCk6kuzxOspTF3DaHBGb5z1jFueqpcaaosKVigL
VximKL9EsX1fJsf3TiYXfEXzK/8mvAubEVQVWGdjAu+as+7C5VORKVQ0kyjPE2II
hzNTdGeqw1BXcINdGTLuVQKB9700TtiTZ0/XiqEzLG7/nwXIsy0r8KXFf67fxxi9
C1KxgDlo/FV5gtF/JsmZ5506oyPOYXfQXkdqoxAODoM0Df391V6I7efs44mlNY2Q
UogL9D01HTk547MhqM9fEkBkaFyIkq1lkZDY1kohWW22+YNEZWzwWfJPTT4GcgoC
cgUguqG3LJNiZfJaFAXTgS7YlW82rjQ5OhcLKW/5fYitQHNGIC3Np430sVy4GGUH
IrXCyz+IzHoI6OqQzPm1eG+HUKhQcBPbVVpxWqoqtB8NpjQ64PRX7WwrfzqSHU8e
wVU2C9dBPxIu+XjALsvRx6T0rELsts3Vxvd/GUvjhPJI5MVMFZBtoM4jxx+SqWah
RdbYSEOK7qxpxXYvCL/GsVxs1KOhzCD4pYuYXU+6BUjtOVJn7czWHagcnud0B4y/
FWH/Zvtll5BH83+l1ZQTx5ma4K4SXvIF6JzBZa2AWbjTJpY2dieBmokECiAMyKFI
xvqHvHtpd7XKiqjavK6iu60N1rYY24DHF14oZuCT1W12ohaEvGhYgBtJxZapbHjg
P9b6V5IUU+HU+s72xtizJJ/dvwBm6SJkHIscL7smnT8edVq10CJUvax67+7meT/S
WJuI95B3TGSV5LKoKb2vva/6g0uXQFUEoDuf0kj+IdlOvVqe8gI7Q0PD/xC+Xfi0
qzGbUJgTo4DFaArTC+taes/nG58aW3xzlcBiu8VQVR4Ns8AabxmHSexgyTmXt6os
2AfFSOkEdJ9VfvGVTYjMI3jZQ5Yc72raUc9r00oTK9RK4U8oqVI229ltlPnPxpBF
bGcn5s1DyoM45clrUk8q1VR1XIo2VRwR1+w7rw+I162AMgllLvGWgDjOXqpGRkyf
EWwraJeg8ilydbkwJbggYWzbukl1ItimU4cvvwXOsCXhVclHdki2clkJnpBO6T30
0tt5VVszkJ0wF1sBpSXT96Dlg0wVSSjCNWonGoiPBLq02LcwX8XJD2A1f4pdZjY3
uO9OCJs2H8Zi0zxCNvmnJijY7qKVIkpALsQcVrOPobc3WT8V+zCZSoVj7i0dok8O
hzwAVW9ILVCJFm2k8CIPj6mNr24Pa2n2Gxq3WZSRmZqV5jHjrAmoIyv3MuXMfs0R
B+gazYch/2JhAfj07fti0WZhADj59hAkTflKlRZgjghUi0+IvEgewLCtR6aG/4f0
NDFgDtT2CaQ9ksiKpsN4F9nL6F07d3nvYKzOV7FGddHVTxiRTnyReXIdOkYCqWau
r5pss9/tx3DqKuRaRRNhwH4s3QrE1eIxayOip1HNDBW2BBgswEIH2HRX3ycWPEu9
56cQQc5I73V6vUEZKZpi7DnhmhWyzRUEWakaWakf0hXvaF9j+iU3P26m2VLcfEl1
EeSLMNwfeq4gLAACLwJLmxYdRRMoBW+AyULpTLoxoQNU90DWHN8YRTMQvmyXIn4s
F7MHElYQ7czR2faIMyeZDJ1SIVToTPZ5bI/qe7FU1veLG4eaRZ/N2WRRxnV1g4ZY
04HzW9X5BURInqwkkke6h8Up+A0IQS1iom4XO5dCyDTw8Jxt1eYtwzV+f1jgLXZR
86va67kqNeBwx8BvLGopfrcKjqgtyTB4jxFQOzIguHSZk4ZBIxRE4dkxzcDA2vCf
FONLKFq7F5NsU8kqd6KBAC3c4zTLGkxPXXCJHojYhShuhDi5hbwlvqHa8xANbxhN
kXlBPR3Z8nlAfuPu2nxg9q4BRF4cBAot0dZg937HACVrZAmHvlHKzggN+dz+HOJR
9/S5PYqpAmqRUafvyNid2EcCBlZBPOkkCqm/3GMYFweQlIgP5/w+ooxsFkdozIIv
bO9OnlB6Q+zuHcPRii12uqzPiLgKlfHwQL/Xr68pbYFCsvt71IyG9OQqgDmUSrVG
vI40ACXzv4MlJgVILCG7m5E5Y5k6NFKiVw/0+j8ydR5xolX5nkrLRjLCIuocvDNw
lZ0gGYskFbKPFUEc+De1/PenMJeLpuoABNEZ9g96/M8/Bf2w/7xJAMkaEuhaJzVg
DZEWzeaB2CngsSz+WhOON+0yfcp9VsGupVkLDeOJLb/D3337RUafLVOHM/9VjeMN
v8u9hP5sLFuBmV1eXyne3w00bWX5ctmfDv70r5ScRpMwIHYEI4fLb1v17NF+Muuz
ub9cDueWeo4Efz8z7qYpoBL081kdATv05wVpoauoJv15GcHH/yPY/CA6t29IVv4o
kB2P2f1e1Uacq0rRWx28dSf4YEyjKyBRpwe0fsyMp2YTaovuQUpyNMlBymkuUoSj
p852XGKC9RlK0YuNodohfvhj9UcbQsgSDOaX9KvloOoOUgkinlNEM053vuw7M5jG
VfhlACwovyO+WA/4d+vEAS1ZSmFBTNKKo+9mEcsDSKJicKXNasn7woiDmRGxpKrH
Y4LfJW5TIT/O4Y/C3RZSRofZi9e1AjLLnlWkjP89MHGBH9cTWApdPyUxSKjpN722
FUzyXshKBCsmT4v6tNn8lOmV6HLSW+ea3eXEkcqYn3WlZ3pGpm5NzZyrFEZpBvvt
heyvUWsw5J8GMFY16s8dSTKcEgnaiGW3cPNhBnJljXXDL41jptehjEXdo8lpsycS
/DFNfqm6RkqT0i50LgnsneaoY5IqwLNwZlcjjwrxvvmd5aXpxAfYVjFXkYQnO+df
XU955v433rUlZXXrd2xS33u1tSX7LvPo8pKtrGLSaxeTErfK52xwfNg1iuJuMKRA
ly+c0AlMv30eK1rVCaQaepn94bK2ZN69uUKcmTjtX7UeIosXIYL5eSmuc90hlJRo
YcsmVGdVYAGkL/bxnN1N67zXH3ZH8yDsedPEW7SVrdcszDeYf7/j/bQqxaGicstq
LQogb1W+cjH+bDZNq3jLAnDG13Vb7XeIjd2DI87d6D1gjD/s82kOZ9G5C9Xxog8f
mWuzBkNZX63jwHHST3gnqgvkmnc+apNe5ttQhIgtxS8zfcFedVwng5PJikOT/HgM
Hzog44jpSJNUKnvxQRrZDJnInk4VS0l7jlt9KnWgjIHOXrUHGltQrVjUg5WH3qD4
mv0KC5EJRuouHYFaFBgbIHvpUs7syGYDsb3nBfQmH/DbZHWMwoNWehr5QI8jSSJU
BtdMe/WSOCp9mpRy54q9iBAWHEsHiFdGlHz2Pvr02QUFINmJ/EzARcRR9dpwLP5/
OW+asIHFx53f8sqFNh+ZUvy5y5dVf0eZ40JnLMeEuwmSabts2IQhDFk3LoL+QplQ
ZbH4H8L9KB1Eiob5L9BhzKL72MzsX0UWhT7on4C0GuL+sl5P2CevU2ixaL31/nmB
aBOi5NAjuvEKZKAZQNDeGgufPJS1aR+eeiooCjkGCeMqa3tZTUDB63joPhazciKy
gz2h7frMPZB1bRGxuaozTkUiaOd07VDT64zDJmlYNWttJESG/pNC08KI/DjznCJl
CIDQ/8M4jaGWnAPU3gqVbs2mTxlw/313CnNcieb64VXLvHzAOxreHHb0nS47NmXP
5g+6TNZoInh2w+ANPbQDxb49Qd8kyfZm2ECj1X+FmzS2Qv8/L+sc3IKbvTI56Awc
AoKqSSAu87BvWQySLAWGmI08WYKxDCQlx8ZOT9YIpGUN61obFx0tso+qDUFJgx/G
pnyE/sLbu03SdVujHDKmG1wJN0tAriZxhhZPq8Jlyty47fgeK1OsqecQ/X6ZFHGq
ToMOZZUxaIRBf4MOeOkPB7+K8yWS6/Xf1frtneo+p4lB7hn626wwHucV9N8lUkvX
GxVlvJ4+JXUSLB2tNGy+w/K5eqTg4sW7mfXoK21lgLtRkyZEqdNV7cltzuGstqlv
H3TfbzQHDfFvMocnHpJO03ZFVj/7qrDElSIeP2Rw1dDYL5lhLqA9HCOG1zT1YIcd
H+nXCnE2/7sNHmCIHO/dbn984TNfHAoVbfOq85H+lge7dKlICla+6fbDjYhQJhLp
Ls++khVo+d0oPyEVS8tF6hnB2iSIlwUF0YipZI6Ek5C++sI/tHrLSrPPNop5c6Fo
3fJo7WGMoOlfPzFkCtw6uPdWJCeMxdrtDFPJBWKBXEWFESstg+8qpS6D7d2jK3kX
VEON+pKw15AHBAqGRF30aK5NtIrodkTvvY8hc5aM87qyObRBlezew+WYfqsHid56
T/w9l+a8AfCXXsgWo7W5z3+zCEZYRX8iEWctCbDVSdDQSjGTb6YyK0lxzwNlalgV
OvjwAG2W+XsCUCcc8NJPiMuJOYFfCOXZBV5qdIZ0cwlO56VgP7sZK2HrZVifffYk
J8an49pLKayOnF7At9l/ytL+N+BtukyNaMGGc1U+Lhcc+Rcm2mnR2UpDRgbovBmu
KcXYoPOLakw/+SITHDqgAy5RX68SdQQpP6Jjwx1l7hrD4G67+hUJkOfGZGpsv+zj
9ZUaaE2vF2yiGH0fa12nbsl3fLHREBsRhu473n1r47BuvUsp8GOxt3ZrdTXUeTnG
ReIF6IPuLGkTGUEmXuaLS3ekuLyCI2wlTPKOlHqIAXvEIERCgM+ugF21GTFRkkHy
apl//gQB4IXsimNaOMPAWBxIVXPyy2uPp+GQQNyKLm5mP3RiikYm6ozKhpua8aUK
ultiP93YOYQf8MmZ8hLmqZ8Ni3rWNvTQI4eBXKCBWM0/e61m51TdHxCqC2Xj2yR3
Z3txrwxbuhLvynVxVbLSaw42zkIZquqeBYDntdjjcjnis9/tfIagrU2ewip7cwgV
DCIALeCabpQX5LkxX0bg+F+ow4UqjuBALivl8dig8Ftg8uJbCbivyyBwtCY3EOwF
cdmrctfxsHjXuwwneCFXJosGVDrYmA+2QzwADzUOTNZJcFcih41PzCHBGjewJvhW
pCFaYeal5E+rBqrfHSlnKfthayuPjKVCKg076FlMHwc+M0glRxtOyrYKUBz+6UMS
/FX3h06cjLybVBLQf3+tAsOcuoDr/jIM3CAms1qPptC4uYGf4HbuzNsDYyVUSbcc
GRVwlAB128Pkxq8mliYf8qa0+XJ0nA9eTteZ4EZ7Wq8mWiKSzfXn73H0DvoMFcaw
CE5Q8uGTmqGslM3HJHKP70OUCIU/msOpCjjLjzbi9Cn23KnrIBXu2Uf+aFS7dXCR
EgzAPjPOLkLSyIj/7uyyTfivnI+UqGx5+pxF/kmYImwVT6tlr/+jJOOkxzR96Kqy
W+ASb0EyX23eB+Me1SFfp7sYA/z609mDV2TiTE9Zo5KhM4ztVsG8wW6MQwMy2sK9
EOwi+reSE6MaI5LtstBz5q8Ibtd1dEw7jU0xWimxJoGl0EsTR2qFUqCB41Lrj2z1
7tPvVb5JPVtUDuvgV9htXe/zCRisBCv/8bOPZGgsHo5OG5DyHgqYBGAH6//JILVI
BnSNg59xdOVVKMC319o292b6EL12QdIq8ZK9c3WmOAwN01/EeK+Y4iZicTHpN7gp
N0rQHiW+kIjEq2UNBQqCNzh5qR1eXmlTVRBwgS7qpQfxi/gp/cxAcJ6nBcxlZvHd
okYOmajsWZPsS1AWB66T0CAaLn2s+j6XtS4SPyQL0i5QL/zmJ5EWN+ZVHzwhccLs
gCNjz566d4OFJmF21fZb9z+uHHRXg8TjV9jv4RWOzxsvGntxLKsJ85X+qinDxL3H
WYHb4YGoY2vnG3nglUn8nr/KQzQAKMLEgYv1P/cht/dyXw4/QLIoMMp4PM66fFCJ
D/+Aj5RD0DnaAw52RwjnGi/RFeLXRaDEgESu1FRxiXgkHRGJparEJnPSUh2KC8CD
rc45addGJYR37uBvZyLjXwH6gDcDG4u+DWo1lviYW5sUcMpYa+GSDZVUd3edscd0
iMRUY89EwNh9nfus4sukrCNEEkJ9QLuJrTuQFTYFz9B7zSlfrpy7XtwjlUBokSta
ilFEgUHefKdhGhvlAZivnX/1dOwCoI9NgtXO4g4O/WMSZbi/P5O4cztvEtT/Zucp
AaAFnFB+JFC1TO1iF1AMgg5eiX4kqht7dCQOECIYYHPyU7vER4qq/otBLhs68xyI
LfOcDjfp58Wt98Za5wkoDaLicYv8lNv6UxEoqkJJHkiQvf1gPYILzf/I3jLF6tWL
O0LQWGumSZkc540vji42C4XBk6RPy0JkgCc09sL+T0yg6HRdHqVh2JSBYxrp3Ol7
igzZIem3UDp9C8C0CiIqE7FK2Lhs9sgKhyGJk5z8wO8PWONRHVJTkly5B1myWnhK
bWdLjJxPFRXLdQxmhjdSVo74Bkx2Q8VRKnU8PWZ1Q5xb9+ua3Ruq5USarcZ0T6Zg
3x6EWmepEnpE4v8Vb4N7uPMGm4xPGdOqB+wr1OXh4S7GyBIqYIcbFP0Y+mdyEssC
ciJyAC/Vmy1wElss8nEHyGicqOIs5bvt44xbF1vRQYXWh70X8ZQjS3XU/q/iko3T
3ayRP5sgaFUWJSD42lDOYj6zwOKE8Pexww6W6ue1FiHXA3sS8UY0JylkeKuoRoZ9
yN4qVgd+ykpioTdXTURe7p/iz+K6JnxE7ygt00W9yYn5oX8joPJx9XtMpL2rXya3
phjO+sHus0fhWL4Bwt2yYhPv++Z1i0vHR8txzRvx5aL3Htc+yxGiCAa4JNAP/Vwo
Q9/P3Vkj2XCIRCUtoJdpeyOaVfusv8rfJv7BOTnU+EtVotpTe1qj5StQCUoZOxos
SE+YKutqBzIh1n22n2Csi0np5rDO+Tyo8cmY9uI8Gr1gjO8By4KePMNi8QkjPn6m
3tT2YaDkRVtA57u109+WHJT68+FFizf4HRxp1Txa3uIQ28Uu4LEVFzpiDfVwvmuc
Z2QqS+MiMR15hR7kWP/tmGszfUFCmbaotNdq/KNB163T4Kg2mg3qo2VyHwwGwXCs
vsRPJzI2eBCTSL4lyHYXut3FOq2lCCPIKAfelU9OxYTcQgdwiJ5nVfA5nkclcAIi
AgIcbogfbqilFNysxn6gZzDudUqBf16qAnvA1tpuMO3SYPCc5GrJWiQgKlRbyTGp
ylkv6Qtx6vwRJBvuMEgKvdqQlwYpvKEo/15RJh4AZqEuBK1BAzD8n/wBGGgqar9k
o87bj12peFcJZC8yF6wqQGRn17IHrveMnSkhN+eJ20ubCE2kp0Ses31c0IEi9dRO
3/Ha4bwuxzEFOepwURP+INE+lr7RE4xk0E/eMEosurzUiA9E8vUAzVBxZzbJVgRW
DW+6ValejNpNLgmJGDGuxQXTEMcpm/c0aGHFbn2a7HSZW5FhAhjp/7swGvXSgsLC
OtB91lc91tv1igguHNKNh869soIFSTsI4KAnsdxigS3Kgy5Kp04p4J06MykPJkxW
WzmmpJ0QcNWQ11TOgjfoIjsGIc82Dm18jm7AnpxO46wJGRFbos+yec9jlR+7grn3
7wshuk0BsLsfh1PBdGSwelcgBrKqJTY27QIdNV9yc7wCCBY2x7j/nYI5ZWBlJAvl
NT5VBPj02nzLqsSKR/XL7sfxE3UDg4YdK6HWeozzdH1/T5ezM8e/wPQeFBli5zqT
B7eEXANxOe7ZxvHkqshZYg4ClfCVe2PyqN8jsEINCBKO763voB8I5jwhrl7oaU2z
dbpD/CQah42RtBvQ+p1GYCQRXk7SG2/iB7KCBG4zatAJam1TSk73A7GbrdnZP+mK
Q0vHw3shOFCFtAZL4MLOmMFEHqpux7Bx4KnR7znIICOjbZwo9ewZS2glHl0AVnZ1
y5sGFcbb0j9yI7Ir9MNx2EhXKEjrUdbRtVfzD1SQPMRgWjXuiV1Uje2CwrkwMfoI
v4Oe8fip6O6DyoHOEZjt9FbQ/1yB73cSX7+L7aR8d1pbfaUFtwNrqI8IuiANZcuB
muY/5C3xxNt0IFmPxwH5C5jqWDtoUoEoKQ7c3xjn1lMREc8yj6yitsG7JXa6BWHE
fKWft4jAYfurT1mm3DeD1M9XRRI1GnBRjEst0jS5PW+EfKrScowQz7e2bdAzyjNV
7I1nt9lTnRmmm3o/muVi3aWULvPTKbeF8CZ4AhjkYNfyaoAb2zITvkDWx0w+UWGi
pjR0LJ6ide2r8DtVuICdEbx5QxsbQFXOhbiefMssrW0V/CMdU9p2C6ZWs2sc1H8i
QtvWVpPh8wxXeFWBX7qY2ibhXdXbkSkAtD2lzkQg78CRmzT/Zpk2zM61Em6nhi9e
1Ha4fxC17HZWbgrssQFKJdWsGdNh5Mw6m7LMU8bg9M7CfO+rWTfnQ4hgW6H2QR5D
DiIlx4a11Tj9yEFTSkVE+7N1Rjidjg4oSkOqyE0QWE8giOtjr0fIn1FVX0+Sylbh
8FJzoa2uyWEa09APOkSIAK+zvugEx7A7iMboZYH3sPXY20jpwvXKlQwU3jFTLCCv
7ki9YAFrHZgSperlvq5aRWyhNIv4lryNsJqkqMS+KHUxwWtmYoSVWFFtCgZoFwWH
Or5NM/2C9l274CHxZnKhcwTc6bJ4ogue0uHbPx05nZ4iL/OUyIc0ZgkvVpr/PoRv
PeQjrSoEi81eYxO1pBGleGU/ffzd/D+Ac4Upuu5QJn0v/wLKHmguTDypbrFSUhqB
tK3x/oysRzQJM4XrdpyweaV2aDGZehDokNVORVC4oZTxMowOoY05WPHEFStZhwvG
wCpEFQYEnRNdLn1wvq5vpwBj0AyP3BVI1tvPqO/jnKgVdzQt56Et87t2ViRZS5nh
IWAhqXy7cwMJ4ZvVsJWuEidnKugG8UqB6g102dqbsoTzdUeDEMAv0CYpXZ43CJy7
z8UGIn/glzcA0kL7kKhgTBhxgkL5mBaNIFSYQiisdAA78w7h914zFBXBb2DuTscG
xQB3w/nsgIODIpmahFEjfMrTehRNuJkBOIigORe/tec9USBSc6py7IdfCCEQVd1B
QvFMO0uNE0FOmcUa1GBMBNhhvttd+YrDtJdR4SSQBFnw5+xoP06EIyymR1IIH3Js
EkEnypF4FqMFD4hPL840Orx4hhvjl4zZJWQdbKgOdWtAc03eB2B/wvT4eGjwT09o
zqMwU3Klo3TZmlJV0KN7ZciZuiE83qILUU+Se8j9VPDBkdd4NMtAREzklIk4o1xt
qEu4hGCoj1ZB4OshoDDdWswcVHz2AgFAMoaafUULaVlX/Be0L/rsxnawzSlih9cv
gc6NCO+4gGa4EFSA00e51uVn6QWppjCASnOfbqg5wEOINaUwCV4oy40dLuH8CB37
PJGdHUzTepvH4J3jCYQLBkxbXlkNxoXukAHjIC6UCE5rLXNsxRtfhSpHLF0Rl6la
qOUR2oZvWVIZKPefHh8NxiR31D+mlJmxuNNluxVYFlVIlORxwqPNVuLOG6LAlRec
PoqWj6z2JMhbPhjw5XXzXKtptLUM6dzrejWoDbw7HEwPVBfA0r1obPprvkM19gAb
uSGHEum7xUnyZuOQp1/CiSFxs7zXC+1zibsDa2H4D/j9CtRLMybnWuAm3CxftTwQ
4Y4iFgFJwxVrU0DMw05flDzLwR6hzmFJn+ewMI/vLnY2SidKZ9R2jFneW6ByS2q0
LXeQtQ3gdQwGmMIKcCe6cAAiaQU48hZugiU8pYqeExjpkY1f/LBXln0v2IHafDb6
l1N5qxKiZuaTj4PpKOssO0dmksE7sakl9Yp925VY9LhG7QVFMJSrR26DLOrJowQC
wMEZs8QqM4zivjiSn0R2H4YCH1XmgU/JPJq3FijhiWZkgANOpTSV2Scb1GX8uWYp
rXoPd07BTHFd3Mpw4M07MUYhVMtEcWUJDvOLFZPtdIr6cmeCiduDGeNMbTHo6VCk
ow7+7KY0QodikvT95Y3movDQl/e5wGyH91YV2pX7oT3sxhniaEa7iNoHTu0yY4ig
kM+V9Mwp5KWwKMxVx7Wj7xobODMaRktWJvPWzQDfhoKgTsf+YbMUg91xUZBRxKpV
Q8YlGjmP0yj28X/l2/k50eEGEDzFkgMqMH97mI8OfYpSF8Yiu9pccBYNQlzffZaT
dDoa2PHOIkgLVdVwh6EfqqgjR/cBmTKfyYABWLaPNhGw7bcW0KoHSWVnsoRw36f8
afxFP2Rkre3w9M/hGO6Aj4+FzlU2vGVWLfXDILcLxoR8g86J65PgwUsDrlYFP4Jo
8cjgwFyjZBbdlHXbJF5NcvMZK1NKsqht3m/mu21iXCMp0N8Gc7eBAE6D+39fUMsL
GoIVZdtPEoyK3lmqRIqh6S3KsvVR/y/033PxvTQf9PwF8j//LA9z4oCgpU8UCzRI
Xi+dRvzCddMyb5uBs0MPvXUHQNGT243IxKXQBKYEhlszasyOpgEuGQh12rOlXtF/
RKDwmVWeys5nE3ZGcJuOQOFkxEs2QPMvRoXQ0VH0DiKqRXviLidN8a/KrlsC66Gy
5iGdeQvwwaQ6b3TK2xgWdu1bYME8N2GEQIV8L8sCvbuU6bVBnoRB6OAGKiOrRDll
ABQznHx3w6sCVigtzr7GDurKLQJwF45htCsaZOgcY20SrR8XuRVUv4v+PYQhmkVS
f4VuglJyzXCUBf9KqCe2aBofNWQ5KrtqfZc+6giIvJUZiuy032s/JXWsTbQqw+kg
F7Sb2o5KC/GtypMv1OX/NjfKZ9auJ2KqjL1e3sGy2vZrMQICukNwYSlU3WzZOE9d
nodtbU0NeKhugQx3Fl1bBpBGIg18qQn5HpXqDBVIeeb+9VQkk3TbFISrqAQ84KVr
+sOdcTaoq/wbaVVG2PEdWZZk1bk/CAU8JZ/LksPU1q2v0DMaS+IcGlcTNaJqbX6N
E/2toSpRNqry740fIpNle5JmveymUE6AD3fkiQUS6EIR7hXdIyJNGOe5YUAMWTmm
UzsZU5QgZ2qAd5ZrEmb7bLpurY38FOy8Iabk57OYf7oOnONtHl/PFXU3LixqfklB
CVeMwLkQBWCv7ghPiqwItBV+DVapjKUv9ordadv/m+LC5IU287+Laq5A3k1lz+3N
MSRvKRnPq0ajWjUpaBwRCxme9/W/vhCHAK8xwaQKwyAOYDBZeGuoQo1S4oUp/3+A
oDm+7b2XcwSM3A33kHW2DeMI2lGLlrDRKOh/g4q1pRLPAuFn1Wl4p7kf43ZAGGYM
G1elulfJab3IiUJpoiXsPQkLl1fVC4E1RaU6mizWK5V1v2jbXYmG1C2ZM1NlRSyH
AYhXZsJFdaGmTDnAxmPk02Y5NHmV/GBUOFU7aS8IMdeXM7l7Qe8P3lJCM3ryZXLc
htdwJFmPFl4LaCYYwVTUxLV6ar1RceHFQztPcBxXrMAI/Eu5wnsGwdzEky2yyxlC
FFCZr5l7EyzKbdpHiPabta43+K2SaiX2ehTb4ns35eRc2762glNyl97SPZSfjQxF
CQckKoQAd2JnF1DwkZhy/vuIOl5DUDKJUts5E+9OBA0yQ7dXLm0v+uM7TvTcD4Lp
vRJh5XOYTZ196po096MdEhCzt7416SVXX6umG0CWV7iBH9TTD8aFVIeBi48Q74J5
+v2VjA==
=AQiv
-----END PGP MESSAGE-----
