SN:3K60180500001583 BD:Jul 23 2018 VC:834b9c1 MD5:48f99e4865ed8b810be1bb0eaaabf929
SysTime,                      Time,         Batt_v,      Batt_v_sd,   BATT_PERCENT,BATT_PERCENT_sd,      [CH4]_ppm,   [CH4]_ppm_sd,      [H2O]_ppm,   [H2O]_ppm_sd,      [CO2]_ppm,   [CO2]_ppm_sd,     [CH4]d_ppm,  [CH4]d_ppm_sd,     [CO2]d_ppm,  [CO2]d_ppm_sd,      GasP_torr,   GasP_torr_sd,         GasT_C,      GasT_C_sd,         AmbT_C,      AmbT_C_sd,         RD0_us,      RD0_us_sd,         RD1_us,      RD1_us_sd, Temp_Status_mA,Temp_Status_mA_sd,Analyzer_Status_mA,Analyzer_Status_mA_sd,       Fit_Flag,      MIU_VALVE,       MIU_DESC
03/12/2021 18:15:00.460, 03/12/2021 18:15:00.402, 4.13225e+0, 0.00000e+0, -2.11486e+2, 0.00000e+0, 3.21867e+0, 0.00000e+0, 6.53249e+3, 0.00000e+0, 9.53113e+2, 0.00000e+0, 1.61992e+0, 0.00000e+0, 4.79690e+2, 0.00000e+0, 5.01946e+2, 0.00000e+0, 2.48266e+1, 0.00000e+0, 2.47884e+1, 0.00000e+0, 3.58938e+0, 0.00000e+0, 3.18246e+0, 0.00000e+0, 2.00000e+1, 0.00000e+0, 1.80000e+1, 0.00000e+0, 2, 1, 
03/12/2021 18:15:01.456, 03/12/2021 18:15:01.404, 4.13211e+0, 0.00000e+0, 9.32321e+1, 0.00000e+0, 3.23308e+0, 0.00000e+0, 6.78759e+3, 0.00000e+0, 9.73812e+2, 0.00000e+0, 3.25517e+0, 0.00000e+0, 9.80467e+2, 0.00000e+0, 5.01976e+2, 0.00000e+0, 2.48242e+1, 0.00000e+0, 2.47818e+1, 0.00000e+0, 3.58996e+0, 0.00000e+0, 3.18285e+0, 0.00000e+0, 2.00000e+1, 0.00000e+0, 1.80000e+1, 0.00000e+0, 2, 1, 
03/12/2021 18:15:02.453, 03/12/2021 18:15:02.398, 4.13237e+0, 0.00000e+0, 9.32694e+1, 0.00000e+0, 3.24262e+0, 0.00000e+0, 7.22848e+3, 0.00000e+0, 9.76520e+2, 0.00000e+0, 3.26623e+0, 0.00000e+0, 9.83630e+2, 0.00000e+0, 5.01953e+2, 0.00000e+0, 2.48272e+1, 0.00000e+0, 2.47823e+1, 0.00000e+0, 3.58749e+0, 0.00000e+0, 3.18541e+0, 0.00000e+0, 2.00000e+1, 0.00000e+0, 1.80000e+1, 0.00000e+0, 2, 1, 
03/12/2021 18:15:03.468, 03/12/2021 18:15:03.392, 4.13238e+0, 0.00000e+0, 9.32720e+1, 0.00000e+0, 3.23538e+0, 0.00000e+0, 7.24817e+3, 0.00000e+0, 9.77942e+2, 0.00000e+0, 3.25900e+0, 0.00000e+0, 9.85082e+2, 0.00000e+0, 5.01969e+2, 0.00000e+0, 2.48279e+1, 0.00000e+0, 2.47879e+1, 0.00000e+0, 3.58835e+0, 0.00000e+0, 3.18341e+0, 0.00000e+0, 2.00000e+1, 0.00000e+0, 1.80000e+1, 0.00000e+0, 2, 1, 
03/12/2021 18:15:04.466, 03/12/2021 18:15:04.387, 4.13255e+0, 0.00000e+0, 9.32959e+1, 0.00000e+0, 3.23399e+0, 0.00000e+0, 7.19256e+3, 0.00000e+0, 9.64990e+2, 0.00000e+0, 3.25742e+0, 0.00000e+0, 9.71981e+2, 0.00000e+0, 5.01949e+2, 0.00000e+0, 2.48426e+1, 0.00000e+0, 2.47884e+1, 0.00000e+0, 3.58423e+0, 0.00000e+0, 3.18338e+0, 0.00000e+0, 2.00000e+1, 0.00000e+0, 1.80000e+1, 0.00000e+0, 2, 1, 
03/12/2021 18:15:05.442, 03/12/2021 18:15:05.381, 4.13239e+0, 0.00000e+0, 9.32733e+1, 0.00000e+0, 3.20788e+0, 0.00000e+0, 7.03803e+3, 0.00000e+0, 9.42098e+2, 0.00000e+0, 3.23061e+0, 0.00000e+0, 9.48776e+2, 0.00000e+0, 5.01973e+2, 0.00000e+0, 2.48483e+1, 0.00000e+0, 2.47866e+1, 0.00000e+0, 3.58806e+0, 0.00000e+0, 3.18141e+0, 0.00000e+0, 2.00000e+1, 0.00000e+0, 1.80000e+1, 0.00000e+0, 2, 1, 
03/12/2021 18:15:06.434, 03/12/2021 18:15:06.377, 4.13243e+0, 0.00000e+0, 9.32789e+1, 0.00000e+0, 3.18816e+0, 0.00000e+0, 7.21395e+3, 0.00000e+0, 9.15525e+2, 0.00000e+0, 3.21133e+0, 0.00000e+0, 9.22177e+2, 0.00000e+0, 5.01966e+2, 0.00000e+0, 2.48447e+1, 0.00000e+0, 2.47908e+1, 0.00000e+0, 3.58680e+0, 0.00000e+0, 3.18497e+0, 0.00000e+0, 2.00000e+1, 0.00000e+0, 1.80000e+1, 0.00000e+0, 2, 1, 
03/12/2021 18:15:07.428, 03/12/2021 18:15:07.370, 4.13262e+0, 0.00000e+0, 9.33061e+1, 0.00000e+0, 3.17229e+0, 0.00000e+0, 7.30055e+3, 0.00000e+0, 8.98638e+2, 0.00000e+0, 3.19562e+0, 0.00000e+0, 9.05247e+2, 0.00000e+0, 5.01994e+2, 0.00000e+0, 2.48410e+1, 0.00000e+0, 2.48007e+1, 0.00000e+0, 3.58704e+0, 0.00000e+0, 3.18602e+0, 0.00000e+0, 2.00000e+1, 0.00000e+0, 1.80000e+1, 0.00000e+0, 2, 1, 
03/12/2021 18:15:08.444, 03/12/2021 18:15:08.364, 4.13258e+0, 0.00000e+0, 9.33006e+1, 0.00000e+0, 3.18472e+0, 0.00000e+0, 7.26981e+3, 0.00000e+0, 9.21387e+2, 0.00000e+0, 3.20804e+0, 0.00000e+0, 9.28135e+2, 0.00000e+0, 5.01942e+2, 0.00000e+0, 2.48488e+1, 0.00000e+0, 2.48020e+1, 0.00000e+0, 3.59018e+0, 0.00000e+0, 3.17873e+0, 0.00000e+0, 2.00000e+1, 0.00000e+0, 1.80000e+1, 0.00000e+0, 2, 1, 
03/12/2021 18:15:09.413, 03/12/2021 18:15:09.360, 4.13245e+0, 0.00000e+0, 9.32817e+1, 0.00000e+0, 3.20357e+0, 0.00000e+0, 7.33076e+3, 0.00000e+0, 9.35828e+2, 0.00000e+0, 3.22723e+0, 0.00000e+0, 9.42739e+2, 0.00000e+0, 5.01971e+2, 0.00000e+0, 2.48453e+1, 0.00000e+0, 2.47952e+1, 0.00000e+0, 3.58718e+0, 0.00000e+0, 3.17700e+0, 0.00000e+0, 2.00000e+1, 0.00000e+0, 1.80000e+1, 0.00000e+0, 2, 1, 
03/12/2021 18:15:10.435, 03/12/2021 18:15:10.355, 4.13270e+0, 0.00000e+0, 9.33189e+1, 0.00000e+0, 3.21353e+0, 0.00000e+0, 7.53535e+3, 0.00000e+0, 9.33911e+2, 0.00000e+0, 3.23793e+0, 0.00000e+0, 9.41002e+2, 0.00000e+0, 5.01974e+2, 0.00000e+0, 2.48470e+1, 0.00000e+0, 2.48044e+1, 0.00000e+0, 3.58897e+0, 0.00000e+0, 3.18433e+0, 0.00000e+0, 2.00000e+1, 0.00000e+0, 1.80000e+1, 0.00000e+0, 2, 1, 
03/12/2021 18:15:11.440, 03/12/2021 18:15:11.349, 4.13270e+0, 0.00000e+0, 9.33182e+1, 0.00000e+0, 3.21036e+0, 0.00000e+0, 7.42123e+3, 0.00000e+0, 9.20180e+2, 0.00000e+0, 3.23437e+0, 0.00000e+0, 9.27060e+2, 0.00000e+0, 5.01959e+2, 0.00000e+0, 2.48487e+1, 0.00000e+0, 2.48004e+1, 0.00000e+0, 3.59107e+0, 0.00000e+0, 3.18362e+0, 0.00000e+0, 2.00000e+1, 0.00000e+0, 1.80000e+1, 0.00000e+0, 3, 1, 
03/12/2021 18:15:12.409, 03/12/2021 18:15:12.343, 4.13264e+0, 0.00000e+0, 9.33104e+1, 0.00000e+0, 3.19586e+0, 0.00000e+0, 7.32180e+3, 0.00000e+0, 8.91178e+2, 0.00000e+0, 3.21943e+0, 0.00000e+0, 8.97751e+2, 0.00000e+0, 5.01952e+2, 0.00000e+0, 2.48514e+1, 0.00000e+0, 2.47934e+1, 0.00000e+0, 3.58685e+0, 0.00000e+0, 3.18411e+0, 0.00000e+0, 2.00000e+1, 0.00000e+0, 1.80000e+1, 0.00000e+0, 3, 1, 
03/12/2021 18:15:13.429, 03/12/2021 18:15:13.343, 4.13261e+0, 0.00000e+0, 9.33051e+1, 0.00000e+0, 3.13065e+0, 0.00000e+0, 7.51138e+3, 0.00000e+0, 8.49129e+2, 0.00000e+0, 3.15435e+0, 0.00000e+0, 8.55555e+2, 0.00000e+0, 5.01952e+2, 0.00000e+0, 2.48586e+1, 0.00000e+0, 2.47860e+1, 0.00000e+0, 3.58512e+0, 0.00000e+0, 3.18278e+0, 0.00000e+0, 2.00000e+1, 0.00000e+0, 1.80000e+1, 0.00000e+0, 3, 1, 
03/12/2021 18:15:14.419, 03/12/2021 18:15:14.333, 4.13260e+0, 0.00000e+0, 9.33036e+1, 0.00000e+0, 3.02796e+0, 0.00000e+0, 7.72145e+3, 0.00000e+0, 8.01483e+2, 0.00000e+0, 3.05152e+0, 0.00000e+0, 8.07720e+2, 0.00000e+0, 5.01985e+2, 0.00000e+0, 2.48633e+1, 0.00000e+0, 2.47831e+1, 0.00000e+0, 3.58813e+0, 0.00000e+0, 3.18115e+0, 0.00000e+0, 2.00000e+1, 0.00000e+0, 1.80000e+1, 0.00000e+0, 3, 1, 
03/12/2021 18:15:15.421, 03/12/2021 18:15:15.326, 4.13271e+0, 0.00000e+0, 9.33195e+1, 0.00000e+0, 2.92878e+0, 0.00000e+0, 7.43059e+3, 0.00000e+0, 7.62675e+2, 0.00000e+0, 2.95071e+0, 0.00000e+0, 7.68385e+2, 0.00000e+0, 5.01954e+2, 0.00000e+0, 2.48546e+1, 0.00000e+0, 2.47813e+1, 0.00000e+0, 3.59018e+0, 0.00000e+0, 3.18060e+0, 0.00000e+0, 2.00000e+1, 0.00000e+0, 1.80000e+1, 0.00000e+0, 3, 1, 
03/12/2021 18:15:16.415, 03/12/2021 18:15:16.322, 4.13265e+0, 0.00000e+0, 9.33116e+1, 0.00000e+0, 2.88214e+0, 0.00000e+0, 7.43360e+3, 0.00000e+0, 7.44077e+2, 0.00000e+0, 2.90372e+0, 0.00000e+0, 7.49650e+2, 0.00000e+0, 5.01979e+2, 0.00000e+0, 2.48845e+1, 0.00000e+0, 2.47808e+1, 0.00000e+0, 3.58463e+0, 0.00000e+0, 3.17938e+0, 0.00000e+0, 2.00000e+1, 0.00000e+0, 1.80000e+1, 0.00000e+0, 3, 1, 
03/12/2021 18:15:17.395, 03/12/2021 18:15:17.316, 4.13277e+0, 0.00000e+0, 9.33290e+1, 0.00000e+0, 2.85422e+0, 0.00000e+0, 7.13646e+3, 0.00000e+0, 7.42431e+2, 0.00000e+0, 2.87474e+0, 0.00000e+0, 7.47767e+2, 0.00000e+0, 5.01946e+2, 0.00000e+0, 2.48660e+1, 0.00000e+0, 2.47722e+1, 0.00000e+0, 3.58573e+0, 0.00000e+0, 3.18196e+0, 0.00000e+0, 2.00000e+1, 0.00000e+0, 1.80000e+1, 0.00000e+0, 3, 1, 
03/12/2021 18:15:18.390, 03/12/2021 18:15:18.310, 4.13283e+0, 0.00000e+0, 9.33383e+1, 0.00000e+0, 2.85502e+0, 0.00000e+0, 7.07325e+3, 0.00000e+0, 7.52043e+2, 0.00000e+0, 2.87536e+0, 0.00000e+0, 7.57400e+2, 0.00000e+0, 5.01994e+2, 0.00000e+0, 2.48794e+1, 0.00000e+0, 2.47770e+1, 0.00000e+0, 3.58464e+0, 0.00000e+0, 3.18390e+0, 0.00000e+0, 2.00000e+1, 0.00000e+0, 1.80000e+1, 0.00000e+0, 3, 1, 
03/12/2021 18:15:19.380, 03/12/2021 18:15:19.305, 4.13284e+0, 0.00000e+0, 9.33389e+1, 0.00000e+0, 2.85349e+0, 0.00000e+0, 6.95894e+3, 0.00000e+0, 7.72488e+2, 0.00000e+0, 2.87349e+0, 0.00000e+0, 7.77902e+2, 0.00000e+0, 5.01955e+2, 0.00000e+0, 2.48729e+1, 0.00000e+0, 2.47734e+1, 0.00000e+0, 3.58888e+0, 0.00000e+0, 3.18338e+0, 0.00000e+0, 2.00000e+1, 0.00000e+0, 1.80000e+1, 0.00000e+0, 3, 1, 
03/12/2021 18:15:20.356, 03/12/2021 18:15:20.300, 4.13288e+0, 0.00000e+0, 9.33456e+1, 0.00000e+0, 2.85038e+0, 0.00000e+0, 7.02558e+3, 0.00000e+0, 7.87633e+2, 0.00000e+0, 2.87055e+0, 0.00000e+0, 7.93206e+2, 0.00000e+0, 5.01949e+2, 0.00000e+0, 2.48583e+1, 0.00000e+0, 2.47721e+1, 0.00000e+0, 3.59252e+0, 0.00000e+0, 3.18360e+0, 0.00000e+0, 2.00000e+1, 0.00000e+0, 1.80000e+1, 0.00000e+0, 3, 2, 
03/12/2021 18:15:21.370, 03/12/2021 18:15:21.294, 4.13239e+0, 0.00000e+0, 9.32735e+1, 0.00000e+0, 2.83269e+0, 0.00000e+0, 6.97805e+3, 0.00000e+0, 7.80078e+2, 0.00000e+0, 2.85260e+0, 0.00000e+0, 7.85559e+2, 0.00000e+0, 5.01946e+2, 0.00000e+0, 2.48712e+1, 0.00000e+0, 2.47456e+1, 0.00000e+0, 3.59011e+0, 0.00000e+0, 3.18219e+0, 0.00000e+0, 2.00000e+1, 0.00000e+0, 1.80000e+1, 0.00000e+0, 3, 2, 
03/12/2021 18:15:22.346, 03/12/2021 18:15:22.288, 4.13295e+0, 0.00000e+0, 9.33555e+1, 0.00000e+0, 2.82552e+0, 0.00000e+0, 6.92580e+3, 0.00000e+0, 7.80873e+2, 0.00000e+0, 2.84522e+0, 0.00000e+0, 7.86319e+2, 0.00000e+0, 5.01957e+2, 0.00000e+0, 2.48854e+1, 0.00000e+0, 2.47545e+1, 0.00000e+0, 3.58922e+0, 0.00000e+0, 3.18227e+0, 0.00000e+0, 2.00000e+1, 0.00000e+0, 1.80000e+1, 0.00000e+0, 3, 2, 
03/12/2021 18:15:23.345, 03/12/2021 18:15:23.282, 4.13308e+0, 0.00000e+0, 9.33744e+1, 0.00000e+0, 2.83243e+0, 0.00000e+0, 6.76665e+3, 0.00000e+0, 7.83319e+2, 0.00000e+0, 2.85173e+0, 0.00000e+0, 7.88656e+2, 0.00000e+0, 5.01917e+2, 0.00000e+0, 2.48642e+1, 0.00000e+0, 2.47600e+1, 0.00000e+0, 3.58929e+0, 0.00000e+0, 3.18211e+0, 0.00000e+0, 2.00000e+1, 0.00000e+0, 1.80000e+1, 0.00000e+0, 3, 2, 
03/12/2021 18:15:24.354, 03/12/2021 18:15:24.277, 4.13308e+0, 0.00000e+0, 9.33754e+1, 0.00000e+0, 2.82035e+0, 0.00000e+0, 6.76689e+3, 0.00000e+0, 7.83896e+2, 0.00000e+0, 2.83957e+0, 0.00000e+0, 7.89237e+2, 0.00000e+0, 5.01953e+2, 0.00000e+0, 2.48696e+1, 0.00000e+0, 2.47594e+1, 0.00000e+0, 3.59055e+0, 0.00000e+0, 3.18065e+0, 0.00000e+0, 2.00000e+1, 0.00000e+0, 1.80000e+1, 0.00000e+0, 3, 2, 
03/12/2021 18:15:25.431, 03/12/2021 18:15:25.378, 4.13245e+0, 0.00000e+0, 9.32812e+1, 0.00000e+0, 2.81829e+0, 0.00000e+0, 6.68847e+3, 0.00000e+0, 7.78199e+2, 0.00000e+0, 2.83727e+0, 0.00000e+0, 7.83439e+2, 0.00000e+0, 5.01908e+2, 0.00000e+0, 2.48818e+1, 0.00000e+0, 2.47383e+1, 0.00000e+0, 3.58744e+0, 0.00000e+0, 3.18102e+0, 0.00000e+0, 2.00000e+1, 0.00000e+0, 1.80000e+1, 0.00000e+0, 3, 2, 
03/12/2021 18:15:26.368, 03/12/2021 18:15:26.266, 4.13226e+0, 0.00000e+0, 9.32539e+1, 0.00000e+0, 2.79576e+0, 0.00000e+0, 6.98881e+3, 0.00000e+0, 7.67900e+2, 0.00000e+0, 2.81544e+0, 0.00000e+0, 7.73305e+2, 0.00000e+0, 5.02084e+2, 0.00000e+0, 2.49198e+1, 0.00000e+0, 2.47351e+1, 0.00000e+0, 3.58685e+0, 0.00000e+0, 3.18181e+0, 0.00000e+0, 2.00000e+1, 0.00000e+0, 1.80000e+1, 0.00000e+0, 3, 2, 
03/12/2021 18:15:27.348, 03/12/2021 18:15:27.261, 4.13280e+0, 0.00000e+0, 9.33333e+1, 0.00000e+0, 2.76204e+0, 0.00000e+0, 6.85931e+3, 0.00000e+0, 7.56630e+2, 0.00000e+0, 2.78112e+0, 0.00000e+0, 7.61855e+2, 0.00000e+0, 5.01852e+2, 0.00000e+0, 2.48971e+1, 0.00000e+0, 2.47499e+1, 0.00000e+0, 3.59032e+0, 0.00000e+0, 3.18280e+0, 0.00000e+0, 2.00000e+1, 0.00000e+0, 1.80000e+1, 0.00000e+0, 3, 2, 
03/12/2021 18:15:28.336, 03/12/2021 18:15:28.255, 4.13314e+0, 0.00000e+0, 9.33827e+1, 0.00000e+0, 2.76116e+0, 0.00000e+0, 7.02951e+3, 0.00000e+0, 7.62454e+2, 0.00000e+0, 2.78071e+0, 0.00000e+0, 7.67852e+2, 0.00000e+0, 5.01889e+2, 0.00000e+0, 2.48896e+1, 0.00000e+0, 2.47576e+1, 0.00000e+0, 3.58570e+0, 0.00000e+0, 3.18308e+0, 0.00000e+0, 2.00000e+1, 0.00000e+0, 1.80000e+1, 0.00000e+0, 3, 2, 
03/12/2021 18:15:29.328, 03/12/2021 18:15:29.250, 4.13283e+0, 0.00000e+0, 9.33375e+1, 0.00000e+0, 2.79759e+0, 0.00000e+0, 6.63936e+3, 0.00000e+0, 7.77173e+2, 0.00000e+0, 2.81629e+0, 0.00000e+0, 7.82367e+2, 0.00000e+0, 5.01941e+2, 0.00000e+0, 2.48903e+1, 0.00000e+0, 2.47523e+1, 0.00000e+0, 3.58758e+0, 0.00000e+0, 3.18409e+0, 0.00000e+0, 2.00000e+1, 0.00000e+0, 1.80000e+1, 0.00000e+0, 3, 2, 
03/12/2021 18:15:30.297, 03/12/2021 18:15:30.245, 4.13334e+0, 0.00000e+0, 9.34127e+1, 0.00000e+0, 2.84987e+0, 0.00000e+0, 6.79494e+3, 0.00000e+0, 7.96907e+2, 0.00000e+0, 2.86937e+0, 0.00000e+0, 8.02359e+2, 0.00000e+0, 5.01902e+2, 0.00000e+0, 2.48824e+1, 0.00000e+0, 2.47604e+1, 0.00000e+0, 3.58917e+0, 0.00000e+0, 3.18467e+0, 0.00000e+0, 2.00000e+1, 0.00000e+0, 1.80000e+1, 0.00000e+0, 3, 2, 
03/12/2021 18:15:31.298, 03/12/2021 18:15:31.238, 4.13279e+0, 0.00000e+0, 9.33320e+1, 0.00000e+0, 2.89883e+0, 0.00000e+0, 6.55104e+3, 0.00000e+0, 8.10731e+2, 0.00000e+0, 2.91795e+0, 0.00000e+0, 8.16077e+2, 0.00000e+0, 5.01951e+2, 0.00000e+0, 2.49012e+1, 0.00000e+0, 2.47432e+1, 0.00000e+0, 3.58844e+0, 0.00000e+0, 3.18483e+0, 0.00000e+0, 2.00000e+1, 0.00000e+0, 1.80000e+1, 0.00000e+0, 3, 2, 
03/12/2021 18:15:32.291, 03/12/2021 18:15:32.234, 4.13330e+0, 0.00000e+0, 9.34068e+1, 0.00000e+0, 2.94203e+0, 0.00000e+0, 6.83247e+3, 0.00000e+0, 8.29481e+2, 0.00000e+0, 2.96227e+0, 0.00000e+0, 8.35188e+2, 0.00000e+0, 5.01915e+2, 0.00000e+0, 2.48842e+1, 0.00000e+0, 2.47457e+1, 0.00000e+0, 3.59046e+0, 0.00000e+0, 3.18337e+0, 0.00000e+0, 2.00000e+1, 0.00000e+0, 1.80000e+1, 0.00000e+0, 3, 2, 
03/12/2021 18:15:33.300, 03/12/2021 18:15:33.228, 4.13328e+0, 0.00000e+0, 9.34043e+1, 0.00000e+0, 2.95034e+0, 0.00000e+0, 6.85490e+3, 0.00000e+0, 8.33665e+2, 0.00000e+0, 2.97070e+0, 0.00000e+0, 8.39419e+2, 0.00000e+0, 5.01908e+2, 0.00000e+0, 2.48921e+1, 0.00000e+0, 2.47486e+1, 0.00000e+0, 3.58957e+0, 0.00000e+0, 3.18248e+0, 0.00000e+0, 2.00000e+1, 0.00000e+0, 1.80000e+1, 0.00000e+0, 3, 2, 
03/12/2021 18:15:34.277, 03/12/2021 18:15:34.223, 4.13322e+0, 0.00000e+0, 9.33950e+1, 0.00000e+0, 2.92661e+0, 0.00000e+0, 6.86887e+3, 0.00000e+0, 8.23838e+2, 0.00000e+0, 2.94685e+0, 0.00000e+0, 8.29536e+2, 0.00000e+0, 5.01964e+2, 0.00000e+0, 2.49230e+1, 0.00000e+0, 2.47484e+1, 0.00000e+0, 3.58851e+0, 0.00000e+0, 3.18050e+0, 0.00000e+0, 2.00000e+1, 0.00000e+0, 1.80000e+1, 0.00000e+0, 3, 2, 
03/12/2021 18:15:35.272, 03/12/2021 18:15:35.217, 4.13325e+0, 0.00000e+0, 9.33991e+1, 0.00000e+0, 2.88293e+0, 0.00000e+0, 7.06823e+3, 0.00000e+0, 8.06925e+2, 0.00000e+0, 2.90346e+0, 0.00000e+0, 8.12669e+2, 0.00000e+0, 5.01987e+2, 0.00000e+0, 2.49456e+1, 0.00000e+0, 2.47502e+1, 0.00000e+0, 3.59139e+0, 0.00000e+0, 3.18097e+0, 0.00000e+0, 2.00000e+1, 0.00000e+0, 1.80000e+1, 0.00000e+0, 3, 2, 
03/12/2021 18:15:36.267, 03/12/2021 18:15:36.213, 4.13255e+0, 0.00000e+0, 9.32966e+1, 0.00000e+0, 2.86580e+0, 0.00000e+0, 6.98487e+3, 0.00000e+0, 7.97365e+2, 0.00000e+0, 2.88596e+0, 0.00000e+0, 8.02974e+2, 0.00000e+0, 5.02063e+2, 0.00000e+0, 2.49703e+1, 0.00000e+0, 2.47313e+1, 0.00000e+0, 3.58936e+0, 0.00000e+0, 3.18178e+0, 0.00000e+0, 2.00000e+1, 0.00000e+0, 1.80000e+1, 0.00000e+0, 3, 2, 
03/12/2021 18:15:37.263, 03/12/2021 18:15:37.206, 4.13339e+0, 0.00000e+0, 9.34197e+1, 0.00000e+0, 2.86904e+0, 0.00000e+0, 6.80247e+3, 0.00000e+0, 7.98638e+2, 0.00000e+0, 2.88869e+0, 0.00000e+0, 8.04108e+2, 0.00000e+0, 5.01830e+2, 0.00000e+0, 2.49212e+1, 0.00000e+0, 2.47594e+1, 0.00000e+0, 3.58761e+0, 0.00000e+0, 3.18321e+0, 0.00000e+0, 2.00000e+1, 0.00000e+0, 1.80000e+1, 0.00000e+0, 3, 2, 
03/12/2021 18:15:38.276, 03/12/2021 18:15:38.200, 4.13309e+0, 0.00000e+0, 9.33763e+1, 0.00000e+0, 2.86355e+0, 0.00000e+0, 7.07888e+3, 0.00000e+0, 7.96927e+2, 0.00000e+0, 2.88397e+0, 0.00000e+0, 8.02609e+2, 0.00000e+0, 5.02053e+2, 0.00000e+0, 2.49640e+1, 0.00000e+0, 2.47534e+1, 0.00000e+0, 3.58676e+0, 0.00000e+0, 3.17867e+0, 0.00000e+0, 2.00000e+1, 0.00000e+0, 1.80000e+1, 0.00000e+0, 3, 2, 
03/12/2021 18:15:39.854, 03/12/2021 18:15:39.779, 4.13280e+0, 0.00000e+0, 9.33327e+1, 0.00000e+0, 2.86839e+0, 0.00000e+0, 6.81485e+3, 0.00000e+0, 7.87950e+2, 0.00000e+0, 2.88807e+0, 0.00000e+0, 7.93356e+2, 0.00000e+0, 5.01871e+2, 0.00000e+0, 2.49222e+1, 0.00000e+0, 2.47372e+1, 0.00000e+0, 3.58769e+0, 0.00000e+0, 3.18217e+0, 0.00000e+0, 2.00000e+1, 0.00000e+0, 1.80000e+1, 0.00000e+0, 3, 2, 
03/12/2021 18:15:40.247, 03/12/2021 18:15:40.190, 4.13273e+0, 0.00000e+0, 9.33233e+1, 0.00000e+0, 2.90200e+0, 0.00000e+0, 6.83721e+3, 0.00000e+0, 7.87625e+2, 0.00000e+0, 2.92198e+0, 0.00000e+0, 7.93048e+2, 0.00000e+0, 5.02006e+2, 0.00000e+0, 2.50387e+1, 0.00000e+0, 2.47316e+1, 0.00000e+0, 3.58401e+0, 0.00000e+0, 3.17918e+0, 0.00000e+0, 2.00000e+1, 0.00000e+0, 1.80000e+1, 0.00000e+0, 3, 2, 
03/12/2021 18:15:41.240, 03/12/2021 18:15:41.184, 4.13359e+0, 0.00000e+0, 9.34505e+1, 0.00000e+0, 2.91381e+0, 0.00000e+0, 6.98835e+3, 0.00000e+0, 7.87155e+2, 0.00000e+0, 2.93431e+0, 0.00000e+0, 7.92695e+2, 0.00000e+0, 5.01986e+2, 0.00000e+0, 2.49374e+1, 0.00000e+0, 2.47710e+1, 0.00000e+0, 3.59149e+0, 0.00000e+0, 3.18469e+0, 0.00000e+0, 2.00000e+1, 0.00000e+0, 1.80000e+1, 0.00000e+0, 3, 2, 
03/12/2021 18:15:42.281, 03/12/2021 18:15:42.207, 4.13266e+0, 0.00000e+0, 9.33126e+1, 0.00000e+0, 2.93738e+0, 0.00000e+0, 6.97193e+3, 0.00000e+0, 7.79586e+2, 0.00000e+0, 2.95800e+0, 0.00000e+0, 7.85059e+2, 0.00000e+0, 5.02005e+2, 0.00000e+0, 2.50481e+1, 0.00000e+0, 2.47429e+1, 0.00000e+0, 3.58493e+0, 0.00000e+0, 3.18230e+0, 0.00000e+0, 2.00000e+1, 0.00000e+0, 1.80000e+1, 0.00000e+0, 3, 2, 
03/12/2021 18:15:43.249, 03/12/2021 18:15:43.199, 4.13160e+0, 0.00000e+0, 9.31561e+1, 0.00000e+0, 2.93291e+0, 0.00000e+0, 6.94705e+3, 0.00000e+0, 7.71723e+2, 0.00000e+0, 2.95343e+0, 0.00000e+0, 7.77122e+2, 0.00000e+0, 5.02288e+2, 0.00000e+0, 2.51472e+1, 0.00000e+0, 2.47058e+1, 0.00000e+0, 3.58777e+0, 0.00000e+0, 3.18463e+0, 0.00000e+0, 2.00000e+1, 0.00000e+0, 1.80000e+1, 0.00000e+0, 3, 2, 
03/12/2021 18:15:44.223, 03/12/2021 18:15:44.167, 4.13219e+0, 0.00000e+0, 9.32432e+1, 0.00000e+0, 2.94281e+0, 0.00000e+0, 6.96795e+3, 0.00000e+0, 7.69698e+2, 0.00000e+0, 2.96346e+0, 0.00000e+0, 7.75099e+2, 0.00000e+0, 5.02043e+2, 0.00000e+0, 2.50971e+1, 0.00000e+0, 2.47326e+1, 0.00000e+0, 3.59077e+0, 0.00000e+0, 3.18610e+0, 0.00000e+0, 2.00000e+1, 0.00000e+0, 1.80000e+1, 0.00000e+0, 3, 2, 
03/12/2021 18:15:45.239, 03/12/2021 18:15:45.162, 4.13311e+0, 0.00000e+0, 9.33795e+1, 0.00000e+0, 2.96777e+0, 0.00000e+0, 6.89900e+3, 0.00000e+0, 7.70806e+2, 0.00000e+0, 2.98839e+0, 0.00000e+0, 7.76161e+2, 0.00000e+0, 5.02139e+2, 0.00000e+0, 2.50265e+1, 0.00000e+0, 2.47635e+1, 0.00000e+0, 3.59068e+0, 0.00000e+0, 3.18638e+0, 0.00000e+0, 2.00000e+1, 0.00000e+0, 1.80000e+1, 0.00000e+0, 3, 2, 
03/12/2021 18:15:46.213, 03/12/2021 18:15:46.157, 4.13330e+0, 0.00000e+0, 9.34075e+1, 0.00000e+0, 2.97107e+0, 0.00000e+0, 7.24535e+3, 0.00000e+0, 7.72311e+2, 0.00000e+0, 2.99275e+0, 0.00000e+0, 7.77947e+2, 0.00000e+0, 5.01999e+2, 0.00000e+0, 2.49574e+1, 0.00000e+0, 2.47725e+1, 0.00000e+0, 3.59115e+0, 0.00000e+0, 3.18356e+0, 0.00000e+0, 2.00000e+1, 0.00000e+0, 1.80000e+1, 0.00000e+0, 3, 2, 
03/12/2021 18:15:47.315, 03/12/2021 18:15:47.261, 4.13298e+0, 0.00000e+0, 9.33604e+1, 0.00000e+0, 2.96441e+0, 0.00000e+0, 7.05387e+3, 0.00000e+0, 7.69678e+2, 0.00000e+0, 2.98547e+0, 0.00000e+0, 7.75146e+2, 0.00000e+0, 5.01894e+2, 0.00000e+0, 2.50406e+1, 0.00000e+0, 2.47655e+1, 0.00000e+0, 3.58683e+0, 0.00000e+0, 3.18258e+0, 0.00000e+0, 2.00000e+1, 0.00000e+0, 1.80000e+1, 0.00000e+0, 3, 2, 
03/12/2021 18:15:48.228, 03/12/2021 18:15:48.147, 4.13285e+0, 0.00000e+0, 9.33404e+1, 0.00000e+0, 2.96135e+0, 0.00000e+0, 6.98995e+3, 0.00000e+0, 7.65768e+2, 0.00000e+0, 2.98219e+0, 0.00000e+0, 7.71158e+2, 0.00000e+0, 5.02363e+2, 0.00000e+0, 2.50412e+1, 0.00000e+0, 2.47635e+1, 0.00000e+0, 3.58894e+0, 0.00000e+0, 3.18443e+0, 0.00000e+0, 2.00000e+1, 0.00000e+0, 1.80000e+1, 0.00000e+0, 3, 2, 
03/12/2021 18:15:49.220, 03/12/2021 18:15:49.140, 4.13349e+0, 0.00000e+0, 9.34354e+1, 0.00000e+0, 2.96186e+0, 0.00000e+0, 7.37286e+3, 0.00000e+0, 7.67485e+2, 0.00000e+0, 2.98386e+0, 0.00000e+0, 7.73185e+2, 0.00000e+0, 5.01880e+2, 0.00000e+0, 2.49654e+1, 0.00000e+0, 2.47896e+1, 0.00000e+0, 3.58925e+0, 0.00000e+0, 3.18388e+0, 0.00000e+0, 2.00000e+1, 0.00000e+0, 1.80000e+1, 0.00000e+0, 3, 2, 
03/12/2021 18:15:50.196, 03/12/2021 18:15:50.135, 4.13384e+0, 0.00000e+0, 9.34873e+1, 0.00000e+0, 2.95349e+0, 0.00000e+0, 7.34404e+3, 0.00000e+0, 7.65242e+2, 0.00000e+0, 2.97534e+0, 0.00000e+0, 7.70903e+2, 0.00000e+0, 5.01908e+2, 0.00000e+0, 2.49381e+1, 0.00000e+0, 2.48051e+1, 0.00000e+0, 3.59087e+0, 0.00000e+0, 3.18349e+0, 0.00000e+0, 2.00000e+1, 0.00000e+0, 1.80000e+1, 0.00000e+0, 3, 3, 
03/12/2021 18:15:51.208, 03/12/2021 18:15:51.130, 4.13369e+0, 0.00000e+0, 9.34645e+1, 0.00000e+0, 2.95179e+0, 0.00000e+0, 7.20126e+3, 0.00000e+0, 7.66502e+2, 0.00000e+0, 2.97320e+0, 0.00000e+0, 7.72062e+2, 0.00000e+0, 5.01995e+2, 0.00000e+0, 2.49799e+1, 0.00000e+0, 2.47977e+1, 0.00000e+0, 3.59006e+0, 0.00000e+0, 3.18229e+0, 0.00000e+0, 2.00000e+1, 0.00000e+0, 1.80000e+1, 0.00000e+0, 3, 3, 
03/12/2021 18:15:52.179, 03/12/2021 18:15:52.124, 4.13393e+0, 0.00000e+0, 9.34993e+1, 0.00000e+0, 2.95776e+0, 0.00000e+0, 7.09840e+3, 0.00000e+0, 7.70210e+2, 0.00000e+0, 2.97890e+0, 0.00000e+0, 7.75717e+2, 0.00000e+0, 5.01936e+2, 0.00000e+0, 2.49283e+1, 0.00000e+0, 2.48125e+1, 0.00000e+0, 3.59114e+0, 0.00000e+0, 3.18283e+0, 0.00000e+0, 2.00000e+1, 0.00000e+0, 1.00000e+1, 0.00000e+0, 3, 3, 
03/12/2021 18:15:53.178, 03/12/2021 18:15:53.119, 4.13389e+0, 0.00000e+0, 9.34944e+1, 0.00000e+0, 2.96822e+0, 0.00000e+0, 7.29160e+3, 0.00000e+0, 7.75952e+2, 0.00000e+0, 2.99002e+0, 0.00000e+0, 7.81652e+2, 0.00000e+0, 5.01930e+2, 0.00000e+0, 2.49401e+1, 0.00000e+0, 2.48145e+1, 0.00000e+0, 3.59182e+0, 0.00000e+0, 3.18093e+0, 0.00000e+0, 2.00000e+1, 0.00000e+0, 1.00000e+1, 0.00000e+0, 3, 3, 
03/12/2021 18:15:54.195, 03/12/2021 18:15:54.113, 4.13395e+0, 0.00000e+0, 9.35023e+1, 0.00000e+0, 2.98585e+0, 0.00000e+0, 7.27957e+3, 0.00000e+0, 7.82556e+2, 0.00000e+0, 3.00775e+0, 0.00000e+0, 7.88294e+2, 0.00000e+0, 5.01948e+2, 0.00000e+0, 2.49494e+1, 0.00000e+0, 2.48228e+1, 0.00000e+0, 3.59103e+0, 0.00000e+0, 3.17991e+0, 0.00000e+0, 2.00000e+1, 0.00000e+0, 1.00000e+1, 0.00000e+0, 3, 3, 
03/12/2021 18:15:55.168, 03/12/2021 18:15:55.108, 4.13392e+0, 0.00000e+0, 9.34980e+1, 0.00000e+0, 3.00995e+0, 0.00000e+0, 7.06592e+3, 0.00000e+0, 7.93603e+2, 0.00000e+0, 3.03137e+0, 0.00000e+0, 7.99251e+2, 0.00000e+0, 5.01920e+2, 0.00000e+0, 2.49583e+1, 0.00000e+0, 2.48291e+1, 0.00000e+0, 3.58784e+0, 0.00000e+0, 3.18045e+0, 0.00000e+0, 2.00000e+1, 0.00000e+0, 1.00000e+1, 0.00000e+0, 3, 3, 
03/12/2021 18:15:56.157, 03/12/2021 18:15:56.102, 4.13397e+0, 0.00000e+0, 9.35054e+1, 0.00000e+0, 3.02632e+0, 0.00000e+0, 7.42833e+3, 0.00000e+0, 8.10893e+2, 0.00000e+0, 3.04897e+0, 0.00000e+0, 8.16962e+2, 0.00000e+0, 5.01924e+2, 0.00000e+0, 2.49509e+1, 0.00000e+0, 2.48214e+1, 0.00000e+0, 3.58918e+0, 0.00000e+0, 3.17927e+0, 0.00000e+0, 2.00000e+1, 0.00000e+0, 1.00000e+1, 0.00000e+0, 3, 3, 
03/12/2021 18:15:57.158, 03/12/2021 18:15:57.096, 4.13398e+0, 0.00000e+0, 9.35078e+1, 0.00000e+0, 3.05521e+0, 0.00000e+0, 7.28630e+3, 0.00000e+0, 8.32836e+2, 0.00000e+0, 3.07764e+0, 0.00000e+0, 8.38949e+2, 0.00000e+0, 5.01945e+2, 0.00000e+0, 2.49816e+1, 0.00000e+0, 2.48223e+1, 0.00000e+0, 3.58877e+0, 0.00000e+0, 3.18040e+0, 0.00000e+0, 2.00000e+1, 0.00000e+0, 1.00000e+1, 0.00000e+0, 3, 3, 
03/12/2021 18:15:58.172, 03/12/2021 18:15:58.091, 4.13387e+0, 0.00000e+0, 9.34915e+1, 0.00000e+0, 3.07632e+0, 0.00000e+0, 7.41033e+3, 0.00000e+0, 8.50542e+2, 0.00000e+0, 3.09928e+0, 0.00000e+0, 8.56892e+2, 0.00000e+0, 5.01955e+2, 0.00000e+0, 2.49842e+1, 0.00000e+0, 2.48227e+1, 0.00000e+0, 3.58898e+0, 0.00000e+0, 3.18277e+0, 0.00000e+0, 2.00000e+1, 0.00000e+0, 1.00000e+1, 0.00000e+0, 3, 3, 
03/12/2021 18:15:59.147, 03/12/2021 18:15:59.086, 4.13407e+0, 0.00000e+0, 9.35207e+1, 0.00000e+0, 3.08886e+0, 0.00000e+0, 7.48361e+3, 0.00000e+0, 8.61337e+2, 0.00000e+0, 3.11215e+0, 0.00000e+0, 8.67831e+2, 0.00000e+0, 5.01946e+2, 0.00000e+0, 2.49841e+1, 0.00000e+0, 2.48250e+1, 0.00000e+0, 3.58698e+0, 0.00000e+0, 3.18303e+0, 0.00000e+0, 2.00000e+1, 0.00000e+0, 1.00000e+1, 0.00000e+0, 3, 3, 
03/12/2021 18:16:00.135, 03/12/2021 18:16:00.081, 4.13398e+0, 0.00000e+0, 9.35081e+1, 0.00000e+0, 3.08286e+0, 0.00000e+0, 7.69299e+3, 0.00000e+0, 8.63700e+2, 0.00000e+0, 3.10676e+0, 0.00000e+0, 8.70396e+2, 0.00000e+0, 5.01969e+2, 0.00000e+0, 2.49846e+1, 0.00000e+0, 2.48254e+1, 0.00000e+0, 3.58910e+0, 0.00000e+0, 3.18356e+0, 0.00000e+0, 2.00000e+1, 0.00000e+0, 1.00000e+1, 0.00000e+0, 3, 3, 
03/12/2021 18:16:01.132, 03/12/2021 18:16:01.075, 4.13398e+0, 0.00000e+0, 9.35075e+1, 0.00000e+0, 3.08325e+0, 0.00000e+0, 7.67833e+3, 0.00000e+0, 8.65354e+2, 0.00000e+0, 3.10710e+0, 0.00000e+0, 8.72050e+2, 0.00000e+0, 5.01896e+2, 0.00000e+0, 2.49907e+1, 0.00000e+0, 2.48255e+1, 0.00000e+0, 3.58826e+0, 0.00000e+0, 3.18435e+0, 0.00000e+0, 2.00000e+1, 0.00000e+0, 1.00000e+1, 0.00000e+0, 3, 3, 
03/12/2021 18:16:02.127, 03/12/2021 18:16:02.070, 4.13369e+0, 0.00000e+0, 9.34643e+1, 0.00000e+0, 3.06705e+0, 0.00000e+0, 7.40165e+3, 0.00000e+0, 8.61471e+2, 0.00000e+0, 3.08992e+0, 0.00000e+0, 8.67895e+2, 0.00000e+0, 5.01907e+2, 0.00000e+0, 2.50331e+1, 0.00000e+0, 2.48239e+1, 0.00000e+0, 3.58756e+0, 0.00000e+0, 3.18592e+0, 0.00000e+0, 2.00000e+1, 0.00000e+0, 1.00000e+1, 0.00000e+0, 3, 3, 
03/12/2021 18:16:03.143, 03/12/2021 18:16:03.064, 4.13412e+0, 0.00000e+0, 9.35287e+1, 0.00000e+0, 3.03351e+0, 0.00000e+0, 7.48995e+3, 0.00000e+0, 8.42838e+2, 0.00000e+0, 3.05640e+0, 0.00000e+0, 8.49198e+2, 0.00000e+0, 5.02024e+2, 0.00000e+0, 2.49686e+1, 0.00000e+0, 2.48302e+1, 0.00000e+0, 3.58859e+0, 0.00000e+0, 3.18535e+0, 0.00000e+0, 2.00000e+1, 0.00000e+0, 1.00000e+1, 0.00000e+0, 3, 3, 
03/12/2021 18:16:04.135, 03/12/2021 18:16:04.058, 4.13388e+0, 0.00000e+0, 9.34926e+1, 0.00000e+0, 3.00168e+0, 0.00000e+0, 7.28448e+3, 0.00000e+0, 8.27917e+2, 0.00000e+0, 3.02371e+0, 0.00000e+0, 8.33992e+2, 0.00000e+0, 5.01983e+2, 0.00000e+0, 2.50057e+1, 0.00000e+0, 2.48301e+1, 0.00000e+0, 3.58723e+0, 0.00000e+0, 3.18509e+0, 0.00000e+0, 2.00000e+1, 0.00000e+0, 1.00000e+1, 0.00000e+0, 3, 3, 
03/12/2021 18:16:05.116, 03/12/2021 18:16:05.054, 4.13392e+0, 0.00000e+0, 9.34988e+1, 0.00000e+0, 2.99178e+0, 0.00000e+0, 7.61268e+3, 0.00000e+0, 8.25004e+2, 0.00000e+0, 3.01473e+0, 0.00000e+0, 8.31333e+2, 0.00000e+0, 5.01870e+2, 0.00000e+0, 2.49688e+1, 0.00000e+0, 2.48369e+1, 0.00000e+0, 3.58787e+0, 0.00000e+0, 3.18621e+0, 0.00000e+0, 2.00000e+1, 0.00000e+0, 1.00000e+1, 0.00000e+0, 3, 3, 
03/12/2021 18:16:06.120, 03/12/2021 18:16:06.047, 4.13422e+0, 0.00000e+0, 9.35423e+1, 0.00000e+0, 3.00504e+0, 0.00000e+0, 7.54121e+3, 0.00000e+0, 8.35968e+2, 0.00000e+0, 3.02787e+0, 0.00000e+0, 8.42320e+2, 0.00000e+0, 5.01910e+2, 0.00000e+0, 2.49717e+1, 0.00000e+0, 2.48478e+1, 0.00000e+0, 3.58695e+0, 0.00000e+0, 3.18517e+0, 0.00000e+0, 2.00000e+1, 0.00000e+0, 1.00000e+1, 0.00000e+0, 3, 3, 
03/12/2021 18:16:07.099, 03/12/2021 18:16:07.042, 4.13426e+0, 0.00000e+0, 9.35488e+1, 0.00000e+0, 3.02194e+0, 0.00000e+0, 7.51464e+3, 0.00000e+0, 8.52689e+2, 0.00000e+0, 3.04482e+0, 0.00000e+0, 8.59145e+2, 0.00000e+0, 5.01935e+2, 0.00000e+0, 2.49748e+1, 0.00000e+0, 2.48491e+1, 0.00000e+0, 3.58732e+0, 0.00000e+0, 3.18466e+0, 0.00000e+0, 2.00000e+1, 0.00000e+0, 1.00000e+1, 0.00000e+0, 3, 3, 
03/12/2021 18:16:08.092, 03/12/2021 18:16:08.038, 4.13422e+0, 0.00000e+0, 9.35424e+1, 0.00000e+0, 3.03337e+0, 0.00000e+0, 7.59697e+3, 0.00000e+0, 8.62513e+2, 0.00000e+0, 3.05659e+0, 0.00000e+0, 8.69116e+2, 0.00000e+0, 5.01950e+2, 0.00000e+0, 2.49963e+1, 0.00000e+0, 2.48539e+1, 0.00000e+0, 3.58796e+0, 0.00000e+0, 3.18378e+0, 0.00000e+0, 2.00000e+1, 0.00000e+0, 1.00000e+1, 0.00000e+0, 3, 3, 
03/12/2021 18:16:09.108, 03/12/2021 18:16:09.032, 4.13437e+0, 0.00000e+0, 9.35656e+1, 0.00000e+0, 3.03205e+0, 0.00000e+0, 7.39034e+3, 0.00000e+0, 8.65368e+2, 0.00000e+0, 3.05463e+0, 0.00000e+0, 8.71811e+2, 0.00000e+0, 5.01890e+2, 0.00000e+0, 2.49993e+1, 0.00000e+0, 2.48568e+1, 0.00000e+0, 3.58916e+0, 0.00000e+0, 3.18147e+0, 0.00000e+0, 2.00000e+1, 0.00000e+0, 1.00000e+1, 0.00000e+0, 3, 3, 
03/12/2021 18:16:10.083, 03/12/2021 18:16:10.026, 4.13417e+0, 0.00000e+0, 9.35358e+1, 0.00000e+0, 3.03403e+0, 0.00000e+0, 7.27737e+3, 0.00000e+0, 8.64294e+2, 0.00000e+0, 3.05627e+0, 0.00000e+0, 8.70630e+2, 0.00000e+0, 5.01948e+2, 0.00000e+0, 2.50087e+1, 0.00000e+0, 2.48561e+1, 0.00000e+0, 3.58895e+0, 0.00000e+0, 3.18253e+0, 0.00000e+0, 2.00000e+1, 0.00000e+0, 1.00000e+1, 0.00000e+0, 3, 3, 
03/12/2021 18:16:11.105, 03/12/2021 18:16:11.020, 4.13422e+0, 0.00000e+0, 9.35425e+1, 0.00000e+0, 3.03052e+0, 0.00000e+0, 7.50688e+3, 0.00000e+0, 8.64126e+2, 0.00000e+0, 3.05344e+0, 0.00000e+0, 8.70662e+2, 0.00000e+0, 5.02022e+2, 0.00000e+0, 2.50379e+1, 0.00000e+0, 2.48524e+1, 0.00000e+0, 3.59088e+0, 0.00000e+0, 3.18198e+0, 0.00000e+0, 2.00000e+1, 0.00000e+0, 1.00000e+1, 0.00000e+0, 3, 3, 
03/12/2021 18:16:12.073, 03/12/2021 18:16:12.014, 4.13420e+0, 0.00000e+0, 9.35403e+1, 0.00000e+0, 3.02087e+0, 0.00000e+0, 7.44149e+3, 0.00000e+0, 8.54148e+2, 0.00000e+0, 3.04352e+0, 0.00000e+0, 8.60551e+2, 0.00000e+0, 5.02004e+2, 0.00000e+0, 2.50319e+1, 0.00000e+0, 2.48619e+1, 0.00000e+0, 3.59032e+0, 0.00000e+0, 3.18109e+0, 0.00000e+0, 2.00000e+1, 0.00000e+0, 1.00000e+1, 0.00000e+0, 3, 3, 
03/12/2021 18:16:13.071, 03/12/2021 18:16:13.010, 4.13416e+0, 0.00000e+0, 9.35343e+1, 0.00000e+0, 3.01361e+0, 0.00000e+0, 7.43307e+3, 0.00000e+0, 8.44110e+2, 0.00000e+0, 3.03618e+0, 0.00000e+0, 8.50431e+2, 0.00000e+0, 5.01982e+2, 0.00000e+0, 2.50568e+1, 0.00000e+0, 2.48719e+1, 0.00000e+0, 3.58723e+0, 0.00000e+0, 3.18088e+0, 0.00000e+0, 2.00000e+1, 0.00000e+0, 1.00000e+1, 0.00000e+0, 3, 3, 
03/12/2021 18:16:14.060, 03/12/2021 18:16:14.004, 4.13442e+0, 0.00000e+0, 9.35725e+1, 0.00000e+0, 3.00771e+0, 0.00000e+0, 7.37944e+3, 0.00000e+0, 8.41444e+2, 0.00000e+0, 3.03007e+0, 0.00000e+0, 8.47700e+2, 0.00000e+0, 5.01944e+2, 0.00000e+0, 2.50176e+1, 0.00000e+0, 2.48798e+1, 0.00000e+0, 3.58950e+0, 0.00000e+0, 3.18155e+0, 0.00000e+0, 2.00000e+1, 0.00000e+0, 1.00000e+1, 0.00000e+0, 3, 3, 
03/12/2021 18:16:15.056, 03/12/2021 18:16:14.999, 4.13431e+0, 0.00000e+0, 9.35558e+1, 0.00000e+0, 3.00255e+0, 0.00000e+0, 7.46135e+3, 0.00000e+0, 8.44003e+2, 0.00000e+0, 3.02513e+0, 0.00000e+0, 8.50348e+2, 0.00000e+0, 5.02033e+2, 0.00000e+0, 2.50392e+1, 0.00000e+0, 2.48768e+1, 0.00000e+0, 3.58886e+0, 0.00000e+0, 3.17817e+0, 0.00000e+0, 2.00000e+1, 0.00000e+0, 1.00000e+1, 0.00000e+0, 3, 3, 
03/12/2021 18:16:16.044, 03/12/2021 18:16:15.993, 4.13428e+0, 0.00000e+0, 9.35510e+1, 0.00000e+0, 3.00170e+0, 0.00000e+0, 7.41201e+3, 0.00000e+0, 8.37791e+2, 0.00000e+0, 3.02412e+0, 0.00000e+0, 8.44047e+2, 0.00000e+0, 5.01981e+2, 0.00000e+0, 2.50463e+1, 0.00000e+0, 2.48791e+1, 0.00000e+0, 3.58734e+0, 0.00000e+0, 3.17988e+0, 0.00000e+0, 2.00000e+1, 0.00000e+0, 1.00000e+1, 0.00000e+0, 3, 3, 
03/12/2021 18:16:17.044, 03/12/2021 18:16:16.987, 4.13425e+0, 0.00000e+0, 9.35469e+1, 0.00000e+0, 3.00106e+0, 0.00000e+0, 7.46535e+3, 0.00000e+0, 8.43877e+2, 0.00000e+0, 3.02363e+0, 0.00000e+0, 8.50225e+2, 0.00000e+0, 5.02034e+2, 0.00000e+0, 2.50539e+1, 0.00000e+0, 2.48825e+1, 0.00000e+0, 3.58636e+0, 0.00000e+0, 3.18085e+0, 0.00000e+0, 2.00000e+1, 0.00000e+0, 1.00000e+1, 0.00000e+0, 3, 3, 
03/12/2021 18:16:18.039, 03/12/2021 18:16:17.983, 4.13395e+0, 0.00000e+0, 9.35028e+1, 0.00000e+0, 3.01311e+0, 0.00000e+0, 7.43984e+3, 0.00000e+0, 8.61062e+2, 0.00000e+0, 3.03570e+0, 0.00000e+0, 8.67516e+2, 0.00000e+0, 5.02023e+2, 0.00000e+0, 2.51020e+1, 0.00000e+0, 2.48814e+1, 0.00000e+0, 3.58888e+0, 0.00000e+0, 3.18119e+0, 0.00000e+0, 2.00000e+1, 0.00000e+0, 1.00000e+1, 0.00000e+0, 3, 3, 
03/12/2021 18:16:19.036, 03/12/2021 18:16:18.977, 4.13447e+0, 0.00000e+0, 9.35791e+1, 0.00000e+0, 3.02164e+0, 0.00000e+0, 7.75109e+3, 0.00000e+0, 8.75498e+2, 0.00000e+0, 3.04525e+0, 0.00000e+0, 8.82338e+2, 0.00000e+0, 5.01955e+2, 0.00000e+0, 2.50179e+1, 0.00000e+0, 2.49020e+1, 0.00000e+0, 3.58864e+0, 0.00000e+0, 3.18107e+0, 0.00000e+0, 2.00000e+1, 0.00000e+0, 1.00000e+1, 0.00000e+0, 3, 3, 
03/12/2021 18:16:20.027, 03/12/2021 18:16:19.970, 4.13410e+0, 0.00000e+0, 9.35247e+1, 0.00000e+0, 3.03530e+0, 0.00000e+0, 7.45454e+3, 0.00000e+0, 8.89126e+2, 0.00000e+0, 3.05810e+0, 0.00000e+0, 8.95804e+2, 0.00000e+0, 5.02045e+2, 0.00000e+0, 2.50880e+1, 0.00000e+0, 2.48900e+1, 0.00000e+0, 3.58677e+0, 0.00000e+0, 3.18105e+0, 0.00000e+0, 2.00000e+1, 0.00000e+0, 1.00000e+1, 0.00000e+0, 3, 4, 
03/12/2021 18:16:21.025, 03/12/2021 18:16:20.965, 4.13407e+0, 0.00000e+0, 9.35204e+1, 0.00000e+0, 3.04585e+0, 0.00000e+0, 7.58227e+3, 0.00000e+0, 9.00039e+2, 0.00000e+0, 3.06912e+0, 0.00000e+0, 9.06916e+2, 0.00000e+0, 5.02068e+2, 0.00000e+0, 2.50997e+1, 0.00000e+0, 2.48891e+1, 0.00000e+0, 3.58754e+0, 0.00000e+0, 3.18172e+0, 0.00000e+0, 2.00000e+1, 0.00000e+0, 1.00000e+1, 0.00000e+0, 3, 4, 
03/12/2021 18:16:22.011, 03/12/2021 18:16:21.960, 4.13358e+0, 0.00000e+0, 9.34481e+1, 0.00000e+0, 3.06134e+0, 0.00000e+0, 7.44268e+3, 0.00000e+0, 9.20099e+2, 0.00000e+0, 3.08429e+0, 0.00000e+0, 9.26999e+2, 0.00000e+0, 5.02180e+2, 0.00000e+0, 2.50971e+1, 0.00000e+0, 2.48786e+1, 0.00000e+0, 3.58965e+0, 0.00000e+0, 3.18248e+0, 0.00000e+0, 2.00000e+1, 0.00000e+0, 1.00000e+1, 0.00000e+0, 3, 4, 
03/12/2021 18:16:23.010, 03/12/2021 18:16:22.954, 4.13446e+0, 0.00000e+0, 9.35787e+1, 0.00000e+0, 3.09187e+0, 0.00000e+0, 7.63894e+3, 0.00000e+0, 9.44682e+2, 0.00000e+0, 3.11567e+0, 0.00000e+0, 9.51954e+2, 0.00000e+0, 5.01768e+2, 0.00000e+0, 2.50436e+1, 0.00000e+0, 2.49045e+1, 0.00000e+0, 3.58887e+0, 0.00000e+0, 3.18080e+0, 0.00000e+0, 2.00000e+1, 0.00000e+0, 1.00000e+1, 0.00000e+0, 3, 4, 
03/12/2021 18:16:24.006, 03/12/2021 18:16:23.949, 4.13455e+0, 0.00000e+0, 9.35918e+1, 0.00000e+0, 3.12223e+0, 0.00000e+0, 7.76080e+3, 0.00000e+0, 9.76476e+2, 0.00000e+0, 3.14665e+0, 0.00000e+0, 9.84114e+2, 0.00000e+0, 5.02101e+2, 0.00000e+0, 2.50667e+1, 0.00000e+0, 2.49071e+1, 0.00000e+0, 3.58731e+0, 0.00000e+0, 3.18181e+0, 0.00000e+0, 2.00000e+1, 0.00000e+0, 1.00000e+1, 0.00000e+0, 3, 4, 
03/12/2021 18:16:25.204, 03/12/2021 18:16:25.126, 4.13382e+0, 0.00000e+0, 9.34836e+1, 0.00000e+0, 3.15999e+0, 0.00000e+0, 7.60127e+3, 0.00000e+0, 1.00725e+3, 0.00000e+0, 3.18419e+0, 0.00000e+0, 1.01497e+3, 0.00000e+0, 5.02060e+2, 0.00000e+0, 2.51179e+1, 0.00000e+0, 2.48958e+1, 0.00000e+0, 3.58653e+0, 0.00000e+0, 3.18087e+0, 0.00000e+0, 2.00000e+1, 0.00000e+0, 1.00000e+1, 0.00000e+0, 3, 4, 
03/12/2021 18:16:26.017, 03/12/2021 18:16:25.938, 4.13387e+0, 0.00000e+0, 9.34912e+1, 0.00000e+0, 3.15445e+0, 0.00000e+0, 7.60151e+3, 0.00000e+0, 1.00208e+3, 0.00000e+0, 3.17861e+0, 0.00000e+0, 1.00976e+3, 0.00000e+0, 5.02089e+2, 0.00000e+0, 2.50845e+1, 0.00000e+0, 2.48945e+1, 0.00000e+0, 3.58779e+0, 0.00000e+0, 3.18273e+0, 0.00000e+0, 2.00000e+1, 0.00000e+0, 1.00000e+1, 0.00000e+0, 3, 4, 
03/12/2021 18:16:27.017, 03/12/2021 18:16:26.932, 4.13460e+0, 0.00000e+0, 9.35990e+1, 0.00000e+0, 3.12894e+0, 0.00000e+0, 7.76248e+3, 0.00000e+0, 9.73607e+2, 0.00000e+0, 3.15341e+0, 0.00000e+0, 9.81224e+2, 0.00000e+0, 5.01840e+2, 0.00000e+0, 2.50382e+1, 0.00000e+0, 2.49250e+1, 0.00000e+0, 3.58953e+0, 0.00000e+0, 3.18024e+0, 0.00000e+0, 2.00000e+1, 0.00000e+0, 1.00000e+1, 0.00000e+0, 3, 4, 
03/12/2021 18:16:28.010, 03/12/2021 18:16:27.928, 4.13461e+0, 0.00000e+0, 9.36010e+1, 0.00000e+0, 3.09355e+0, 0.00000e+0, 7.85006e+3, 0.00000e+0, 9.37439e+2, 0.00000e+0, 3.11803e+0, 0.00000e+0, 9.44857e+2, 0.00000e+0, 5.01985e+2, 0.00000e+0, 2.50415e+1, 0.00000e+0, 2.49293e+1, 0.00000e+0, 3.58758e+0, 0.00000e+0, 3.18008e+0, 0.00000e+0, 2.00000e+1, 0.00000e+0, 1.00000e+1, 0.00000e+0, 3, 4, 
03/12/2021 18:16:29.000, 03/12/2021 18:16:28.947, 4.13444e+0, 0.00000e+0, 9.35756e+1, 0.00000e+0, 3.05444e+0, 0.00000e+0, 7.78303e+3, 0.00000e+0, 9.05843e+2, 0.00000e+0, 3.07840e+0, 0.00000e+0, 9.12948e+2, 0.00000e+0, 5.01908e+2, 0.00000e+0, 2.50583e+1, 0.00000e+0, 2.49257e+1, 0.00000e+0, 3.58758e+0, 0.00000e+0, 3.18040e+0, 0.00000e+0, 2.00000e+1, 0.00000e+0, 1.00000e+1, 0.00000e+0, 3, 4, 
03/12/2021 18:16:29.974, 03/12/2021 18:16:29.917, 4.13466e+0, 0.00000e+0, 9.36073e+1, 0.00000e+0, 3.02863e+0, 0.00000e+0, 7.54872e+3, 0.00000e+0, 8.73251e+2, 0.00000e+0, 3.05166e+0, 0.00000e+0, 8.79893e+2, 0.00000e+0, 5.02073e+2, 0.00000e+0, 2.50797e+1, 0.00000e+0, 2.49379e+1, 0.00000e+0, 3.58927e+0, 0.00000e+0, 3.18120e+0, 0.00000e+0, 2.00000e+1, 0.00000e+0, 1.00000e+1, 0.00000e+0, 3, 4, 
03/12/2021 18:16:30.992, 03/12/2021 18:16:30.912, 4.13442e+0, 0.00000e+0, 9.35727e+1, 0.00000e+0, 3.00650e+0, 0.00000e+0, 7.72179e+3, 0.00000e+0, 8.55923e+2, 0.00000e+0, 3.02989e+0, 0.00000e+0, 8.62584e+2, 0.00000e+0, 5.01917e+2, 0.00000e+0, 2.50458e+1, 0.00000e+0, 2.49348e+1, 0.00000e+0, 3.58920e+0, 0.00000e+0, 3.18105e+0, 0.00000e+0, 2.00000e+1, 0.00000e+0, 1.00000e+1, 0.00000e+0, 3, 4, 
03/12/2021 18:16:32.004, 03/12/2021 18:16:31.951, 4.13409e+0, 0.00000e+0, 9.35234e+1, 0.00000e+0, 3.00017e+0, 0.00000e+0, 7.49897e+3, 0.00000e+0, 8.47940e+2, 0.00000e+0, 3.02284e+0, 0.00000e+0, 8.54347e+2, 0.00000e+0, 5.01830e+2, 0.00000e+0, 2.51079e+1, 0.00000e+0, 2.49324e+1, 0.00000e+0, 3.59001e+0, 0.00000e+0, 3.18198e+0, 0.00000e+0, 2.00000e+1, 0.00000e+0, 1.00000e+1, 0.00000e+0, 3, 4, 
03/12/2021 18:16:32.961, 03/12/2021 18:16:32.910, 4.13294e+0, 0.00000e+0, 9.33537e+1, 0.00000e+0, 3.00118e+0, 0.00000e+0, 7.55146e+3, 0.00000e+0, 8.44485e+2, 0.00000e+0, 3.02401e+0, 0.00000e+0, 8.50910e+2, 0.00000e+0, 5.02364e+2, 0.00000e+0, 2.52541e+1, 0.00000e+0, 2.49074e+1, 0.00000e+0, 3.58889e+0, 0.00000e+0, 3.18199e+0, 0.00000e+0, 2.00000e+1, 0.00000e+0, 1.00000e+1, 0.00000e+0, 3, 4, 
03/12/2021 18:16:34.066, 03/12/2021 18:16:33.992, 4.13225e+0, 0.00000e+0, 9.32521e+1, 0.00000e+0, 2.99741e+0, 0.00000e+0, 7.62277e+3, 0.00000e+0, 8.39728e+2, 0.00000e+0, 3.02043e+0, 0.00000e+0, 8.46179e+2, 0.00000e+0, 5.02064e+2, 0.00000e+0, 2.51496e+1, 0.00000e+0, 2.48850e+1, 0.00000e+0, 3.58821e+0, 0.00000e+0, 3.18218e+0, 0.00000e+0, 2.00000e+1, 0.00000e+0, 1.00000e+1, 0.00000e+0, 3, 4, 
03/12/2021 18:16:35.206, 03/12/2021 18:16:35.154, 4.13435e+0, 0.00000e+0, 9.35619e+1, 0.00000e+0, 2.99267e+0, 0.00000e+0, 7.49058e+3, 0.00000e+0, 8.40839e+2, 0.00000e+0, 3.01525e+0, 0.00000e+0, 8.47185e+2, 0.00000e+0, 5.01887e+2, 0.00000e+0, 2.50697e+1, 0.00000e+0, 2.49519e+1, 0.00000e+0, 3.59053e+0, 0.00000e+0, 3.18163e+0, 0.00000e+0, 2.00000e+1, 0.00000e+0, 1.00000e+1, 0.00000e+0, 3, 4, 
03/12/2021 18:16:35.944, 03/12/2021 18:16:35.890, 4.13464e+0, 0.00000e+0, 9.36045e+1, 0.00000e+0, 2.99787e+0, 0.00000e+0, 7.78627e+3, 0.00000e+0, 8.44403e+2, 0.00000e+0, 3.02140e+0, 0.00000e+0, 8.51030e+2, 0.00000e+0, 5.02140e+2, 0.00000e+0, 2.50608e+1, 0.00000e+0, 2.49617e+1, 0.00000e+0, 3.58823e+0, 0.00000e+0, 3.18188e+0, 0.00000e+0, 2.00000e+1, 0.00000e+0, 1.00000e+1, 0.00000e+0, 3, 4, 
03/12/2021 18:16:36.936, 03/12/2021 18:16:36.884, 4.13326e+0, 0.00000e+0, 9.34009e+1, 0.00000e+0, 3.00775e+0, 0.00000e+0, 7.50141e+3, 0.00000e+0, 8.53063e+2, 0.00000e+0, 3.03048e+0, 0.00000e+0, 8.59511e+2, 0.00000e+0, 5.01968e+2, 0.00000e+0, 2.52242e+1, 0.00000e+0, 2.49234e+1, 0.00000e+0, 3.58976e+0, 0.00000e+0, 3.17914e+0, 0.00000e+0, 2.00000e+1, 0.00000e+0, 1.00000e+1, 0.00000e+0, 3, 4, 
03/12/2021 18:16:37.981, 03/12/2021 18:16:37.899, 4.13251e+0, 0.00000e+0, 9.32903e+1, 0.00000e+0, 3.02605e+0, 0.00000e+0, 7.57226e+3, 0.00000e+0, 8.67692e+2, 0.00000e+0, 3.04914e+0, 0.00000e+0, 8.74313e+2, 0.00000e+0, 5.01974e+2, 0.00000e+0, 2.52098e+1, 0.00000e+0, 2.49000e+1, 0.00000e+0, 3.59108e+0, 0.00000e+0, 3.18269e+0, 0.00000e+0, 2.00000e+1, 0.00000e+0, 1.00000e+1, 0.00000e+0, 3, 4, 
03/12/2021 18:16:38.955, 03/12/2021 18:16:38.875, 4.13151e+0, 0.00000e+0, 9.31427e+1, 0.00000e+0, 3.03763e+0, 0.00000e+0, 7.49123e+3, 0.00000e+0, 8.79841e+2, 0.00000e+0, 3.06056e+0, 0.00000e+0, 8.86482e+2, 0.00000e+0, 5.02426e+2, 0.00000e+0, 2.52675e+1, 0.00000e+0, 2.48829e+1, 0.00000e+0, 3.58855e+0, 0.00000e+0, 3.18201e+0, 0.00000e+0, 2.00000e+1, 0.00000e+0, 1.00000e+1, 0.00000e+0, 3, 4, 
03/12/2021 18:16:39.932, 03/12/2021 18:16:39.868, 4.13489e+0, 0.00000e+0, 9.36417e+1, 0.00000e+0, 3.03950e+0, 0.00000e+0, 7.69006e+3, 0.00000e+0, 8.71330e+2, 0.00000e+0, 3.06305e+0, 0.00000e+0, 8.78083e+2, 0.00000e+0, 5.01770e+2, 0.00000e+0, 2.50986e+1, 0.00000e+0, 2.49988e+1, 0.00000e+0, 3.59130e+0, 0.00000e+0, 3.18602e+0, 0.00000e+0, 2.00000e+1, 0.00000e+0, 1.00000e+1, 0.00000e+0, 3, 4, 
03/12/2021 18:16:40.939, 03/12/2021 18:16:40.863, 4.13437e+0, 0.00000e+0, 9.35644e+1, 0.00000e+0, 3.02765e+0, 0.00000e+0, 7.37329e+3, 0.00000e+0, 8.60698e+2, 0.00000e+0, 3.05014e+0, 0.00000e+0, 8.67091e+2, 0.00000e+0, 5.01984e+2, 0.00000e+0, 2.51095e+1, 0.00000e+0, 2.49887e+1, 0.00000e+0, 3.58745e+0, 0.00000e+0, 3.17933e+0, 0.00000e+0, 2.00000e+1, 0.00000e+0, 1.00000e+1, 0.00000e+0, 3, 4, 
03/12/2021 18:16:41.925, 03/12/2021 18:16:41.869, 4.13398e+0, 0.00000e+0, 9.35081e+1, 0.00000e+0, 3.02088e+0, 0.00000e+0, 7.59623e+3, 0.00000e+0, 8.56004e+2, 0.00000e+0, 3.04400e+0, 0.00000e+0, 8.62556e+2, 0.00000e+0, 5.01775e+2, 0.00000e+0, 2.51508e+1, 0.00000e+0, 2.49870e+1, 0.00000e+0, 3.58947e+0, 0.00000e+0, 3.18211e+0, 0.00000e+0, 2.00000e+1, 0.00000e+0, 1.00000e+1, 0.00000e+0, 3, 4, 
03/12/2021 18:16:43.115, 03/12/2021 18:16:43.030, 4.13365e+0, 0.00000e+0, 9.34593e+1, 0.00000e+0, 3.01829e+0, 0.00000e+0, 7.66681e+3, 0.00000e+0, 8.55506e+2, 0.00000e+0, 3.04161e+0, 0.00000e+0, 8.62116e+2, 0.00000e+0, 5.02053e+2, 0.00000e+0, 2.51657e+1, 0.00000e+0, 2.49846e+1, 0.00000e+0, 3.58711e+0, 0.00000e+0, 3.18164e+0, 0.00000e+0, 2.00000e+1, 0.00000e+0, 1.00000e+1, 0.00000e+0, 3, 4, 
03/12/2021 18:16:43.967, 03/12/2021 18:16:43.878, 4.13144e+0, 0.00000e+0, 9.31328e+1, 0.00000e+0, 3.02251e+0, 0.00000e+0, 7.58997e+3, 0.00000e+0, 8.55227e+2, 0.00000e+0, 3.04562e+0, 0.00000e+0, 8.61768e+2, 0.00000e+0, 5.02010e+2, 0.00000e+0, 2.52193e+1, 0.00000e+0, 2.49183e+1, 0.00000e+0, 3.58899e+0, 0.00000e+0, 3.18419e+0, 0.00000e+0, 2.00000e+1, 0.00000e+0, 1.00000e+1, 0.00000e+0, 3, 4, 
03/12/2021 18:16:44.900, 03/12/2021 18:16:44.841, 4.13374e+0, 0.00000e+0, 9.34714e+1, 0.00000e+0, 3.02185e+0, 0.00000e+0, 7.73638e+3, 0.00000e+0, 8.56115e+2, 0.00000e+0, 3.04541e+0, 0.00000e+0, 8.62790e+2, 0.00000e+0, 5.02201e+2, 0.00000e+0, 2.51462e+1, 0.00000e+0, 2.49974e+1, 0.00000e+0, 3.59058e+0, 0.00000e+0, 3.18367e+0, 0.00000e+0, 2.00000e+1, 0.00000e+0, 1.00000e+1, 0.00000e+0, 3, 4, 
03/12/2021 18:16:45.908, 03/12/2021 18:16:45.850, 4.13464e+0, 0.00000e+0, 9.36051e+1, 0.00000e+0, 3.03250e+0, 0.00000e+0, 7.39783e+3, 0.00000e+0, 8.62596e+2, 0.00000e+0, 3.05510e+0, 0.00000e+0, 8.69024e+2, 0.00000e+0, 5.01791e+2, 0.00000e+0, 2.51284e+1, 0.00000e+0, 2.50324e+1, 0.00000e+0, 3.59212e+0, 0.00000e+0, 3.18254e+0, 0.00000e+0, 2.00000e+1, 0.00000e+0, 1.00000e+1, 0.00000e+0, 3, 4, 
03/12/2021 18:16:46.910, 03/12/2021 18:16:46.830, 4.13394e+0, 0.00000e+0, 9.35020e+1, 0.00000e+0, 3.04547e+0, 0.00000e+0, 7.69984e+3, 0.00000e+0, 8.72919e+2, 0.00000e+0, 3.06910e+0, 0.00000e+0, 8.79692e+2, 0.00000e+0, 5.02145e+2, 0.00000e+0, 2.51642e+1, 0.00000e+0, 2.50129e+1, 0.00000e+0, 3.58945e+0, 0.00000e+0, 3.18262e+0, 0.00000e+0, 2.00000e+1, 0.00000e+0, 1.00000e+1, 0.00000e+0, 3, 4, 
03/12/2021 18:16:47.885, 03/12/2021 18:16:47.824, 4.13484e+0, 0.00000e+0, 9.36340e+1, 0.00000e+0, 3.06920e+0, 0.00000e+0, 7.63086e+3, 0.00000e+0, 8.92076e+2, 0.00000e+0, 3.09280e+0, 0.00000e+0, 8.98936e+2, 0.00000e+0, 5.01788e+2, 0.00000e+0, 2.51114e+1, 0.00000e+0, 2.50447e+1, 0.00000e+0, 3.58994e+0, 0.00000e+0, 3.18185e+0, 0.00000e+0, 2.00000e+1, 0.00000e+0, 1.00000e+1, 0.00000e+0, 3, 4, 
03/12/2021 18:16:48.894, 03/12/2021 18:16:48.820, 4.13492e+0, 0.00000e+0, 9.36454e+1, 0.00000e+0, 3.08737e+0, 0.00000e+0, 7.63376e+3, 0.00000e+0, 9.11094e+2, 0.00000e+0, 3.11112e+0, 0.00000e+0, 9.18103e+2, 0.00000e+0, 5.01823e+2, 0.00000e+0, 2.50847e+1, 0.00000e+0, 2.50573e+1, 0.00000e+0, 3.58656e+0, 0.00000e+0, 3.18433e+0, 0.00000e+0, 2.00000e+1, 0.00000e+0, 1.00000e+1, 0.00000e+0, 3, 4, 
03/12/2021 18:16:49.868, 03/12/2021 18:16:49.818, 4.13280e+0, 0.00000e+0, 9.33339e+1, 0.00000e+0, 3.10504e+0, 0.00000e+0, 7.42691e+3, 0.00000e+0, 9.30084e+2, 0.00000e+0, 3.12827e+0, 0.00000e+0, 9.37043e+2, 0.00000e+0, 5.02122e+2, 0.00000e+0, 2.51796e+1, 0.00000e+0, 2.49960e+1, 0.00000e+0, 3.58799e+0, 0.00000e+0, 3.18114e+0, 0.00000e+0, 2.00000e+1, 0.00000e+0, 1.00000e+1, 0.00000e+0, 3, 4, 

-----BEGIN PGP MESSAGE-----
Version: GnuPG v1

jA0EAwMCjBIWLdSVxpJgye3EY5rOLqOpRxfmPkznrWROCnUeYhovtQhBnx3r5uhS
at0LE5Xv/38RuIordNca1y24OqEX8HRQlmRfeIRaH4vktXqybB2WmMbn1k2qAhDe
3Oq3RbRvUr3Wpt8afBFxpiQ9yHREBE8EyfS8kcJEXE8A/oeJrRmmP2UMdEdmSwvw
Z10Jn38dekWQRePTClO/vHW9QPAE/Mq2JEtvlVD4e8zP4o3dTY8pFJzCAStwHMaP
7lxBLIcXLFYueSwgfryiXhBeDHZo7ZgVw5rwIkK9aSNEEOhwctHfzFTq4XubSUgo
2Xq66UOezagOoRMbwlYCpG+K8mWP6BjkpklAdKhJXcZAJ7C+CCr2KLwLcVsk1Gnd
1sWf3EB3IyJfaXgk2jAloOki7ZrNLzCFazDTAvj4f/3S88Dk5pbgW3ZhBYte4l/b
1VmKK0VONyua9fjAEp3+LtufDHa98TTx2BNoJLJkJJ4JTLGBmi9T5rhx4Iem9uH/
VkbSYKgFuIFuqRi4bWQmTkAnO0NtrYJBzb9sFWb+F5Zk3bj4zsyYD4AYCsJnLNZK
nXXl8bO3Ag8wlk/IgRrYMiCwWM7qJpTPuVNHYDFv8LYjJ8o/g9JIkIfQWdGE0eLv
cVaKbAmaW4QOAfzdtlqZ8dNFwE5q93b/azCZhr2nW1PKzpngeQ38d0O8uFYnmscd
q/I3IB7tczJ1/yYNxLq8n0rBPJ6elaNCaq4pTvMB5Whrks26FXwSEjZvdvgvZqhw
FMVSCMEhcZqvtP/7Ofj0FbdpOv/0jFl38RecbuvP/vzxocXHz3+XEWAVuEUBPaCq
ScCW4ivFGI0ricrEPY6V0knv7vkp+WBSha/YK+zByUHUx+ikEIl6abHssJNNT2a1
7PE/KnvTvHh+mW9QgYg8yVr2aoeAgoXfuC6P913RIIHAIiLa4fIkiHJo9kyj2eKH
0ueJl6hR5LxYRex96600NFnwS5MjEMwfY9SdpSbSDBr9Dw4kZGBxoHaF/Njg6ahr
D+8KH2DSIfN88AOL+H2yzVC4HpjqRa1LUB/l2dRzEOhNw1MhReva9lzxaTDj36rj
yi7znCrEmNNfvI/q452mcDft3hLSCEggLqj6VrQkP1q2OuZBPc1evXrSveMrRqmP
AZjRCm0ZdymriFvqaOEWCRKEkFX2WJThkIJbzAXApiHldaF4DIo9JcwxR1QdBzg5
BW3staqbZcgLo6CWXQRle+TlHttP60m9jAM9ZbazaswHmB059+P6zcC2PyhEr0Jn
PeP8cDshPBhdGHhtAEQUOaOGDQoTaMyxvqpn2s6UNEGUe5fyZwl5F/y96pwTR71W
fGs4ZMrJC/NKVsQroVwwOapCjX7FogppcfAIzfxsUyh5zzIuc/BNdG5Rx2KTxfB6
lPqjy2cqqug+LQNBqs/XiHNq7BMc0XmmC46ew9bD9E0pqEccxatrG5t49Zb2OVn4
ER0Sa4iZlPsfT4aMZHzUXX1OCicIkHr6MdRRJnlBtJp6mkoT9djbpBd+WrclR0MN
6dn1oYrUl3ya+6OzVuMX7iqMmdI8TlNYE6VFVFWWBhz6cDSKCJWvu7JYX/9lXTxZ
ynvKWG4QMUHgw9P/jJH9pNa6XPD4dyed8W69HG4Z/wgRdbl2NRvswLW/Vjz6Q8o8
hpakqBDA7Sg37QbyWXIr9Z326a4Wsft1uLXQmcZhOSbE8p3UgH2w0njsTc30B0lf
x+iUPRgvBLcckpOaxqBw/2IXSlKa3KXsU4FDqTnQQLJHGpLRHtlUcnk7oYfSvrn5
BQPgV3Z7PB2+/L4XYOGzEdvyWclesj/5lb4dC2uubAzJRYXLOXkluHwJteIbD1wR
2hsCHd0/1FucjfR7DQo06writINvSgXOOmDrlD6r+dap8TShkZes3HivM8T2bdjE
0XXHoSOCbQHcz6HW7Wjsw2gq3UzkANr/XCrXx6nhc5QS6b/nN0jg/3D5EtKqCIN5
4/Yj6sSLbZmsWtzKoctcN0PsVpIQujZ4S0u1dNz41y7mIG+v2sDv0SneIN8K/wM/
m0AH7hbbvDSg+8+n4LGM5IEaVDMcStP9R/cBbUGfILvNugvJH6/Ymz1KeYdFSFWS
ePSOtB1Tr2H8goQOGdGSNkzR7gPRmEArG4HUMzjcsP2kODWS2h1+grn+/Vs/Yt++
QTMmvTsuggRXS8tiPrgBlk9Mq91wcAis0aX1aWwMDx8TpuTIkzHIbQmlTejO3ozT
AzvijWXtarrqy5msRAY8HN//VdfJKlz+xgmELXa4Voqr2ricrf62s1Hf4yT3HmNC
nYAR7WFxz7zhd5HxTLTcmedQH7g7IEa8hcA35tMIjYlbjUZ0mVkv0zL6ahStkFcf
5ab+5m8u6ITNStb8X4OY42addXbodUun1xPDGdxwhuFeiUjTPwJmT/qOIai7fSIw
v4sO5okugOuBfpgmx3+VA8yoAsRJDom+L1MZEOOvhZ2M/Mr050fscwEstZj+6F/w
2e0wLXkqJ2l6gcMxjp2onKChgi3Ybkl8P3KCKKzKgv+i7GzupW1tCyzwiFJvq/8X
W0A/ieT0wvl4QisPTZKoIJ3ESiRgoVc9TneRe7fZO5av7cO+P7tDiaWvNRH1m17U
OdsITDbZaG/pn4OUBRi59Vm32jhvotdCgy7VKnGrc9MFdNaMMh5EX9lfUBBbK3c6
1G46HjLgoQLDSwnkE00VfCuI6Jwz3FHw2eDejc/BPXVzQ4P1j+7JmEYiNeN7uhwt
xDbAPWeG1JMhJ8dd75u8PoIP10JWI5etn+fzR1qzTnbt71V9D6Zalpg/mJVa7VCz
B1E2z7WwrxSkvqPyPDIGXphVfDPjE1SajM814b4dP7mko7rdSYlfk6LNi/9zK4BE
aijqRtWufyYbHk25CQSxl9pWAnx20ZZi+QJm4NAASrpPGweCs7Hs9qEHGETMx4+L
5L54fq+42pGxf9PvqakbNF/XV6WKf6OGRlltkIMPtuq34xyX7IjE+fgQ1Gk2XdvX
K0IEoKJzLyqZehFgLDSjkw9Uo1nmMD9B54XjD3jKvE+yjHAAYr5/CF0IxNftzdG1
vJnaTD14703oD8AE24hcideKAnJBNXDBt9EAZw7HXlwIzy0Zob6H2K3GzcxXvtF0
+a9hakkJjj6wBjqHx20MBw8AezSAPqnLOzNm+g/9u+pCzBVkwqL0Oof/Vq7IaOUv
pwgi13H4kpzGQtzNulJnoJsrUf9Utr3adcsmTdwGZa8H55YeBZLuW2zYlyuppURz
2v2ZsnJF30W4DSrLP1WBihUC0ygJRuOHgUdLz4IN0ygBh/tsN0ZvkLMfmGq4MMyP
bmVLPjzjHN0yeCVoLsN/VOrLO1OU1fbrMFBKBC6aHPr6urNnwX1XkPyP6RwAbYBT
YzxY5B8cNgAoyY0M5aypEeAsmGiwl02Q/dtar0ORDW2US+ZoG56Qr+cOVs98PXxG
wr71HV1g2pCbjXatGXeps0LOnPl44zST+dG+ufxSx3rllJPgqjqEHlccd3B8v9Ls
dfYfojMiklh2KUm2rzG4GrDtwdWG5bddh56vb0/gI14ZOjM/Cv4CAZ76QED+oO43
jR7MPODNgsF1OTwqCcu4FxS7RmaDc9C+d9A7a22Y3PdpS/E2CkXWmORUXViluG6T
boiA2/LaOAMQwJG0mkDbb5zpNGHWHiQ7wyNiDa+C6i32yKshZAI0M8rVRjnvrc9t
gpdoUTpA5D8GGUlkRIU3Uitgt5DoEyxM2YvtAnt+N7uuGlvGsq/iCsTWsSW2dsc6
dFHUI5N8xoq4+s8EvWwN7uitKvjrjEQe8j41HAoDHLjaZ/Vnt6J+l0LmJdWAaR5Y
ArRkXsbXZg6OZvkRqk6BnMJ7iZ5G2nY0lMMHi6Wb9yLWv6A7D+Mz730U+8/7xSQ6
/0tPImlMwFx/nQmyPODWO8Gzf5KiG+njPJ2+JDTjprsjAfsSS8u36Cm2BleNNIqb
ImTSMglA6jAcClM5mlnrQ0YMUmivK9nPLzMpfKp23mvLiq5AXnbf7WNV0vwW1BFS
EJCyAmZg7zxjcH+88+6qsmiaaW/Z+Fwy6+6a6ITXAN7WC9RZOSQdPFiOW9uFfOlQ
BC0JLUOTkuXjPSXw3gOwJkcoZEqSEul0XZJYGK7CSE0M5LU/xqvljuYzNUCFZZNb
ILyvl8cgAHaqFeVCayHgI8lGUtTmiHezJRhZiw/s2cQJ5qjbAsV9+1UPJZKJTqHD
2F6MXmigdht45IShyT9ous7aIf+euFTZuNNUl7jJe4aR/qSushoZtAWjYFz7P5YO
9Bsj1OlJRduOjOBgE3RcMOJN8gJh0fWpLK+5Hnga8G/RU9QKCfKhZ/KN4segvq4L
1s4jkyUoXb4JL6vsRRs9IFhJFni9U8/PJaHgmyVoSPE4S4qTUTQeBlB91UMmqGos
xoumAJly/9GP0P9WcUxRflgF81es7awnRXFOdEmvUdJmmJmOYyjvtDOoJewZLw6W
vM4PnFShwZcVhzy6Fq1RwrbO2ICao/yvb1iOk/LthG1Y/5xUlHqQdIu6G3wEykfW
+UWmP0agURLrTRRgE8+6NVuan0D9lliGpDArtb38WMPy1WYA4ncvRuU6EikcobTL
v5c6i1YKqlvgSfYXM4qVAb8NYXcV4ah7m/9HTDxzaOL8dI7RRhOjpHE0yBfKFeCQ
0b/BYKEsk01JQY6lO/deGPU6nK0mefoOv5q11mF0kmm8Irx2/hxnct5KXvGQx1Sv
9DT3X0zyuQ4jncuRcxiJBmiat3S90ONsrMz1adgz21hcGcfPvP8Bs1yy1oBkjTaw
rMI9satvfM3D1FnAPjHY35u+esV0Jewl+k0YMcWfSXhhHwPzctgbpp4aajzEqxpG
G2PxmB4pFQkCy6z53b4mDt8/fQcAVndjCLumU8hHnx/9aLxmPki+E2qDwYRfCVvW
P+aoknTuL++TAw7A3AIEpLyriEymh7W6ftqO3D+5aayodjKaP57tfKilofF5hBJm
bODv23dJO1BIWI4uMd6ypQLC6CwEqA6Vfvux6ZGTSS7Rum7qCwc/+deQqmAQJbYS
rxI51cmbNjuolD+1XmAXpVpyyvMHUya26RO1WS/7uUPxr5QpblX7KYi6BfWjAHEM
jvEDCcFLeXplgUZddB62juBhAyXPGgiw1C9JxdypV6rrBVE6lf4Zyd4Jp+/M2e6L
XGsNAENAlU5W84ZKTMXfq5zDk6XlkGLV+GrXG58XPOeWuTrj0IipOqOSvm0Dib7M
FZLdDtNk27j9dEqnEDXSmfiAbs/l/GigXmA33L9ntzbIeMGZBFTNwF6W4wRhwmWY
72rY6ev2G8xdgFeUWIomMlkoBRDP0DgTp8aUPft3w1S99JH8SC3NSuyMq3zoVBE6
rDU4hOr91kR/e3Ved/NTg8O6K7jS680jVdzq90TGxeJesGodRCuO5VR9ipyXnNga
iq8z/586s8yOi7/UN9wHuWJgTMS15NgaTttIxBOQstmq1i0N1jrYNfkDAeeWlIvj
hlm4tU7AtaIKoMiDCW1AV8UXT5HYgY9Uqcf1c8Z1TcXScIMBdrW4hpGxKqUAE6DQ
1sbcYFYrqhatwRDD2ftOVtcpHDIMGcMDdRDzavKfqSXLtSCMzzH+aKMmqPNuuN01
nj0NDrYLgdI/IpMH9OHKAjBun2iaRQV2XRGfcaLtXYRsEJSBfRHffrmk2zXM2OqO
puM132fvryDlW+pPQe71XUymycpP/Wh7rgL0lcGQnNy1Q2GFuqUGJTJZub4F6KFa
44rPRBk6nbHl9wtS3cW0K+6S741dX8PZMFp7nNefqYLDhirVnNUB+sj/U03zrlhy
qay2Z3Bta87sUM7EljRIZCRJ07YBe87jbWkvZiV6/S+LQ/NeQNbCYcpakdApQsXc
19Lsp3jorDeFedoVUMtPy9XQ9utQjWBr+H0ATLwtLTEfVYL04mlQGoPZfPFKWtUK
OJ3ARGUFbqApNwZ9ADKg9b+ER/+/cjvD+aYukOFRLLidBe7C6ur+K0GoaN9m0m53
j48Rb8IkNGCthmaVKmPnqcU10MqFoAsE5FCGNQ12UtqA6uSNVVoaRrbfV6hrENYB
UNF11Q2OoKbesgjG5TQbvBtIlBAYwPsmM9W0kpSx742cLfQ1e0xXMkpBTqMCOrI8
pxDQBtowo5UAolq3t5j4ip2ZTlKIkzgA+zF/0CdnARJGs+n3QJWyMenyNRfM5peL
jQNjYOh8uF/38nVNjrKXnEpYSMLAbmTCdoBPclEkQrk1Gr40YE/+LJZA34oBLalQ
Gz97QUZIlFQ7LIZyaTWszAcOnPbfUaXS4KXiyJPB4Mrj90dldVUsCG0XBYinATkd
ljW+FW2FSE7z0LtR1ht7aeRYnUhQfmqyR1fyIdas7Jz82B+veALqW+dH4PYElx6e
XwJvM5pH6R6BdHgsIUZD2yia7PWQ77Tqmapae8XM03X4yaMku2lFPUHOvEO6qn0e
/+7GVfNh4UEwwNHvAfm3eWFxpex43DR9jRfrL4dKnj47JUYUa6vW/7ych9WrCzmE
DmN4r7vMEnmK0SK+JQ9cyb6JL00VYhNVY23XAL1D3TnwT2l6ES4mOjp3aQSyUG7c
TvUF8ztIS3/oGBJ6hkd5+pecIrmtvY5O38itsvtdvNACs4JGz1naNFrZayC6ylm6
MF7Azs+VCtTsHHDvCKZlBht+ODvQV6Xe7kFRVPCHok7y51dhq4whNZJ8ko2IMhNG
8txS3VxAISxW7AFji8Q4Q0ouuOFE9fJHaQwex116y4oLjyInJLVjHN57n/+69l3I
tLY9tzy/Q8cfiVImHDZkm1BZXq/r23YaDP3M9DsiXQelBtrgYANK0wxplxao8mm0
tvZdixEorh4Gqub3FkUbiTtu2UGPcDw5YNEX6wUHor0NVCaZZdi/bGYMkjFLgDFz
2my5tBSvR3ONtrXzhQEDjwmoRu48a0cPrrCBdhoOUkZdCaY0KTQRMctAWSfXBvYA
dBCMMSvuLdhYdlvFhzBSVxFHqABcvXEEdPd6qfyjB/6zauFwb0bgQPSWg1GYJohQ
6VLKJavq8Zfa3lQN4WLnPr5oSRvj0N8tl7mhEPq1N2Va4ipVJdv/YJji9uzwAZrt
XCcbK3gWBne28V9uy6rL1pAnvIharGWmhVBhLrwTuMKuMqWjNkbJKv0UeQNf/IWk
a0jH0ss0nyuIXCYC6j6BYBqzYioWf0hdgYpVSPQixeMyn8OREjlzqJACipB7G3+x
GX7iQcSwm9a7InfnK04ixeN2eEZKPbsonKgRz4itcn2IHjoNKA7hqNQVS4VEqK7n
EwR8hIpTKKGEXK5b53VE8zJIpPR4qWvmJyH4jGIl93I1V2gRYUQd2jNVpfkQkofV
QTKzqrcAjf6Xdkl/5j4knINuk6nxNvmFoXtrWTfYZt9WMJvcA7MObaAvuqr9EeXP
DOTiXfuT5MsKty8p25N/7LB7X/55HrjUs+3B4J4bYABLNp7U2ON6I0eb1urLLKDv
2HlbMNdoQGVQcPPd29sgA3lud4bw5tIXpudT2cywp4lfsJmMz5HWJZhqNkMDrNLd
FHoQIlLtVXWXLWLXFK0hj2EUBXjXBgTuQL8T/yjpw9frLJ7/41F8GNMMOgy22TtF
0Oj8dARClh0DBSIOQZnCraB6tmYq3XmI1p14r26F1jTmaM+rsD8vFauCAAIRLzGb
XmKV4udl0PGGzg7/F/n17n57OMgOnZeDZkc8fhcATHP4SfF6Afvei29WAhGX5Lky
iQQa2nlJt4/ZaavJW/MnMJFmGlS4QA7LabpASSVAuopv1BwFndyJMl1zIF8fA9uo
Jr1dOY0hQfVN9DIdi6Uo8SMat50wyUOh8MdjHub7aqsrhj50xuvf9Rxvfojc23Ow
puTxou3wA2NgEAVZu3OoPVCCJWwJNJFM8kodfPyNirFSNHxyfvMdak6bXWXVd9Gi
OVImwDpi6MW2o/ggOqVd0K2LxS0AAvbOlwgddWMhXL92xL/AmPBAoitU2WTtgxQK
RNAMnk+PGCLIlRK+wXc95y6E/ty4371mzMxHoYV++1nIA4BzTadXsSHUQ+j03Jq7
3lymA1qzYvinQDMQ77amFdPTUfOTaHeRfPqQSlK7cHLxxRe4LojFyhpu/czFjm40
TEHL4MOaULnzIwNZLeAsFC2zVGzs6q7vch9SmzbBfM3EKUArZFKMtrvpLZPp3G5w
Ba8hOyYxhoxBfug8j/qnD7+FU9e815NvDlMkHkshhLnXOFfQyTLD5TKt3EaC+Hzv
cw7jAK70vxAe3YsD8H6KtYVUHHsCMquP8lt+2d/F/P7OFPhuPc4riEAfqeQHbg3E
KPFYx8UC+BVSv5Xp4v72bjDZbVoxAWfjeh3+q8rr2pRaz0UtqfvXyW00weVBb+t6
DkWn5uxVuxgIv58jzXvhm3BFJM8FhLoRj80Np+Cua0Gh06MpK5Fxwkeoq54HisBX
E03LHkaKptsIlEfyq1OIOfm67hRARYltyoWcGiAUtH0gdW6zNyiCmxE3OhzO1HUy
hsli1AMiYUSxQkNpF4EwvIjc8On3QyBS1Ft9bCE47VT8EMqVARNZt+NqxhH+PjVs
XQduT8OFF8J9hN5QVzH8v1gIJh/J9tiFV71L2e61WtQXb0/8Wfg8gAumAFavQdwP
JyiOONwlFlxoNc8jZ0O26xpE9DYuHGLKpa3AERlxLpWS4vObjTO9xn3+Sa0ODpF7
UhnDtqbkwmWRz2EvdDCsncHkEmvoiRsr8hP9RNCeG5u4J9MbyTJ1ooDFE7BMCjeA
slSIeSDvDygqhMAF3sufxC+DJVf/AmpyxRwLlNIuAe9Kdi7tIbg4h8PqcStDuBlm
yrbI9fhGY9WYVvxGR2Erpym2gZgNHa3cKz4IZ4qHSzX5DLxqe6L/X8DKk9ARcR9K
dICAPizsTgct1j5f4QR7d7D4N729dlaVvxj3yXGrwYUh8SuJJV5KG0p3HzLaEdOu
xcnUL+8Ruq5YZu2xqTJnfqCRyBJT8D+9Vs1CFnolB+UQN2d026gvezfUBUtQ4bEP
i01qKFwZUivXoNeB7y2pUijRK+7tiQLSl4ioSICmLaUikr3ZKnUZpHycxcgIJ5fI
Z2nUAgG6l6UVa+5X0QmK6lzrN+3U/93KU4R9It9thPTZkvaeDKC+v1SdM6pPE3ge
Lxg56f+sOvJxVQIoGWVpNqLoHX1Xb2D+Aj9SQ9Ns4ntyt2ItGooB/U76n7XFJ6u+
XpTKOnXWIbHHw3L0TYEAiJ4IJKMlgK6925XUmG2oFahjZzx1RcEIfbX3eQoAWfkB
e5KDGkcC4a3PpHckHKaJ09clsVVjauPGgz6T022y6C4xTNmAkXBWWoI4HaA8Aur2
ShSUfSW70vtkPvzkv81lsg/j0KfUxmQuuFXmGDuOH6kKOC5jK+iu+RduI9KKdicA
DVs9JC/QmWnUb8soKh20TeiPDOOXGQedRGBQAIFq15sk6PhpuM5Dfu1I7RKAjnOT
p8p3wVnJA2aSv2IhHBOmry85Y0/Yu4e3pLwLXdfGxvC+5Ri/cAP/dM6ciy+Ew1Ud
/l8xWxTQvN74ZaPOoFg6clOAxIqveRYSG3C6xDqaFAxiW2nhnnqoU6fxqs2kmq5Q
k/+/aE1kbQ6qOsJ0DEcAgA+EXrc/kGHx7tzAFHq2uuMOLfm8HbYM69pNy/XLo/GC
WZpx5CcuOzlEi1zGgISjRX0Rkf35WeLsPMOzmVS1PmJbySRkXPMiP0HNshaFN3SI
IMlCkEEhoCjTMSzuRIjTrjAbv+7A6cmY1Zm4py6EvmxXGNN/o+T/1OzkprgdVCSr
daF0XUR57N1pV1JqMvzjU5R6azigyR/yN2eVRBBJ7EAoYVxxWO1Erwivyj2ZJK0a
xeLjiXjTdSG81qZ46NwdBk5hOmvYZaelBH8AS/GGmI3FtaDEIIMcLdWhnZ3Qash0
8tFfAvJp+552GFJU3XQSns4br2Mzo3f2Lxhv2+c7KNl72IeNf7AyWFKIfrf7yqMq
Hnx4nbTxk7MVgH/dNk9VZwnVzk6sjKercGTqx5izJhI79onkHST5IwXvdT3AmgHB
ewyCP2j9KcLf5bE5UFItrJ+Sjepx+wFyxCQYpUpeCcTFGOiaZDdoucaGhbSkiD5I
KorbcdU1NBGgJRLsP7Eer+9FUTiM4kzGfwAUVH8HQ0FNHTErem+5wGckyRN26fce
S250TCkrljB7VbgxeeLzXRm72ox6hE1E0Arq0ejouKIHmmuX4m8oZFRkDvnFtgV1
BHg4MHa4gnayHKWiUb+gDA2df8jQm54jyDk0SQ9pnHM6HpLrErKhsP3FEX5u4A4v
EdJbXXQ9Y4cdwhUFGvZxf1EQ5p21urRjjVKWLU+7vkujLiZI+2IklF3vzkHyxhSx
sZiVsmTDsE/huqw1SjCtYj+yn/saC780nTwDWFtO1lCFbw0pfgpRUuSoLjr45XkA
vadPNb1M2ZjwYbgHhI0VkhsBXwJ7zKo6vbZ5MuP6X6OQUu/fGwhnAmjrviPCh/e8
FFgPSBwH6qI+oTZGWVnrJAqYcEkT+ArBin6tMU0s8ojfQ2fVz4OtJppgalIY2IW5
x2SUzlXAuilO/9DvXOUoCssPdNUEPeyGKoJkpfbo9njpjJ1clHed1GZWDnOdiqI5
vNiqJp5gIs3vXQn2qYxLdkmi/eyb2FgdhAClTUDvqmNj/VEFTUCuUSZI6UD9ckbT
tZOAp2DdOWTKPb9LCBYHpvLtfO15YNcbiehQvS+iFey3wAck9CTC+BllpKiKSvPc
52QrPg3QUiQBxbenFyRX3BScft9Sc8GLqoqAPSk75owFlZsYN2s54DwYuMfwgZ17
RBlNut9+imE3HCyfWbpUr1/X8Nux4zHVw5JJl56bJNHe77ru+43Ip9bhcVZ0XfNW
Sb6vvIKjMxTm/kYv6fBjCqN2KKoAqWNc8p4dsr21TM9pv9g6z76eGSV27v14AV57
Z+3stXpFExi/0frCx8xjtvsAjwBlTQANjL3yYEp2k3q+0SDnQiz4OWubcP4l6Mmb
qGW/y+xV2j2q8fNMlUS3O+ao3r6sgHyXQblIImH763OHiB69EZumlAz+HJDI+NeE
JrJlh/Lly3K9p2551ztFDJAtMt4UPDHUFw/orTnL1QZde7/OSazHFwUYT9TFnrro
au2B6l5qjJy8y+cI4VjN6qO7Q/IdKaa4L7ab9oxi6zibSUxpqh3xCpthRBCtGOqH
33zquuZQxio04m2ZE8yQXobFHb6JAB29EtD2GVo217FdwAVT/4Mqns1RbebR4/Wf
RDIyFHqUoajC2pj5ozmYwjMNwgfMXCtK+wovuSnDtFAEiKh8VEwmSfK5I600BvFX
r9VGg1ToXaSfyA7uIM89ZMO+Zwunip0FL3aBtUTCd8eJqn83b/q+FmxDOm4BAKav
MhZmdDZDeScbiYUIpPmsN1TRlcQFefupQ1aRpQioyYwKcvJoefnKLJon5coMrXSs
fnoQ8S8XvUzWPeUBDWE0ldS3P8Om4YXXn5iPxxYQwYBRo3Jn1RZYhDFMPjNvb4rN
Jh+tNW0UNrMd0Zjt4GwsHRqN84Tto0YIZdieTu9wsKg4JZUvh2wq7FiZgw97YPh6
/3yZkjeJt5V7shTnvRCxROunOIB2kFbZZwYoXVZqSOomDgDDblddlHMAADjj/NGP
Y0U55atWp9EsPGn21iXIiB+Rb3GOWlMwjFhiWvXl94OsF67LhXrjLmCGIuus+m2B
W3ZXa53BWSJYGX3vLKE5zSVElGrUHKZyaOYBmUHvrnO9l4HLezm5gilA2ENqTzoU
BUOmDZ2Sx8ptLxXDIfy8TMRzrMkfsEfqj++atqWeEfk5uluuvdsmE1zBfVnFSqu3
JYbG720bYEPaVP4SagnuYR6ODSHEh5UCLcVSB8bMN98CoVRghdb1RACS59uavqiH
0295+peCvgf71MPceHhc+yQnJaFiI6/uGnzD3Y0kInxQScIWgiOrYKRZTkSzJJ7u
stYuw0zylOFEob46Mgqmmaws2+0WNqOmXE+h0LskbZ8BV/e3ENdPMMr3u+f9Le6V
LNa5MQQR7aI/QqNwmXEKUjcTPLm9lLIvKdw/UYYOHizqT0uKYStzKhxSC5JN7F0p
GJX+0R+DD92r8LceLXn2LxAXOLNNOfutsncRxcLVOpJ+kUbhxt3XVoIXqCOXBLs6
RridFwJxD+KhED/5/hzPusSA85ZNvAtRNr1oTMiLr2k2ONF5vs6ojhFtnbmjaqXo
aSQ8EXtkY9QGIcg+E7SeavLmbDc0a6tx56aBdfjw0bpSGYHEKpCJUgWtzza/BvER
vuQSnCSqqIJEZc+TmIiE21LOVc/YWIYLT+ibxzVzFyKVY/tzvNc63ojsUU4rwVcj
91Pb9Ratl4YXQh9ptVvel1UUwwx29KC/2r4mb48QpL/ClqXEOZhLiAwmMZWLnctj
G941OBpk7KsV1HTeqwQbdNAORZFiNAOvkDbhv7sP3Gq24JE2SKsAfGZ6nnHyrXOg
zI0LJG3aXhfUFLBGa66nKe1+PrvUtuluCMnKnBt0dWwhDhwNWcUcJqk6ZUzcGJ1p
UH3NfLGwNqdMB0fFQJCS4UG/izi1lyu3jpvggL91tD9WRt+5ADMv8jrcg1Nx3ScS
kNSove4AKIqgp5Pgzczq+hJHdnU2bP21KFzzzkapg/HO4tfV+EiymAxwAcAiOMbr
kuNJulfvAP66chDZ/byK0KZdAKFWy9HBvu9hw/QQB6AAQUFnZF4dKSrCTrtnM0FN
V/4OG4M/zeyPPWS7SeLd8jJ4eL0NwAqIOT/VQP8kxfVVJbvLuYZThCwmSxlZqZXi
sb4/KuqW3e0HYQmXFaAT/lAmDEzgZMvGvrwaxyoXSwcuTOsSNj24OpCQP6GT+lZj
Roz2IGMjjNbISC2tfcaq00hxogwCppM0KNPx3GEJw9hK7yktR/bMaAYLr5bYWa/M
omX3Hw0GtnMOz3VauRs1u1sQq9qlJ/BuSg3cu3FNjs16iSNH9AVCBRFeTsUG25AI
8a8g1WgdnWmwEwP+9iv+WgQCaqd1TaKzJp7xgnZfkzTVRoNFbjUInHy5rMNIq3HQ
REBVj3Mc3MPs8aPvDA/AIXxWdHfzFVh6pdRvKjERL0aHJwj9dMy/yxWLFS3ZBr9T
IdZBAWKKNn4tjYkMaAkeusZHa/qzjcJRJdNl9GQ1GqL51PxIKTavfOp6rOAoUFUY
gmSv1ah876afd0ZxAoI77Scbz87DEDO5ehLcp8S6RIwxz7UUaV6jK994h+d8s5XI
OU57Uzlb9yYRE8WTTsvpPOGHPhVKrv3Zp8flbUj7XZbws/SCBUxAxqBB98pR65HF
jIdKtArcvVcDND9legb27X7hYE2U2hT1AKnD80CMx3V9xcGTuyP6Gpaz+Kv9Ubih
SlS0dZ8bGKWDVS7TCukVakwTOBP2x8+OrrkygXfx2pab3uRiNP8xHzg9hCh2ZP/Y
rX0twX4nC6QqSSbiaMIIFPrRhsIiVdonmng3iRlEDzMUNRHcyzapye6Zzd+LLl5j
rloBLPEA9oN98z4ECUX/VMPY6TsnekrdtKcPUCoDNnE42glpyZxIDm4nPFwDuSr1
IplmGtyrCjhxPRRr529PkTRpW5H/TTKqu4B81TdRYpoZGlOzAyveMZAY2DMjmTqu
9mp1FVU0GKGv/k/yQebtULX1EB902JU7X5JoVX83doCmJUAXmooaMaGH8IgX+ZUJ
vs9s2SskbmlEtb+8bIvnl2PQcnxIhuojUSlIeNMBGLIB+gEAmchD947WNZ28nFvr
U2oLe2tuUQgz9v714NFbJne2R0nYMdSCxfAp90T4B7/MbaP0bEVqSxshdnf0Y6gN
mQoKN1/n9OQF2OKsgJVtk+1W4XfsZ0XR+EDGVI5ArT/KkQnHgg9IPOg5rKDU18kY
5gPD/R53BvNKT07TkCX2DbyL0bCm6zHc04ocExObz4n+5VWO6alb6TyfwLEUZpa+
mRvhGRUmm3yZxzMS6BNCziQpwNrt7iVEjz0tqQMdsqE1P9k/xrCVMAyj0365daAr
Du3BOn0ky29N67ZnR8D91Twywh6G/sV8n9y9BOXS6VLVlaZBm4swrooWWuKIb3U3
aSmg0Vu5Am6YmZcpQYdol95pCgzjNk+S/r/ful1EHxva7egPLlkxCM9LRJ5WI9xz
R9iDIQRvBP712PgUfBPtAHDTpUzGDVgrPHWZA0xkPsaQeDolC1FbLjvMJkw6GtIU
ZrwllHOdrKaa5pt42Wf7spBpzX1SEBtecxLfYkhnP/9w2hEG51tedJGg9Eadt0O0
67+sdXJI5yGPZTPW3l1S0q9TY1vEI2/P8wCAGP9PumxaK/zFIuw3uyo6Ber3ZOmZ
tBcjvTfxLkqtmXyJC+r3TJeAOP02L3TmTAIAE8lwIKN2wYecruXX7HxqGc2lm8x0
1w3P98sG0AHESnnrA/5yBW7jjlqrqr4aCnewLrrcGbotCy9DgNad/DdvetrtqHe9
liZM2mvbLaYi13sXIjKDuR82gBpTm81G3jox1srPVQVZ0qROlBupy48uvy6eeqTp
Yg2sneEzHgLv3DKr6ztqpIElxstou1ZcWsf8b12Nw9SUJvKTbt/kysdCRxynBBP5
4uFq1G0bL1jRWqX9gt3gL9HHZLjJ4L4/YLaLAikoOZa3b/8BkX0jD+ZjHwM2Ym2d
2TS9m0yfF7FtJ4G1QRK0vQ1SxKrqAykoZA4+KdL7Tq3sGUDvjzjtXxb7SUn23PoR
CNlz9ezjiQjaq/FSpvV4ArYloTXUGKl8CUC4NOcH/GwfQYruLRpVush9bW/k2l38
MQY0/KLxzfhGlLLbXaCzs3GAhjdSgJP5LD6SUknn/8nICUGf1VTvR69ezc+MB7C3
fXII6RfPYPfZhlOc0WC6bPK/VgLKOUp/5uugAK5B3TPMtEotOf75A/UriFnrRVEp
o8OEjAV10cuc5CZQzQ0eCnMMzkcyng5Lapky8aRT8TY3kVhWHYlVS/02eoA0PkVg
DO8+ZkrhW+BrxQwN4eyt9H61OEGpM/bW4lgccpXvMu5UK7LnM9rfEUmpOtpb5LMJ
n29tbxDZfocmzIZ9Gf0YhK01P0/Tt4QWfnM5/R7k3yByd2aqjwCvKhpr7IateURV
HuEbcrliPGuv6rhOEw7vXCcUb9NYNd1CqwNfmf1JrgEJzSyN79Ymxa0IGAcrZdL+
73341xOsAilYN/2Z1wtpoQlvQsbQsDa5Iil8elLqQuthWVyz/BNtRbce00ZAwCaF
Xz2iKYCwQAjincWTeq0LB+N8WvJIx/2JFIdZqxxtdVLPbFPQIQVVlMvGZ+L+0KjH
oIHo5KLOSymsLQLa8TOHEqKmPFalxy33QJivQ2YzdTw1lz888Rb7uGmDwtm/jMmj
I06z8uId8cFwpVXmMDC7MqrngjDLwbm6g01RVN1y07K1RQm4v5kT5JAuP07cPbGW
8MTp/KscSATWucLZglq+ZCheYBIM/Kj1lSX+iggIwoko71w1a/PcEIoagxGzoH/9
f91J135cU+mMz6EoEId9i+Jj5F5A7aDcxaoj17fg1EOWHJZXoaquMxbDTKiqjifK
edj2sD/jICnMHCrMUIunaV7hpZnQhoEjeOlYuEW4d+3jR832hpbHWQbBCQPfRBv/
j7R23LyuwVjVBcAhiVKY+yk5lloPbnB97dho3gF/JZ98ZBbbf1KLxZ9/CLcQ1sNY
+ONyh/NKoQHB7A6aUlr4AftDyMZdkzkXxiTZbUB1SNotM6InBf6VN4DBrRGk5Z5b
Wb43ThOiJd+m2j/mX1FseV+EPGFvZ25a+ZxnF4eH+xZjfYxGriHQ2p/GePReEIjq
FUDj4Xz2rIbQ9VSCOUUztRby5Q7fjLvoCbuB+MPgh0RxLQp+AFpqRHWiL6/Gy8AK
OEtKxKvsvu9lnK2PMg0uHTjTVIZH4tfIbYq30rL5sq69NVjstgv+pj2nPOYNtUq3
xAWReb9VhnxQuirGH1gN5cPzLC4j/nTJOV/ldkEKprDALTt+qnfU5HFY/55Wx/Z2
meiL85wthaeA6I7bXtUR6zeXnW2YjAAKzh2eqAnTwbqBss4V8PDiEWkcHfdyqlNt
G4qfr4MgdnWd3ZGrnBDb3b0dqgELsXRNqkpOFhP4f5sMUYyAlwK7VWslDtLVt5pD
iipq0ePFTMaD6qe6uYT+kIefRq9TvCFPiAEtJrTPB/AsmFkWHlXpRyTXiaJkBtIz
cbzHthSGTQMOAzqiT9rRcsDJHVoqkmL+X2dWzb9821oHF99vjzmxk77pgid80NFo
4tuk0368Gbz6qv+AdqeOZUHmilK1c/qwkOTsZ8I8nK8DfWjGHY+mctz/zfoBSkyS
bGf6GgqGR36P/ROulQyfc4VEAXr5fFxWuJg9jJH999kctU/Y9/yIxBu+W6W2RCeA
+EWzT1k0WP96a3V0BW3kCwp9s45yMAOwLrCweXK9K/2GE1STZlgmXSR7ATtTv8x4
kFQOQ9EUN8JQYTPyvlRS6sz9C6QsZMLDqNsK5ihZYH26BJoF0TVSg+S56wxM9yEV
LCe601ZkS5v/XH8qUwO/pnD0vzfXkqYue3Mqkbhd4b1szLBRXsg5Fqo8uGl6zC9M
NXaysnNsZkHR+ZfFjd+Tk2QrWwIlFleCe/4a9+wYJLtEfKtp0FRYvICdQy1gQe9O
xIZGwGRHWtHxSkaqqfrC3f1jz1nQhsslsKxuQ19clIvVPAA+ds6NJc4uaJf2Ai9Y
7uzuXNqYt5jCib8peP8B8pv2sAr4KiR+G2GMM3U5NEhqytEHryeZn4WZXtxxejZO
7zmre4tTnP3+w+IhdhsjIv6CHKI5YnRuVvGgiMBmLR23jFtKbySwJp3DXgWp0JMA
Pl19uPE+aOwQsgBMGOGVA+hIvdAw7tYuemnr0JZ3S+g3y73gki85n0aKtLRJf2qI
zDzpngHNlyYhxZ5H0IzibZQ8kEpvWha26nx/RRt2DDNPQjVR2EieOBdoGL7hhmJ2
qqC+7GkDM8RUm1mrGrs/7qIIygJJlHLPZsfjokc3S/snQbWhFV6fIwvg7BhxoODV
fIT+yCQPHvv5r/r3LWWHDD/QBY28VWYhpLTL+955XKP83egOY55f+bEs45fQ7fEE
awKrnir0CL7rA/ik6zRb6EjEztal5Az5y8CX2CGvIYvhpUdmrbFX7uLXpu0qodAQ
BGYCN1j2DNkOZHFqxcBOlSdHCbSMYMw6//zkM13MeRpmr7/pdihUchS7vqs8gX6e
1OE7DR1zB7suIwiC+tRwwvkESIDGkPWLIaFmKfqczz8QoAbkDMIx2uAXLcliEUn3
LpYEnqHYL87AilWheYBI3bfr6ckYdRe/30w9CAB7PZE2Ake5cjjJxvGyVLSGqEuq
kOl/MdPq73T5nCqx8hVRE02DMwQ9JjG9j8Zq3P2gVywu2ZPpKDSW9en++wjncRCz
yGIBtYcu044jtFoFPLhzmCoBgVY2j2Dxd0He5z7aUhOweaoCxp+zC5zrK+GotI49
6TIIGLfEczEk0HJZAPaFBKEbhqj6iLtwxcKvvYVZJ9ZZRRbxX0UmyYi23hTIO7Pj
4EK0OZNc6b0Lm8h2X3ayvKNMqYgVIjUpar/4wwTxPMBm3veIsd1isOD+CEjjONro
DUQa6tns8DY1JvWP0+RIaa9IkZ7BBo5ITSLrsCTFy6tmVJ2J71aLDUQVHSI2T0x/
O+TL0rLc2kb8w7KegvP8GJ2wjwkmBrKYL3i+YUtGUnaydHMXko5IJV6I0wfmgZPb
SjP8zg71LkP60plZkRAtSB3P9e4tFwJ/WueqBzUi8/bu1mxNSjhUQF4o2bONT9Vi
0A7fW8Uft3zb8ybB3FF+A2M6wvMteRqImAHck6rF4MopzNx9lGHgeVRoZzlvE/FR
0pmH/RKGp/d2MZfN1M8wJEaQqs+iclg0kbsfStYDtxWhSU8w9phg8Xg3zn7Pd6ZY
XXucFjHZzXUrGb3IR2ptA4JHFc08Rc1fY/Z24SSKtI6w2bq2z9JLiHhUV4kFzRDm
tjBrQljiX9LouC6zNQQqOyn0TL8IRuEaXI7jx/wAuxZUwcauNS/nkIcttLkpLwn4
St86wic7DIAjOBskgKJdAaIFO08M0dnVTiM+bFGtbUgg0zfIiq/zgjz0CqHfmZSW
5IAxYqbL6RM1aPQIg6Cm/DF6AEMdlKhTHNxuVA6/+AKTwtOpJvLOFQSKTxHC6w4d
6YnM/YEj+8l8NKLm7WkFKekKPdOAJYyT9itAlb7lj7LPeE0pGj81XrnsKIoTuONE
FUpS2iHMjh4637TSAPIbviYVZ6r+EUwlXkApWLUQaNlA6mjVCMkXhQPD2pQ+bdkc
E3ZQx7IoETPYIc8JZ0yqrjnDpUp5MchMzOtHHcwchnA8rTXHaCH55MvwnoQTRmYt
VuimSJvc5sNWR+DjOqbSwc4VeDbwiC0F4g3d53lw+Q1Yo7RjF+zapQJcW0tRJsnH
FVAOSj1LFV22u7rK4bDh1gFuaWHw5ZA0nmoHXZhqHFTlC4LBx4Pm3UIXZ4oyVu3D
D/XYj159zc/SnNCppkpAKa2pGonEDw9JKqQIzFw2+eM9wy9WgjqptKXvJdkG6rFL
JYpOFPLbSeUeKQRADKlsV4S5c0i9mDB/9/3/iRgkLbTNyeBvRi8iForrndCqA/ce
y5Hv/TztyBRFLc4wuoyGw3L5G0Fa+CnMcTkqNuh90+/vDlk1BRPDuem5AnbtMRov
FUzQ/6jsOYP9i5IYUxbR3j+ude9LpL9e17sJtq1vsYX0cKyZ47zmPVM/JcYAX17V
KNPPXtPj7Nrfx1RGR4tgjFregldxy+nIluPwzQzuRnF99yciNB2vLJx496spIWX/
owvioh40ZIOmBsW7dZJwqBK8Pwj5SNhKswNsUMMH3RhZ4hrFm8VpnqO2AoqHaB8z
MUgawO1ignTIl9jintmb/HucN+GwCIU7lO+1NrEBlG00hljFJgz2TrF/HkABdJUU
BDOftDz3UHZqelFDOyEyqbT138IL+0NFbTbpYosbYRQJd3Tra2ugZELbedBTUBYm
2DiMhiqHZ2n8fFPZZZyOK/BEvWb6j/hxY1i8vpA3twnQBUWyWKnVaRWj7A2tRhF1
9zJBTQ972LbL3p2CALfK3tULkXA7Gb9wzs77XiAqCMzGgYLWZMdGI2A17uAjxbXE
GFaywtWUduEVtbcpRkcTr8rqb5nw6jyaiVyMEzO+EfWvyhA607qS0hayB4nARsxw
4nd/BbdkGFHjUDDsxe6Wg9Blo6ILhOIt6FqR09Wy/RSG6OXtq/RG8ssWTfVlsjuB
lWV/exzB9uIPpombCvk8iTjrp5tgUXf8sz8Csbvi10MdzLfKPOgrG3uo//lLNfgJ
doqhfhJjQ63SlqijN2uy2+Y2AEbxVTr/a+vfO97jfHqlFevETqNX1XX571X3rQD5
aaKj5jQEbXfXJtP3mjE5aEZadEydODQVjxDmoKA4u8/pPartSwcmrQOyF3wRhtEQ
ttqcMk7ZxnQYnZJHdLKApQw6erLyO4IAa15tlpDZYVkwxGAVAd2fsxcQsYQwV84Z
5bBfxWsL4IMudX+8n4jtaJM9wKpkw9lid+Wfc+Gzputf6v1eXtnKV/JirifhZd2k
ishRleaNDOC0bZQLpTYBkNkL7epqN4y05z2tW91z6yuIP70v1jc3OSP+8MhgAv1M
qw1t482/M5NDWSm12ZJwqfV0b5gW2dXG5IUiJzNfqhneKtAoT8PNk9fLDeU69hYE
v8zXq4xE4l+cm+J15Z1i6IDL7Mud4IBqXJ/4jV94EfQUx2OxR/rxWLEvhDnNknN5
RSGt3JgzzAuPacHh8srFF76jfWO2qHygOYj46tAMa91nOUv0/sCPly52klOctwdc
RiThjmrxCZON4JrWSF0ehYdq0K3uILq6BdEl+el50XIkOvcmEVYDxZ8gfrE8tUnW
M5vuutvVrmt5SMCrfRVWxBwL2vVOLbCFLZ+7aU0xf++MHEPwx5hOaK9ZoboGT7Ru
gzJvasFkLahlwDPKefxeOXeA8yUaCL6ATA++GnXA3Q8+kBWcakM6sfS2fNyT4UGX
Qfm+3orNUvuFdQlQzRf3PVY9ztcGANxpcPBT0RgtTdy7oL5B3mzSgBJkzCoFutm8
C07Zk8SDS1qjzjEGrq/iFPx8amVEh010djN4llzZxA0UcrwQjJ4i2y5+8MUlQ9j6
1+fLfyVFV1ZoMP/omR6IxUVDgz4iVxne1rs9/1ePpnSIyATPwF6h7mJ/EaB9053P
IFJ8+TBOK2wGz+mewDZllbBycG1/jtgtfVUh17BI3y8u8OUwKR77zGVn4+pj9xvp
cplvoH1eXvLxMygMO3aRDmaEio7ahoVUS7GowyPbypVaR00m9MR7fxeeRv6TLhRZ
X/by5atbtRY+3fasRKq+qfX0dbB6i13ijuDkUjLAionR0f+02RKZxDwJ0l9bix5h
WgIuwkxbDXdZblwPYyBWtID8FEgT5AQZV0F8XpNGq4jjmerZQCuO0RX1Hc4CHEYv
EU8IdJEFK9YvxgOf1aApztTebn7C26s20UoM2JpgDyzALVvbFjBxpm/Z4VC9QOFM
OjLNuyNWmlD5hEw/WWkhWXQjMB3n0U1QifyLYWoRidSBwYq8yLyi6uGJ8gtZKiL3
+0ONGJFy7fEez0kgILSESFh71wAcyVTYNgfxy6CtHaJ4QjboMPnCNN5dPTFmMUqg
6yguCaSEgxzUIoadvhVnGMNIwm7YMt4RPUyhxKzYE7qYYHG6LedkwE9UE4f/nrOh
BQhUThsAt3dvL2XlmF/Jyy2UmUySeihuVmXhTuCA1KOvCsUzphQ61FEg8NvvrQXb
cg5uo+3UWMORnOweoaFvylvh8w2PWbHS/0ssB9ayvHSnmSi7qgH+0/tzgTXe2WTl
yC3v+I+oK8BJdNQVLZbyjDQ4UBNiR6hOV9H985bipqYsrCpPP6wwuy+8AoTh4veF
D7nuwUKARbdnYMnG25h6j0z/L3vG/jvP7h/QJreMZruMyxSPrqagf5Qyu8zEyi4M
/mE5nHizsXpBeU5Da8Hl6yIp+uh8fEm53044SBidtVipKL2j13Y0C9Q6dHe6nNCC
unpGeB2V0wJa7UMUNBU4kGzsEqw2v5ckCZ2/ZVkoC2PpIha26A1yRYkUQTSNcpq5
IUftUscdMANtpbPIHNGzozsVG6a1SNfovNyL0hHjfiRz62tVv/JgXv2JYYKAX+Nj
S2RDMgxkipls7Q7gQRevoFwST2O2rQgbj+QMJ5sTxhkgJY0eM5td4EOtvjGgm4HI
GZ0TIGmWcNoXbIHJXzepkSv3RnEXl8uBEhkmz3pmsApqKVQwSX5Kig7y8TiUEmMo
EvLEFwYyswmLICJmmHTgcpTcI65wP3N7y4HOeN6WjToYMe4l4EUV7HfF6C9m1AfE
JxAqnnHsQKnnUt40S9WpR5hyrsO9nA6npSlJI9f6b3auY5z0hcpWMSVgPd46M2IX
ArDTBEcrlte2x4+I6GKTWrlPa1EM/+zMCLdhuE5VswBnPcFQ9oxCPcJcVNwEKHjh
zGGBDzZe6UPK0kTvK+M+nJxrsqBfRoeRxaJSuNDcoIzzao5gQuKiiMDFdxf1KX1n
DwD7WR5sQK+cHRSZc2qe5N9ylTIrn8QGsQ2cfEUxdPVUyeyXvWomx5eJGXqSmKq4
3GfV+dmhcSJr8B0Amdblb5k0GJvF7+qdllANbW8Tc0qkaxEquDM9QSLmNBtdAXj6
jwF04Sv4COrHRZCaE5BoaLjsIX8Uwtj9tIy7EsqsfGNdP8JrKX/hbV3VUg5nwtqH
0q+/qnmkKkeKEb8a2tpMOn//i/opehOIqtHtD/fqETM2MuPUGWtIdyOeyzYufYFP
24XerUiIbZyAufBBkbRY9CWSOXQXJFt4BGJGXJqReC77M+1QraNo0c+achWFLOU7
r5U8PYaPTya5y2YQPraMOzuE5F9nOJ/N0OaJANhIBOC4DG+1ujzEwBDt/JFe9rQW
0totDQtRNJj5DQJrDS44dKAf54S4uTzSIjkU51sFhVnQDlhtgRJbardnoQyAE8qJ
S7zAIu8DgUj84JYK+IeoHorlTcflNYgniHJImY+peFL3xwCM8mlVaptZlSY/0j+W
BKOC00W8OWsnGiLTqde7fX7fM7N5Sd8++vp2SZyraS6hPlKpeFfsr8TTCxVYAuBQ
dC0Gf1VYJZLlPmoPaaS4296P/PJZzx6VXehI17ZqrxXntR4Y9pyZkcB4zjWMtAhC
k3gO9tcaSPaMA99z0VXmxM4p152K/jV9Dsj1JAnuI3HWzqTxSprmyrF1d6bd+xjh
d+S1R+zyYNlr+HYeVFDjeZE3ICOruuGq9D3o1C1o36QR4zxmmlUhtVjT2w0PPvUF
uRwQtZ8AF3Vgi9jV+kTXV7oFXmRtKnokksg+gDwGsvvk1/0nBgQ2IjC4Q1zr6zUo
3BBwlnzfKZdmIAKlLhM4m5zgHPUxIRCYyHLJlKUz7lngW6uSAiyJ2aF2IZ5YPWw1
5I8UOMvaAVcP5NPz2Ygl6qTNWMY6LzJoN+eJFURcgj/Bz7BShd3Xa6/chYfG868Z
wTJ1l/mnEWjJ2pD1jYejbB7BtP6QURO5OJov0QozpWi+q5Je82ugTimoTw9QeJc/
US0f7T6PWSJfMTLA9C72sV6W6UADzuXfbpj494FvuITTdV7MfMV8U0E0PoiAA42u
u0IlJZ/BSGYvRLbMEiafrgZgFNSLNuL6rLiQYnMNLcZtl1SxtEP1vjyDUjTJmuy+
HAFrnSs9EhHJDJVh5Cac0wA8MovPdEvF1LbGj+apehy0c4+u26acTzCqtiAYj3SN
rMoC9YfXOjiAvIk4iysxUCBrWwh+/d6fHHGQq7frxEKUGz7chzVKNfb49GaeGDGG
lbwpP9OW1fCBH6lS8fsQCaKEFeWspuWmPjjO9UUOjOkThI35NqOJPMDIjaL/o7Uo
vbfNJ2ZwNEYqqCWQVlktURUzkx7eEvjoxsTbVT+4/KHWcNSlA4es5zNMK8uOvSFX
TQuDOyPNt33MOVmJerCreCRVdvFwSdlqBAxmdGpwBi0H9ePVEHXi8p61sNk7aXhY
IcN56t3gV14BGeBDhyRaQKbKv6BHnCmdQZXa3GOlkuweuqECyhdiWyF0rhM6iMFj
pjxCB1SA9SNFV/gooTE4CtWf01B2VDw4AVAU4doTQGL5yC5/mIBI9swDxr5K0oD2
ObOlnEesJUDAM2L45WaQiClq3w8Bv/nznKKHF6vYRhZg2/f/SXspNt4XcLaUYBRA
mSalnn8A3ZymkpZ/wNjaqfI3NniUlPjvNVIX5KYeA5L1lIygWzCDMC0XDhPDkuU/
psCLUy4dMFKY3hrpXiDJ6rgQVGZSGT5V8rdqdPfmwK7VmB1z2uZiUny/d9SRL/EB
gzC7zT+Q1/rs7mqdjzdRoU4bkHmGyNkjNuNA+VahVHt2TSP/2J+FuoBaMvxVZUNu
lGvagn+/la2Ys8nQsMvjOpexkHaggTQyzsXTZIrgZmD26uXRyu5hOoeDnv2KgL7f
hXWflCJJ5aWh8Y7aGo+1r4E90fic9fh/oHtxWddH8i9LN0R+dlB8y3eEjs07FJuN
PajcIjxVlo911qgMfl0zv7PO8G7YUgRFUPuhnjBW6y0R8Uj/nhx7iRlv11zubtlZ
zW2vJKthKGyZN7d7foR0o2yReGmrOKr802zJmert2jsoru8+KEHfS3I0zBUd6+8z
j2XeAMIk/Yyqs7l2/DBJgF7dRJdBt01lZ2VnNl1IlNj03E4iYPXUCzIGKGh/JZP6
rLMHcxyiXUud3MyyfLHWOVk7cK8mlugLuTS3FX7VvEtPVekaO/pAcJkzPOjYF5Hp
F9kc8uuIKo/bYzLDFeJdTa1qFIwFRCqRZFFqgrht9X9lcExvvXqxwSWBxUelICm6
YxN4OEAhanWGyezWLZ6Csa8SX7qLyiZlDC3bebfOeuJRE9UPiygkLqRZyRnqrffH
GBkNzr01oqtHMAke11hxJdOrsWlFxImMFF+gxLX+jKbknOCCKBoh97MvGicOhtHs
+x4S2sYP+yMs5ArYpucG4s3nUjXHpicF9Fer0rpLxuP6NNn0l05dw4kMK3Ri133Z
mBgBTfGcTty3c1mz3+zzykY/Ym68QvaU//BYb0RLYHplmqFEfaAS53LjdCpoHs5q
+KZ1vMp6AtrF84VP2dvwjqrWRpTjSM9/NadVmCIGQ1BgE2n19wSL1ev0Bfkqds1E
SzIuZF55KPL5c9vnsddDqc5BBITS5fnMgPEtHpTaCYNaxrKFVnjguVHf0hTFCNlt
zKJVEVzrNDhqMdNZwEMn496e4hJdEYFqUZQu6E8w0Y+ozkKLvR42P3QAMMsViBHS
F724dBUUWgwb6cy4eWtkT9MR0nYrnYt3XrNiPUdQuHVQGQqRRkpOgqp0klezRdmq
vY07x6Eqcb7DKQ1e/O9KZEjtX0+eDmio/iHDh7lQXSVJnFlKAlQgWjUfa9iyJPqA
l4Oq/mwBml7kIZzer9nZSfTDjjvHnznX+2qN+uM8RV2b6d8+sQA2CigXg+ecBYK0
JmG2LUVYH2amNDU/gKPUNrPy9XD3kjVf8adZv12n9LXW/4+m4iapiO+zlLy89k+s
0GtAi0VBrDwBe8cHrCjOz6tvnOWG3bQJkjopgjhGww7NI3Ze9dZKeZqRtvBoXju+
EdKFo86LQyxxGXaYnNrcro/+Tko4jh278oktxEDlsWXVCpeTT4DJEBwPQ5vPCfP8
vtSp9wA/HMm0QmKXpmoXrTUc1nTKBqr0abDMyrzxIdQOnFu/tes8Szn4U47vTtqV
dTT9/zRx727azqvT5KLo1GV6WDT888t5XI2uCKm9IuQM/aZNtxrzG3ETmDXR/ICO
utargO7Mxhq4Sr74Xwbp37wPEx1Ss1jo5R6gYTZpReYUjttoTaTC6uThE0E40AVO
8mLQDbhReIK52nU2qM/akATnlkl3w4JyHxPllDNPAxohc30ifKeFdi9Z2UVZ9B38
sjRu+L80tnaA3ATVi3VSRNQ2j+lDS4SBDvBNmD4sk72+fy9uguEHUgrXdoSuAKLZ
IwwS0k9JqHXNJGYWAB3Bf95tuJecWdSFf6S90+1Uiw0LFZYwcQjzi34pqKkoZDk6
QsMPcIXHVVckvqeL/70Yii5Je4Lk3wO4t/YLHufCRspoQ+Y9rnQXpdzy2g7OyaVw
rvYyLcb3ud5NzegX724JkrViwcLk1R+z0iFh1IF/tOrY9Wz2FUJTCmaiamuiowSl
lNsGR+7SfPELS76MLbw5OdsLbNJt8TsYo9g4/0YMovVArtZNvUe+ceysuxLvj7fu
Q51yNUPdJi3JwGYNBY23G7IbvBokUh1QoyGF/z4D4DgvhVNVXaNxZk+ywW7bJy4b
YP2xEvyK1Iie51Whal3C+dcfy2c5UAPQmDqxIH/DCbJRDLHKH7Cm7xmA7WLgDa7I
pk+RRVf4hougzyVC9LG7yXmNjiIMfO1pWJVMr1Gp0q1JMAb1t9DBDejl5WHw8cg6
AXZ7/PBq04zQle3VfA13vdZQR6j8BvU7v0yAzO7EuZQPEPS86xanH1wl/2+oLmPc
ApZk/l6pTd6MVWvuLBmgqJ7I1u+lUaloyOJ52o/wRa/TIoK3zwZJgO4JpXKQjqr5
O56+KwdYtwPqn/88itC3ynf4MVaT8WoX+WQOrZKekjkSi1/7Ph/bknVnC9cfCsmJ
VI04mtTrGbA6ZQUxqxA9KHAx1vvo+ifqCijoSfJ1xxRH4JUmJJbesLfheJDIR3qh
IrK09osaEF+WCNumpc17zdR9Nob/fiHmjPkBw8iUvWbK4oDS14I9PvkIKWzS28Ga
wtlU5YWeqDzZjxZER/lSQ1xyd+22yC0j1TcvKBF4exHw958/tq7KrcxWwWsiPiVj
3LWhlTMxFEC+Eqxtu8XiSG9BctQkbuTfOsx1wH7W0geX5YJsUQ9DgHziOZjFUdcq
oq4CBc4+tnQTetHlfbYUR5xzZORNKghMlFx4Lo3EuVfUdCSbNmZFuZ1Mo3Bdqe+Q
Ag7HwF82S5s/w/rMKfl3pAqNHnRH139GykP+gvnf0XvR1J52sGuQ7VzTiYtWpg1/
lwlKMznRBtpHaM+33oyeaAVtVwmYxFcpiXtSi/a50qMe/m1IeoW/mNjbnoloAQWL
nQNXz+XIF1i31Bc6hVJ8IYKnwbPxUd7+j19JooxO6beS2EXkrzYDpcS7/CUG3biH
clrDBaKuqMKjCzDP4fZo9FbhmyUCjhpPukolfaw8zhlkUJK8boWGK4aRZxTbUS+d
srbXq29p4Ftqqg6INrOjhR0rdCnzjCk59CZ9+PgZIRLWF3Mig1RNDzVP/hY8f35o
VgnYGcPQYZ33L5yIO1cX1AUnog8A17ystz10/Q5fCXwXSTZiaf5OHqt2V7Cuc8c1
zt37MiigDF0H79un5O+AWTVXt/R4tp3f+OXX/7pb6r6qRAfn9D2k31gpxE8IXF6B
EPgZZ9nXYjbdGg7QjXbTY1mfZI76EWS8yUVBTF1Sx6PmA90iBFTX5TDkWHueYe6Y
QdLy7Y53ZnE15EgSXO9vPX0jnY/633b7iDXHnS/vsdqTTQZEolObjCdPSU0NjzRM
hXgABe4m8PjvaNtLllg063us/ZUsUGGLy5JSXXyKZIMYNghKoK7Er0o+gu1evmIr
oAuCyXPj/KYyjy7Ur0k5jXsrEFF9f/yG5x+L4IL+az0ltRbZm2ckoyZHlyJzOEjg
8X+IwrdIOEdkRYCOD7hRwQb2QG6yuA5KJFUUQdZt27doeYjfF0x9qYlIRZbBJDYX
h6c9cedgMw9hyfqVGv21IrIezNG7RM7wXgH6oZlH1jJF5Nkm2sDba8MpmJqQfbIu
cCzudDYPf5+qy5kyA6+nmCE1UoSb6ReSGXo/zbAQpmnb99F/rzAsMC2qZiNujmIk
2wJl5sxlgeqy4NQBdB7m5zV+gBZju45kQVZWlEXdF9VbJ+5SUeeZOn53q3jJacMS
Cx1OjTXTCV9TzQpAO0Gg0X8tcEPsmlwtfplV0wGZwvssZ1qCn6R1x03U/dbhCLXt
EsT+7s+oHfcVALeM7A8DppqtI3xMsp7w2WTxoMjoauR9SAVqc2TPkXGMIvChfVuL
6dEUJgB721gHmHwi/1HnlutYeAILwwDQV7inN7GF8woGzJuH2q38X1Gnk1bTpIpY
G9wYf6UCQq2bXrFa610sq0awRu70BhoD+xXedfnlMYDipqiGMHAEhC3qQeE9hI7h
vdCwSrm0p0NPy6eXPZHBkj0BqDVtf2+ko8JPFocwE12laZ3pWb36MMTvD0S2fapo
89RJmQSBToldKzh3Yy4VilB1i04BY5j2RabH6xbKY8sdA5WfnmaVt2tEC/zdvJP3
UWcVLo1CQvW4P5buJ8Xl6aIRfQVSgKTG7EREVa5Dbup6wjX9ggWXQuzGzoBbjuRz
JaoxcLYZ4SAh+ASa6g0+xNrMrkCqnfCsRraW+t8WAB0fe111wGf4DBnjkhJP2vJ7
SqRxvWep+up3kPlI8n+JYOdQ6g2xWZt9nJvwCFJMqfwjdEUSZi1HkwbTrnCtSvEE
aHeEsVl2gICIFJIjtkXDvgnyOg9dN7BdTo5GsuJu46nwaSocaqXqPLr5vAzdHt84
JrF7+ShpZQiGZvFTS2NzrQ78TYLwCK2af+Eg/CkuskfPxqSMfQt3pUtIh2md0ERz
OlVGJwkGpmM+ZN2lkrRmtIqQCNHICFZw82K9S8REQDAY+b/ASdF+sqgbk/mEyqUj
brEPNii48yDbpGdsZOA5pwJKVap+7ivlCjZSSPHlOs/4JmM5iQxq9dV/I5upXl6G
o+uZLwXGjUSCC4zAMXpb7Pd/I+JS4H/yVjmy5jVXre5OBU5z3kIfkpaYUZEPG9GK
646Wyqp7K170ShXvBsKQj4TUhoef0ojLidZzddA/gD0E9RQ0/zXj7vhN1Nfck6gs
yxhYpIB9YRUrvXx96p+alD1uoE53xnHwoWWuMdUscdyqlVPcioVPrixXSOlsBrKX
1Ezcan/zkXJIHby5Ft4oBDgHcAqJfcaar/LGiDrt6ORD4zwyXJe2vyQP5GjCXmib
iYp6d8PamYb6HBzIO3MCDTUMgPYSh/G0KRSDQVN1IFQgBy5vKQEBaZao6cDL93H5
W5eTcckNf0+9BL9mcz8ygvXyXZpeQEQ4Yi6A5Twkj5c1LphbIt75ulUqQXIYX1zP
zTh6SBs8msAaO01ic5rDreiLhu2Ja9lAzZRDqIIMh9aMtT50NVO4gaA1xsBnRZTl
hgynqhv2VdFv7PKIqWpk7rpUQy+Y0pyBSI8cR+09az+2XUI7VKpVnETFa2U9b1/B
ITZvx9LOZhvOWyAq51NuImadFIDSMUCLrvzrKbNRxyg9LnRR14h43JaqbEChEg7D
7IXdChVLcAimodr1o1rg2nCk/jFU/5imAAbh9pb8SaeLJyL7dG9KffPwcUxcLo2e
8ZtYoPds1zvmKwNwiVHIoXA23avmuPfQ4ifDiJA+BA6x+5+goCZ4yKzHgRVN1wz7
Yi39oSxAEKPk7zOSWGjjwbSBNmr6U+HhrYavl/sPApZFiGeCxIO8lDGOICocs/td
+wYWcdml89WOiHlGnH4Ccf+CZHsdUmqmcuQVpL6nfHfQb9dodDzNwNUp5upA5NIo
S1xIxxsYYL5hfuW295eBchb3hvxFZfb6/d27dym0APCK0cMSfV0NPXClJTKAcyes
Ma2RwmHgulUtkVH9qOVCFp4WUR21NL/J2RZb5lW3lRTRjV0w5Z4/a/twioEfPVg4
NsZvb/ca2BmCG/GDUF0fDC1JNTDJ4BLKwmSpB5KlmR8e8tKS/U04g2GyODrkfBmL
ogeUzRMpgIazguOPDCbUb//SnkwRfGz4lChfZwH7ZoGsSfoKuTmZMZ8XChYH5CBe
ubLIpx51syVmB/Eov8ImuuBlD5v5de5QuiBLDPeYpoVSVLzh6hCxXwhLMEciK0s2
Ibl9DFM9xSZiuAaa1iTwMZSwy21gPLgsfmOR13XUZr0sd9MmnhNZeVqBCOLg8wpv
9VKSIVCeSH6g6TIomyVkXZ0TzZNwqnR6mz+BYcCPPhc0rM6AdumMw16gJWjWjaaH
8STMgKaH8s/KS6cQ1zz4TIpVV2NLhEZOkSYK7iQD2oTwhDWTXKDReXjotuqmAmxI
sXkjHsMok1pXuF5oI7v27eLXVGUKafSSEgIdEflcQqhiR51cyrdknDaUsyv4s+xG
aXbVLQn/ndwxbnBTaFCxpOxLz21MaMKiNefFhJ1/rR9PZxkhEUXrgLCTGcQW1s8q
tDZKJXZdSrnP3tvfUXb9P4NbF0x59FRbeIqI71dOwzrVervbEPz82Ux1wF3f7Q0w
sUOjghVmEuFBtKr7pR9iyvdeAklQ65rJuffggbXVC/48w+zZxPieAzsGhy9OFc5/
kX/n3brxrs/EOYRKF63eYPHdRS2/rm8A2XP7ttrjQEUeOAaPUT23+QCBPArCgOUw
ogwchPP5wrmaxUmx8/ssTA+0jLrdFIrx4PgRoRSacLnc8vTXUUd8fuqFuAdJyANN
6GGoLzO73P6tYRNbqRrwtweHFG0FyPvnLOP5I9M3QpSOqzU++5+cIbNhOYYEEmEl
bdlUjqnY6zdYAgEERbJgDvPM1sJBxJdFkJXGe9g/kHvXIgu99BanYR1Fy5cREcRC
LGWAWNPFofGzxC1YoBUyrAmDHVfODa/hY0wz8kafDHnaW2CPVukQgdtBNCsHJt6d
Q/e49SSSTgkCaWzzS6hUEo+lbEbPFup/x4j1DWJ6aBvrg53aSkVukyHTo61qRIGS
rjBvh7r+WpvXZrJ2Au0B9uY6J6uuwCf+lWHNlcYXNelBw5meu23BT4RT+W0BedN6
yoJxbUuDWEHG2CtExcAWTWuKNyrJ3YU484nAupUBSTuICvt22yOEWt7pvBHK73rc
WNCnmRBuqZYeG4WOsTxik0nJEXHatPzym0xb7K0cDerF0/jzZ5nOYzjIjnCs10kl
xVWyd0p0pUEtGQEox2rP3tOVx2KMM8SI+ARYlC8zKymD784151LTYNGzO15yA2jD
h7q/iOKJsx4UQErmQ8TF7nR49kDLdi9W38s+W1pcXXiM3P+iTKm3fN9AIVuyL/mB
vYA6kBIKZU2+U5t4BVMTQWOJQfEiOc3HqbquixgROCBuiRnTsUDAXD48xTFHTwkS
JYWIh3SR//R78zQ+S37j6InyTmJcWAN2LD7vIBVMbSWli+IgtcCT37LSfyAtQnxy
W7ZZBcrNkFTHogcS9phpYjchgkr4utYbkpk9za9u6kSzMDyrQXmItYDgLj22wsS8
JWLDBSLu6CIEjzfffGJZIyWliX3OXpcAADF25kaj5fa5VONxoQrM3YZMCsgxUBad
rKH7Nw2l8RLj2yGD9VPc0rmySjcMIWB0s8rtTdUJDIIJSa/uJB1DHypD7SmKEh6/
NqJ5mE+rlDTiDrmkkz2FichwepoBDclrvpaCM19+QMgbzTFh/mKMpemTeMMBGSNt
Mnp/wGVPd2vqqnpZFssVmsnkEkPwc0nSEH3fW6lcd9pwrPxpuFJOYpJ4anuC6WAt
0EWgdUU0TKB8tPNxZnFYaY3rAHfi9qLDDobWLRuzxtmtsHz/qqQaOAA6JIlpLG08
sKQmMdWxOQiP6YOrAYt73T/oWWAH27DuoF9Aq1XbqeqGut3qbg41cLSu3PwHHmck
0cmpEHNUD2vkcFwoQt+zn1QvkufJYCEYZ1s5Ou/vtA9f6y+Cc9is9tZ80H4Mz1Ro
UTNSBHm2eoI4AhZVWO+AspPG8vriDcOJoD16fha1n3TafqkU7X2DjU8cBDcN6eSZ
r64s15fUxspFrmC6Mg2+XS7x6Nsf7UPe4EzedmtYX2oEOEMBjYfUbXFi4edGkUj1
9KCP+/PfNaR5Q/GQSXJM5vxe449HuHJv4fGhFKzujN4i85bBQG4K502Jd8jSF/nJ
YWvJf77tFQe4mExxOC8lOof8YzuulX/QmyKbMm4ZtuilehHKfua+wgAA9lU+7mGo
gFmj1y6g/OY32NUI5lgafkmU8A135LMHon+llPrhj2Rxum1x9EjKpsTNq3q1WERR
hNqf+nFsDOtRGhiSTPaYC3TVZeG9KlFbuxRtbYr/7PDGuSWY4giaxT7z/fR9RWQL
bExVuA1Lz+aPxGBWVEyjPKh/mND70oqxtKB+rHOTjsci1XcJGOOk0FemecwErwBL
5zqvkxQOko4toOsyGbZee/O1h68CHKQiwsuB2oUaW5e9gzhz1A0/ptWg+7ks/YQp
DVaaOxhPYr8ymz8HLTZzs853RsYypUV9xcLMMWzXyMsI58X+jkFB/Hnp9HlhIB/6
FdW40xOKi4YLh4hEk4u6WuGBt0q/ScN79QpFX1RduB3rtJm1OqySOJVaex2xA5yA
5T6JQn2ASnc8HHpsVxNVqJ/ROj1lbNYlotwUG0ugZk3apyAzakgMMB804VmiJeh7
PmNhniAqc6Veo+yH5VZY1EzPQFn8o1mEQHQcIGN+3MOiqm0LvKR+hZBfgV7M10L0
eGMtkfRwLfadX28duP+BeizqNApfjzp0wCtFtSpps0Qny+V0HaL/1h5VpOuexPad
DBelsxcR57skrlltiLJAtyvdWZ2W1wvP9gmDvVvMHqrIGXYof6/E9g/psZzfQPJ2
Ei/yhFR0m/6Js6JGb8/q/efLf2eF9GdDXc/8pE3wFzrj4GBdmADm+SDRKck0Crhy
TSp2rS+ftSqU/oQ//znUT7Mdb5hhjDZOBEs+tQTRST7cw+SkPExBR4oNOyW8W8eg
AMzY1S/G/VB4MonEpamS+Bz7/0pdeuoV6qdTvxAUGgNqi0WPAWr9CA6M+kowNdZ6
JHEy0uGHOViKzjqJ9p6/HsfkQYuqnaCEe3mE+elv4rrVZkHJCgP48YClai3KR68K
iC30E+S8v3UsWer/L9HlKlTWq1DJzHr/vPGgNR1WM1h/5AdBoWJNpbZ7YzpBskAb
YuV8YSVnrapH9kKFu4nvAgkIKiel8+bZUdh6v5DSOnO8/mT9KuTCoA0vSKkPQWm6
N8XcuXkMUcjuWJWsrk+Ox8ScPv5CcvH9xtfj7hTJdlGEfQt/eZI+KYeZNDhqh7Em
ZzmQtS8f9/pD27avlFdEBmncIs0xAMIaMptIerxiusUMKhKLuWvuYZfAz4Arr6G2
N3b+PeAC8CRkySI64AQ95TshVfvLWg7pKGKRH+TU60NNcVTQVyjdzTUqmc80WfvZ
DYoLK5hnPeJ42hAM0rNuHFCmxEGgR9H0YMYS5GurdGboLyq1KYqmu0hcKUjSkFHY
MkwQyyBId8EG6pPNRkHnwejbwaGu8X9jk4lsR4niaM1aR9Fos9Fx0rgY2VJCNcRI
zHP1fI45WP0cITKVRhUeypZlUPVYf/TpzpYs+BN0ltKmb0QUE+wjWF6EIUq7/37t
VtrdMvaeQe07PejCiiPhK55SqMAvVrcDtLdz1YoxPenSnQ4miNljSgur3hmKXpBc
w9/Zjs4XRphLmaQn9aBHIAdOgFW7qNxE6eHLdIfzx7PN97Yy+yjtggYN1qXFkCky
cdT0fZzYqzEIMwPwUrwT6852aompocdz+jBzKghn8DdEu2ovu+M5XP11Jt+IduPq
h4ejomKOsCNmUxn1fqqM3hd7ZOguILw+xogfFRTq4hVhbCKFWTWyJEvQx5Tp+JU5
dC0AFNoQrj+jbgRGqpOr4rv+GQQE4Wn7NKUmap65U88Fi8KwE9JKzfBR5hsWMQDP
j+Y+E+Ibp7d1aFmX/RkeTSGnLslIVtItmVX1CZM0hqZhZtzGw7Q3BgU6baB/oqmQ
3jFcvT1o+Fip+NZppZoWYBX34exVcPmfduX3cdsKMsAbtBZWdqetN9SXdxxXZE80
gn4TDcvTI2zkwCsy/5YJ3thYlmMjYrDG1wQ1QUn+91FOMmt30arOv6Kch703zorc
qA6X/J15yuM0roAaTL6Zlm9pdaCKxxThqe9sZoC0ovIho/H3dYPy03FC1IcfAxeG
JAJnM7BFACjvyiEgvHQNkBIpIseODrBdNz8avpprb0YBK3wR7Jcli09wxDFyBPzK
kWlwgvAu97RRj4beyuZ91lYqj2FSBX9ax/lNG2RYNmplfktTqQIbitS6U9LyObiM
dCVNpQj69sG8hnQV0cGBwtEvDMZpDkaxFzRgYNgUhQdawd/AaTN9+pWGDyr6rvIB
gzMzfYnbNJ7RCNzMYVM1AbM0WlqcQoyN+eJpz2OhXM4h82QTO614Uf/b6RxuOL05
ef1tT6u1JrpZFo6dWudikQLU1OW1qYebTq+DjP/MTb3ZigC7cLVEc7VQj39GaXRH
tUtfqcxaHkGG0FpTxFDiE3X4cDX8/ptN6+rnXQC0LlX4Ego0F6ItGBLWjXaadpXh
zDAo6Vsxy0dK2t6tQBlLX8f5zqaZ/ICUbMKSZGX9tHTZDVDry6ipjUro7b+0RRAv
yD3EoNqJrdvYvCKepuXPSHkBttBpMh4Xxf/00rfex/NF9PJhb7MimimZIBCEAWcC
hKPbwL0jXf3Il1g24ZgjRq1uPdVz6vA3OqF7ybETF0XO0edoTM8F95vGJyxX8xzE
tAO63VHNOg1Aq7HQnsH+9Yg7lYHqcNsfqSJN/X7Z4KaJBtRrPt7rbls9806C2JkU
14ZiZSRK074VejG9iYpcCgjsmEn3ks0n50KNc4lJZNT7gLBH2ZzXNfyugBJSF2JW
/vgePt31Ardpa7qVaBMYCNWF6aKKVuDtZJorDJFwMTzz7/NJFc3EpiRc6FfS7gaU
mOGKZ+GLh32Xqrn7K6cV5DIuwkfx073MbrwHOGhNpuGHzya0WNCV8UjlVGotWOl2
4xIqSdyuS13VwVQcbaviuLeMZJYxzpeLvS4ddHRzEbj2hsROcLbV+AGtXj3N9PKm
9jw1/4/NEQ7kxCna0eMHW8avtCgQofuNAD6F6r2AvsOSDzujtuywSIki+BZjJ5yt
F3cDYSttdqc+W6CTTiKOVLYfHZKDpKH9cVlx99liFyil70RTUV30Z3IblVfvSCuP
42PY+7PyPSw+IjgRw/LpwLOMg1f3urZLr9TtlvLqpEN+5RXTT0w7SrUGpuLOFL/U
H8FmchpAu+DffX7lfs+Q3XC6PDcdSaXzS0yQxfTnX9SFw9HwFzPCQTk7mD04rBsG
1A2VxUAsXKSkrqRFikUMm0B3xAgazAMKrmCJdu6OsVrRgUAuNtO2m9YdQgzXuxdM
1l5ufEb10nRB5W9UfGl46coihI9nWSfv25w1WkZcG/3SRAE7gmb5/hDFzPVVHDwy
UDSh6x2jxxnpOy5dJiTFWd5x5S9195XZSq8c3NKGZ86gWfrs33LHXSsJYBdJe4Jv
pw1SpwarSuHSPD88+XCScs4yGiUoOCJwrGzkxL2fuJ7ABiONoBYmDm+3jnlxk8n+
ec7Gcd5eWg/O3ObQKzOTEV8d+h7w6zf8n97QULY/hGLaOqet/rhp3peMMXoB2F7Z
oNdkI5+s9I4FOXBnpHdunBtAx/16rFdAIihZgNxgi2j6Lpj977Qm6ohh+IEgweQ2
y8r3dNCwBOkhf+FgTqV2BSPIULOz+7+krfFmYFcoaIcLEYkk9mXNjhvAbzxBMcZH
DcB1GRgWxQs1xAp51wGAWfqjmaa418deocvH0H/kG8fCEPEkLIb8h1PsNeRLu/en
Sj8vjQ7H+xq+xBeZSIG8h/p8W8yx3/tfKJEiPHuAn24JgEkEpFCyDOa++nkpeq5e
Xa7AOfK+fQeYuIEjBCR5j18k3Wz+rbq5Ck1YnGpXOCeoEaZYJrLFWbbKqVpvrdNv
paLJ5T1qjFsOa0U3StGnEeDkCddzjuI77LbvOS/IJVGOn21Oewa02InaNfZEj6YD
EiL/0rKu1azWrR5l+lPX4XItVS6w6VrsRTXQwS5K6fltjMa8M1ZKh/XyL1SqwN2t
bq5kJM/qEN/k6vStdb7IrPI+EgryQZXzx0N1xf6VkvsS8eYaDBYSvotu1jlAvUCO
hZebbRjVm5hhJGSCBCHKBhItL5Sx3ZBP1cW2PMJvnpSlT6tGFlGvgcDhc5OiUqoL
oQcI6nxI659S8HtQ7YB5OY5ycDQh7YTIrof1nqELLwPzkiQKWgOBeTwcIfH0zXeq
rWVbDQCIHlyOb5GvXJv2BT+x/sps/0G7w6B6CPQiciCNpPgIuIahlFpBXMVnplj8
5ptTGSFUhb/bGby+oqEZreOy0rJqRaefXg5WJYJrYuzETNQEcw/RXOznznwbDWqT
E6daBwKAIRcEmIZR7z8fB5xuXhbXXthIDR4Vxw7fxWwPFD2OW56VJmYV56bVXUYZ
81Z8KlU//9ZSSs4n7YwXZSgKwkJynNo9AAYbqV8VBAMRxGd8WnWO3ajVMVWtxcrG
/6krzi/aV3Mmo/PhZnmogCZirZJwOEXeNAzs82vjvnAWT3PffFefVtuSoEZAdsxA
vzSQ8N2sWARkoBhn7LhuFpYnRalQTu20C/ppGojKplZAt25UXcD0TwC4JmHGDa9s
XbutZ3rwglarYhS//AfvO0EkyGX6RO8W9QF26jj1Je1CLnABWx8nor6hgx8SXiy1
DfOPmjMYDcAty0dsso5FKWgrFkR+qcdYJGvXbzyrU4ttZJ12fQtC+fUYpGrP77+m
DILba/8+I0DE7ZMZ64ik1q+6IRqdYbwDsr2iXQu9/wmER+1yWzM5nPt+3nsY8RNy
GSt8RIjp/safiZ+MXo2qzZVON7GAXy0CA3eFcQG+rHd9tYvX20qhO4sur0ncgpxB
hohIBv6aSmsw7ppyTWh0koOyyZOeQba2Escu0FM9Errb6iuOH2PjDddot7XS3xES
OZxXFu7jdCi4Z5CdKW66xZ9iT8n1js/5l4zYkx3IRp2fPAPRRR5nyUaQDG5OTWl0
E1QAi2guyWvw2XFALKNBLo1lEb5+V1hPJAY5VUChIssPADrxOt4gdCjPbF7xVcpX
rd1g4HnCJB9jBS2zJotFfC79DGpNGWCoXhSE0cs+oRFYtVvhCbTGCTJifstKomM8
8CLID1+32lgyr4NdECHTblCjZTvboBpupzdhjDTK0h5rAZGKeka1KmJXv7EbXE0y
ycMYK8XT+iZuZDWrQ4NspZyXXYxghfxYNikF3S88F5U5eQuJqwT6gGqxaeA72zbZ
gKMam4+IK+W24MQ5/4tUQ3nI6P6iWkHcLy2/yxjpoBB/j3dSedbh3OmQgMsJfD9T
Uec9V483yaJgIeL8FUly2ShtILSKGGtAExAzRFGeBD8vivlmgX9B99DTnunkwhW0
WH5ae1KSyE19x7YEAi3UaelU3/lsifPlQFP2PA3sgcLalSInpyVzMxpRqC6jsTiW
K2XTvERjWfa2zMJjYOFwyptWtb45BoAEw5NBZNkkmO9CSNUjmpdITJCoTmyZBOfp
qfVw2/3lT/gTAQtWbBOC/cnup3SRhPV/sVl5Z7Ny8tlkG4uFWjcu/mA8WSzC1edi
iRU35Z9HRzzb1bMkU+VmMjHTaGC5QI6jIdIf72bSVl7jcbORBUEBHHabyo/HGqvU
+wzvE7csK03a6/sNKyADG3rJhOqvRHBImUs72ztwCtqMT5mAlkdIEcG3smDdh53B
XTSnkagmHlklPBv96va454mcrSpdxZ57VgzScAn01OjUWm5i6FmAPt5bepU9Jd9i
DboLBpPDnnQ6xMD14J827Lhu1psrZNYg/PCiy487ih4u+ARSImKxnNJvk0wVQzNq
E08g6caeeUYBpqlJBmQEZZo73omS8ue1Wbm1ycFEEGQEijaL976t0oJ+YpxGgveU
/GQ+Z1Nn4PBewJ85l/2Stw2+a1MTpMYybWGf9cqRbk4T6s4Vy/HydiJnss3x/rjJ
5Q8aOKtF0BodtPkrx9nY3cW7XQDEHnw24WPAn+x4FVXYNEVhULHnkm1SSdmWk7qC
mfr0XKJSIG1Rno7Isz0l7H01B3Dlcq7NZbH2etAx70gJUrnE2Jfe5Py5MoB7Z0oK
vYiXCDHI3gZHZTfx07LbUBqdZXFTKeYpV1VPnNAIpUgcov2frnLrD55S6hoYvfvu
Fqa7ADom3Htrx1cFdH6n1NlPqystwvmj/aJO2LIgg6Y3c54AR9G0RLR8PYyYK1d8
uY0E7sA5Sgt6Mfm/MurOUxGblJhvdfkP8xw7SFgdComE1soHDmQqoEQKGvnXjE4s
DjvJmB3tT4WYKbXx5UFmEAmzSIY7IDzhQAeODhsEoCJPwApUttrPQDEiQ7IvBJbV
7fuHpHvL+3ZAiRfD3aXpRvVsF6yYbc2yaHbryYKWmZo2aaeuKJKNSfqGKzepQD6v
haiaUjThOCK7oH8F5G43M9yNSnVujB7uf78Q0/WVtglCahyJFce8GEN+vZUZM2El
3eSzcaaxdfJtBK8VcP+uhmD3Q0A3G6pJy8Li7XSJ7zTwJ1AQ4jZNNiGF5/8dLJdu
CbuvTnXrUUe/sL7fsvUz+7FMTi/07jPafRkq5niHLNnrl7VRv4oikWbQ0SYQGYmy
zTdu1nLA1pCMbAjk+7krNTTJPKUuTyEPyPs+rouFEmtGfg+FxO2iwBae9379HQUY
6iU43/mhDF3XxW0yrKx38fQoAoHsjp2TbL0PD2leEYoALaohn8YrvTf4dMRSiMq4
G393zCYfoniXnLqhzER69Mi4LesCmerSMtmJ5vnydwEml5hmw5j3DWWKQUp5KwER
r8WryYEo8RnQ4uR3Rza5DPYfIBL07sgrRsSAHvo9x6JUwwTCqNm+mPzNQqiQVx3q
sOFRbL7geJlutAEVJfCxKZVsWsQ5/AMVuw3ov87S3K2X0ZXyZdyH0u10j9RAlGbG
uHEbvwlrKjS8BQUUSlki2/6Iiz4a5iKuQfCGCsNdJsNX1LzLTOhKmpBA03kX786s
ImuR5z3VlcwIZ1A5mrhMwSv8AZ14F03qVfmMEtouDTpyuhMAbqa7h1Ui15Ksp9T4
VniFRo948/eqP/gNMSMF0fTg0Oz7SQsXmt1SsCDy8YOUfO4mHNiELvdj2tlT05PO
ugD63tjuju1RDo/iFZswrIE587f9e16L14hFtgWsSPimTeFzEO2HS8f4mP16FiYt
qyj/lojOPj23tvrjxEdVU5XPiLmug+KTwD79z79tleI3OzNrfHyEa822sD716dF2
UNXc5FCKvp4W6x/FiehmvajsJIrhHKlFE/KRF28rw0mqg932IQ1NeAJC/6iSapyv
NAnamKJYJrAw9qu0ESbGFLeP866FAYDzbRymrjv9GH+YBJyW1QQorV48lzvzNhld
hzeTC5hueClXaJ0FMrSsHL5nqE2ZCHYFrkjBai0MsbsPxYObDvrRrgUU+qRfe7Pm
1y93
=Y1Kg
-----END PGP MESSAGE-----
