SN:3K60180500001583 BD:Jul 23 2018 VC:834b9c1 MD5:48f99e4865ed8b810be1bb0eaaabf929
SysTime,                      Time,         Batt_v,      Batt_v_sd,   BATT_PERCENT,BATT_PERCENT_sd,      [CH4]_ppm,   [CH4]_ppm_sd,      [H2O]_ppm,   [H2O]_ppm_sd,      [CO2]_ppm,   [CO2]_ppm_sd,     [CH4]d_ppm,  [CH4]d_ppm_sd,     [CO2]d_ppm,  [CO2]d_ppm_sd,      GasP_torr,   GasP_torr_sd,         GasT_C,      GasT_C_sd,         AmbT_C,      AmbT_C_sd,         RD0_us,      RD0_us_sd,         RD1_us,      RD1_us_sd, Temp_Status_mA,Temp_Status_mA_sd,Analyzer_Status_mA,Analyzer_Status_mA_sd,       Fit_Flag,      MIU_VALVE,       MIU_DESC
03/12/2021 18:23:10.696, 03/12/2021 18:23:10.624, 4.14188e+0, 0.00000e+0, -2.10776e+2, 0.00000e+0, 2.77928e+0, 0.00000e+0, 5.47364e+3, 0.00000e+0, 8.73461e+2, 0.00000e+0, 1.39729e+0, 0.00000e+0, 4.39134e+2, 0.00000e+0, 5.01866e+2, 0.00000e+0, 2.62358e+1, 0.00000e+0, 2.67025e+1, 0.00000e+0, 3.58481e+0, 0.00000e+0, 3.18161e+0, 0.00000e+0, 2.00000e+1, 0.00000e+0, 1.80000e+1, 0.00000e+0, 2, 1, 
03/12/2021 18:23:11.322, 03/12/2021 18:23:11.253, 4.14123e+0, 0.00000e+0, 9.45767e+1, 0.00000e+0, 2.77337e+0, 0.00000e+0, 5.86467e+3, 0.00000e+0, 8.71154e+2, 0.00000e+0, 2.78973e+0, 0.00000e+0, 8.76293e+2, 0.00000e+0, 5.01998e+2, 0.00000e+0, 2.62711e+1, 0.00000e+0, 2.66617e+1, 0.00000e+0, 3.58619e+0, 0.00000e+0, 3.18206e+0, 0.00000e+0, 2.00000e+1, 0.00000e+0, 1.80000e+1, 0.00000e+0, 2, 1, 
03/12/2021 18:23:12.298, 03/12/2021 18:23:12.248, 4.14187e+0, 0.00000e+0, 9.46714e+1, 0.00000e+0, 2.77559e+0, 0.00000e+0, 5.88652e+3, 0.00000e+0, 8.75203e+2, 0.00000e+0, 2.79202e+0, 0.00000e+0, 8.80386e+2, 0.00000e+0, 5.01846e+2, 0.00000e+0, 2.62440e+1, 0.00000e+0, 2.66779e+1, 0.00000e+0, 3.58649e+0, 0.00000e+0, 3.18070e+0, 0.00000e+0, 2.00000e+1, 0.00000e+0, 1.80000e+1, 0.00000e+0, 2, 1, 
03/12/2021 18:23:13.291, 03/12/2021 18:23:13.243, 4.14201e+0, 0.00000e+0, 9.46924e+1, 0.00000e+0, 2.77984e+0, 0.00000e+0, 5.88707e+3, 0.00000e+0, 8.79014e+2, 0.00000e+0, 2.79630e+0, 0.00000e+0, 8.84219e+2, 0.00000e+0, 5.01892e+2, 0.00000e+0, 2.62668e+1, 0.00000e+0, 2.66679e+1, 0.00000e+0, 3.59026e+0, 0.00000e+0, 3.18376e+0, 0.00000e+0, 2.00000e+1, 0.00000e+0, 1.80000e+1, 0.00000e+0, 2, 1, 
03/12/2021 18:23:14.287, 03/12/2021 18:23:14.237, 4.14197e+0, 0.00000e+0, 9.46857e+1, 0.00000e+0, 2.78707e+0, 0.00000e+0, 5.95242e+3, 0.00000e+0, 8.82889e+2, 0.00000e+0, 2.80376e+0, 0.00000e+0, 8.88175e+2, 0.00000e+0, 5.01725e+2, 0.00000e+0, 2.62603e+1, 0.00000e+0, 2.66516e+1, 0.00000e+0, 3.58738e+0, 0.00000e+0, 3.18169e+0, 0.00000e+0, 2.00000e+1, 0.00000e+0, 1.80000e+1, 0.00000e+0, 2, 1, 
03/12/2021 18:23:15.281, 03/12/2021 18:23:15.232, 4.14102e+0, 0.00000e+0, 9.45459e+1, 0.00000e+0, 2.79683e+0, 0.00000e+0, 5.78510e+3, 0.00000e+0, 8.85057e+2, 0.00000e+0, 2.81311e+0, 0.00000e+0, 8.90207e+2, 0.00000e+0, 5.02192e+2, 0.00000e+0, 2.63360e+1, 0.00000e+0, 2.66206e+1, 0.00000e+0, 3.58795e+0, 0.00000e+0, 3.18233e+0, 0.00000e+0, 2.00000e+1, 0.00000e+0, 1.80000e+1, 0.00000e+0, 2, 1, 
03/12/2021 18:23:16.276, 03/12/2021 18:23:16.226, 4.14221e+0, 0.00000e+0, 9.47219e+1, 0.00000e+0, 2.80235e+0, 0.00000e+0, 5.96842e+3, 0.00000e+0, 8.89882e+2, 0.00000e+0, 2.81918e+0, 0.00000e+0, 8.95225e+2, 0.00000e+0, 5.01750e+2, 0.00000e+0, 2.62372e+1, 0.00000e+0, 2.66392e+1, 0.00000e+0, 3.58849e+0, 0.00000e+0, 3.18288e+0, 0.00000e+0, 2.00000e+1, 0.00000e+0, 1.80000e+1, 0.00000e+0, 2, 1, 
03/12/2021 18:23:17.270, 03/12/2021 18:23:17.221, 4.14183e+0, 0.00000e+0, 9.46649e+1, 0.00000e+0, 2.81428e+0, 0.00000e+0, 6.07217e+3, 0.00000e+0, 8.95400e+2, 0.00000e+0, 2.83147e+0, 0.00000e+0, 9.00870e+2, 0.00000e+0, 5.01874e+2, 0.00000e+0, 2.62641e+1, 0.00000e+0, 2.66251e+1, 0.00000e+0, 3.58842e+0, 0.00000e+0, 3.18301e+0, 0.00000e+0, 2.00000e+1, 0.00000e+0, 1.80000e+1, 0.00000e+0, 2, 1, 
03/12/2021 18:23:18.265, 03/12/2021 18:23:18.215, 4.14220e+0, 0.00000e+0, 9.47194e+1, 0.00000e+0, 2.82389e+0, 0.00000e+0, 6.15745e+3, 0.00000e+0, 8.97769e+2, 0.00000e+0, 2.84139e+0, 0.00000e+0, 9.03331e+2, 0.00000e+0, 5.01872e+2, 0.00000e+0, 2.62610e+1, 0.00000e+0, 2.66196e+1, 0.00000e+0, 3.58445e+0, 0.00000e+0, 3.18462e+0, 0.00000e+0, 2.00000e+1, 0.00000e+0, 1.80000e+1, 0.00000e+0, 2, 1, 
03/12/2021 18:23:19.259, 03/12/2021 18:23:19.210, 4.14202e+0, 0.00000e+0, 9.46927e+1, 0.00000e+0, 2.82256e+0, 0.00000e+0, 6.11093e+3, 0.00000e+0, 8.95684e+2, 0.00000e+0, 2.83991e+0, 0.00000e+0, 9.01192e+2, 0.00000e+0, 5.01889e+2, 0.00000e+0, 2.62560e+1, 0.00000e+0, 2.66077e+1, 0.00000e+0, 3.58691e+0, 0.00000e+0, 3.18638e+0, 0.00000e+0, 2.00000e+1, 0.00000e+0, 1.80000e+1, 0.00000e+0, 2, 1, 
03/12/2021 18:23:21.005, 03/12/2021 18:23:20.953, 4.14210e+0, 0.00000e+0, 9.47055e+1, 0.00000e+0, 2.83128e+0, 0.00000e+0, 6.25876e+3, 0.00000e+0, 8.93369e+2, 0.00000e+0, 2.84912e+0, 0.00000e+0, 8.98995e+2, 0.00000e+0, 5.01774e+2, 0.00000e+0, 2.62463e+1, 0.00000e+0, 2.65959e+1, 0.00000e+0, 3.58623e+0, 0.00000e+0, 3.18472e+0, 0.00000e+0, 2.00000e+1, 0.00000e+0, 1.80000e+1, 0.00000e+0, 2, 1, 
03/12/2021 18:23:21.283, 03/12/2021 18:23:21.199, 4.14142e+0, 0.00000e+0, 9.46045e+1, 0.00000e+0, 2.82906e+0, 0.00000e+0, 6.10455e+3, 0.00000e+0, 8.87971e+2, 0.00000e+0, 2.84644e+0, 0.00000e+0, 8.93425e+2, 0.00000e+0, 5.01883e+2, 0.00000e+0, 2.63036e+1, 0.00000e+0, 2.65728e+1, 0.00000e+0, 3.58747e+0, 0.00000e+0, 3.18488e+0, 0.00000e+0, 2.00000e+1, 0.00000e+0, 1.80000e+1, 0.00000e+0, 3, 1, 
03/12/2021 18:23:22.278, 03/12/2021 18:23:22.193, 4.14251e+0, 0.00000e+0, 9.47654e+1, 0.00000e+0, 2.83025e+0, 0.00000e+0, 6.33309e+3, 0.00000e+0, 8.84669e+2, 0.00000e+0, 2.84829e+0, 0.00000e+0, 8.90308e+2, 0.00000e+0, 5.01918e+2, 0.00000e+0, 2.62500e+1, 0.00000e+0, 2.65939e+1, 0.00000e+0, 3.58593e+0, 0.00000e+0, 3.18471e+0, 0.00000e+0, 2.00000e+1, 0.00000e+0, 1.80000e+1, 0.00000e+0, 3, 1, 
03/12/2021 18:23:23.283, 03/12/2021 18:23:23.200, 4.14020e+0, 0.00000e+0, 9.44244e+1, 0.00000e+0, 2.83072e+0, 0.00000e+0, 6.20564e+3, 0.00000e+0, 8.84890e+2, 0.00000e+0, 2.84840e+0, 0.00000e+0, 8.90415e+2, 0.00000e+0, 5.01956e+2, 0.00000e+0, 2.64775e+1, 0.00000e+0, 2.65195e+1, 0.00000e+0, 3.58953e+0, 0.00000e+0, 3.18200e+0, 0.00000e+0, 2.00000e+1, 0.00000e+0, 1.80000e+1, 0.00000e+0, 3, 1, 
03/12/2021 18:23:24.244, 03/12/2021 18:23:24.182, 4.14066e+0, 0.00000e+0, 9.44923e+1, 0.00000e+0, 2.83217e+0, 0.00000e+0, 6.41589e+3, 0.00000e+0, 8.84874e+2, 0.00000e+0, 2.85045e+0, 0.00000e+0, 8.90588e+2, 0.00000e+0, 5.02037e+2, 0.00000e+0, 2.63550e+1, 0.00000e+0, 2.65222e+1, 0.00000e+0, 3.58967e+0, 0.00000e+0, 3.18385e+0, 0.00000e+0, 2.00000e+1, 0.00000e+0, 1.80000e+1, 0.00000e+0, 3, 1, 
03/12/2021 18:23:25.240, 03/12/2021 18:23:25.177, 4.14194e+0, 0.00000e+0, 9.46809e+1, 0.00000e+0, 2.84193e+0, 0.00000e+0, 6.47073e+3, 0.00000e+0, 8.88707e+2, 0.00000e+0, 2.86044e+0, 0.00000e+0, 8.94495e+2, 0.00000e+0, 5.01872e+2, 0.00000e+0, 2.62836e+1, 0.00000e+0, 2.65559e+1, 0.00000e+0, 3.58553e+0, 0.00000e+0, 3.18052e+0, 0.00000e+0, 2.00000e+1, 0.00000e+0, 1.80000e+1, 0.00000e+0, 3, 1, 
03/12/2021 18:23:26.254, 03/12/2021 18:23:26.171, 4.14195e+0, 0.00000e+0, 9.46832e+1, 0.00000e+0, 2.84546e+0, 0.00000e+0, 6.38706e+3, 0.00000e+0, 8.90469e+2, 0.00000e+0, 2.86375e+0, 0.00000e+0, 8.96193e+2, 0.00000e+0, 5.01916e+2, 0.00000e+0, 2.62977e+1, 0.00000e+0, 2.65504e+1, 0.00000e+0, 3.58677e+0, 0.00000e+0, 3.18276e+0, 0.00000e+0, 2.00000e+1, 0.00000e+0, 1.80000e+1, 0.00000e+0, 3, 1, 
03/12/2021 18:23:27.230, 03/12/2021 18:23:27.166, 4.14127e+0, 0.00000e+0, 9.45819e+1, 0.00000e+0, 2.84976e+0, 0.00000e+0, 6.36960e+3, 0.00000e+0, 9.01646e+2, 0.00000e+0, 2.86803e+0, 0.00000e+0, 9.07426e+2, 0.00000e+0, 5.01962e+2, 0.00000e+0, 2.63152e+1, 0.00000e+0, 2.65175e+1, 0.00000e+0, 3.58841e+0, 0.00000e+0, 3.18068e+0, 0.00000e+0, 2.00000e+1, 0.00000e+0, 1.80000e+1, 0.00000e+0, 3, 1, 
03/12/2021 18:23:28.258, 03/12/2021 18:23:28.167, 4.14200e+0, 0.00000e+0, 9.46899e+1, 0.00000e+0, 2.86029e+0, 0.00000e+0, 6.53283e+3, 0.00000e+0, 9.16087e+2, 0.00000e+0, 2.87910e+0, 0.00000e+0, 9.22111e+2, 0.00000e+0, 5.01742e+2, 0.00000e+0, 2.62714e+1, 0.00000e+0, 2.65396e+1, 0.00000e+0, 3.58845e+0, 0.00000e+0, 3.18069e+0, 0.00000e+0, 2.00000e+1, 0.00000e+0, 1.80000e+1, 0.00000e+0, 3, 1, 
03/12/2021 18:23:29.244, 03/12/2021 18:23:29.162, 4.14136e+0, 0.00000e+0, 9.45962e+1, 0.00000e+0, 2.86630e+0, 0.00000e+0, 6.41906e+3, 0.00000e+0, 9.26856e+2, 0.00000e+0, 2.88481e+0, 0.00000e+0, 9.32844e+2, 0.00000e+0, 5.01999e+2, 0.00000e+0, 2.63265e+1, 0.00000e+0, 2.65080e+1, 0.00000e+0, 3.58829e+0, 0.00000e+0, 3.17948e+0, 0.00000e+0, 2.00000e+1, 0.00000e+0, 1.80000e+1, 0.00000e+0, 3, 1, 
03/12/2021 18:23:30.223, 03/12/2021 18:23:30.157, 4.14178e+0, 0.00000e+0, 9.46577e+1, 0.00000e+0, 2.87369e+0, 0.00000e+0, 6.58471e+3, 0.00000e+0, 9.32510e+2, 0.00000e+0, 2.89274e+0, 0.00000e+0, 9.38691e+2, 0.00000e+0, 5.01885e+2, 0.00000e+0, 2.63159e+1, 0.00000e+0, 2.65143e+1, 0.00000e+0, 3.58723e+0, 0.00000e+0, 3.18129e+0, 0.00000e+0, 2.00000e+1, 0.00000e+0, 1.80000e+1, 0.00000e+0, 3, 2, 
03/12/2021 18:23:31.248, 03/12/2021 18:23:31.151, 4.14204e+0, 0.00000e+0, 9.46963e+1, 0.00000e+0, 2.88133e+0, 0.00000e+0, 6.54803e+3, 0.00000e+0, 9.42887e+2, 0.00000e+0, 2.90032e+0, 0.00000e+0, 9.49101e+2, 0.00000e+0, 5.01832e+2, 0.00000e+0, 2.62680e+1, 0.00000e+0, 2.65088e+1, 0.00000e+0, 3.58773e+0, 0.00000e+0, 3.18128e+0, 0.00000e+0, 2.00000e+1, 0.00000e+0, 1.80000e+1, 0.00000e+0, 3, 2, 
03/12/2021 18:23:32.226, 03/12/2021 18:23:32.145, 4.14212e+0, 0.00000e+0, 9.47073e+1, 0.00000e+0, 2.88792e+0, 0.00000e+0, 6.67633e+3, 0.00000e+0, 9.52359e+2, 0.00000e+0, 2.90733e+0, 0.00000e+0, 9.58760e+2, 0.00000e+0, 5.01833e+2, 0.00000e+0, 2.62974e+1, 0.00000e+0, 2.65076e+1, 0.00000e+0, 3.58707e+0, 0.00000e+0, 3.17882e+0, 0.00000e+0, 2.00000e+1, 0.00000e+0, 1.80000e+1, 0.00000e+0, 3, 2, 
03/12/2021 18:23:33.224, 03/12/2021 18:23:33.140, 4.14190e+0, 0.00000e+0, 9.46756e+1, 0.00000e+0, 2.89651e+0, 0.00000e+0, 6.83985e+3, 0.00000e+0, 9.58027e+2, 0.00000e+0, 2.91646e+0, 0.00000e+0, 9.64625e+2, 0.00000e+0, 5.01832e+2, 0.00000e+0, 2.63176e+1, 0.00000e+0, 2.64979e+1, 0.00000e+0, 3.58660e+0, 0.00000e+0, 3.18070e+0, 0.00000e+0, 2.00000e+1, 0.00000e+0, 1.80000e+1, 0.00000e+0, 3, 2, 
03/12/2021 18:23:34.197, 03/12/2021 18:23:34.135, 4.14189e+0, 0.00000e+0, 9.46747e+1, 0.00000e+0, 2.90010e+0, 0.00000e+0, 6.87569e+3, 0.00000e+0, 9.61246e+2, 0.00000e+0, 2.92018e+0, 0.00000e+0, 9.67901e+2, 0.00000e+0, 5.01867e+2, 0.00000e+0, 2.63199e+1, 0.00000e+0, 2.64891e+1, 0.00000e+0, 3.58571e+0, 0.00000e+0, 3.18130e+0, 0.00000e+0, 2.00000e+1, 0.00000e+0, 1.80000e+1, 0.00000e+0, 3, 2, 
03/12/2021 18:23:35.181, 03/12/2021 18:23:35.129, 4.14236e+0, 0.00000e+0, 9.47431e+1, 0.00000e+0, 2.90271e+0, 0.00000e+0, 6.72104e+3, 0.00000e+0, 9.62532e+2, 0.00000e+0, 2.92235e+0, 0.00000e+0, 9.69045e+2, 0.00000e+0, 5.01891e+2, 0.00000e+0, 2.62674e+1, 0.00000e+0, 2.64900e+1, 0.00000e+0, 3.58827e+0, 0.00000e+0, 3.18326e+0, 0.00000e+0, 2.00000e+1, 0.00000e+0, 1.80000e+1, 0.00000e+0, 3, 2, 
03/12/2021 18:23:36.193, 03/12/2021 18:23:36.123, 4.14198e+0, 0.00000e+0, 9.46867e+1, 0.00000e+0, 2.89507e+0, 0.00000e+0, 6.71788e+3, 0.00000e+0, 9.59517e+2, 0.00000e+0, 2.91465e+0, 0.00000e+0, 9.66006e+2, 0.00000e+0, 5.01951e+2, 0.00000e+0, 2.63052e+1, 0.00000e+0, 2.64740e+1, 0.00000e+0, 3.59007e+0, 0.00000e+0, 3.18325e+0, 0.00000e+0, 2.00000e+1, 0.00000e+0, 1.80000e+1, 0.00000e+0, 3, 2, 
03/12/2021 18:23:37.192, 03/12/2021 18:23:37.118, 4.14206e+0, 0.00000e+0, 9.46997e+1, 0.00000e+0, 2.88877e+0, 0.00000e+0, 6.83385e+3, 0.00000e+0, 9.49868e+2, 0.00000e+0, 2.90865e+0, 0.00000e+0, 9.56404e+2, 0.00000e+0, 5.01866e+2, 0.00000e+0, 2.63014e+1, 0.00000e+0, 2.64647e+1, 0.00000e+0, 3.58955e+0, 0.00000e+0, 3.18217e+0, 0.00000e+0, 2.00000e+1, 0.00000e+0, 1.80000e+1, 0.00000e+0, 3, 2, 
03/12/2021 18:23:38.162, 03/12/2021 18:23:38.113, 4.14217e+0, 0.00000e+0, 9.47146e+1, 0.00000e+0, 2.87512e+0, 0.00000e+0, 6.94021e+3, 0.00000e+0, 9.39219e+2, 0.00000e+0, 2.89521e+0, 0.00000e+0, 9.45783e+2, 0.00000e+0, 5.01876e+2, 0.00000e+0, 2.62944e+1, 0.00000e+0, 2.64577e+1, 0.00000e+0, 3.58825e+0, 0.00000e+0, 3.18163e+0, 0.00000e+0, 2.00000e+1, 0.00000e+0, 1.80000e+1, 0.00000e+0, 3, 2, 
03/12/2021 18:23:39.178, 03/12/2021 18:23:39.107, 4.14215e+0, 0.00000e+0, 9.47118e+1, 0.00000e+0, 2.86541e+0, 0.00000e+0, 7.14985e+3, 0.00000e+0, 9.30052e+2, 0.00000e+0, 2.88605e+0, 0.00000e+0, 9.36749e+2, 0.00000e+0, 5.01892e+2, 0.00000e+0, 2.63009e+1, 0.00000e+0, 2.64506e+1, 0.00000e+0, 3.58866e+0, 0.00000e+0, 3.18312e+0, 0.00000e+0, 2.00000e+1, 0.00000e+0, 1.80000e+1, 0.00000e+0, 3, 2, 
03/12/2021 18:23:40.156, 03/12/2021 18:23:40.102, 4.14231e+0, 0.00000e+0, 9.47363e+1, 0.00000e+0, 2.86708e+0, 0.00000e+0, 6.93314e+3, 0.00000e+0, 9.25264e+2, 0.00000e+0, 2.88709e+0, 0.00000e+0, 9.31724e+2, 0.00000e+0, 5.01863e+2, 0.00000e+0, 2.62896e+1, 0.00000e+0, 2.64494e+1, 0.00000e+0, 3.58737e+0, 0.00000e+0, 3.18236e+0, 0.00000e+0, 2.00000e+1, 0.00000e+0, 1.80000e+1, 0.00000e+0, 3, 2, 
03/12/2021 18:23:41.148, 03/12/2021 18:23:41.097, 4.14180e+0, 0.00000e+0, 9.46604e+1, 0.00000e+0, 2.86961e+0, 0.00000e+0, 6.90101e+3, 0.00000e+0, 9.29914e+2, 0.00000e+0, 2.88955e+0, 0.00000e+0, 9.36376e+2, 0.00000e+0, 5.01924e+2, 0.00000e+0, 2.63499e+1, 0.00000e+0, 2.64276e+1, 0.00000e+0, 3.58777e+0, 0.00000e+0, 3.18130e+0, 0.00000e+0, 2.00000e+1, 0.00000e+0, 1.80000e+1, 0.00000e+0, 3, 2, 
03/12/2021 18:23:42.140, 03/12/2021 18:23:42.091, 4.14232e+0, 0.00000e+0, 9.47370e+1, 0.00000e+0, 2.88044e+0, 0.00000e+0, 6.79045e+3, 0.00000e+0, 9.39500e+2, 0.00000e+0, 2.90013e+0, 0.00000e+0, 9.45923e+2, 0.00000e+0, 5.01776e+2, 0.00000e+0, 2.62833e+1, 0.00000e+0, 2.64378e+1, 0.00000e+0, 3.58666e+0, 0.00000e+0, 3.18202e+0, 0.00000e+0, 2.00000e+1, 0.00000e+0, 1.80000e+1, 0.00000e+0, 3, 2, 
03/12/2021 18:23:43.138, 03/12/2021 18:23:43.085, 4.14089e+0, 0.00000e+0, 9.45266e+1, 0.00000e+0, 2.89135e+0, 0.00000e+0, 6.80793e+3, 0.00000e+0, 9.49364e+2, 0.00000e+0, 2.91117e+0, 0.00000e+0, 9.55872e+2, 0.00000e+0, 5.01955e+2, 0.00000e+0, 2.65259e+1, 0.00000e+0, 2.63879e+1, 0.00000e+0, 3.58784e+0, 0.00000e+0, 3.17962e+0, 0.00000e+0, 2.00000e+1, 0.00000e+0, 1.80000e+1, 0.00000e+0, 3, 2, 
03/12/2021 18:23:44.150, 03/12/2021 18:23:44.080, 4.14230e+0, 0.00000e+0, 9.47340e+1, 0.00000e+0, 2.89186e+0, 0.00000e+0, 7.04153e+3, 0.00000e+0, 9.48412e+2, 0.00000e+0, 2.91236e+0, 0.00000e+0, 9.55137e+2, 0.00000e+0, 5.01747e+2, 0.00000e+0, 2.63254e+1, 0.00000e+0, 2.64254e+1, 0.00000e+0, 3.58722e+0, 0.00000e+0, 3.18115e+0, 0.00000e+0, 2.00000e+1, 0.00000e+0, 1.80000e+1, 0.00000e+0, 3, 2, 
03/12/2021 18:23:45.135, 03/12/2021 18:23:45.075, 4.14233e+0, 0.00000e+0, 9.47396e+1, 0.00000e+0, 2.88057e+0, 0.00000e+0, 6.99208e+3, 0.00000e+0, 9.41063e+2, 0.00000e+0, 2.90086e+0, 0.00000e+0, 9.47689e+2, 0.00000e+0, 5.01873e+2, 0.00000e+0, 2.63311e+1, 0.00000e+0, 2.64179e+1, 0.00000e+0, 3.58888e+0, 0.00000e+0, 3.18022e+0, 0.00000e+0, 2.00000e+1, 0.00000e+0, 1.80000e+1, 0.00000e+0, 3, 2, 
03/12/2021 18:23:46.119, 03/12/2021 18:23:46.069, 4.14230e+0, 0.00000e+0, 9.47339e+1, 0.00000e+0, 2.86664e+0, 0.00000e+0, 7.11588e+3, 0.00000e+0, 9.32544e+2, 0.00000e+0, 2.88718e+0, 0.00000e+0, 9.39228e+2, 0.00000e+0, 5.01880e+2, 0.00000e+0, 2.63310e+1, 0.00000e+0, 2.64106e+1, 0.00000e+0, 3.58862e+0, 0.00000e+0, 3.17956e+0, 0.00000e+0, 2.00000e+1, 0.00000e+0, 1.80000e+1, 0.00000e+0, 3, 2, 
03/12/2021 18:23:47.135, 03/12/2021 18:23:47.064, 4.14248e+0, 0.00000e+0, 9.47612e+1, 0.00000e+0, 2.86465e+0, 0.00000e+0, 7.15755e+3, 0.00000e+0, 9.30004e+2, 0.00000e+0, 2.88531e+0, 0.00000e+0, 9.36708e+2, 0.00000e+0, 5.01854e+2, 0.00000e+0, 2.63309e+1, 0.00000e+0, 2.64112e+1, 0.00000e+0, 3.58758e+0, 0.00000e+0, 3.17924e+0, 0.00000e+0, 2.00000e+1, 0.00000e+0, 1.80000e+1, 0.00000e+0, 3, 2, 
03/12/2021 18:23:48.108, 03/12/2021 18:23:48.058, 4.14225e+0, 0.00000e+0, 9.47266e+1, 0.00000e+0, 2.87246e+0, 0.00000e+0, 7.02731e+3, 0.00000e+0, 9.35126e+2, 0.00000e+0, 2.89279e+0, 0.00000e+0, 9.41744e+2, 0.00000e+0, 5.01859e+2, 0.00000e+0, 2.63075e+1, 0.00000e+0, 2.64071e+1, 0.00000e+0, 3.58883e+0, 0.00000e+0, 3.17983e+0, 0.00000e+0, 2.00000e+1, 0.00000e+0, 1.80000e+1, 0.00000e+0, 3, 2, 
03/12/2021 18:23:49.103, 03/12/2021 18:23:49.052, 4.14227e+0, 0.00000e+0, 9.47307e+1, 0.00000e+0, 2.88103e+0, 0.00000e+0, 7.13082e+3, 0.00000e+0, 9.48586e+2, 0.00000e+0, 2.90172e+0, 0.00000e+0, 9.55399e+2, 0.00000e+0, 5.01848e+2, 0.00000e+0, 2.63302e+1, 0.00000e+0, 2.64057e+1, 0.00000e+0, 3.58866e+0, 0.00000e+0, 3.17989e+0, 0.00000e+0, 2.00000e+1, 0.00000e+0, 1.80000e+1, 0.00000e+0, 3, 2, 
03/12/2021 18:23:50.097, 03/12/2021 18:23:50.047, 4.14228e+0, 0.00000e+0, 9.47322e+1, 0.00000e+0, 2.89647e+0, 0.00000e+0, 7.09941e+3, 0.00000e+0, 9.59252e+2, 0.00000e+0, 2.91718e+0, 0.00000e+0, 9.66111e+2, 0.00000e+0, 5.01842e+2, 0.00000e+0, 2.63185e+1, 0.00000e+0, 2.64051e+1, 0.00000e+0, 3.58760e+0, 0.00000e+0, 3.18120e+0, 0.00000e+0, 2.00000e+1, 0.00000e+0, 1.80000e+1, 0.00000e+0, 3, 2, 
03/12/2021 18:23:51.113, 03/12/2021 18:23:51.041, 4.14253e+0, 0.00000e+0, 9.47678e+1, 0.00000e+0, 2.89827e+0, 0.00000e+0, 7.14844e+3, 0.00000e+0, 9.63226e+2, 0.00000e+0, 2.91914e+0, 0.00000e+0, 9.70162e+2, 0.00000e+0, 5.01843e+2, 0.00000e+0, 2.63228e+1, 0.00000e+0, 2.64008e+1, 0.00000e+0, 3.59011e+0, 0.00000e+0, 3.18307e+0, 0.00000e+0, 2.00000e+1, 0.00000e+0, 1.80000e+1, 0.00000e+0, 3, 2, 
03/12/2021 18:23:52.086, 03/12/2021 18:23:52.036, 4.14236e+0, 0.00000e+0, 9.47430e+1, 0.00000e+0, 2.89875e+0, 0.00000e+0, 7.01818e+3, 0.00000e+0, 9.60495e+2, 0.00000e+0, 2.91923e+0, 0.00000e+0, 9.67284e+2, 0.00000e+0, 5.01840e+2, 0.00000e+0, 2.63148e+1, 0.00000e+0, 2.63927e+1, 0.00000e+0, 3.58790e+0, 0.00000e+0, 3.18412e+0, 0.00000e+0, 2.00000e+1, 0.00000e+0, 1.80000e+1, 0.00000e+0, 3, 2, 
03/12/2021 18:23:53.103, 03/12/2021 18:23:53.031, 4.14241e+0, 0.00000e+0, 9.47508e+1, 0.00000e+0, 2.87879e+0, 0.00000e+0, 7.16857e+3, 0.00000e+0, 9.49384e+2, 0.00000e+0, 2.89958e+0, 0.00000e+0, 9.56238e+2, 0.00000e+0, 5.01840e+2, 0.00000e+0, 2.63513e+1, 0.00000e+0, 2.63838e+1, 0.00000e+0, 3.59176e+0, 0.00000e+0, 3.18101e+0, 0.00000e+0, 2.00000e+1, 0.00000e+0, 1.80000e+1, 0.00000e+0, 3, 2, 
03/12/2021 18:23:54.089, 03/12/2021 18:23:54.025, 4.14233e+0, 0.00000e+0, 9.47391e+1, 0.00000e+0, 2.86946e+0, 0.00000e+0, 6.96197e+3, 0.00000e+0, 9.41519e+2, 0.00000e+0, 2.88958e+0, 0.00000e+0, 9.48120e+2, 0.00000e+0, 5.01808e+2, 0.00000e+0, 2.62959e+1, 0.00000e+0, 2.63854e+1, 0.00000e+0, 3.59051e+0, 0.00000e+0, 3.18122e+0, 0.00000e+0, 2.00000e+1, 0.00000e+0, 1.80000e+1, 0.00000e+0, 3, 2, 
03/12/2021 18:23:55.075, 03/12/2021 18:23:55.025, 4.14238e+0, 0.00000e+0, 9.47468e+1, 0.00000e+0, 2.85979e+0, 0.00000e+0, 6.98332e+3, 0.00000e+0, 9.38564e+2, 0.00000e+0, 2.87990e+0, 0.00000e+0, 9.45165e+2, 0.00000e+0, 5.01835e+2, 0.00000e+0, 2.63046e+1, 0.00000e+0, 2.63852e+1, 0.00000e+0, 3.59088e+0, 0.00000e+0, 3.18121e+0, 0.00000e+0, 2.00000e+1, 0.00000e+0, 1.80000e+1, 0.00000e+0, 3, 2, 
03/12/2021 18:23:56.083, 03/12/2021 18:23:56.014, 4.14242e+0, 0.00000e+0, 9.47524e+1, 0.00000e+0, 2.84489e+0, 0.00000e+0, 7.15912e+3, 0.00000e+0, 9.26920e+2, 0.00000e+0, 2.86540e+0, 0.00000e+0, 9.33603e+2, 0.00000e+0, 5.01888e+2, 0.00000e+0, 2.63652e+1, 0.00000e+0, 2.63713e+1, 0.00000e+0, 3.59251e+0, 0.00000e+0, 3.18010e+0, 0.00000e+0, 2.00000e+1, 0.00000e+0, 1.80000e+1, 0.00000e+0, 3, 2, 
03/12/2021 18:23:57.058, 03/12/2021 18:23:57.009, 4.14212e+0, 0.00000e+0, 9.47077e+1, 0.00000e+0, 2.83681e+0, 0.00000e+0, 6.99178e+3, 0.00000e+0, 9.20928e+2, 0.00000e+0, 2.85678e+0, 0.00000e+0, 9.27413e+2, 0.00000e+0, 5.01807e+2, 0.00000e+0, 2.63155e+1, 0.00000e+0, 2.63641e+1, 0.00000e+0, 3.59022e+0, 0.00000e+0, 3.18064e+0, 0.00000e+0, 2.00000e+1, 0.00000e+0, 1.80000e+1, 0.00000e+0, 3, 2, 
03/12/2021 18:23:58.057, 03/12/2021 18:23:58.003, 4.14230e+0, 0.00000e+0, 9.47343e+1, 0.00000e+0, 2.86111e+0, 0.00000e+0, 7.11407e+3, 0.00000e+0, 9.38158e+2, 0.00000e+0, 2.88161e+0, 0.00000e+0, 9.44880e+2, 0.00000e+0, 5.01847e+2, 0.00000e+0, 2.63165e+1, 0.00000e+0, 2.63656e+1, 0.00000e+0, 3.59277e+0, 0.00000e+0, 3.17946e+0, 0.00000e+0, 2.00000e+1, 0.00000e+0, 1.80000e+1, 0.00000e+0, 3, 2, 
03/12/2021 18:23:59.067, 03/12/2021 18:23:58.998, 4.14199e+0, 0.00000e+0, 9.46893e+1, 0.00000e+0, 2.89522e+0, 0.00000e+0, 7.00904e+3, 0.00000e+0, 9.65074e+2, 0.00000e+0, 2.91565e+0, 0.00000e+0, 9.71886e+2, 0.00000e+0, 5.01872e+2, 0.00000e+0, 2.63088e+1, 0.00000e+0, 2.63489e+1, 0.00000e+0, 3.58938e+0, 0.00000e+0, 3.17832e+0, 0.00000e+0, 2.00000e+1, 0.00000e+0, 1.80000e+1, 0.00000e+0, 3, 2, 
03/12/2021 18:24:00.060, 03/12/2021 18:23:59.992, 4.14263e+0, 0.00000e+0, 9.47835e+1, 0.00000e+0, 2.92205e+0, 0.00000e+0, 7.12029e+3, 0.00000e+0, 9.84899e+2, 0.00000e+0, 2.94300e+0, 0.00000e+0, 9.91962e+2, 0.00000e+0, 5.01799e+2, 0.00000e+0, 2.62893e+1, 0.00000e+0, 2.63639e+1, 0.00000e+0, 3.58837e+0, 0.00000e+0, 3.17835e+0, 0.00000e+0, 2.00000e+1, 0.00000e+0, 1.80000e+1, 0.00000e+0, 3, 3, 
03/12/2021 18:24:01.051, 03/12/2021 18:24:00.987, 4.14231e+0, 0.00000e+0, 9.47362e+1, 0.00000e+0, 2.93686e+0, 0.00000e+0, 7.13770e+3, 0.00000e+0, 9.99124e+2, 0.00000e+0, 2.95797e+0, 0.00000e+0, 1.00631e+3, 0.00000e+0, 5.01843e+2, 0.00000e+0, 2.63368e+1, 0.00000e+0, 2.63483e+1, 0.00000e+0, 3.59058e+0, 0.00000e+0, 3.17692e+0, 0.00000e+0, 2.00000e+1, 0.00000e+0, 1.80000e+1, 0.00000e+0, 3, 3, 
03/12/2021 18:24:02.067, 03/12/2021 18:24:01.982, 4.14254e+0, 0.00000e+0, 9.47695e+1, 0.00000e+0, 2.94961e+0, 0.00000e+0, 7.33115e+3, 0.00000e+0, 1.00179e+3, 0.00000e+0, 2.97139e+0, 0.00000e+0, 1.00919e+3, 0.00000e+0, 5.01765e+2, 0.00000e+0, 2.62969e+1, 0.00000e+0, 2.63487e+1, 0.00000e+0, 3.58789e+0, 0.00000e+0, 3.17935e+0, 0.00000e+0, 2.00000e+1, 0.00000e+0, 1.00000e+1, 0.00000e+0, 3, 3, 
03/12/2021 18:24:03.046, 03/12/2021 18:24:02.976, 4.14259e+0, 0.00000e+0, 9.47779e+1, 0.00000e+0, 2.94527e+0, 0.00000e+0, 7.14441e+3, 0.00000e+0, 9.97201e+2, 0.00000e+0, 2.96646e+0, 0.00000e+0, 1.00438e+3, 0.00000e+0, 5.01802e+2, 0.00000e+0, 2.62976e+1, 0.00000e+0, 2.63432e+1, 0.00000e+0, 3.58951e+0, 0.00000e+0, 3.17736e+0, 0.00000e+0, 2.00000e+1, 0.00000e+0, 1.00000e+1, 0.00000e+0, 3, 3, 
03/12/2021 18:24:04.042, 03/12/2021 18:24:03.970, 4.14250e+0, 0.00000e+0, 9.47635e+1, 0.00000e+0, 2.93269e+0, 0.00000e+0, 7.23917e+3, 0.00000e+0, 9.82596e+2, 0.00000e+0, 2.95408e+0, 0.00000e+0, 9.89761e+2, 0.00000e+0, 5.01819e+2, 0.00000e+0, 2.63137e+1, 0.00000e+0, 2.63385e+1, 0.00000e+0, 3.59045e+0, 0.00000e+0, 3.17734e+0, 0.00000e+0, 2.00000e+1, 0.00000e+0, 1.00000e+1, 0.00000e+0, 3, 3, 
03/12/2021 18:24:05.016, 03/12/2021 18:24:04.965, 4.14263e+0, 0.00000e+0, 9.47825e+1, 0.00000e+0, 2.91349e+0, 0.00000e+0, 7.20702e+3, 0.00000e+0, 9.64067e+2, 0.00000e+0, 2.93464e+0, 0.00000e+0, 9.71065e+2, 0.00000e+0, 5.01790e+2, 0.00000e+0, 2.62961e+1, 0.00000e+0, 2.63367e+1, 0.00000e+0, 3.58919e+0, 0.00000e+0, 3.17831e+0, 0.00000e+0, 2.00000e+1, 0.00000e+0, 1.00000e+1, 0.00000e+0, 3, 3, 
03/12/2021 18:24:06.033, 03/12/2021 18:24:05.960, 4.14253e+0, 0.00000e+0, 9.47684e+1, 0.00000e+0, 2.89513e+0, 0.00000e+0, 7.28013e+3, 0.00000e+0, 9.49693e+2, 0.00000e+0, 2.91636e+0, 0.00000e+0, 9.56657e+2, 0.00000e+0, 5.01810e+2, 0.00000e+0, 2.63263e+1, 0.00000e+0, 2.63315e+1, 0.00000e+0, 3.58757e+0, 0.00000e+0, 3.17920e+0, 0.00000e+0, 2.00000e+1, 0.00000e+0, 1.00000e+1, 0.00000e+0, 3, 3, 
03/12/2021 18:24:07.004, 03/12/2021 18:24:06.954, 4.14268e+0, 0.00000e+0, 9.47902e+1, 0.00000e+0, 2.88446e+0, 0.00000e+0, 7.35016e+3, 0.00000e+0, 9.37242e+2, 0.00000e+0, 2.90582e+0, 0.00000e+0, 9.44182e+2, 0.00000e+0, 5.01791e+2, 0.00000e+0, 2.63186e+1, 0.00000e+0, 2.63252e+1, 0.00000e+0, 3.58704e+0, 0.00000e+0, 3.18029e+0, 0.00000e+0, 2.00000e+1, 0.00000e+0, 1.00000e+1, 0.00000e+0, 3, 3, 
03/12/2021 18:24:08.002, 03/12/2021 18:24:07.949, 4.14254e+0, 0.00000e+0, 9.47697e+1, 0.00000e+0, 2.87837e+0, 0.00000e+0, 7.21664e+3, 0.00000e+0, 9.30120e+2, 0.00000e+0, 2.89930e+0, 0.00000e+0, 9.36881e+2, 0.00000e+0, 5.01821e+2, 0.00000e+0, 2.63291e+1, 0.00000e+0, 2.63147e+1, 0.00000e+0, 3.58744e+0, 0.00000e+0, 3.17930e+0, 0.00000e+0, 2.00000e+1, 0.00000e+0, 1.00000e+1, 0.00000e+0, 3, 3, 
03/12/2021 18:24:09.008, 03/12/2021 18:24:08.945, 4.14221e+0, 0.00000e+0, 9.47205e+1, 0.00000e+0, 2.87700e+0, 0.00000e+0, 7.20726e+3, 0.00000e+0, 9.26049e+2, 0.00000e+0, 2.89789e+0, 0.00000e+0, 9.32771e+2, 0.00000e+0, 5.01922e+2, 0.00000e+0, 2.63922e+1, 0.00000e+0, 2.62941e+1, 0.00000e+0, 3.59087e+0, 0.00000e+0, 3.18023e+0, 0.00000e+0, 2.00000e+1, 0.00000e+0, 1.00000e+1, 0.00000e+0, 3, 3, 
03/12/2021 18:24:10.016, 03/12/2021 18:24:09.938, 4.14305e+0, 0.00000e+0, 9.48454e+1, 0.00000e+0, 2.87103e+0, 0.00000e+0, 6.98023e+3, 0.00000e+0, 9.21994e+2, 0.00000e+0, 2.89121e+0, 0.00000e+0, 9.28475e+2, 0.00000e+0, 5.01759e+2, 0.00000e+0, 2.63426e+1, 0.00000e+0, 2.63260e+1, 0.00000e+0, 3.58806e+0, 0.00000e+0, 3.18049e+0, 0.00000e+0, 2.00000e+1, 0.00000e+0, 1.00000e+1, 0.00000e+0, 3, 3, 
03/12/2021 18:24:10.990, 03/12/2021 18:24:10.933, 4.14308e+0, 0.00000e+0, 9.48493e+1, 0.00000e+0, 2.87017e+0, 0.00000e+0, 6.97036e+3, 0.00000e+0, 9.22290e+2, 0.00000e+0, 2.89032e+0, 0.00000e+0, 9.28764e+2, 0.00000e+0, 5.01843e+2, 0.00000e+0, 2.63416e+1, 0.00000e+0, 2.63252e+1, 0.00000e+0, 3.58950e+0, 0.00000e+0, 3.18198e+0, 0.00000e+0, 2.00000e+1, 0.00000e+0, 1.00000e+1, 0.00000e+0, 3, 3, 
03/12/2021 18:24:12.008, 03/12/2021 18:24:11.927, 4.14289e+0, 0.00000e+0, 9.48221e+1, 0.00000e+0, 2.88228e+0, 0.00000e+0, 7.03280e+3, 0.00000e+0, 9.29116e+2, 0.00000e+0, 2.90269e+0, 0.00000e+0, 9.35697e+2, 0.00000e+0, 5.01810e+2, 0.00000e+0, 2.63797e+1, 0.00000e+0, 2.63153e+1, 0.00000e+0, 3.58570e+0, 0.00000e+0, 3.18126e+0, 0.00000e+0, 2.00000e+1, 0.00000e+0, 1.00000e+1, 0.00000e+0, 3, 3, 
03/12/2021 18:24:12.980, 03/12/2021 18:24:12.921, 4.14256e+0, 0.00000e+0, 9.47731e+1, 0.00000e+0, 2.88173e+0, 0.00000e+0, 6.96928e+3, 0.00000e+0, 9.32775e+2, 0.00000e+0, 2.90196e+0, 0.00000e+0, 9.39322e+2, 0.00000e+0, 5.01890e+2, 0.00000e+0, 2.63565e+1, 0.00000e+0, 2.63078e+1, 0.00000e+0, 3.58792e+0, 0.00000e+0, 3.18015e+0, 0.00000e+0, 2.00000e+1, 0.00000e+0, 1.00000e+1, 0.00000e+0, 3, 3, 
03/12/2021 18:24:13.968, 03/12/2021 18:24:13.916, 4.14208e+0, 0.00000e+0, 9.47025e+1, 0.00000e+0, 2.88162e+0, 0.00000e+0, 6.98473e+3, 0.00000e+0, 9.33299e+2, 0.00000e+0, 2.90189e+0, 0.00000e+0, 9.39863e+2, 0.00000e+0, 5.01785e+2, 0.00000e+0, 2.64043e+1, 0.00000e+0, 2.62848e+1, 0.00000e+0, 3.59054e+0, 0.00000e+0, 3.18120e+0, 0.00000e+0, 2.00000e+1, 0.00000e+0, 1.00000e+1, 0.00000e+0, 3, 3, 
03/12/2021 18:24:14.991, 03/12/2021 18:24:14.910, 4.14118e+0, 0.00000e+0, 9.45698e+1, 0.00000e+0, 2.88787e+0, 0.00000e+0, 7.06608e+3, 0.00000e+0, 9.43913e+2, 0.00000e+0, 2.90842e+0, 0.00000e+0, 9.50630e+2, 0.00000e+0, 5.02284e+2, 0.00000e+0, 2.65639e+1, 0.00000e+0, 2.62636e+1, 0.00000e+0, 3.58927e+0, 0.00000e+0, 3.18084e+0, 0.00000e+0, 2.00000e+1, 0.00000e+0, 1.00000e+1, 0.00000e+0, 3, 3, 
03/12/2021 18:24:15.997, 03/12/2021 18:24:15.919, 4.14290e+0, 0.00000e+0, 9.48234e+1, 0.00000e+0, 2.89628e+0, 0.00000e+0, 7.26933e+3, 0.00000e+0, 9.51596e+2, 0.00000e+0, 2.91748e+0, 0.00000e+0, 9.58564e+2, 0.00000e+0, 5.01711e+2, 0.00000e+0, 2.63699e+1, 0.00000e+0, 2.63167e+1, 0.00000e+0, 3.58848e+0, 0.00000e+0, 3.18278e+0, 0.00000e+0, 2.00000e+1, 0.00000e+0, 1.00000e+1, 0.00000e+0, 3, 3, 
03/12/2021 18:24:16.975, 03/12/2021 18:24:16.900, 4.14296e+0, 0.00000e+0, 9.48313e+1, 0.00000e+0, 2.90290e+0, 0.00000e+0, 7.02333e+3, 0.00000e+0, 9.54874e+2, 0.00000e+0, 2.92344e+0, 0.00000e+0, 9.61628e+2, 0.00000e+0, 5.01893e+2, 0.00000e+0, 2.63731e+1, 0.00000e+0, 2.63116e+1, 0.00000e+0, 3.58655e+0, 0.00000e+0, 3.18196e+0, 0.00000e+0, 2.00000e+1, 0.00000e+0, 1.00000e+1, 0.00000e+0, 3, 3, 
03/12/2021 18:24:17.974, 03/12/2021 18:24:17.900, 4.14079e+0, 0.00000e+0, 9.45121e+1, 0.00000e+0, 2.90608e+0, 0.00000e+0, 7.16384e+3, 0.00000e+0, 9.58754e+2, 0.00000e+0, 2.92705e+0, 0.00000e+0, 9.65672e+2, 0.00000e+0, 5.01868e+2, 0.00000e+0, 2.64827e+1, 0.00000e+0, 2.62373e+1, 0.00000e+0, 3.58818e+0, 0.00000e+0, 3.18088e+0, 0.00000e+0, 2.00000e+1, 0.00000e+0, 1.00000e+1, 0.00000e+0, 3, 3, 
03/12/2021 18:24:18.945, 03/12/2021 18:24:18.895, 4.14054e+0, 0.00000e+0, 9.44750e+1, 0.00000e+0, 2.90711e+0, 0.00000e+0, 7.24847e+3, 0.00000e+0, 9.58809e+2, 0.00000e+0, 2.92833e+0, 0.00000e+0, 9.65810e+2, 0.00000e+0, 5.02031e+2, 0.00000e+0, 2.65358e+1, 0.00000e+0, 2.62466e+1, 0.00000e+0, 3.58958e+0, 0.00000e+0, 3.18102e+0, 0.00000e+0, 2.00000e+1, 0.00000e+0, 1.00000e+1, 0.00000e+0, 3, 3, 

-----BEGIN PGP MESSAGE-----
Version: GnuPG v1

jA0EAwMCpzVpPEIE0cBgye3WSQkNiU8qg2E2CSDzC6haS6MzT91tB1/r7qWatHak
ErCuS3pcdh14mQIMUMGynjiD3sWQSX8DMS01auvPgaJNv+bfe7fQodgIHmd+ipQV
3kI3n9uERij2nyFhWJNOSr9neir17PTRNff+9UEKJRZxnssK5giNTzV7n5cfj3L/
01AB6gmGhO9wd0SLr49ohTgOkpWh18JPlIZHq/cU7gdpCH5maUxvcNfZCbCU7pJs
dZOCQs6ATzRpaDebavkh+xqdFQx/j59Quj4i8Vp1eQ3LkxjE5f5XXa6Oj+SEw4Z+
KU3qMP9STC7ru5JfQdUEFpLqJOuufJv7x7w3f2EJv6g72El1jdubJY2P/VhDYpoa
kKwYiFn//R7HXrmAH4obaVFeAltxcZCah9JY+HzxqFTEj7rBA+W1+Sl0HakMDimy
lULyMaBsGmeDPNZvK0iUeTvzp4hguXShE+lKiGc8dM6HDb5eEssy1htMHu/ImBG2
SSSlcMorJKUMl5g9iJTnGt46MFI6V1xs51EvV/10nQBMirwYMA7PHrXOpJZF6SuI
j7JdwicoYvm566IREKLl0RQmM4yqD9PKwba0YsOLvYrKL3t9A3TIuR2SPKDBSoQk
SNmF3AyCbC7QQ8hOvac4dbnSIFTJRnO6AhCXQktGg4Ja5al4nAKBJWtHBeYE0gNA
nMJvSctH0+aXy4D9UwG7TSyqGqxn5efFZqmFIR4aJMlhDlb3P9q17bDtsnoJQY8L
NSUEWUK9gqriSiY+v+heoccZxT+xAwfA5mOxduFSsToKvsgMG1bQq6hYf7D+e8ir
jz3IfYKflH89qMXYwwz/IOq8FqZW1BmtesOSo1xqH3sUZ3K9pXlb9we5pcASII2w
S4lwvEhOc3SAV1bezm/sN5dv1KAcyVgxuS77iENilbaH+egNW9pNffcRH1rq+y0P
tQ4WOgg6Ut5qqGgLvGXfKz7W4k4+6h6I8gMQlKVwr/A5hTGAghDHpwg+x9ssu22V
D1b1mXMVG/qvYgxL1m6GIyr3C8TM6Ii+2r/1HG0TEHfVKoJ2/3zo1fSO0HTwBHfN
cILJsUkNOD9chm0tSxWvt2cepi05VK8DCTPXMi2enMY6FEuI6lK8RE75SYZY8IdY
CmAdIvKrx0khJlXHjcaFVhyuayGFQrCKpoiJyjjN6edtVjpT3x+qM12894kaTWmA
zjxlb3/KPY2tKgRD2AMiykTSBFA8WPL8GegGcPR8tAr2IlPBeGAlPxjyQbvC7MYl
PYjJAR4TA2chVneQnP8Ldhz0GH9Kr2w8Ps8/NbsmU1MOZX2lfwS3FqLqDW3PAL+e
uV2921qwLHhI0+s32TsDOmbdo85IlPmTtHo55EDxU50+Z7YfymZCp25UvFxY7Hbg
U5/dd3QdhFJfaIXxw/BSUqn/+T/aZv2jfyKswZEPAw9hA2z8bXm9cOmeaFE2PlAt
efc0/pPiTxrxqv+D5z6npwwTvwzWV6tHX+NtliLohec4fPiVb7mOWXsi6qXkMCUY
apEMP0Qq4NA7kt4AHdPCbh52R1mHgJlcvZbGPv5OjwY3P8vqplzxkhPemJ6jFFfy
mL6deXvCdMarmFy8eYLIrp07btooOZuIJV1aqhq/DvWCDv0Y2ldOrJuJKfX3TRgr
y7jM9xsnqxThDFQnR+MkeaDBlMdetfZIIYiC5sORG41y4ITqmNLEQM5CX+qx0szZ
1tRvo42s80nJj2phICnr+8I9AW4rZTAJpNsRAwkGxJn9g0uP6nAkAICovCXbInrJ
4iFK4X70snluF876zytKoPwm+64PTgbrhHZBZivedCamtsu0TtlxMECFVgJZxkF4
ja1GdfG2+14B5pUTO89nQBRRRUEa8w25ebBLbN0hOBseu+UJj17S+7GcDMQYW/WT
pDh4RpFhYQnOxZCkOX32p/B61lRS8m0/8V/H29vtA2Gy/ysp1g60Lb+7cF1sQPdZ
axb5rtQFD/dA0jf7RL3euaH6e/c/C/nffi3Xzmhz753TDUfH8v4o/SS5Rb6gj+e4
fz/820jON53knIqwDkC/o3DyOKhiCXiNULg0duANq/n65LIpwUx/f0wf3M0uinU0
o4bjLg1Pg+VwgeG6HlOPmQcPNJfc4ocjMEAqMa3rIFLe58pXMRSemYETXPOp7pr/
VNtz7ELP/jnUwrNUJUHzepy2/8Zaw+9hgFtH3F6qcIugFF64QVszk0giC6Q96eIh
h9WEY11tgUCkiiihhXVW1oDd9Tq1XPEPrFV5RdYd9YMalCQZtvUH97VguYqvSBFF
ODrnl5w7YjWLnTIOLcotklX53PgxYyxLEvqcKMEq1MKGVsikZau4AoIBcPvO2jxo
yHVnalzoj+0c1mYrMyEP+j2hw9lqwVfOjA2cZ+du2anmrRgB5cxPplKBb6V01RW0
YWS4O4VKm+Ze/Anj2Cl6xC+7r2crFYu7tx7bNJJz4+eJdk2UY/WmhxdOClt6dKpf
l17UKsImrm6pCnBg0JgxG5GBQlKz1uvUw8BSPIi+gGRZQ1Nfmr8R9ShROLf4QOg8
HDUgW0KOcFQe/+vqFqTt1a9UdyJXJroKo+G5M/KjZCP0I6Kgk0K2c3pq1WQCLDkd
fHHlK5ohCjiB8VCqU1XfMDNNIT7LBo+GuZ/veb7WGcJpxQxP6sTxiEMOTrH0VS8g
eqb29Qv9bumP02U64XidEthe9LmWOimqFEUI3D8jQ/V/cla5161h9rvPTH17oGrN
AL7D3g/fgyFBytXLPGaIfO43hjGfegM1g+ul7g4gLaOhC/V6PHMXyE/eTYDJYCw8
2k2jWOrkJxsC/+6zgxgXgYSRkxNgMquxljm0pVbQSNGyQNSQa407Fg+6Kkk7eSuq
eObPp6bEC1jsvoRcPLw4pX61T5F5QXhjmKkVIavLU4dSsU7K58Qs2o9ZRaQtomEo
ZAbHBV9bcqOmsD9kDpH3144EZrSuy+ImD7PwN0S5qeWH2gCPytI4aj43Ep9QxdAX
ZYaVnqeIEZb0ba76nxNRqbIddVaOmYGDirbaA2x2uk1VOD5/qPx+MCmyNg6vdW3c
/+ZXvKomBNtTvXFltuInpLoi64HUcr47RO+ZfFPd1giXusbxKKUbnwQ4QwtIHNUh
D8LwUP72fnr1Bxvt2nIX6C/PEVZ5BHuMg+PZFWca4Oe6dUzNmKWb5aa4Gbj/2VyH
QM+tFoUXyI4SmW409J9Nm/3y+CB0K1/SOtiu1V6CSzAzrWu5SoHrJriE9kamhbDg
KnHcTEIukcwhUkh7j3fLk/dh+LsFivhCjPxyPve0teu5pZWuyhtN3RY+d5dCW06S
hpSBNcm0HD0AAut5beOu3R5U6VKDoMRiFh1zoHP6CINgmwxAql/aDXs2zbouM403
4rbJzIz9FznlvK+Gnjg777jQhgucterPzhM+wDZ3nyfvxf/TjlQGQabW1hjLhPj4
HPul7ugkSE5BvcDIvGhlx9sTpc1zSJYT1tzOK0EAEgXMyHHzmWpG3fGauP3FYeo7
VzwR3MVhkt9j08B9n6hutMRRVX4EvTt7YXhLW05GJo+4DET6ukB2wCteBAvLuBjv
Was46ZG46tOePOEsyY/jX+D6ykm24BKy16n8RyYsCkAMJ8z9UWKuQ1Y9B48L7fSe
0R6p4anNxpEw5fZO/+OvocTX3GKoyCldLLI/5d7NlY1FwF+ElLju3snheZYslzo0
CYYhpYAScyIUG7KxQzUtrSlN+W7bJqWftzmFqbtCc4I120AewB0TkTdw6D2YFPyD
wjyxK5UWQmCAtXWpJOILO0wzsohdVxfIE9oDgSJ+CL/UdpJHhKOWCyOdXeKNIopE
J9F9kmOFzwiLk349Oha6w8gebAQzxStl9Igu9OD3wovbv8lq1r2nxBwt8FNCWoOe
KoSvOteNBWyHmfJT38hIcas5z0XNLCfJHhjhtemXkiF7rqqAyOE3QOdoBLTpCkXn
dutwP60P51mDSE6fFUvvEeriXiFdg9oh/R5uIq0aARnYMwHXRQ/GNMKwSsqOX7qK
s2w6Flrs8MSJ/5cYnSGN9ZnUEYP2T+U8wszWi59oT9OMjD7qzMFt3vGfCXchi6JT
JkCT4kUoizBIdlLpjs/SNGhPEuZyNvqFbNPLHwAvhvSa88Obv2tSWl4EaKzpccRG
M6ysI+pLzOscUSbaUjXqhhTmyvWEa4j/cVKcZWuK3Dt1e58PZA86v8UYlNe7Z48A
JRt+3RvM+cHRhYe/Xsec2degpyoNZH3Qh0ARUiJzJrmwEucMDveX3iRTYO0lYpRi
GZQlIrb0PXdtyp1bwF5ocdRdf3ENEhOP2IEi7HjbatCIlbQ3DzaR+H8xpSO75VV8
rnrRvMs88XSjUfCjnjwiJWk8g5h/CA1bPgnNIGJCVohSyWfTrOFX5vTeDHISToiV
YQQl4HCmyBzVbYpz/aR+hedO++8x9Y2RRJhMK2jXAP7KIUhS3V5j01ZqRcKOzU8m
EjkRiiKTZYGci2upLM8Gl4ite6LGCAgoISxoGkfCMw8zH5OUnGiSoFRnQv3DHDhK
I8nJfb8QUyRYS/VrSSx8LQQ5iFj2Ar16ur4d7mXgwHni4UbGCZptlls/eBhRbCzc
ZZ0/41SWxYD0WVM8c+p/66Kzrp74v0hUpb4A/Wla5OW6EbFich0wfOUliPkD7xxP
t9wtWerndyyh0uqCrCnHnc0CTXrwV88Q3ETxqLRAl6gAaZicnOLI12dXOi0+DT/P
eY8BeCLzAvTVEr4LEJr4TZw5FxHVgEAzu58/unfywUPQ7SlbBmrdflhA2s41BzdF
f8ZatXi3+j36n7iLSC38Sel1nY1vJ/ASUow+nLGJZ2iU+T0RbEbUQM4Hp0yroCC+
iXJj74DyzIiSDuivLL/zaN7okl6cPdFZKNtAyaPcgc1BRDq7J7KVeMPyAk8rmfBa
r/sO0ZW/G+kUzl0+nII3t7TYBe5WqenSg2xR8iDGJlzePaa7n1BVlZZ3bHyV4Ogl
KKo4RhS6SrxA3XlT1Ew+mp3Kq5xba+kxccCXk6tPh7mOEzVglFU8XUNmT3TIb0B6
JZboGlXq/k0V7JMfaoT91dcLZxI0vrZp7Zyz7ZHSW+Q8IeoMIhclEZVpCfLv1V4J
m+I72fMeyoLpK3Ln5kTz3EVc4/sFiT5txIblvZ0Is6RiyPTCxelVF6A2t9/Gj0rt
YNIbAg7laLsH7dkOpSVIRB8fv5oLrstKrLwDHhD0j5NZbEPuZxE+Tj6o978ge8h1
GVgxQU4M4GVAH9lBXjTQkOd6s+y9sdmMb6rdjS07mjC72DAaEH2KrBcZ82AbplsZ
PhtEiUILs66CCcGzZwnya2mlAeO9sQYJUDDLwYhtSOn4xioTgWZ7Ud+Z110FXUeg
3KueOuBX3i6RZfKXyX3CT79aqp+yyvrgrHtQMP1dT/syPRKaun/aRq+UnnkCC4Rj
5PVc7Urd+2IhoXNO5B7k1JNxBqiGsJkteIzdR5+LiFlTuH+2MsWgtmIf65StuFqS
fTo/zHWWYVuyK0PJt47DbSsG5AqWDuOT9PIhIfcrstqHBGmx4rDFqvZSCCyOrWta
KwmemWbSaoxAlrsplDOzxf8a3u01kPlQ10TlblN+zvS/AKdMtyPPe89+HwZkwmgk
4ymEpi7Z2JzhItqQw4ijLhR8k8ae0e40Nh5vug9+gi91vdPdlsUhXYCO1ONZBq6U
5zMILCFsXv1tQMCC70rUOfRBPRlOMVQuIukREh4i6bGjQ1IAYVtV6mbLUj+AhZ8L
kqstAXRfsEQd5UDpyQPGz/ArpglHaf2pALS2PHPj2rMUBFSn/5XWLRsnOEFXyUr2
pWnbt+DQ3TMO7w1uGGJuejZpTWrtHy4z3EMfGZv/IY3r0BDD7RctcKZ6aBmwGbzo
b/dKyJT7njY1puHR0kS5r2NKicposz84W/5I/bx3Ag7ffuUBeS7hutPZB/RM//Bl
brLx4+4VAp2JWzqfMVRZ+5gvoF3u7voDO3hLIcyNQ4/vGBcm9QmuorZGe7G9I5FU
Uxg/Td08eT9UCiukNCWyHLY/5ZkO/18AhFKtUvPfZT/UzZpR4kuy0C2YnzdDA8do
obRj98jWIKpM0399fRTMpekXECcAk4fuoakWtu0HfBihlZu3VfnX6omDoineoheV
acuYaJZzUW6PEBJv9y8OYK0NL8oZH6pk/3dMVs1GDV5e2LvKcfDhNBKf2oLUTjG8
vKJLgcRUZgXJ7NmYj+i3SXA+/neRv4QvV2+KIK2gNx7cH1tfv8qp0zetVolX6eUG
oc9tm8JhRuj+v/dyJ7AgUqZTWyMpRHdiwXtrakOd7P6WjKo/pP+p2wbeJY9f1uhp
ECQKQZEGOoed4wGJZoFbjV20FZKK/fKDUSz16Wo6CeIkycMAPgbgT6j1JXEz0km4
H8D2741orw/UqLv3rJL0XEFGyYYeC+0RevrLubhF5qtrPeKxRApqwMiaf9yCpBIL
O+zJEZq8BtKeCHRDGoEapMZy4YhoycVVePoTEJU8iA4z8fgVMIVEGIcQTCmSc9Nd
oN8QZiDRTwxuHdjtE19Mj+YEgmvdFcDoWbQyXsiMcVK51L7rOIdIxImQFJ0uEnuq
uVzVsG9NgJBBfFWqZ7MQb7JC9nB/PXY+4NsdRe4VcacsLAhCHX51zWCsaPfkb9eS
3L7W/jj6kbWwdlG4tDSjmOutuNjn6te5YiX2+HsX8sVRBrzbk+WKTDwdZB4mrwyC
6bT8FYpG4IXHMx5mfce9rNBgC/XiVcVicNvlnqAClh2W9vfCWkIifT3skgeYECQ2
cvAqT4ZxGlVfI8Tb0J56gvlZEpb/CA45Xs2Ef+C8PJqpkUkr6aKHDk1PGV55w1ys
KWh8NVk803HmeEOG9E3Bq8xxSQj18BrbeuefykdCMSwB8agcovbF1PTbHqyXQBmL
QpJ25uhPv1VbTe2Rzf2gAgy1VS86gpfnQ8y19JOWVg12JkLwt+UyHSOjulO8U1VX
h6zes2t03UY5joiJuolyVQkd01cCkWyDla3JFQ11Rg3cgRhjPOE4ZcYlWIVLvvo/
/esyIUo8lPhzQAq1HcGBVSUpIlRB8z7MkAfisUKHeCiAS+mvkXKAG/izTgB47nQq
6lRrTgaLS6qBrTdLAg8FWe3NFQ4BMvS+jiuzoVM63oCzEFlIz17wBNp7a1C0jD8r
JVQe16/TWNlM3sE+B0jVaNG6VBiecfZ+JbAhJWpW07TC2sOAWYJ0mX/o4rqvuUag
4EYQ0bDbWQw35SXtL3cTGlEl3vQts4gQxlYprT0+MVyV9pvv/07h2qRppwPccbZN
cpWTMGyKrOHMsT4OxbFZBhPV6x2khGEH1rU14G19XJ/p2Ts13MXp8gfkh7KeS7hq
T0cmECPeXhLCSk5mSUhlIIPfeVUQtMnZ6d3rNvs2mpWlWuiLuULmKW/ZP/eMVVKO
+yf4jjPbjXcq0kxbx6EHLz3aztvCvLroAI+1iUiz793eHZmfqKzbfWP+HPsOS/UP
0o5yKxEKxW4KzzxsdzDRG/PD3Pgs5ly1sstiFaf5Gyhlah7/3vPyBGAsEivLydlL
SwGuyFEyZW0WHU8HsfZVVgr3ReUqAUVHDoXzIPUh3x35KhMR1fqwgyZrxG0g9BR7
H66+08fZliguaN4a4YnMvu934T3odFJ9oCLeZMLaSjJYw43I150hpjpHm6yGb04R
w0f5vD/YXCwaYwGpIm6F5OC+u4PMmn+aIOwsS2MTxLBZlaLwNST5OuERLsGmLsMp
ERDintx7QKaoq3yTIww8bvdnIA2pRgoRyIQGxUWsfSRKjpxT22usOFijUtCvKTfo
tiNDajK9rR3aJ2N1/1wjsl4NT6v+CZJOjpri1N18gA/HypBOwreauodRhsuZodZX
h/DbRGpqEIWlgGe6NSdc3ULggJzVw8ZVhZTizylzQDsEjGu0MFaNbyfn3GXGf88J
Hyw//ICKFqpb8RRQiu7ldeiaFWubk58DnCoXXxenGutO5Sgr9FJCoa7kyxfSjrew
zyJHX0kItvRb3hdPNpXWZX+KVzQ5I9N6zxlZ7ytBmWETb2sAcaeaKbQa/JzQ6+N6
rVkINvcYeBMEsBvgkngPj/G6/KZbqeIJu3k3jI1RP2F47p3LSQqEkSUeDKk571B2
iurDIzZftyDqJ7HQMZeJTfhzuT4G2Nx+ve5DdsNdErpqaiSX1MfsRIlQUUpHF/ap
A3p6GdmWyNIfmlskOGAS05HugRtD93DdnQV5iOtT9DSoYswXdas1SHcurN7y/8Pq
i1rWWQ2jTl1VP0unaFnoR2DqoRpl4yzG4hPKRYkGVWHkJAVNTKGM8DxP3MWRcuhX
4fTY7v7csrNcUZ1yuizSJ1Yt4wIZsNS/Tbt5kQqqgVlOfoXni2lRXc+htXxqpLEa
yK39znCKS8GpbmZ8Z93MLGsrLBPgU1F7HQ7rARGEpd93ib/untWH3F7foSlwcG/7
phQdkipgzsnkxK1tig6UH/x2nSUu/reqoollr1N5+nV46Dfqxqd3cnKUINsEtT3f
UqDPvzwlU/877qDCrvwgC56FgZ5N7orEt4PKMMu45Pqb9nJ2ouxxbb1V4LXbr95q
33JRNfetw2Lzfw8VYb7R/Q8hJ7gHoRK1E1kbtWEmgADparZ0q/EZC6QzPLcKLmFw
p/Okecs2soDrxOMkxpAYJKJxjrAs7ohim0SG3oLWPSSzzQtPXRQIuyZ8fiaWYx7X
L+3g1xZ5y/ZZJsiN9b9prws3orrRg6SkOQQl3W5HTq0SJ1VqRPS89hZtjOjHt3TG
3WiyhkaO+hLVa4kphe/zvTShh0GRfKHHgBGl+4xmPPzegwfWJP1goMDLDCNelmK1
Ybkr9j4YLpg5VOSGQWV3XAmZC2U25uvGIRjnZ97NsT3D/bojY/qWnP1rwZTCkB15
Ex7UVmyP+h/TjIS5r/AblF9EmDFG/95t4bz92NYnKy90rn/L4hzuoGEg6xEaIQrl
lxy8rYnYwWHQqQdgQ6H/aD6VEuYnbEiw0DtESI5zhZhr0vJQ1hZLjMd9Q7Fyf54H
lvPcurlqMIl1e6ouHoXw37UH3RWlv5/XZzHV9h6i7C8JLaVHspXzAQQZm8W8kT6n
A2QbL5zKMIrGJoG4idkleepAGOsfmlevbSIznXpDYIKU2vd0dto/hu1gmiGwNVYF
fse/q2Jos//LLjc/m2H5V3nrkbDSAY1gDGHHscB8GPRqoaoxAXb9fuHZKOSPY3Ov
VU+/Oe+Lc6yjgkAJYarFEnFrClXTlZR5h5d3Vo4a4zDVOcmQTM0Uwx2D436YpXZL
hM3Dwhgp7ygs+gxTOUFYQpmSe15yw7RptVbdfL4O/z0Y1URDQdk527Rmu435rchq
pq+pQu0LnccQsyvo19vvGQdvISAJE0ThplsmQVWqYqHpAUE/jCk697cEwXxYDfrU
khmSjZEKdXrohaki1x37LUsmKe9j1L/1aSZlmuyinfOv2mRZbBC/JaIA29h9xsnM
vXj88rBXDUmNWvUxiqx4peMvOfSI/PL0Qhx+j/VtOVvxkOKsEqKvoeo/Gfggq0eP
0bBsCGPKgAeGKoRb0n4Xpjd0V0UTcitmmKTKZNNRH6xvTOhNc8EvuQn71layKDmm
E9wZLBV5wnFWx/WGzkEUohMAunPqH+58RH4rnoFfmmEqm0z4Z34LXXRkil8oD4hx
dGt3o+6338LbiT1DivOCX85HFjTH4hbV5aPMxafa+sVRA8n4hZmJbhm7g1EjPDUb
wS1Q2H2uNBW22nAQjY1cLVbS/kxJ/Om49zEyCNWHIFBJ3l0Mb1s/3Lg1+ybbKeln
Hjxgkap3Q1ExJ/zwylOEMk7gPEZq4cRFUNtRtxLGoLbSqIV/+aDQOszIBznFWwab
td4x8PuXTIeHOPRdRLrr015BvCr/40+1140/YjFXd+U8Ykw9bemgc1C8yUgzX2Au
Y6qNqJa0+Auz3J9V7g7jMdjwMDYAFLmrkSM62Oc2TO8tTVdW5waa891P27YrYaDw
+cXONI5fPW3ZFV3v29gsQ9J1KvscRqPGZoAHBUyHxttAoKf8F5YLxgPJzzio1hCX
3II7dKWylyS/j19JuwiWGp8khBNWjM1qfkwkpCXNHiSuAz0VRhPAhgIsCy5YGsN3
pltF+0UvO5IciRi8ucSPW+l/L+n417RUSYldTtD0WbF0zTso2wOLKHkZ8fGj3+9U
VOuWF9fQ8Pjhy0+P1wPtngD1zIwaAmHZidF+6lfhnEyZQmj3krt5GkSNrrDalhuW
iJN5xucOvn8rEhORd+cE3eZvNf4TXzKKKF0O7gsLoCfAatjZLyaqFLo4rupYgKBP
ukSLkHaD+xjwdkRPHReUSop4mmqOwbBBpDc6zTey1qsc+QtKLl8VXOgpxyytYp64
d26GVCht4Q4Y3CW5NjXCg8z2TD2XYmkdVqRMNdUQq/YZajiaDwcWWeX8xU+Kj7Pw
dO7+6cjPDLmS4b1AgT1oy4ZqutSVqbpP6SShYFkhxJ6X1K62pUB1IB4O1EayOmFi
398W3p8zA5VJyzgiRGJI3H0+M2F5icAjw6uTc9uG9CrdcGkyRj8sTCZFjowkM+Cw
JNavYmB+ALVlgd87Uqk9rWaxA/YdtKjIuj45Kt/As3ExCrGSvTi4eZKyjFHYl85E
NBVN9nuwdl2fYxhry7ASMYfEnkVp2BNvQNuSGIJCMSf3AmgtixSB3Z2q2WQ6NBs9
GYQD7YWqA9LSSsvHQf0vVZBhPSyWDGcxan1M2qlVRneh2Me8z9IUXl701h23xSHy
OtsYNfYmZSxeufgqWHg+8t0E33Ua4IDS0fhRJwCdmPJEuybtvLKxUHkx3KAqsv7D
Sk+243YXFqNodSJc9ruy0Z8IEOeGvu7lOyo/bgHKMjsJbrLgqiVx2y+ZpGqeARii
w+dO6KZrfwUtwHmxGrtGJwRLvB6yo6fJQGkqbZS4fPwK4ybMpiXGzla5lAu4+ri/
NO2tSdSvJF1tEs+fvMz7N6xDN1UK/41bcrTp8C+TpwWWtC9y9kIkgFxOeykZfiDx
sCC/9UehA3ZwqtkDC4nf3SgRXUy3L1gBfYqc8M9tn5aCpjmmvEeSxnkbylAoD2kW
Wd5yiWPrBFh0l9Pvsp4QQiYE5ihSC5Vw/YRxvhl7469eUuSNFYxAWuA4OR6oMeaF
KFEcnT8EuTVBH8ImhkX3WBoX7+1qeHARcgA2+PicMyo8YLM0JH1Jw68XZ98UBYlj
RsJUknFf0HUlZPHl1gskiRoXU2rMDVf/VhrQifcAlXZjqcOYDe4YOvSH6+hHvrY/
zVPcWpUb40+icqxyRykCMrL9c/SoN/UGTYOuvxqhNwLDZqNfOWKL8CfPNulW81Yi
rG2igsiWeNjgNPMUSCenfDEar3UK+pPEQX9mUVoln5CHeE/Jt5tivuImFm8nqAxp
9sjakcLxRVeDInpmPQR+RzhnGIaJHIwwG7ZebYx3ZDrcnI2E8095gm0Hr277YInf
RIsRifh2m6X26X5LeFFgr0C4Mdmjt0oiRgMHAhov/riKViMk4Ibuz2F0cyPNGz0n
47bA7VW309xIMQ2lJm62Ri1luFJcVsonjN1U5wy1E+dOdCwoyB0PSL+doXtFgEUM
Q98wiSowSnCOII9P23/r0zHLPNo5Kk88O9SCWl8e8xhuz8B6VhmvKNkaxT1kPLJU
XhLw4LupywifmcZQ4IgkkQY4rFTEXkWhfwpYwynIHkTlBJO9l/TnXYMWDYXw/rI9
OiE1RE165ctKCqI3vfrMNWk7M2pT7vYQOc3IRylcp5ZY4yGE7TPC4+ho3UE7XRUV
pmOctaZkvwQVoFB0ns5zn8Sgb5GcQlakgAcSfNw/MBLvHZNIvKukK1bwgalhgjN2
w3OD1yjJIUHPqF4Po+RezPOGws2KkgNbHfBa+O6/QC4vU1AKbUExPSlJUAZMpsPo
CCbNOcC7+ibrGsoplkhnCDTt2ezKvGFHfTqBv74plQ/Ek4FW//6+5keQzXVXb5VO
SWrVC8J8eBjgbGwfUvqnDFJxAyluVcu1aUtaIE44aUsWVMTfWk0MsmqwIJBkt5rL
85TVS9z7GxuldpvbjYk+pOPb/6QAI+BoH5hA0JWG3cPqL3EjuBcHxnKlzYIZrVZX
sFTAaSiRkOmspvmBKy9DoehuE56KA+tPEHiwlSYaBbnLQHB0p4uYtPWuuvTZ1frw
Oaa0dNplfVrmbeCHN8k801M4iOMgZ2K9TU977I7399/zIjD3+Z4LXIF4ws4AdEUO
ketSu4lliu8s3cSeZpMvI0cMhhHyE6I0zlEVK8ECm8ST+qG5T2fGS5aQVlP/Merb
vyGc7ezJdxATUlHrnnUUKaK3VfMsm2K8s+kDRumWNhJDyCxOABJdLzyHxnSazfVI
qJ/g0tywh+WTFyTi36cxjwwPwAM++H+yPaD9Z8W2fAB1blUN/QjCZjkMgeJhvklx
TuzrqWz4SCdCY/9pvWTkAne/KvITCjd7zAgr2+wg0cpWeIeY9Cx5e77wR1c+IWnC
YZGriJ8rFGsYK6meuBPcWMDeocsadBrRgPogC6jx4mW1BXnAzGKonbjyhxqPNGW2
7hsAN2VWjBcYj1afk3XB2YlJIJIoGWOnMJNybee81yfnhmNBiMjdV8cMpijbSTiw
gpCoit6GELh/86xFBlpveW6ok6HXmJ2kBBEwWA1Rqh3rSpB8q9mFrjsJSQ3pUtYI
ppJV1fbi9V7pre+7QjTTIdzFDlbPLNmepAUqXXwjL84U97sGydgzomEPI2plu6nO
luIQ4sTMZ8nas+5uLXgOKh7vcQi450k+6WCR7nCezDiTJUQzdr9IRL8D/fjmM/t6
BJKklWpHAOfvmvLVEpHENyCYa6eD8qwpcIVXNu4SNWvF2Ee12d6kFy177z+q/rfl
eJLnFQG2r34AFdvUQ8aqSZKxHi4w+63FT9xtFf56oujEhBGbChizqoxgIdxc8reV
fC1Xz67ZrIqY4IcQibV9IXEsbV7c13vEVGbT4nPP494wN3RWpHEiYKrTVVmzE/fH
idq00zguAZhaasAs5/wTNPOiIDVbmD9vr+bfdNTPkC0fkqM0sbVQFODjPMG/Woq3
oCHIZnhUJ7hgnK4cqowuD1pTosIRXZCKoNVN91WzQLX+5YnOfrNgkoVOfWSObNXH
N8/+e61B7hD7IYQSC6HMQvFryvZ+iA1Li1rkTka32bnIgoX1C4+tPjSapNxQ4hNZ
iiSYw00GxnShAEd+qsdX3ktZ/mgCrRWX7Jnv7BBS9AF8qz1WPyyd9tEyKpzuVZF0
riqbWh8O8gCpbYUK76uShCFh5y5A1KJUNsdN4xy43OzFeTJ7rlRmkRB0XF6w8jef
Js4pkwRWyHA2p7GbTsohFbAP7cnuEVCLYbMPfN5Xyi/68axQs8kbKUIbSAoRxOAe
XAe4Wd0Pjj2tBwzC8BDC0gFNyhomYSLSdCyca8QiioqXtQ5/gLSq3dUCVAzEThdk
xG6y6XassCcLEZELvre3V+2oXdtr3YRrN/zaeufc3FhsFP8kJbK6LwJ7peLOsnlz
bFzxtZfdHqzGNnB1t76C8ygugPW0cers2/W2G6nXE5pt0+FUuZgOAnbi+X1Exd4G
XFQoIn8FcVN5u4JbS7ccVFiSTmuFR6XCNAtZ67VWZwJEJNy34NCfmRPfjiE0mF3O
eXWkbqAJn/0aclxP8BFUGrjH4nuEYYHeMiDF24J9Wum3PoYxIx90Z0S6XExWMQxm
u1jAfaPXwXzg7IYkIzQTAe5gPIWLnQMWDdbDuRr7bzXJJ7Qt78VN3DZZ2BMoa3nZ
QvSqULIk1kdU9L1jzs2cfM/J5K0hdVSv0e+69n4mBqb93MlTR8LSMEz4RvDKY0MZ
TupMTbe/36MY3awO8iVLuR2NdQM0dM1qUMITt+bjZmLhNKI+dcYJ4MVn+r/CnQsE
Be3kN9Su+PfkfaYn1JaNDvNUlCcvU2aKoHrrUira5sj7SJaP+VxQYfw20ovfrmL4
wtT7Y+cFfSppMe0AT7/VxmCY1a+0/saz5OxVn0J33bLPBaAah7coGWQ415LetdhB
38C6ZaCm+iWj/8A3qIwUNMRIVeWTUQZ1axr5CGZllC1I9q1WiwfrLIlJ3V/Hy/VL
hRHULAIfip6DH39EYni4eBNPc5oGzwYjGu/8fBwzee9IpPKXKNNf39C4Ap3wZ48U
MbGZUFbCK6003TJt7L/wsWDlCReB41RtMGEZje6Xp/wQZZNlCa/EPcA5Q5nx4uuZ
SvpEZs2133lqQvDSwdyqOrwtJ18CRMKRVKqqvlR1EYCom5r59ty7wdTQ4AIrhsUV
jw/N2zuQJgLC0xoB/e6y9jc0DwfQe0UgFkQLzI8BoeoY6MKENgL1oxsWU6fl7Mc8
n0H8ocKUGxnYMZA8sY5j86mz/MNdzZ63D6cX93f6uZSQbcRD57dbw80k8Pw2OuS5
fM0D40msai/3Zsq4wAfvZlOUQV3W0kQCG5/KFTn0Fra7DEOvtXeMtq7hk/g5CcYX
8QFXmRNB0emMOCnpj9rFCAbCyHS2iTIejiJWeI8N2Ue1+u5YGq+P2NusJcA+M1/3
NRB7vInRjABt82G3Wh4w81mx/aXmFxI2J0YxvJluBh58fctjCATgnVcmS5+dffsP
Hwc0154oeQuaL6JiLCAI2eMM8gFEMeMD+6P097X6xWkWF/oYoB+sJ/9rBFnjzAdv
wNVCHCsD9/S9QR+UD3InzYtr1Zhn5xoOWemxwBI57jnzEpa0a26f6mZbB7OlxMAg
/0ygmWP2CBsOctUwbkWu4tEC3WCEe1fLHQdAG+1B2/NJ2murpnuXalVIpBcJTQoQ
S7NrfLF3gQgxv98Jn2+L/BmkAdZvWuW+67XwfilubsL+TxbWUDps57s3LulbrMLM
BIq5bOnb035ErH+T6xtah554cda1/HIK8UY+n2A8w5xwQYuC7VL+0qKL2sL3m0/5
J5hQengPrPoQfxwdPSQ99Hxfxfv63wTyMtN2OO23QNbLHILvvaGS0GMrwil8NC4L
5EnF/ILcRft7WFr4ZgVIH9IfTiPX1MOzd10n0wIEn4jdiXcdQbGNhh/oF0E1ojYv
48bz9Cnc53HuwR69gPQPKutLlDYdtDCQ6oOJXEYQEkGibjBXu76E1cj5xJuD+lAW
nPiEaMnEqieip2Mo8lJDCOg2+LDvF+m+q7BZCfVdVyUtjRgdIowCVKYDblvJOSOp
5eW97PZjPpzyhuqrQGOAWC8oGVtPkwGldOCbCphxL8CH2otJ+Yl+nknCUc4AHcCt
ncqedJs1qjvDaa7Cf3k0/3B4jEevZGrOVnoXkhkCavACoG5Laq+ZQivKG8w8k8YC
Klop/Bx6Hvg/UhRVG2llNynHF2JLIKiE/WAkip2La1FrkGnDdJ29dALZT07lfdbW
Ne7DHaEH1dw3jG9P1h/pzqPtaLkC3QWKDF9PSk5Ao5ZEvs2Nvej/841qUekpu9cp
OBcuqsMoPMwjdv+o80Pv9KQFDzh4q0s79JdsRZR0kngHSf2HowSarp2GU4VYBN/n
uMa88idRpDToIJvoh/wlWUuh6i1LeEg0KyYf7Y04ZesyBLL+OAuniYKh66IPtm1H
0sqSflvrRl1jL7/JP9HHx+9ZQB+PQesfA0d/Eszz7ihp8xianbaknTYS9bXU04S4
1avQzX/IEVuCb7SUNmiLSAH2ICfSWwDierANK888V0iDy4upu79wN/svVDvL0sZn
/kebMfK1WK5y3ecvQ2fbG2s9mDKpmk6h9VQ9vo84FMZU18YwslcIiUSEUQC2R5c3
tezi1qPyVfn5BcqLgpXS4ATLAeLyE8+aYcKJv7BfUZTEnNPOniekP3HNikHjYjng
FFpxholGarsTbvQfx3zDSU8vLvuW8j12I2DZ1BLdQfayBGf4c4/h4bVGnG4bkbL+
ZB8R+LOSATm9wdLau0ncIEPdWP2Rs6xPL0qR70Js7kM95e0h4MPfWxULy9mFOM9Q
ccLLoGub8nuccLofa+ldQtGCL079DMwHHPlj/sLEvZ7FY538ww2Rq4xursGjUtTI
mASxIPISsT34mOMmL5Kh6G3AB2rNPvS45b79otmJ7KA+bQ9rfj2sIiwqdV5EUUtV
01UmUcpUCqYlpcDny6Le7DWyFiRQlC8iRbscWx3KNxvZfBXPNOj1cMd0ZHiG1kmF
mJxuptV5a3mgmwBumzTpqIK1fypeQAris77AswHgy7sDed45XKr8fcRJMqNHiKtO
gV9bw+J7lMSm/r514RxrQq61EtIX3ze8aw4npdYeJV/DDMcReSJvycBED7r27ELe
u4SctE2KzmzAlw9Uyk19SNCrcVRtN6XvY7ryyCoU4K6xnf+9WFmByBuGbUwSCF+E
iSMRAebYdafVcMzhleZEX6Y/DhU85ypv6v/Qkw1P0hgBNeAfIlc2Fgbh7bp1XAHj
LxaUWXCnSR+E2zIz7zGF9z9jafc9U54AY7HPfnHh/2vMdBZ0WfDblQyqOQC//b1K
rzPb+oafZXc/sJWLJce6YweuLE8l/vorN5mHZlS9ejQScwepqUP6FvvLiKFa5c2b
VEqg/BcCHG8X1D12llkz18ADbdQ6AENoD1g70DMgvXdqsCIX/Awal/e7l4HmUSjk
ghuarjzPtZzEXDoaMeQRunBKBjz5fHwLnzC3P1Zpq7GYli5HtUxVO0sMDVM9MNHr
1jnqOpyR3u6kGljGarIoI5KTKcKF6H9cNSrKU07Xiw0QoRNxwQ7DYVVG+8GNY8dh
pMBoCu0A2scM+Yuw241DQJTNQ39oNvE4cqpbVA3NfL8l+e/41N6UDNQnXGyMTTru
zMv4ihyHCutlP7ouMiACpDCh8mB7EZ67tlXVmiyTwwFA2EHkC8zwThGVDJ1Nvm8y
tiyc7xkCVqM9ge+OC053Q6RJYtD7vUU4FxYNFXcB7w8x8LoTqnnGjFyk3P7SKUpK
N/Fh0mVFtbGaw6i6ubLtucJIR6GvXlSCateGA4MiyWFNY4C8mc6Amb7B3DDfYSrD
k4dNttYiCv0ZtpY84SzZ4VBcH8LIBjW/gVortjaEH6qSp8YurjFy/fW+lFbzvlL7
A/hwLiC1OpAipz7owa5PoKQPVNLzBHy0kg9IqHG2g4aRfvlOTtZojFvmokNwpm3h
ybM5g9QqhM8iHlK44SPtddlSciOO0e+p4b3Hbcio1pNLNG/szt4L9pwlY4T2mbxW
/Jdim9uF1Mvn5apwP+FCiZgD4UF9+W52YtsS24lGDS6Ufo6Hzz5nrivQ6FQusYTL
PLCzZI7ghQ8+F/LCbek0PabbnGVxQn8CxQFWfVqUcPxbq6b4CKifhyv8ohWYpDQB
Q6R5zqsEg3AxEpvnvaZHmMls9K9MIANwEyOz1zs1MGRmbakT0nM9JmZHhXFIgfJZ
PRWkiVJjdPEdJDfdXuqlduJEMTK004CI2AhZO885WNOOVs00/jnXa4e9XRx3YEsU
jCqUOGpb+HkUoLD9ZDchJRMM6p6YRtywdkbYd4qiBbaYP5apIE4LDrn4QXV84Wlz
YqvUkDgjv4LFAKoaEQAc6j3DG/mzkNNI0KsZ7aR58eqOS6kRTmkx7AQ1tQCPlXOa
4ZxXHbxq45Lr4Ff7njDcAgerBOfF0mAnotfw99vZz6xtVYmXbWZDftrnh0R8h0p1
NCCHc+DxBLHyRjpTSg6N6LwV2Gt3gCpYOnGkKXQ6COckZFflzCF1Ozy5hypddWBP
RiRYEiHW6ItvVso9RCUc/I27FTinWHcpF1oqFHgqedRsPvmccQLHk3Ka4s6cMjUO
3u9s0w9CAY4SBvqdzlLFEfkcnPZy2MBkCTkv69vP379QDDfDW4k7uNxQfqOTqSGw
df78GUSwXBypD5IgmZRmdAnK2io8Es2hvs9BFy09LyYP2MyX01foBf/DrLbsqib9
1L+NZLeNQ8GmaPykIdg784AWfBE7qTB8sGfNBrh1NDWPOeNpNO0m9Flx37PX0boa
nEn9aEsEp+f0AKRDKvSs1PhWVBJsqzP2eAXM2Ung00WzBzjLGMpha2RxrH5ttbs5
l+YJstr5ablYqyLir6NsdJCH89BHTKqHQXPolDJQZEv16JfEIuvPIwnpriEWolGx
F+ipce762idj6AdCIHKLBMH4YMbC06ig/R4oEsYAIKA5rkcsH9FaRQimRlu9IHCA
zOr3qYz9zm1c47hgre+YIzoAIac1OtFwY3YBi6wTZJOBzNIg8V22/Clh7MAhmXuN
ykjRr1f5NEG3INkQ2DJX4Kwd7tIPLyHHEvj97TVLTWISHY5se3VDIPQKTDTGU6SA
+hli9RR2HLEwFZxg39E3MQieNf2pGa2yBN7Xc8ylO1xyO5iR4Hji5WlBL9y+9Mkb
PTD/ZuWjrXyGPZXGQ6J2vjsfqejJt2L21RTxk8gZ6ZI2D7WdUnClGh+E8Oy1r4to
D6CtwZquCUzGTvTHXeoHAlBZbsZ6YFszFdw6eNQEol23RkfvLooRx9uOHCG3K+Y4
P51l7BvCltW+pFE62R2INxJKoqc+I36Kq3GTnYFRIXyQI81ZrK7xJtlRiWmcE1Ct
chw7TvpGMimEt5YJmACGf2YYY1kx8T3Wgq6RWGMeLfKmW4ThxX7HH0QwpfSaMQbp
2Ahke+JVtvHRm87YG/zOzYXtztcNGedY432ifJGY2VHtoCOYeudVMh/qMXQyIUFx
RU5hok1Tlr598zsTS2niFvLspBlRYiJmqiH2YMVQkuytytyOT+BaNkav3a9r3Sgs
/6HNU/7ZnA+zXNXf+bviT0oFQtaMwRODHZxEyD2F7Dxw6LDLmqVqrE/ne96oTwmN
JEN04URVyIY/N9rwFEoXsqOPIT8uTNYG0A8uMP7VBv/sNPhQGlDTs8nxD0I46ILv
yvMCzRShKfxh29Cd82OWvk37KM94VCUIo1azdq5L3knI7r3cY0pTivgNQ7EIf0vB
3ejcd2QiBlc8fNq2hm8D8rV9QlgGckOC3eimGkC8hcnoBaBulmrNcfcSjcmy+vos
kSXgR9QO5tr6/NwqCz3VXdL3BW3iDkHjBMZfehk8wT1W47eyhKcSoQqadQEVlD2T
3AcNFIG883hmbSbm/Y8N067TVJvEv9DDybF53UfumjPQ627gu5ZDpdA6RjTbAWs+
I7Lv9oW00RyupZEbC1Ro1DnQnChkyASXkL9Ors86radIkx1ZuHwKQG7YPXn1IOLP
3SoxSURRJuAu/mgi7WY83mRXXgIG+aRgnBjvQ9sz9Gzh3Y0ePT6s/XD1j6os0uhn
xpaKVjRAptYDj4qbMTGroPz/rXATEawxFB4Wc91mYVQ/Q6bLt2ZFEMJmKwp7fje7
NhWCOCUouPNOHY6sFaoJan3ol8bD2BWjCZcIpZihGFMP37mduh7ZvfslwKUe0KPK
OMq8NgSAdjVowBgaasWs/RQrUJY7pqb5g7PaQfQ99ygHbJG0L4n5H5FHwI4CXmvY
BktzvmKIUR6b6aB0qZV9J/ey3F1VmV6Ap9rAkwdAVLS8tg03lzjlrGcDoJhRDCIz
jd3FNbjJihf2rlqlYaPYL4Emog7Ycg8wIOJ+CtNfooCOhWjj5XPVtmhebvpfT+LT
vUoaLSv0m/jVdpxg7k7yMRhfrnyVNC9pzcjBka4LGdkXgxp2IwqTa65SOKvsztuN
dpmaYOk98LXq2VwFnEOdVw3OLG9jjPiQv5suokpzlV9CTkmJcYZ8eMKWVCf+WOsT
AX36OOFsdecvEwH2FagtEbcGx9H3ZGc+Qtrsvn8kekop1yjTFeBSpw3SjJgHjLBV
mcJq+0XP1LMB5iT7gis0DOEfl8xGZMhA7eZeJk4AY1R98TLGupvtHVvIEdjeF4Dn
WSpH97q4oWOjWv3DxvjS6o4QJlQratXlR99BvEDQ2ekaUu91rTlskOrPxZx4gXnV
XjjHi1jVbIpSEcBYOhBAoyeALA4r07k8/ez/SyN3PvJ4vCpSsy4rf7cIQUmHaMI+
LXf+DkzPVTk7XKRFBePmF6AWNhtM3dH+9qjubEJl8qDH4uHB9vC89wgqJIJ0QahM
/evVOx/8AWTIMmLa69LsvztUNYQhQLy3alCosWE2hWR9XOAyj0xW959LZlX6lOnF
KUqu6KLY3HwyclcKLFoGu7fviByuFgWBfP5YgDEmENMfWmnchpUHN+9hN9g9uD56
vuY92k7XVsZCHheNwWVUMRqfVWRI7YozwMWlM9QjBgqhYU0XcSUFxIyFX4vxlHzE
UjwhrMRj8iRCbeIzrmxZv+urKWpSxGYGBwlc+T45oKCwNg7Ftcrww8TPBhBtRjjT
DeRq1x5og2EbtPRjHjAVdiwI2FNX5xDZFFdaDc7AW8LvWrG8SJ8Ez33WwghoUhmw
o+F0HF1psKYuJSmQasfAfs1KLvV8pj+QwjHBw9ZEsjsWJvH0HyZ4Hd8ya4EgSBdf
DHbg/BeJVhkQu5nHukYmcbOYTZMdxEC5ADPp/jOFQ8NKP2TnZ/1QiO3xs7GSYyxF
Z6NBeoUSKrF6SDPEMe4dCr1pM+DSBCw+4W4mc6gPBxId1o/lDxT231mdO4KIqND5
afWF2TqJDwKk3z7FCasFTckTwtF7xKF4h0ZZ6QeGH0qAPowZFM5inP3OizkIFWr9
pk4DyvoYa+xe9L+R6P0LpXSJICMtiMfi804tXD8BO452xEqmxa74zN0InvOutl5F
+rQw7ffIrXGNNsO7aPPsvjghqyC5QiXL2KsM3jAS9neAI7jO9LNC6YL9tDQW/vvn
xsPn0cQyxtCEwmVMKYfxTm8EYpZft7bvJNg0yWld69+aezxqRxu+q5FA0flYdsAz
SdL8EO0A7vlhOHi2drLYpLvtylsKbBsQ4tH+r75cMt1yZ0oZXJp4Ie4xoDByl0Ln
ohypmFKQEvcXdQsJ6QXdZx0fFmEJBCJaxL8AAF1eu1KxQYtJu5EqyUMNi7vexQ3s
sRjE35k4kfMUKVZEqge0EN82eKN3xLuE/OHxrX5ygYXCqpwN5CbytIKtNEhbtR9q
0p9Pses1Q0WAOs4rV1GNiw4xzh1Dz6Z02MaTcsftsCbov76B3XxQTYFuv0pITKUD
GmlT6qKPrGTpJfm7sFbve89JBosuXbpj068YQC8gRnV70tCoVI/wPl8tbCgXs0KI
hByqL7qIEuHvxh84YiH9DZ2Q88edabNzKU6hCrXE7SYmApVSEdMh8VZdURIcAUuo
d7hrZBNicZ5e0JgNZUpJQ39c7vN822ej383WFEh+44/KHoR/9tUVEB9gxMOQKV93
RToj5Re2IKiaYdwLxv6eLAC4BJ1/T3ju7Wzd+EuUuSy9i1OxqZxdoOBa3TqmR6Uw
qiLzJtotaaeD0VzRLPMK9z3T2pg+Kwag3UYoKPvmguN9GQ9E7gBysqlUuxzCLxt/
TBOA/ugVtsgjBMSrkJ/vNogDSDWzLaAETC27KunppBQHxzZuZjW5O2x0d8/PKXpk
FbFtzxEx62ugm50KYE7GBdPWgpiP4cPPkGe55UcO1L2WO6SfZBPnnXse9mu6KT/V
4qEvemnrSmMRQt2FZLcQeS20QaW3yET53UegMlbpyxnV2RnNJ36C0w6JwojZqhkj
cfUv73JnfRAF7M7tCSxIDjYhyGeF93ePtf5hD5zBhfg3bPqoSuqb10s+kknCYWwb
mDoNaRRX/YSBPiM765U8S3CJ+gKET0U+eeummxPQvTHDlfGVCNXKmYfHZi35RU99
G1K77mi7wlbjAAW+6zR9AUt4/wAjcboakW+qx9OmPleDZ7H2EUukJZzOPs2dWiNQ
HAtF6fkoxHblCUv/DDdnFUhcPWd2939gdn4mVfI+qxLa0IgQhVquOa8BsxI/TmWe
26MRTXG96NE0Izu+WxDQpNHc+HXKbJjszXzkX2YVubai4CfTkw0V9iJ8DlsWiwy0
+ynn7eMlQRcVd/xG76WBYFKYD9ebLYFlwfl1z/QKUsO+8u3q2giz2/sPjDekZza6
4WPc6X7RuWCNlC4pWyhE/bUxpDK8gGlRZpiqTP3riKCuz9sDOxojICRg+5RutqIP
UrqxI3DrcCaRSsdoRF35AHlbyqWfIF6J616gefp0hRQjT1pc+wRKqMegViYBSUV7
PFi78ByRZK6Bgv85Gg4sLB/JO27pB2qm4g0IH1jkRaqaZPqMy2GaVNQdWfYErKYQ
mk9fNgYLFaA1svoGGeeCUpuX/0zrhtlFDt6V8hnW7Xyly4O+IzY43/VtGbLkn+0c
Hrd0YcxJOu2esrGEP+p/5zwVqaFLP+3D4S+6dOZYXNBtI4x0waUcJ8vS9KwNTDvs
DGlfvE97/XcMedKv/gvsz/IrKe1mb7gQp1cJHuxk1PalRVbe8GRWuImwTI5iZxyZ
zeaEG5z2Elw3qOqF+9ueF5gcZDnckVs9UHNyHN+77erNo7X8mW1N76nv8mj9EU7D
oLgUF2wMmn/MY/yZeJRoLrhL4lwe8G7O6+6c19qR57MQZhlMftg4yKTOgqc/RDXl
xHxRpc+CeylDa9iH+cjPJuGSJA3TwKzVOvPnhIsDxlys6/VUjmPx/7XIh+LiaS7e
lJRDjzO22xADnDPkslNeCA8Y0+jBc9IZmd3XA1K42yheQsTK5pQGdLR8stoWqQ6B
VlGGBY+4NPG+RbZA94nQk6HPtk09Z/6TVhyY60l4JMNaU+u2V7ATV7vPC2Q11Nb+
3R108a7103d7CVWhSmdzaS3VHffMRJNw3EqnIO1wsZpkJ+Yz3MwKJT1N7RO1ONIK
szh9lyK7kiJMU6toxw5GvmP3pp1QOyrPB7fqnRMpgymz8k4jY45iO6H8aILwbMfk
Msd+KAMdOq7bNQNHdn4rsl5SmJm1PQKyo5Hvl4/dYzMYh6hfFiV7smAKvaAOD3KI
UFSvypGmUh1C+KORlQk/lSOBnH25AhWzMyE5FNKolDcq2eq8wLxsXILbALdSuB+W
5ofFtO7tmfMM93dM3XbBSr8JdG1qPiAEv09b3RyoewieOyYVgAj4uqO6sLk6cp9y
XV1ufjdfpl2vfiEi0ZzksWqxZLuIiulDM/ebW0mUmvjnAp6SRRGzcMH7+0rJvQMa
mjMQC52ok/vI6LpV2P+wWgmXixkyHWP82agsVa+ucax3vJlygViYAi+h2t8aK2/7
RvkXEQI/wD6qlsiNCtg+KmCIL985mGaEqYccVDwHyZmgqTGaFhnVjODQk1KnmVjO
WFiOYEu68OAgoUGnV6YKSLms5xQGtSCYeT3G48zH6O2r/V+u8w3jBdLjWmlkOZeL
Qgg8kdcFNzKL5HmZ5pgfoABEh5nU3DCYdgCm2pc8+YKLexPvu4bk5r0CK8XiEV9M
u6XBic2ptDUcpR9m6NNX8+TNlXT+yJ8cagaO1ydJGw5+zlHPgMCxjE3SBNofgrE0
VBXJu0VxKN00i7WNTlyS4sjU7XeMvefOIZ6trJyI6HDCHSO5nCeQ5CQC+qke+ihl
E8iMAq6VZ1j4ekgEGHKG35JCXKKmKTtI4vEw5D9nNUCQHukXZPMFx3ptt1YtCcic
bRLXuTRmzlyNMP98+kx1zdRMK2CfmbJtVayJXbi6xCAz/a/eya0haYasPjfQu0PR
x2MLWe9wJ6hP5AvFCikNXnzwwzbXPa6H72c7FnywK1/JRnJ/VffDAiHq32qnQ8C0
bVqeR77iCRsDQuIoGU4CSJRnbAosYJahqsxuccFWYRAcn2C+njG78l7hkpxyQdQu
Vt2gXF8qTiUkJYr+giursl/0qPTheCIcWtzPTVri4otD6JlYlfosivnUHfatO3zS
RihNaz9phhKLim84vw75JPASeYhP4DNzUR7KXNwEJxWF2VmigpOyfbHiXYOniNrc
Wm7r6iHPupQEdPYgMd/zOwjVBSOkED+mgqa7InQjKGlKouWsJ5RBbhfaGLLlwvIg
DXIaEJk+rLJFhIp7C2rcLEd58c1igyn5rpYHfdMhgL5khpzR0tUC0BLrNclaDI6t
Svp5R/K0tIKJ5lli82d/k7ZyYshyN7Z2rjMw5/8LV7T4Ns6Xst+sgNT4YNU9YSXj
FtwhAQw/LDSezY9gOyhXRtdBNnbbiwmsJStoGJTwZFazkxn3RO9j+vlGmWGJy6U8
rJo3ezjK7bZowWP7gPjlaOS59gqtGnuMP1e6dShyfiYEpttZGwbA8dpGunVofkgH
LyrInLE2RWz70I9vbzBeTJ+Klev/eCd42uSsKukJpqOUdCu3pFnkhqi+gpvMOcNX
XzO9jRnL3dEWYu6L9nulmw5CmDX832oykD8cQ/sHcP+U6/NoOuQMnDR48h8qdMj6
pd1OgK7JD+NCxoZz1fByt9tyi48pT9XTHuRkx7u79ub4SuoLZwKkzzbw316XDTiM
08yDV5bVj9Qqwr0ycg9sGujefRigI0RP29nwebR0rIwyKsTGwoDqwqz6hTCrXEgE
Y4EYAl7d0ep2znDETHpYFqJ9+a1FhQjDkhSqEoWHMwlCi9Tk3L6xXwOiBOKIgjYT
d/ChBp7jmq1MEp145QHkMJPwJ2BxtQA4yydty5GWKUG/fRo9zwcM94y0zs8ZvXPT
tMralUlk9rOYRmyBD4MWqp3G3NawAqm3NxE/S1YckfpHE92mrZW5zrAAYzS2Rm7o
PsDu78e6B56wN913crYHe0Ow4SZCl5B3drMlEP1lC787ZBbP7YKJyKtdp7KebY7R
ff34tuLhU3nXKU4V4l5DEn76iCmSLh7BcsofcOEBcFhi2XOvJbFcC3cvxwtVgmUS
lhBismBRFx+WPxJuC3tnnwg3NZdyKRSsLQUV7D8LtOkJihHrI99/kshcgOTw4D/O
mPGPxPQ6lzF0p/if4Y5q39EDjUWbaicWdo9U9l1HXWQcCiPBrtH9YQmd/Qz7wLEf
4TNuBdgCBFtqFh2jyMXtE5xBMGGVpFmQecdzVWqg87xRMEOXGMhGw1jW9oV6sKFi
mAa0yQklkCUtGiiGD6rD3b3hYX7X/N4rd73bJKOO4l4DQiS//WmvcZKus9Zhet/e
enMdkqN58vKvgdl7jKIf4CMp+uoc/5vh6S33yGxQgNpyivHJHEGF/kOjEEShALwP
ygEUpx1f6HHzNFUSJgWJIWBeukMKNbMgaO1DDKFWWH4jAEt0+kCo9goeL9iTA0bY
ffAMKkFX9jdGbmDGnfDJXSvYjwpxzJBRLhj9si3dsvwo/0PiJJClzEJP+Tv1Y/FY
pCeibsu9gg8LsnVMUYKwOlDgpUBWwsJeCoREZUKb4MLqxnShwHxNRoxWgZyUKIpi
bwCqJ0c7BttjyJ+EZRwPJZKucC9iT8AuiAHL1NrYGtww0ZPRbV7slV2c0DcF0nf+
L1OqlyaUHk0LpCJ/wsP9m1NKCieUEuXSfj54+O4d5fsKjA1dPOQS94D1p+D1lq3Y
/TxoeH/cqQ73sJgcuCvDF04op4UCs0g56ecQyy5FEXOlN9PXRuv0edLmdf4+HsH8
dRU3EnLdNTuDHliyRZdWZhHfdenp9kleg5HPTVSK44AQ6bawn6gJCOJRaFkct4JJ
EV7odyrJZ/IDmVCqc4ATjZYCQoxOjx3JOPk8ftjA4h7+s6o1uRBhbD7NpXFUN8Ji
NNGiBBJ1sXsvgABORf3rXLqDRykWqDL74wFBS/qBLbIuni0LV6O8DcxVcmb6cAAL
PI45xxO2xDFCUIc4WYgo549RgUHJne+JAv7z9NJQc3B2IqOtbDadaxyMrMbuTvxq
iI/5aHhwf+jk9GmSx0IqlwPH9tW6dLr+fiaWm0MRHeObPiPK+v96eKdC8wvbNb94
GG7zunIzLFrcqWdTyRkedwHQvrCfPpTJbcInW3L1t8TmWMYH2NE7ZLStfcjU0afb
S5m3lUGWeLIy5L1NoMxyWJ9hKmGgot6bAwgyQUTJi9qwZ7T+mB8wIaHF0UgVI7l7
DHYFiBnyHv1hT8Ars6d11+LKWYkegR8G1de/wua4noCqEnnb8SWynCT9dNQ1BxxM
PwmShP91GcsZtC1RDPTPREzi6NWQl0eBQxLD6DK5V7SrOcPTY+MxuzWFAX8ssODF
ZRujzPwE6cBKvhWm/qF/zRdSYsHnR8pzRNSHE++oxx3y4vueDMdfzwt5zDsYI+0M
c9Fd7hBQ0MC4hKgRCieJJ2egSeIxxW0N0TJkG0w3hffomZud5dqB/05Hyx6Azkld
6ZWsbmRSty+pwaN4YAKaXbM7VIJMPUS2wBj25IsEaISE7N9+bAKTVq/UKob/I3aD
QLBP2htapM8gujZR6faN4oe0CNMCsu7xYChHaramS0EDvNZcnTnaphujsjrDcf6X
TinuFRmSrVYMZ5iDg8IpWrP8wXTFmcWXDqaV75xZ6UGQyBafHug9OnXw72uq/1fu
0PzxYpgrkp5D2chC2kvqPrQErcyyqUVIVCimiwehKz6DPrzm1Kib5TrQq6UzvVdk
qFmznwEEkzw9zW8YFBNK7IKsLJJpQYc/K9MTQWTRm7IA3CuSb8+HI6lKCHxLsE7O
QVIpfFswJyZzGnlZwqOBXabX1R/QAims2oRjLcZwfgw+y+LZgWj0tVP7YE+z7/Wl
TjWC26TzMH9rNUqQLSP5UvEpTSQdjm/OemJ7OtYXdxMGjJYdkhYfHv9zzncAaFtZ
77w7PCA33+5SCj+KMAfKHdrxMq28DrZ+xf0CxwKB5hdvKIhBRyO9pkonRgsSiPtp
8ziznESCvbAbpvU+baAThn6au0veX6FH8pNn3fM5/afJRmwWW5CtK+xA5fc5IUp/
z414+c6YTwmopRALEo+FPA687ZC4r+/RyLINWteGyJXdlEEhbI7HgqZjNU2tTBSd
d8fUPLFxiFrRO+1CBQVIyscNGbidAKOC4jIyTyoWvyzwqMhvdf99fVdBH+NGiew6
Nd2S41bYsXYQLI7WHVB5o7NrWoSFwkEZpAvMBWDUViZJassUOhSDr0POW0SMZzkX
cvXE1F7vpeLRE9e181QLobUclkk0gjKrGXYSyTeUbIFGKMQ0T5SLiA7IH4Qsdsth
PIJYYDfMTI0tLjvQN3VrOFBvIYMNLNTaR8mbmi9JI+7A0Ap/pCWmFyg+0Qc2SLpL
NN168njberJBSkARDaAz92BFDJK9K1VrOQK651Xqb1qFDf32UIIG8io+DD7S6xHl
o10quUxZvbt/rZc0SFBLaSA2X4686vsfjar0ciiDBDTzrI5Q46GBcO9QF3P5ydsj
aD5lBq+iv8aquLAzYTMMo9Wd6NTK+X0P9iy9rfpePcIHloKZWwU6LvpdoUK3u1YX
Ubo8dQNuskVM7PL//xz7k5bUBOJ8nYJynwNOn+ldPIF40u8+dQoh72kt4yjdzrsl
7gUzcs4upWKy4V7Qv6R7picZ1aLbprOXlp1JLt/X2vCK0A2Z5EITA1EHVVMAxIDP
8UNvxbdVosCHfq5pCcScVX5ofUvxX2G7LpJja1zh3G9vAsfIDUThX+dlyF7e4LVE
Oc4ZquftobKc0VSeqFSvGNBIHxfD2AZkJs7NJGNrVuA8Y3ieokU3waht0T3mw0Ut
/fzKZE4mdj+nUUlUQQ4Droz9vw42keBPZFxIvdkFj8D5q41HWOoEN8rD/wvExh+W
Q4VCZCDcGo3Jr0OIRSKl7KQ9yScfaSjD/TPteDH/Wsy7d9XhyFsa+yP/2f2Fu3JP
b02QCPr82bJKCnBnZMyG0kMnKzRJ/8XpQCEicCRc9CZyFn0moYr2PkbPj2p5QEK/
+S8aBV6UBfsVq5KXqh+wUjsiOAlXDg0j/GHTFi6mkQezAwuRKteUSwdERjOYLsdI
d40IxkKA3zWsLlW7q+996J3jU47Heukf5W1YZLVEd0ETp/ALFaTeN4vxk4lEL2ho
71P6JN22nO+sDpIJmqe5AUZpX09GpdGEFMWm2UnLaRKAD2D3XRBlUqV+agnlqLs+
anQhvllAgTwDINPve6tat0zA5Z3IFfHJE7dD0E/rPOORRmjl31m0AHCLIxIiztD6
DTZOYEibJg2mB8lyAmtt0mw+GiKnxcXmkZVFD7sIZuvAmxq2rm6/ZlZcJS5Faexa
TOre5t/zYkCZlBsba8e5PK9YLEBWgCDB9YGNA1EXbpZT3PdxFGVALFdP9koIDMd3
wP4gvwrlfh4d+dItIyephKHn2+YSQh61JgGBlwcrW9apYhXAg2miRLZjmfuHR+tO
Y1qj0laoqL76HWczxu/7jI0K7uNvMOTXSJyP96089APZN/nHldc+AurhgonVweag
VHQAWf4QgnE7ENETP6fBgvshA/oXfB1Tf8vgVONr4qtT6jE5VYMhMbxF91DXczWQ
UtKJIWKpe/VHSsjML8LiCdU7+EqHeL82aoqr457ZLEY8EShUZE08q0rze5HYO/Qs
QkICiGu3tYs5OoJ42rlYovQCx2GS8IF59Nr6zgBPYZhAYGCwZTdPHRyaOFVacWgy
qAcdME4i8kgYzQSiExAI2SDHraH0itJcmpaApp2LnPH74o3q3PnL/RL2Dz2usLOs
VwzvhkSCHDQd2ckPmzb5Q3alFUrWbTr6IOF1QSiLt83HmmfLAc3on+UUwUAZEI2n
/oe/JeFFUgRcPNeJDmr465gVpN1t7dZMGOYrmMeggWFpmgIwg9mcsYsqDvF4L+Pi
kVwWEP3BKfK6XwsWlbKJX7cY7q4H8hTlsWso2cFJjrsCjNT8aupDibgm5q03k5fD
3cyBwdF5LO+hWbRZUoVA6U9c6NSjgT3RJ/2fhwN9lDn3a0K/530Tj6G3pDnXOR8o
0pni8tS2xNjvuvF0Tt48JIvn1XkjH1rwQO2rEsvAWVsinPPBgSNTzv4VWtgUNw3s
fqPZAD8p6Rk/r3W6ZFlDWa2qP7QecclMlNNyPKTXJWX18a7KIhk0So1MpMCCyZiH
TNRNeCC4sqabqmuU0FksLm4pTmJdt8O4ICDjdxS8JoBwkCm2CKvkj5PypJLIqb+Q
FkX6R/mzAhvuc+37MLX35aUqigEOHqK1xBOX4vIZwS/wvVbClc/wCn2wlm7UBL1k
fIGg+O5I1gbYr5ITtPsq1qu4684two5ASbCR9/p5YWtLOxtw1xppewMaJZQKEYE8
FnXBjv7G3Iy24u1TN9MHOUCoWpl5p9vYEZUItxwFyt3H1bYHOTE+rh3MAP8sT4od
P551lYcCW8148JjyDjkvhsfPUOUwni4GyMy7k+r6jrXSiKTQ8PgIwEDrgNAbxF0w
bLrJGtWgr7VvRdu1fi+HF4IhBxjcLLJmTVVUrIZjf9GJ9j+2jcdYXqmCSeGTXz0U
yHQ8nKgyf2r3dU2NpP3++8wL+WMdDQxusELGnjPaX/bU9z8NYKDLDKD2M25K6ueP
NmGFQrdYNNGDV5iRQPiRCVskjKHKCQ/cldAEhf490W1qkZ4VyyuYOaiG4zFhpo6+
YlazzlRJa1Se3R+BBUCLg1TKJVCYAsVAI412PCrOmMKYBKTciD/aVwVtnoBeYcFY
hGnEQ/DxatHiJ40qgFMLBn3Nw3Q5Te/aZbuVm0hkDzziEyXozStIRu3QG66Uc6Nw
kUGBp6k+BXtLV82+Pqrihx88CT5q+snLhD6+RSKVnS0UfGkP+4tESp/EwPma7YR5
jromsLOxzNF9AVsXLKbzAAO1JVuFCBAepYEgPeU4/YdOg0hMXoLfTM30/JfYG3vE
AktTB01uQBhNuYWz7B1DZT+VRoLHPZtHPbpKb/H8wMhqUsYJmYiB+PuKEI2ohLP1
M5xwBMczsZ0waNrnbj3r+d7PLaXXIOpAwCNIEPzxlwYgJK+4OB4Qhv0dfIOtYjer
lpM/9JtpPu34DEqqiQIlHbxEv71aQNr4vDdfIpyeeg/I8EhlivSIX4BuE17hh18u
5acR0j9aEQhSDVgTjRNxiRUWhhiM99EbGqZ12JpiAn5QggWj96JuAI+5sNAQiuaO
CurN1TmUTFmiXsnyM2N13vozbbepXkzH0rUqstYd71kfSGJgHcPaKtbzZLaiiGsU
gxG0uU3T/gAX0dSdTx5WywAqHYlrnbCiZ/h9q1HxfMYPxNi/biseG+BU5ysKUU13
mw8C3LeRKDX4SBEHazhgqGbDhHZHukWSgWH/6ewgizDyi9lYto14AA2x5ItaEsDn
cWEPy0qVWfhmQVifkmg7vG/LC65cEhxbi0qv86Zg374FfsxyeQCA8LwzjcoL5Z2M
sAbTKj8T3wPX7VzP8Y1DpVUXQST4XlRhaWobTF+APEBm0ixs2/PpAsHnN4L+3p4R
4vznl7vLwPWV81yva1II2FI2Krm/5mjxiHYEKQRrLSk5gujr541k5SSPyEbhxg/E
chl3yPRNzNRPFnIyfkXKUWYrEJ3EEdFZ4SVdkBFZ9Kvo9Qmk4CPBxbXv+tuNUCQ3
L9xjciFaXFa8pOoNlaiRrvZi9DLZtYopOLnb7PZG08stqGLVrzAMmjtEHwlgo8Hc
INwuTWH+sitVgLPDUsCb3/tuefJ90MjiG08GEK6ZAIEu37HJ0Wx6pcua7X97ZTOg
WZPvXg4fuNcFosHo6+MXFAX0lOYU1NoFw5iQIkHtW9nMhDT/lMn14ZyOKBxETirP
UppJXrxGs/ENWOEf0WnvgmD4myZBFDIL0fiYM/MWBJFpiEma8sApaUuuOBDg9gqj
3ZUzIKFDTt1v6lxzt23Htctaar1lFiiaOpkJwU8R6zBGdRFXP4glSilzcwDzvpID
p1xSh9hNGCghICX+Z47HzSQYsRWKSKbkOVg5v6JAmWfii4+DZzCXuaG8yb7rSm0N
uBM7scWihGfhR3Uh93/VONn2OegZifV3Jw0636lfyA0FK/hsy9AuTjZEJrVFiZFD
y3EkYHShsmqc5JYxXYodPArAIQG7GJvPmw8rRsFwuP+73mj4gIQV7MbD43udwPJX
fdoN+aVUFoJMKP4UtEyxCUoin/byPM80gQ+d8pqGzEblkj2/fqNtP8KUgcZkbpPj
UEBzFhn5OnCj4lBeX2QrT2YKWCgoUv0D9RT+dxwaE3L1BoNtU/LBs+dWbkhB1kfA
jBujoJ4arouG297fJJg5UYREiC939o6+XK/YTbP0Sa+sGbVURQaVO8quJFpJHoFO
U2GIUj2/RwM4Inpka39c40tsK3K1YgyM3ghEZtj66s50+zq97e1jZ8sObUrqMV6t
qRhxOZgKnUO5g9gJ4Dc0OsC/HFw++rIr0uNSSnLYN0qiTKfySoMit5W8Cwl8Mo4Z
6StlLBeMlULUS+9vjezHHDcMpRoH55pkYb1x/fLIxNCuBWyaAVCqjx1QXGvr5xgP
4sWG4vF2Mlr2efNoav0wQMZmBdklQiOXtMyYPzzgGSPwzS6A9iUEHxCgHbEYGPM4
cAbplxe3gBmn2nO6SJu05xZjZMRTx32MaOYPnuwamPxug6fikwe+Bi7fIfXpb5kG
9EQWjT4Ut9qrd1C6AApY0F0nH/6fsGeIyhLjWnphzDoEUvEOGIZi7a6q2d/ZGzXp
t38H3BJZpJkedma3c+V1gP+THent+sLLTTfwOt16+bZ+Lv+3G6L4wJNsuSRbZ8Nk
BHUGpKM5I/wy6/JxNEF91ktsjWf/yNAIq8tCRcT4JGHKi1kcoUGHc+F+Bv7U8gNg
tO4Nq2EcCx9Ms6+aRj2iTMVSCn8Mxo/GHtXS0Kh3NKNV9SRGPte9FkWoT9RFbYgX
t+CmImhMiAM/J5giUg4KYdxfI5zHpZdXloOPza9VUWe26ryJ3Q8oB3CUr9qbfw6u
MugIULRlaeH0YxR1c7mvKT+zTx3J6dLIqinAqwup0Rj9GseV2H02zWSl7KWifRha
FfyXsu0kNYhzEZBz1FswtgsiRjJFcX2ZUqO1yxTKKsAP1r7nzREJcKASuC3LHGTO
Cx7UinT5L4LvdrwOB2p0DXOh1ziZKqLAcyZzhqhSjaBZoma8tl7CRE5EafE5PWQQ
r+3HRHPfZDYdCkL7O33w11JIAhng2LnooLvS+JOF+nLFYNAICsczV9xpIDCOtRsh
6gZfz1GL6pJz8nxrVDtACW5p2SoIEGjY2B4cmyiB1TN/+TDv+h2OfWLuWDh/E/P0
OPvw8Sblyxgtgoz1wD6GyrNk4AUJnxbMxpI/0O9wNEsVy3kXCaovgczmZIaClx6U
vokRLY0cKOuM0VpyWXUxanadYp76LbmGyaSGYa/oteDBE2Nh7YzMCLnHyXPLqxkT
pxfg3GRqwZ6zU2ZNTb8bUmEkatwYXCMxpNhKYIE6yzfv+wXE7fs4mtLro9AkRyHT
twGsrNFV9MRT/SlnWO295rT43Kjv84w8Awkx4YpOS3NPDaEOjDlP+Wo6ggRNJSgW
7uu7NT24q2F/NKxEFugEMjrDeBG8DGp41CSlYYfN7qXIgs9VYB5GrAJrEgSlJ2Ji
gbklU/+dSMm5oy0ipCZ+6qTRGtN1TNDlERgH0/roMmUTiz0dA+STJrOz+RHtg0iU
EC2nZAaSI9eO/qhqD482uKatK1wSVKp4HnW8yCorPtcmnwtESdiCma5AimZgIyLu
6USo2SdRK36bVAM5AN62q4SHdA0an7Epd8LRQikCDCPKDJdJL61wzyrskdBCrx/r
d2SX2yKpOLoBzPYo+lzFg6WMBHY0BrQeZh6Xv6IqLKPDCeCPv3jpzSFE54mSIzDr
axUzYoRN9IyIW9YlyRy6FfwJWkBmtbVn2I0cz/y7MbAUoHCinAlr8zwNyn02Rwxd
/fdpZXvqVJFsO3UcqJ6FwW3zjZeGoGh5oeGQRmPfiXOvx3zmLhC47boiD+APoLcn
f4xCvaqMfmWvfk8cCQxlczTVmiVZ/sAwIZsrI4/yaY0z7uod7a20aas2/K6b1T5p
9Y0+jq4KydfjvVn02SBKtcgIBVp14PQqMAmM7yhKYyRZLp7y4ClyNPPW8Xn/ZSp/
7X1QG1VzNSWifIWY3nVv3zRvAGGOrX4rt7Y70zvZVTcM4PQtTRVhhV16EIxMLDe7
sqH3CAZDz5kDS4LiO+aq6YyK6uwm4yWatsX45FZYBDTR73IQG68/GQQTLb2CUEJa
U9T6+/WPbL05iJl7Sfii9jELg6jJkkYHxWxCwexQ9MbuVjiXPO46sJE8xwxEnmm9
4wtuPw6bEzAmXKhjrwWhr+OxsxuBrg+32wOww9NvDAEyzrRBw+lGaVnFEXOCXu+r
eLd4gZdfYVZ9WzTO7dqRiGWmW+SCkRn0I0gM/BJP+ExfFyfCYMRzI0JkpVbjQKw0
4xgyQIx2Gx84bzJ1n7W3HM9m9TO2wOe6tlhKfn3ahlSHu19JVo9YphKuxkSrBP/0
T4H74OcTTuDQtEFXCwSjnc3fOum4pJjx7wkwBY8ocKK3As6SEFnZ57zlFdncGuy9
MWIUjTZoGFnXwCDk3JnbWjJy0AWK+wAmP5eB8idL80OFxO/Fp5iMuC+9pHR7w+DD
tamuwpZovEjgeS3NxgFCR0D8j7PNbJ7Qye1mQJEHuPusJrZLWlTkW09zAsBCCgWL
Yyj7UfYfxLKMcoTUO0/b9InHTkA0cZ9gtmaZqZNZtMqPDD0zUd3vcmRiGndQKMFc
d2S/W29KWTNtErKROYjRnTDri+nmJ91+H/nDAYt/BIBBHkT/mkBQFyt5bkMCxA6m
mTmNpzrCXCK8GcbVL8Pv4EOZgYOhTQ5Yt0tW2XDtrUH1xzwCWaS/15O3PcC0dtO3
3PjzEZvfb1s/ugNy4YQLz/fdw7JpTDDYYODv4x1Jt8euhWidt/I6bbJpVCh3GWWQ
YAYknxbo1W0tKnAuMFdm5ofYKktF5ti7GdtVaweRb/rT+hF1czfD1/yc4hQ1Kxs1
VMRe+/49zufkyo9YHT0xiqEcKnn4nKCrqFKUFZw0ZswLp9OUEpAugLtFWI2zbb8O
2GgobuZxAD+AS1Y3FJywbC7NKK/1g6jeJ2IURHHOVIycwAkc7ayHxpn4Ctevexyp
MRvYj1uhfzkXLG5lOVUQoUqAggEuiAVsEAMFWLisJOCi/7xSiagMtCzIRzkQk0SX
S0I8UyQ3I2I8JNu4zcx3opTFQLozPlfRh47mNwFKpRSc8+3O/DAOUeNvfYKjpoVE
79oXlb0M0gA+M88EYfyAE6ShX7S+V+Clx8b/173ZtsaLDludEie4AM8z1ehlJ9z/
hzPuw48/LV591k/qLeYmdFkBgU2M4VdxZbRYl/AGG9KuGwPtce++6TAGmoM7XJ8j
iO5wExaRgJHAA9j4QaWnEgzsZd0Qy0RIxARBBAbe0/nIabMH18+v6lZ01/+IiJcK
eyJMYoSzgckLkYOSKVuTdfC1b9iunixz8Xc7OPpDR6I8UtSK60RpxUAOYYKOpeq6
/wRwuCAPtdLqzOc0MFEUaor4oq7D1+w2rSagDZ9sJKDZTOWQltIeMKItv+MoCKmZ
H2iAiLMEik1OpvSidCqGMAm5RJ+a0aV1YfNMPfcs6sEPeBHy8Watkg1ida1z9js7
HqjNY9RTvxpxq70uZU8jVn8EPmd7UTbUO1rHL7d1Dk3pOI03ubT5zmp2j4fYrUyo
rAIN+e8N4FCuWiKZQZ4fCYalnp0a3YQWuaZf26oemFuj70OHqkGgIMWJ5fAkaEG5
Si4WpIViI+gdVwd7hR1+VezOa7Xn5oC6ToJfr3p8S+Y7roJEx3lqzrvWIjaY6cF4
MMww1kofl0a+KR5aMVowuMrehM4I9ilGxvy8WOvt19XwWiyo4jdcYcQ/a04S0lC6
zEI0+xmqzaDX2I3Rf2Nxcu4o6UMut/Mx2kOsiH0z4ykSfQod9F5RE4Na90XdjUAk
Ge5GVtVBrixpsHWEw5b8PNo76uPYf1zLOl2Gf8xsRq9EyUZ02YOnWzXUb1Girnay
6PepHtPxxN/c3JF7cI+fNpLbiJw/Hjsr83Fg8s8PRzzpgfSLDf+CoduaIrcTTHrq
B4eMX/7NF6GlJb5x2OtVHP9OtD0/dwsAyQh+jNbmSnBFJrQ7Zz/OpCpJJxYu8Wn0
5Ozp+WUneAQjnzvXvRo19mPjM3vv802VZRyjdRPrALbMbDEnakcDuFy85OdPU5zS
kdDWvF3AKk6EBQD40JaF5YiLWZXaz4sCui3gkbBZQ8WQiDHJeVFxgVnp1yTxQ7Ru
ZPKb0i5Ma4SUvtlRZgHXKaFuMzpslqQZ6AnXYsHCEhrR7RzLikwM0TVpxXyJUaLa
5exh6Ok0IWqB5fwmNxAldze7r6jvU/0eJp3nhz//zL9NzzAlfUhPXXantKoZxNsu
0NbFADJNbnpY27MaSkrnqaQ/3M/JW7xheUJGQpxYbUTyaPytf/apyqfJLonhwSUZ
Ng9Cmrm0MwoIXffLzMlkhA8i1WysRFu1ozQO9bLkOh+X6xYapqxtcuL3HXjdTGjM
jEf7Ma0AKK+yzeBOec8aOvx2fgtsC1nm/OAIJ4fYkC8qNX0KPpIB4beIjuougtVT
cCDSuvUZ3SoHAPvPfzjbdsCShA1fEqWZe84H2RYVxdXj4HIMt3eYpLXp+1eWeY03
+UH6xtAvP1xLhLh+B2EOKpScxse1m+KgN9XNvL6RrBc0m1ir6A9My8tRCKoWZ/1Z
KtpB6aZEXj66XNpZj9FS0xII4iJJ7+clgL9Zrb2l4L5IMSpzTqAJ3AsCd9wNpWMr
PDontgkso4c0+5aloIZW3wM7R6JKYFcCncvyUBr8HoN6sEevDLu0pShTcUPfjr/T
U3JjLETUYaJsRJS2nIPO5WiCjQ/Tpny9DXp9Q5gbvOUJ5pWMcZAl0JsKJPCd5ryk
g/O/H9ucenKqdAiUEDUWu2A/VYq0V2nzyPbEu3rb6iKZJSmCsmUiDLqCMPzYk6mO
GaXfXnM6NeynGLk3ULnoHECPUzJTDRaqjHGASq8m8lCGtTikLJkSMWuRYh0VGf3n
KfzmNwYR1V4ulv8Uk5tcRz8D7yuuUDgq+Jr6LlHF9uplmL8H8MrJxjqXtxVli5/O
9xh7CiYV2qe83sv8dzODzNZvqrc75CK+dG/uq/rP6XUV41TkdRhZHucq4NJ9fpcY
50mFm3hq3x96FjJA9PDdHRZ+OjFVa87d5NFLOsqsoqU6oLw6P9Do4iE6R0kwA45W
uzb3Bx9FZ1v2f8fX38ZFJQj+dTqn95HTcEg+SKbEQLcd1GBI6pAYqX6+yuIqZmV/
WItHsOJOCoq+yGmk1LyXa1fcfYgmCs3Y/NqX0riLn5Wnk2WMtvx42NJMT8ZqUzdv
QQn75PpRxtJXw81wiB3MCO4hcxpiMs4/WljAk3eeIEDiSsI2pc230po9Mx78fxbY
d2BGkMSk8tz1dP60jYuR48G4ueCa2r4kzYwSehrTmZWuMcNbkLAyxQ7CX8oQHJfa
WAIiBLULErFCB5p/JUCVUEbRV146aDE+X8amu1sJ0td1MNobOjALjcCTGEIA9R5o
L70JKd3tLlOYQyg1CkXh/0v65zGerQId6YX5YmpD9SDyllGyohfTIPOSaoP1NdDD
iU3cq4iw10tvVyTVVS+jAplB4ctzRiMoNR16mdP3PIELPj1r2190qYLj0pjFpuYA
3NuHhujlIvg8XnMjLlPeOFm3k56NL32F3zkf16IaPXc82moYgttjWlf21NE5Y7Wm
+pLDcHXoiIU0q1eEHbzevF/42HPqMZczrncvZ1MN9+nSz6c7gy17P1o3nO8ShstN
D+ARao+Jpzbxxwob6733ZAj0nhe4zPbRcAxoa3fZdbn08oqC6ExQJfflBlcAqesw
Fivxp/XauiPTuHMrLwwkAhS44AHgyJGM0YWPWkRozcwmxCK/Q5ZIYIQi1aWYjj26
191X/rTXETCHqXlcmBuVyu4NOz5RjB3gVTlLssWPWM63hHdRPGfCH67M2ptd1S25
tIOMODTtA1FEdj/sU9FMzcBIb6KV2A0d+VAbOUpi1Szm8z6q28tEFBATBRVKKtnF
Cmx73V731cbzM4J7SJlczU4VFchAc6/lRcs/RkUhBMZADlXSNE27/+tkuQrYaIXe
oTLfrMB/e/5OG2STtq04YSk22LjPWfTh6gbGUAXmFE6SBj7z2iogSM5nyRsnbmUe
9DXk+CaRns4AQIj4WUeRVll4/TouOD7Chd2MWa/ZIvdpfivRUPR+bePIXtuyYgQk
bqyOmdkjco84fjqJ7sBzXRgYEq/yfu8vDm34u2utE4gfgYKoIHb8lnmKQM8Z+vrI
Km1kOXHUs0IydFffdSLPBOa+fP71SBuiWgcNczIp9n6mVWmCDASGT7952h6QwkqT
l6ShQRVaHacFFZVsHR8Hh7u6ry7M9rBxePWvepAdRoF7T1uvNmPZdoDDpQvGvUO2
JUqdpAUts7tnArYX49wwhWGp2vJmyuVI+t727gDEesPdZeP70BgAK4DneSRJmzOo
sfSfRKt0GBg43ZgmN6Ws5CXGS0bMdaoWkVcLhYT6nKsFNo1+FpnZQkvdWrxgQ9Sm
nQKaUsfRIihr7YlE5StSsOzOl9ExW54fhk7ozxpWwRcqk2hkFV2LSQY6ZD2jK3IS
fIMVygdAeoObVSRZrtylV5tgUMJpA+YOuTcUz7obWoZStOvqoCt62VvmmV1iuMrS
ZnJ4N0Hio81VqXk4LyajaJ+SopWuGx62ePt+R74KmkDJilZyTVDV4l/TGwobByof
xbxf21PVr/VKRSJCXIWy6Mdbg0ON540JbMcN6OsBYAQZO7C5PPhdJaeuR7Ike6Hl
o2f2QxJjor7XVZVDhoy4x9qFIl89nPXTw8Lu0r+QerUfyreWMYp0T256mHr0PtuH
ofUktlb2SO2uL3sIehviKRUHUPMRA7bTxMAMW4N5DosLMvkeN+sf/yFPyIGMraX9
DeFD9D87esfHjtXfRfHNNBn1g8g0m8dGv+PILjf3K51Mkm6tNVvdrOxUCoZsdj/R
Ix1iG7eNG65v/JpjQTwGcqry187nGQx4+LE8ipa1/rv8686cQtThRSJ2/017TCL7
AkTX9PB0dBuiJO1QHnxectNgUq9N8lAyZdvDUt6rDsQkJdNABjdcLcYzElhMQcYe
hctEL7DY/7GOJxuAyEMlwqi/64tOViiJmErd69BRD7dqX2yHbPzOvu6y0cQj+vQV
aPJeCBIC0DK8mX1DEFPlMz1Nz6tByrbIYZ1ZR+AmhDAf1zan+2cppALpEHEZNC2J
5wWYTXtDIbhurir4mrtma+J4Ck3Awqb9TxciSRFOhGlsT2zVskqp7gL74XobyBLY
eVN+b0tQFPjkAUT5ZSdwtLR66OhtgsbU6nMQIRmTPde4FOXmq+yhoUGOLjsDI7fh
Lh3/0wLpyXgrfsoeBY6vlETbpna/zMQtk3z3oM30KRNtZoQ5qJpwyEBccIq4IOUQ
qiS5qDTLAolbhhJhWjWZYPfKdjwk6Rlty28I/m2RPqcpnhFC8PeejxYUA85JJSkw
Woq6OVLu9mxxGLRWXnrvT3631q9CK+lLzN5uFqIHiAACZanon0j4Q5LY6UK4nN/J
qfQR5osyL9QlvyN0rtgzanLZl4ls/hdTi1lh8Y1PQLwpNF4FDxiDJEg/4h3Lkbej
rfKorw==
=kBnV
-----END PGP MESSAGE-----
