SN:3K60180500001583 BD:Jul 23 2018 VC:834b9c1 MD5:48f99e4865ed8b810be1bb0eaaabf929
SysTime,                      Time,         Batt_v,      Batt_v_sd,   BATT_PERCENT,BATT_PERCENT_sd,      [CH4]_ppm,   [CH4]_ppm_sd,      [H2O]_ppm,   [H2O]_ppm_sd,      [CO2]_ppm,   [CO2]_ppm_sd,     [CH4]d_ppm,  [CH4]d_ppm_sd,     [CO2]d_ppm,  [CO2]d_ppm_sd,      GasP_torr,   GasP_torr_sd,         GasT_C,      GasT_C_sd,         AmbT_C,      AmbT_C_sd,         RD0_us,      RD0_us_sd,         RD1_us,      RD1_us_sd, Temp_Status_mA,Temp_Status_mA_sd,Analyzer_Status_mA,Analyzer_Status_mA_sd,       Fit_Flag,      MIU_VALVE,       MIU_DESC
08/27/2020 13:31:01.430, 08/27/2020 13:31:01.368, 3.89784e+0, 0.00000e+0, -2.28773e+2, 0.00000e+0, 2.00147e+0, 0.00000e+0, 1.42657e+4, 0.00000e+0, 4.23768e+2, 0.00000e+0, 1.01522e+0, 0.00000e+0, 2.14951e+2, 0.00000e+0, 5.01534e+2, 0.00000e+0, 2.82485e+1, 0.00000e+0, 2.60385e+1, 0.00000e+0, 3.58410e+0, 0.00000e+0, 3.17690e+0, 0.00000e+0, 2.00000e+1, 0.00000e+0, 2.00000e+1, 0.00000e+0, 2, 1, 
08/27/2020 13:31:02.417, 08/27/2020 13:31:02.362, 3.89711e+0, 0.00000e+0, 5.85706e+1, 0.00000e+0, 2.00869e+0, 0.00000e+0, 1.55678e+4, 0.00000e+0, 4.28926e+2, 0.00000e+0, 2.04046e+0, 0.00000e+0, 4.35709e+2, 0.00000e+0, 5.01543e+2, 0.00000e+0, 2.82496e+1, 0.00000e+0, 2.60330e+1, 0.00000e+0, 3.58473e+0, 0.00000e+0, 3.17738e+0, 0.00000e+0, 2.00000e+1, 0.00000e+0, 2.00000e+1, 0.00000e+0, 2, 1, 
08/27/2020 13:31:03.415, 08/27/2020 13:31:03.358, 3.89655e+0, 0.00000e+0, 5.84885e+1, 0.00000e+0, 2.00671e+0, 0.00000e+0, 1.54126e+4, 0.00000e+0, 4.27937e+2, 0.00000e+0, 2.03813e+0, 0.00000e+0, 4.34636e+2, 0.00000e+0, 5.01524e+2, 0.00000e+0, 2.82498e+1, 0.00000e+0, 2.60336e+1, 0.00000e+0, 3.58190e+0, 0.00000e+0, 3.17973e+0, 0.00000e+0, 2.00000e+1, 0.00000e+0, 2.00000e+1, 0.00000e+0, 2, 1, 
08/27/2020 13:31:04.403, 08/27/2020 13:31:04.351, 3.89629e+0, 0.00000e+0, 5.84503e+1, 0.00000e+0, 2.00834e+0, 0.00000e+0, 1.53028e+4, 0.00000e+0, 4.26301e+2, 0.00000e+0, 2.03956e+0, 0.00000e+0, 4.32926e+2, 0.00000e+0, 5.01557e+2, 0.00000e+0, 2.82510e+1, 0.00000e+0, 2.60294e+1, 0.00000e+0, 3.58623e+0, 0.00000e+0, 3.17648e+0, 0.00000e+0, 2.00000e+1, 0.00000e+0, 2.00000e+1, 0.00000e+0, 2, 1, 
08/27/2020 13:31:05.402, 08/27/2020 13:31:05.346, 3.89440e+0, 0.00000e+0, 5.81717e+1, 0.00000e+0, 2.00730e+0, 0.00000e+0, 1.55640e+4, 0.00000e+0, 4.28780e+2, 0.00000e+0, 2.03904e+0, 0.00000e+0, 4.35559e+2, 0.00000e+0, 5.01530e+2, 0.00000e+0, 2.82491e+1, 0.00000e+0, 2.60303e+1, 0.00000e+0, 3.58645e+0, 0.00000e+0, 3.17979e+0, 0.00000e+0, 2.00000e+1, 0.00000e+0, 2.00000e+1, 0.00000e+0, 2, 1, 
08/27/2020 13:31:06.413, 08/27/2020 13:31:06.341, 3.89550e+0, 0.00000e+0, 5.83334e+1, 0.00000e+0, 2.00635e+0, 0.00000e+0, 1.55754e+4, 0.00000e+0, 4.32725e+2, 0.00000e+0, 2.03810e+0, 0.00000e+0, 4.39571e+2, 0.00000e+0, 5.01545e+2, 0.00000e+0, 2.82507e+1, 0.00000e+0, 2.60304e+1, 0.00000e+0, 3.58551e+0, 0.00000e+0, 3.17688e+0, 0.00000e+0, 2.00000e+1, 0.00000e+0, 2.00000e+1, 0.00000e+0, 2, 1, 
08/27/2020 13:31:07.395, 08/27/2020 13:31:07.335, 3.89326e+0, 0.00000e+0, 5.80033e+1, 0.00000e+0, 2.00514e+0, 0.00000e+0, 1.54112e+4, 0.00000e+0, 4.30248e+2, 0.00000e+0, 2.03652e+0, 0.00000e+0, 4.36982e+2, 0.00000e+0, 5.01534e+2, 0.00000e+0, 2.82510e+1, 0.00000e+0, 2.60302e+1, 0.00000e+0, 3.58265e+0, 0.00000e+0, 3.17528e+0, 0.00000e+0, 2.00000e+1, 0.00000e+0, 2.00000e+1, 0.00000e+0, 2, 1, 
08/27/2020 13:31:08.387, 08/27/2020 13:31:08.330, 3.89277e+0, 0.00000e+0, 5.79302e+1, 0.00000e+0, 2.00897e+0, 0.00000e+0, 1.56296e+4, 0.00000e+0, 4.30900e+2, 0.00000e+0, 2.04087e+0, 0.00000e+0, 4.37742e+2, 0.00000e+0, 5.01554e+2, 0.00000e+0, 2.82508e+1, 0.00000e+0, 2.60239e+1, 0.00000e+0, 3.58345e+0, 0.00000e+0, 3.17926e+0, 0.00000e+0, 2.00000e+1, 0.00000e+0, 2.00000e+1, 0.00000e+0, 2, 1, 
08/27/2020 13:31:09.402, 08/27/2020 13:31:09.324, 3.89077e+0, 0.00000e+0, 5.76350e+1, 0.00000e+0, 2.00182e+0, 0.00000e+0, 1.54470e+4, 0.00000e+0, 4.31063e+2, 0.00000e+0, 2.03323e+0, 0.00000e+0, 4.37826e+2, 0.00000e+0, 5.01510e+2, 0.00000e+0, 2.82547e+1, 0.00000e+0, 2.60240e+1, 0.00000e+0, 3.58233e+0, 0.00000e+0, 3.17873e+0, 0.00000e+0, 2.00000e+1, 0.00000e+0, 2.00000e+1, 0.00000e+0, 2, 1, 
08/27/2020 13:31:10.395, 08/27/2020 13:31:10.320, 3.89108e+0, 0.00000e+0, 5.76817e+1, 0.00000e+0, 2.00926e+0, 0.00000e+0, 1.56711e+4, 0.00000e+0, 4.29697e+2, 0.00000e+0, 2.04125e+0, 0.00000e+0, 4.36538e+2, 0.00000e+0, 5.01551e+2, 0.00000e+0, 2.82578e+1, 0.00000e+0, 2.60222e+1, 0.00000e+0, 3.58324e+0, 0.00000e+0, 3.18002e+0, 0.00000e+0, 2.00000e+1, 0.00000e+0, 2.00000e+1, 0.00000e+0, 2, 1, 
08/27/2020 13:31:11.368, 08/27/2020 13:31:11.313, 3.88997e+0, 0.00000e+0, 5.75177e+1, 0.00000e+0, 2.00633e+0, 0.00000e+0, 1.56309e+4, 0.00000e+0, 4.32463e+2, 0.00000e+0, 2.03819e+0, 0.00000e+0, 4.39330e+2, 0.00000e+0, 5.01520e+2, 0.00000e+0, 2.82602e+1, 0.00000e+0, 2.60248e+1, 0.00000e+0, 3.58395e+0, 0.00000e+0, 3.18344e+0, 0.00000e+0, 2.00000e+1, 0.00000e+0, 2.00000e+1, 0.00000e+0, 2, 1, 
08/27/2020 13:31:12.417, 08/27/2020 13:31:12.307, 3.89060e+0, 0.00000e+0, 5.76105e+1, 0.00000e+0, 2.00831e+0, 0.00000e+0, 1.57118e+4, 0.00000e+0, 4.29880e+2, 0.00000e+0, 2.04037e+0, 0.00000e+0, 4.36742e+2, 0.00000e+0, 5.01545e+2, 0.00000e+0, 2.82613e+1, 0.00000e+0, 2.60279e+1, 0.00000e+0, 3.58197e+0, 0.00000e+0, 3.18438e+0, 0.00000e+0, 2.00000e+1, 0.00000e+0, 2.00000e+1, 0.00000e+0, 3, 1, 
08/27/2020 13:31:13.386, 08/27/2020 13:31:13.302, 3.88843e+0, 0.00000e+0, 5.72907e+1, 0.00000e+0, 2.00467e+0, 0.00000e+0, 1.57578e+4, 0.00000e+0, 4.29282e+2, 0.00000e+0, 2.03676e+0, 0.00000e+0, 4.36155e+2, 0.00000e+0, 5.01512e+2, 0.00000e+0, 2.82556e+1, 0.00000e+0, 2.60254e+1, 0.00000e+0, 3.58210e+0, 0.00000e+0, 3.18288e+0, 0.00000e+0, 2.00000e+1, 0.00000e+0, 2.00000e+1, 0.00000e+0, 3, 1, 
08/27/2020 13:31:14.385, 08/27/2020 13:31:14.297, 3.88785e+0, 0.00000e+0, 5.72053e+1, 0.00000e+0, 2.00818e+0, 0.00000e+0, 1.57168e+4, 0.00000e+0, 4.31565e+2, 0.00000e+0, 2.04025e+0, 0.00000e+0, 4.38456e+2, 0.00000e+0, 5.01530e+2, 0.00000e+0, 2.82545e+1, 0.00000e+0, 2.60247e+1, 0.00000e+0, 3.58275e+0, 0.00000e+0, 3.18165e+0, 0.00000e+0, 2.00000e+1, 0.00000e+0, 2.00000e+1, 0.00000e+0, 3, 1, 
08/27/2020 13:31:15.365, 08/27/2020 13:31:15.292, 3.88812e+0, 0.00000e+0, 5.72443e+1, 0.00000e+0, 2.00889e+0, 0.00000e+0, 1.57466e+4, 0.00000e+0, 4.30096e+2, 0.00000e+0, 2.04103e+0, 0.00000e+0, 4.36977e+2, 0.00000e+0, 5.01494e+2, 0.00000e+0, 2.82563e+1, 0.00000e+0, 2.60243e+1, 0.00000e+0, 3.58173e+0, 0.00000e+0, 3.17963e+0, 0.00000e+0, 2.00000e+1, 0.00000e+0, 2.00000e+1, 0.00000e+0, 3, 1, 
08/27/2020 13:31:16.366, 08/27/2020 13:31:16.287, 3.88606e+0, 0.00000e+0, 5.69417e+1, 0.00000e+0, 2.00607e+0, 0.00000e+0, 1.56398e+4, 0.00000e+0, 4.29810e+2, 0.00000e+0, 2.03794e+0, 0.00000e+0, 4.36639e+2, 0.00000e+0, 5.01525e+2, 0.00000e+0, 2.82544e+1, 0.00000e+0, 2.60204e+1, 0.00000e+0, 3.58328e+0, 0.00000e+0, 3.18063e+0, 0.00000e+0, 2.00000e+1, 0.00000e+0, 2.00000e+1, 0.00000e+0, 3, 1, 
08/27/2020 13:31:17.333, 08/27/2020 13:31:17.281, 3.88598e+0, 0.00000e+0, 5.69289e+1, 0.00000e+0, 2.00674e+0, 0.00000e+0, 1.50448e+4, 0.00000e+0, 4.31960e+2, 0.00000e+0, 2.03739e+0, 0.00000e+0, 4.38558e+2, 0.00000e+0, 5.01493e+2, 0.00000e+0, 2.82686e+1, 0.00000e+0, 2.60212e+1, 0.00000e+0, 3.58337e+0, 0.00000e+0, 3.17882e+0, 0.00000e+0, 2.00000e+1, 0.00000e+0, 2.00000e+1, 0.00000e+0, 3, 1, 
08/27/2020 13:31:18.366, 08/27/2020 13:31:18.276, 3.88555e+0, 0.00000e+0, 5.68654e+1, 0.00000e+0, 2.00224e+0, 0.00000e+0, 1.56569e+4, 0.00000e+0, 4.31088e+2, 0.00000e+0, 2.03409e+0, 0.00000e+0, 4.37944e+2, 0.00000e+0, 5.01533e+2, 0.00000e+0, 2.82690e+1, 0.00000e+0, 2.60205e+1, 0.00000e+0, 3.58411e+0, 0.00000e+0, 3.18235e+0, 0.00000e+0, 2.00000e+1, 0.00000e+0, 2.00000e+1, 0.00000e+0, 3, 1, 
08/27/2020 13:31:19.342, 08/27/2020 13:31:19.270, 3.88459e+0, 0.00000e+0, 5.67247e+1, 0.00000e+0, 2.01160e+0, 0.00000e+0, 1.52117e+4, 0.00000e+0, 4.30142e+2, 0.00000e+0, 2.04267e+0, 0.00000e+0, 4.36786e+2, 0.00000e+0, 5.01500e+2, 0.00000e+0, 2.82699e+1, 0.00000e+0, 2.60221e+1, 0.00000e+0, 3.58260e+0, 0.00000e+0, 3.18222e+0, 0.00000e+0, 2.00000e+1, 0.00000e+0, 2.00000e+1, 0.00000e+0, 3, 1, 
08/27/2020 13:31:20.316, 08/27/2020 13:31:20.264, 3.88384e+0, 0.00000e+0, 5.66131e+1, 0.00000e+0, 2.00276e+0, 0.00000e+0, 1.58881e+4, 0.00000e+0, 4.31447e+2, 0.00000e+0, 2.03509e+0, 0.00000e+0, 4.38413e+2, 0.00000e+0, 5.01516e+2, 0.00000e+0, 2.82727e+1, 0.00000e+0, 2.60258e+1, 0.00000e+0, 3.58411e+0, 0.00000e+0, 3.18163e+0, 0.00000e+0, 2.00000e+1, 0.00000e+0, 2.00000e+1, 0.00000e+0, 3, 1, 
08/27/2020 13:31:21.318, 08/27/2020 13:31:21.259, 3.88412e+0, 0.00000e+0, 5.66543e+1, 0.00000e+0, 2.00245e+0, 0.00000e+0, 1.58153e+4, 0.00000e+0, 4.32061e+2, 0.00000e+0, 2.03463e+0, 0.00000e+0, 4.39004e+2, 0.00000e+0, 5.01499e+2, 0.00000e+0, 2.82712e+1, 0.00000e+0, 2.60215e+1, 0.00000e+0, 3.58226e+0, 0.00000e+0, 3.18245e+0, 0.00000e+0, 2.00000e+1, 0.00000e+0, 2.00000e+1, 0.00000e+0, 3, 2, 
08/27/2020 13:31:22.312, 08/27/2020 13:31:22.254, 3.88276e+0, 0.00000e+0, 5.64545e+1, 0.00000e+0, 2.00269e+0, 0.00000e+0, 1.57981e+4, 0.00000e+0, 4.31950e+2, 0.00000e+0, 2.03483e+0, 0.00000e+0, 4.38883e+2, 0.00000e+0, 5.01509e+2, 0.00000e+0, 2.82697e+1, 0.00000e+0, 2.60269e+1, 0.00000e+0, 3.58168e+0, 0.00000e+0, 3.18184e+0, 0.00000e+0, 2.00000e+1, 0.00000e+0, 2.00000e+1, 0.00000e+0, 3, 2, 
08/27/2020 13:31:23.306, 08/27/2020 13:31:23.247, 3.88358e+0, 0.00000e+0, 5.65753e+1, 0.00000e+0, 2.01032e+0, 0.00000e+0, 1.55571e+4, 0.00000e+0, 4.33390e+2, 0.00000e+0, 2.04209e+0, 0.00000e+0, 4.40239e+2, 0.00000e+0, 5.01506e+2, 0.00000e+0, 2.82708e+1, 0.00000e+0, 2.60250e+1, 0.00000e+0, 3.57978e+0, 0.00000e+0, 3.18190e+0, 0.00000e+0, 2.00000e+1, 0.00000e+0, 2.00000e+1, 0.00000e+0, 3, 2, 
08/27/2020 13:31:24.294, 08/27/2020 13:31:24.243, 3.88185e+0, 0.00000e+0, 5.63206e+1, 0.00000e+0, 2.00597e+0, 0.00000e+0, 1.51810e+4, 0.00000e+0, 4.32587e+2, 0.00000e+0, 2.03689e+0, 0.00000e+0, 4.39255e+2, 0.00000e+0, 5.01503e+2, 0.00000e+0, 2.82704e+1, 0.00000e+0, 2.60243e+1, 0.00000e+0, 3.58054e+0, 0.00000e+0, 3.18224e+0, 0.00000e+0, 2.00000e+1, 0.00000e+0, 2.00000e+1, 0.00000e+0, 3, 2, 
08/27/2020 13:31:25.296, 08/27/2020 13:31:25.236, 3.88210e+0, 0.00000e+0, 5.63563e+1, 0.00000e+0, 2.00481e+0, 0.00000e+0, 1.56842e+4, 0.00000e+0, 4.31690e+2, 0.00000e+0, 2.03675e+0, 0.00000e+0, 4.38568e+2, 0.00000e+0, 5.01495e+2, 0.00000e+0, 2.82706e+1, 0.00000e+0, 2.60249e+1, 0.00000e+0, 3.58051e+0, 0.00000e+0, 3.18155e+0, 0.00000e+0, 2.00000e+1, 0.00000e+0, 2.00000e+1, 0.00000e+0, 3, 2, 
08/27/2020 13:31:26.292, 08/27/2020 13:31:26.231, 3.88126e+0, 0.00000e+0, 5.62337e+1, 0.00000e+0, 2.00450e+0, 0.00000e+0, 1.52326e+4, 0.00000e+0, 4.33289e+2, 0.00000e+0, 2.03550e+0, 0.00000e+0, 4.39991e+2, 0.00000e+0, 5.01485e+2, 0.00000e+0, 2.82677e+1, 0.00000e+0, 2.60260e+1, 0.00000e+0, 3.58005e+0, 0.00000e+0, 3.18119e+0, 0.00000e+0, 2.00000e+1, 0.00000e+0, 2.00000e+1, 0.00000e+0, 3, 2, 
08/27/2020 13:31:27.285, 08/27/2020 13:31:27.227, 3.88064e+0, 0.00000e+0, 5.61416e+1, 0.00000e+0, 2.00695e+0, 0.00000e+0, 1.56535e+4, 0.00000e+0, 4.33434e+2, 0.00000e+0, 2.03887e+0, 0.00000e+0, 4.40326e+2, 0.00000e+0, 5.01491e+2, 0.00000e+0, 2.82672e+1, 0.00000e+0, 2.60253e+1, 0.00000e+0, 3.58042e+0, 0.00000e+0, 3.18076e+0, 0.00000e+0, 2.00000e+1, 0.00000e+0, 2.00000e+1, 0.00000e+0, 3, 2, 
08/27/2020 13:31:28.275, 08/27/2020 13:31:28.220, 3.88010e+0, 0.00000e+0, 5.60618e+1, 0.00000e+0, 2.00912e+0, 0.00000e+0, 1.51965e+4, 0.00000e+0, 4.31281e+2, 0.00000e+0, 2.04012e+0, 0.00000e+0, 4.37936e+2, 0.00000e+0, 5.01486e+2, 0.00000e+0, 2.82675e+1, 0.00000e+0, 2.60273e+1, 0.00000e+0, 3.58056e+0, 0.00000e+0, 3.18072e+0, 0.00000e+0, 2.00000e+1, 0.00000e+0, 2.00000e+1, 0.00000e+0, 3, 2, 
08/27/2020 13:31:29.271, 08/27/2020 13:31:29.215, 3.87925e+0, 0.00000e+0, 5.59369e+1, 0.00000e+0, 2.00667e+0, 0.00000e+0, 1.53756e+4, 0.00000e+0, 4.30661e+2, 0.00000e+0, 2.03801e+0, 0.00000e+0, 4.37386e+2, 0.00000e+0, 5.01512e+2, 0.00000e+0, 2.82701e+1, 0.00000e+0, 2.60300e+1, 0.00000e+0, 3.58295e+0, 0.00000e+0, 3.18024e+0, 0.00000e+0, 2.00000e+1, 0.00000e+0, 2.00000e+1, 0.00000e+0, 3, 2, 
08/27/2020 13:31:30.267, 08/27/2020 13:31:30.210, 3.87930e+0, 0.00000e+0, 5.59434e+1, 0.00000e+0, 2.00587e+0, 0.00000e+0, 1.57287e+4, 0.00000e+0, 4.31798e+2, 0.00000e+0, 2.03793e+0, 0.00000e+0, 4.38698e+2, 0.00000e+0, 5.01465e+2, 0.00000e+0, 2.82663e+1, 0.00000e+0, 2.60213e+1, 0.00000e+0, 3.58169e+0, 0.00000e+0, 3.18010e+0, 0.00000e+0, 2.00000e+1, 0.00000e+0, 2.00000e+1, 0.00000e+0, 3, 2, 
08/27/2020 13:31:31.280, 08/27/2020 13:31:31.205, 3.87771e+0, 0.00000e+0, 5.57098e+1, 0.00000e+0, 2.00595e+0, 0.00000e+0, 1.52198e+4, 0.00000e+0, 4.33480e+2, 0.00000e+0, 2.03695e+0, 0.00000e+0, 4.40179e+2, 0.00000e+0, 5.01510e+2, 0.00000e+0, 2.82585e+1, 0.00000e+0, 2.60221e+1, 0.00000e+0, 3.58210e+0, 0.00000e+0, 3.18010e+0, 0.00000e+0, 2.00000e+1, 0.00000e+0, 2.00000e+1, 0.00000e+0, 3, 2, 
08/27/2020 13:31:32.275, 08/27/2020 13:31:32.198, 3.87870e+0, 0.00000e+0, 5.58556e+1, 0.00000e+0, 2.01011e+0, 0.00000e+0, 1.52903e+4, 0.00000e+0, 4.29809e+2, 0.00000e+0, 2.04132e+0, 0.00000e+0, 4.36483e+2, 0.00000e+0, 5.01473e+2, 0.00000e+0, 2.82676e+1, 0.00000e+0, 2.60227e+1, 0.00000e+0, 3.58126e+0, 0.00000e+0, 3.17992e+0, 0.00000e+0, 2.00000e+1, 0.00000e+0, 2.00000e+1, 0.00000e+0, 3, 2, 
08/27/2020 13:31:33.271, 08/27/2020 13:31:33.192, 3.87737e+0, 0.00000e+0, 5.56596e+1, 0.00000e+0, 2.00068e+0, 0.00000e+0, 1.57494e+4, 0.00000e+0, 4.31193e+2, 0.00000e+0, 2.03269e+0, 0.00000e+0, 4.38093e+2, 0.00000e+0, 5.01468e+2, 0.00000e+0, 2.82590e+1, 0.00000e+0, 2.60254e+1, 0.00000e+0, 3.58117e+0, 0.00000e+0, 3.17903e+0, 0.00000e+0, 2.00000e+1, 0.00000e+0, 2.00000e+1, 0.00000e+0, 3, 2, 
08/27/2020 13:31:34.267, 08/27/2020 13:31:34.187, 3.87743e+0, 0.00000e+0, 5.56680e+1, 0.00000e+0, 2.00910e+0, 0.00000e+0, 1.55121e+4, 0.00000e+0, 4.30999e+2, 0.00000e+0, 2.04076e+0, 0.00000e+0, 4.37790e+2, 0.00000e+0, 5.01482e+2, 0.00000e+0, 2.82686e+1, 0.00000e+0, 2.60213e+1, 0.00000e+0, 3.58156e+0, 0.00000e+0, 3.17980e+0, 0.00000e+0, 2.00000e+1, 0.00000e+0, 2.00000e+1, 0.00000e+0, 3, 2, 
08/27/2020 13:31:35.238, 08/27/2020 13:31:35.183, 3.87596e+0, 0.00000e+0, 5.54506e+1, 0.00000e+0, 2.00569e+0, 0.00000e+0, 1.52497e+4, 0.00000e+0, 4.29333e+2, 0.00000e+0, 2.03675e+0, 0.00000e+0, 4.35982e+2, 0.00000e+0, 5.01470e+2, 0.00000e+0, 2.82684e+1, 0.00000e+0, 2.60201e+1, 0.00000e+0, 3.58278e+0, 0.00000e+0, 3.17887e+0, 0.00000e+0, 2.00000e+1, 0.00000e+0, 2.00000e+1, 0.00000e+0, 3, 2, 
08/27/2020 13:31:36.232, 08/27/2020 13:31:36.176, 3.87577e+0, 0.00000e+0, 5.54228e+1, 0.00000e+0, 2.00313e+0, 0.00000e+0, 1.53276e+4, 0.00000e+0, 4.29842e+2, 0.00000e+0, 2.03431e+0, 0.00000e+0, 4.36533e+2, 0.00000e+0, 5.01477e+2, 0.00000e+0, 2.82700e+1, 0.00000e+0, 2.60203e+1, 0.00000e+0, 3.58292e+0, 0.00000e+0, 3.17820e+0, 0.00000e+0, 2.00000e+1, 0.00000e+0, 2.00000e+1, 0.00000e+0, 3, 2, 
08/27/2020 13:31:37.227, 08/27/2020 13:31:37.172, 3.87537e+0, 0.00000e+0, 5.53637e+1, 0.00000e+0, 2.00744e+0, 0.00000e+0, 1.54031e+4, 0.00000e+0, 4.31991e+2, 0.00000e+0, 2.03885e+0, 0.00000e+0, 4.38749e+2, 0.00000e+0, 5.01472e+2, 0.00000e+0, 2.82700e+1, 0.00000e+0, 2.60191e+1, 0.00000e+0, 3.58227e+0, 0.00000e+0, 3.17809e+0, 0.00000e+0, 2.00000e+1, 0.00000e+0, 2.00000e+1, 0.00000e+0, 3, 2, 
08/27/2020 13:31:38.227, 08/27/2020 13:31:38.166, 3.87491e+0, 0.00000e+0, 5.52962e+1, 0.00000e+0, 2.00281e+0, 0.00000e+0, 1.52988e+4, 0.00000e+0, 4.32029e+2, 0.00000e+0, 2.03392e+0, 0.00000e+0, 4.38741e+2, 0.00000e+0, 5.01492e+2, 0.00000e+0, 2.82725e+1, 0.00000e+0, 2.60188e+1, 0.00000e+0, 3.58388e+0, 0.00000e+0, 3.17873e+0, 0.00000e+0, 2.00000e+1, 0.00000e+0, 2.00000e+1, 0.00000e+0, 3, 2, 
08/27/2020 13:31:39.214, 08/27/2020 13:31:39.160, 3.87381e+0, 0.00000e+0, 5.51349e+1, 0.00000e+0, 2.00499e+0, 0.00000e+0, 1.53897e+4, 0.00000e+0, 4.32482e+2, 0.00000e+0, 2.03633e+0, 0.00000e+0, 4.39242e+2, 0.00000e+0, 5.01477e+2, 0.00000e+0, 2.82792e+1, 0.00000e+0, 2.60117e+1, 0.00000e+0, 3.58377e+0, 0.00000e+0, 3.17823e+0, 0.00000e+0, 2.00000e+1, 0.00000e+0, 2.00000e+1, 0.00000e+0, 3, 2, 
08/27/2020 13:31:40.229, 08/27/2020 13:31:40.155, 3.87306e+0, 0.00000e+0, 5.50230e+1, 0.00000e+0, 2.00219e+0, 0.00000e+0, 1.59289e+4, 0.00000e+0, 4.31118e+2, 0.00000e+0, 2.03460e+0, 0.00000e+0, 4.38097e+2, 0.00000e+0, 5.01485e+2, 0.00000e+0, 2.82730e+1, 0.00000e+0, 2.60137e+1, 0.00000e+0, 3.58084e+0, 0.00000e+0, 3.17926e+0, 0.00000e+0, 2.00000e+1, 0.00000e+0, 2.00000e+1, 0.00000e+0, 3, 2, 
08/27/2020 13:31:41.234, 08/27/2020 13:31:41.149, 3.87403e+0, 0.00000e+0, 5.51674e+1, 0.00000e+0, 1.99943e+0, 0.00000e+0, 1.53119e+4, 0.00000e+0, 4.33999e+2, 0.00000e+0, 2.03052e+0, 0.00000e+0, 4.40748e+2, 0.00000e+0, 5.01500e+2, 0.00000e+0, 2.82710e+1, 0.00000e+0, 2.60132e+1, 0.00000e+0, 3.58310e+0, 0.00000e+0, 3.17845e+0, 0.00000e+0, 2.00000e+1, 0.00000e+0, 2.00000e+1, 0.00000e+0, 3, 2, 
08/27/2020 13:31:42.206, 08/27/2020 13:31:42.144, 3.87278e+0, 0.00000e+0, 5.49822e+1, 0.00000e+0, 2.00609e+0, 0.00000e+0, 1.52708e+4, 0.00000e+0, 4.33217e+2, 0.00000e+0, 2.03720e+0, 0.00000e+0, 4.39935e+2, 0.00000e+0, 5.01487e+2, 0.00000e+0, 2.82746e+1, 0.00000e+0, 2.60194e+1, 0.00000e+0, 3.58355e+0, 0.00000e+0, 3.17664e+0, 0.00000e+0, 2.00000e+1, 0.00000e+0, 2.00000e+1, 0.00000e+0, 3, 2, 
08/27/2020 13:31:43.217, 08/27/2020 13:31:43.139, 3.87258e+0, 0.00000e+0, 5.49524e+1, 0.00000e+0, 2.00480e+0, 0.00000e+0, 1.51525e+4, 0.00000e+0, 4.33132e+2, 0.00000e+0, 2.03564e+0, 0.00000e+0, 4.39797e+2, 0.00000e+0, 5.01481e+2, 0.00000e+0, 2.82754e+1, 0.00000e+0, 2.60166e+1, 0.00000e+0, 3.58201e+0, 0.00000e+0, 3.17709e+0, 0.00000e+0, 2.00000e+1, 0.00000e+0, 2.00000e+1, 0.00000e+0, 3, 2, 
08/27/2020 13:31:44.189, 08/27/2020 13:31:44.133, 3.87170e+0, 0.00000e+0, 5.48236e+1, 0.00000e+0, 2.00270e+0, 0.00000e+0, 1.51719e+4, 0.00000e+0, 4.34518e+2, 0.00000e+0, 2.03356e+0, 0.00000e+0, 4.41212e+2, 0.00000e+0, 5.01454e+2, 0.00000e+0, 2.82764e+1, 0.00000e+0, 2.60187e+1, 0.00000e+0, 3.58443e+0, 0.00000e+0, 3.17728e+0, 0.00000e+0, 2.00000e+1, 0.00000e+0, 2.00000e+1, 0.00000e+0, 3, 2, 
08/27/2020 13:31:45.176, 08/27/2020 13:31:45.127, 3.87145e+0, 0.00000e+0, 5.47859e+1, 0.00000e+0, 2.00579e+0, 0.00000e+0, 1.52869e+4, 0.00000e+0, 4.33307e+2, 0.00000e+0, 2.03693e+0, 0.00000e+0, 4.40034e+2, 0.00000e+0, 5.01483e+2, 0.00000e+0, 2.82758e+1, 0.00000e+0, 2.60237e+1, 0.00000e+0, 3.58403e+0, 0.00000e+0, 3.17669e+0, 0.00000e+0, 2.00000e+1, 0.00000e+0, 2.00000e+1, 0.00000e+0, 3, 2, 
08/27/2020 13:31:46.202, 08/27/2020 13:31:46.122, 3.87138e+0, 0.00000e+0, 5.47753e+1, 0.00000e+0, 2.00602e+0, 0.00000e+0, 1.52628e+4, 0.00000e+0, 4.32831e+2, 0.00000e+0, 2.03712e+0, 0.00000e+0, 4.39540e+2, 0.00000e+0, 5.01466e+2, 0.00000e+0, 2.82718e+1, 0.00000e+0, 2.60227e+1, 0.00000e+0, 3.58341e+0, 0.00000e+0, 3.17632e+0, 0.00000e+0, 2.00000e+1, 0.00000e+0, 2.00000e+1, 0.00000e+0, 3, 2, 
08/27/2020 13:31:47.175, 08/27/2020 13:31:47.116, 3.86813e+0, 0.00000e+0, 5.42961e+1, 0.00000e+0, 2.00471e+0, 0.00000e+0, 1.52197e+4, 0.00000e+0, 4.32947e+2, 0.00000e+0, 2.03570e+0, 0.00000e+0, 4.39639e+2, 0.00000e+0, 5.01498e+2, 0.00000e+0, 2.83065e+1, 0.00000e+0, 2.60229e+1, 0.00000e+0, 3.58315e+0, 0.00000e+0, 3.17635e+0, 0.00000e+0, 2.00000e+1, 0.00000e+0, 2.00000e+1, 0.00000e+0, 3, 2, 
08/27/2020 13:31:48.188, 08/27/2020 13:31:48.111, 3.87063e+0, 0.00000e+0, 5.46653e+1, 0.00000e+0, 2.00272e+0, 0.00000e+0, 1.52832e+4, 0.00000e+0, 4.32093e+2, 0.00000e+0, 2.03381e+0, 0.00000e+0, 4.38799e+2, 0.00000e+0, 5.01482e+2, 0.00000e+0, 2.82728e+1, 0.00000e+0, 2.60308e+1, 0.00000e+0, 3.58255e+0, 0.00000e+0, 3.17720e+0, 0.00000e+0, 2.00000e+1, 0.00000e+0, 2.00000e+1, 0.00000e+0, 3, 2, 
08/27/2020 13:31:49.166, 08/27/2020 13:31:49.105, 3.86905e+0, 0.00000e+0, 5.44328e+1, 0.00000e+0, 2.00090e+0, 0.00000e+0, 1.51088e+4, 0.00000e+0, 4.32101e+2, 0.00000e+0, 2.03159e+0, 0.00000e+0, 4.38730e+2, 0.00000e+0, 5.01488e+2, 0.00000e+0, 2.82820e+1, 0.00000e+0, 2.60328e+1, 0.00000e+0, 3.58382e+0, 0.00000e+0, 3.17779e+0, 0.00000e+0, 2.00000e+1, 0.00000e+0, 2.00000e+1, 0.00000e+0, 3, 2, 
08/27/2020 13:31:50.162, 08/27/2020 13:31:50.100, 3.87015e+0, 0.00000e+0, 5.45937e+1, 0.00000e+0, 2.00595e+0, 0.00000e+0, 1.54022e+4, 0.00000e+0, 4.32517e+2, 0.00000e+0, 2.03733e+0, 0.00000e+0, 4.39283e+2, 0.00000e+0, 5.01512e+2, 0.00000e+0, 2.82668e+1, 0.00000e+0, 2.60327e+1, 0.00000e+0, 3.58380e+0, 0.00000e+0, 3.17750e+0, 0.00000e+0, 2.00000e+1, 0.00000e+0, 2.00000e+1, 0.00000e+0, 3, 2, 
08/27/2020 13:31:51.158, 08/27/2020 13:31:51.095, 3.86909e+0, 0.00000e+0, 5.44381e+1, 0.00000e+0, 2.00300e+0, 0.00000e+0, 1.53243e+4, 0.00000e+0, 4.32582e+2, 0.00000e+0, 2.03417e+0, 0.00000e+0, 4.39314e+2, 0.00000e+0, 5.01480e+2, 0.00000e+0, 2.82741e+1, 0.00000e+0, 2.60285e+1, 0.00000e+0, 3.58573e+0, 0.00000e+0, 3.17727e+0, 0.00000e+0, 2.00000e+1, 0.00000e+0, 2.00000e+1, 0.00000e+0, 3, 3, 
08/27/2020 13:31:52.144, 08/27/2020 13:31:52.089, 3.86848e+0, 0.00000e+0, 5.43486e+1, 0.00000e+0, 2.00316e+0, 0.00000e+0, 1.52374e+4, 0.00000e+0, 4.33601e+2, 0.00000e+0, 2.03415e+0, 0.00000e+0, 4.40310e+2, 0.00000e+0, 5.01514e+2, 0.00000e+0, 2.82738e+1, 0.00000e+0, 2.60276e+1, 0.00000e+0, 3.58685e+0, 0.00000e+0, 3.17615e+0, 0.00000e+0, 2.00000e+1, 0.00000e+0, 2.00000e+1, 0.00000e+0, 3, 3, 
08/27/2020 13:31:53.160, 08/27/2020 13:31:53.085, 3.86811e+0, 0.00000e+0, 5.42939e+1, 0.00000e+0, 2.00332e+0, 0.00000e+0, 1.52864e+4, 0.00000e+0, 4.33794e+2, 0.00000e+0, 2.03442e+0, 0.00000e+0, 4.40528e+2, 0.00000e+0, 5.01496e+2, 0.00000e+0, 2.82742e+1, 0.00000e+0, 2.60233e+1, 0.00000e+0, 3.58669e+0, 0.00000e+0, 3.17812e+0, 0.00000e+0, 2.00000e+1, 0.00000e+0, 2.00000e+1, 0.00000e+0, 3, 3, 
08/27/2020 13:31:54.157, 08/27/2020 13:31:54.079, 3.86795e+0, 0.00000e+0, 5.42693e+1, 0.00000e+0, 2.00358e+0, 0.00000e+0, 1.58507e+4, 0.00000e+0, 4.33326e+2, 0.00000e+0, 2.03585e+0, 0.00000e+0, 4.40305e+2, 0.00000e+0, 5.01482e+2, 0.00000e+0, 2.82706e+1, 0.00000e+0, 2.60249e+1, 0.00000e+0, 3.58467e+0, 0.00000e+0, 3.17715e+0, 0.00000e+0, 2.00000e+1, 0.00000e+0, 2.00000e+1, 0.00000e+0, 3, 3, 
08/27/2020 13:31:55.132, 08/27/2020 13:31:55.073, 3.86833e+0, 0.00000e+0, 5.43258e+1, 0.00000e+0, 2.00259e+0, 0.00000e+0, 1.55417e+4, 0.00000e+0, 4.34074e+2, 0.00000e+0, 2.03421e+0, 0.00000e+0, 4.40927e+2, 0.00000e+0, 5.01507e+2, 0.00000e+0, 2.82743e+1, 0.00000e+0, 2.60259e+1, 0.00000e+0, 3.58619e+0, 0.00000e+0, 3.17517e+0, 0.00000e+0, 2.00000e+1, 0.00000e+0, 2.00000e+1, 0.00000e+0, 3, 3, 
08/27/2020 13:31:56.121, 08/27/2020 13:31:56.068, 3.86631e+0, 0.00000e+0, 5.40281e+1, 0.00000e+0, 2.00115e+0, 0.00000e+0, 1.53144e+4, 0.00000e+0, 4.32783e+2, 0.00000e+0, 2.03227e+0, 0.00000e+0, 4.39514e+2, 0.00000e+0, 5.01468e+2, 0.00000e+0, 2.82741e+1, 0.00000e+0, 2.60206e+1, 0.00000e+0, 3.58523e+0, 0.00000e+0, 3.17612e+0, 0.00000e+0, 2.00000e+1, 0.00000e+0, 2.00000e+1, 0.00000e+0, 3, 3, 
08/27/2020 13:31:57.117, 08/27/2020 13:31:57.062, 3.86667e+0, 0.00000e+0, 5.40813e+1, 0.00000e+0, 2.00126e+0, 0.00000e+0, 1.52690e+4, 0.00000e+0, 4.32188e+2, 0.00000e+0, 2.03229e+0, 0.00000e+0, 4.38890e+2, 0.00000e+0, 5.01516e+2, 0.00000e+0, 2.82756e+1, 0.00000e+0, 2.60278e+1, 0.00000e+0, 3.58696e+0, 0.00000e+0, 3.17714e+0, 0.00000e+0, 2.00000e+1, 0.00000e+0, 2.00000e+1, 0.00000e+0, 3, 3, 
08/27/2020 13:31:58.139, 08/27/2020 13:31:58.057, 3.86682e+0, 0.00000e+0, 5.41028e+1, 0.00000e+0, 2.00356e+0, 0.00000e+0, 1.52719e+4, 0.00000e+0, 4.33429e+2, 0.00000e+0, 2.03463e+0, 0.00000e+0, 4.40151e+2, 0.00000e+0, 5.01486e+2, 0.00000e+0, 2.82752e+1, 0.00000e+0, 2.60306e+1, 0.00000e+0, 3.58754e+0, 0.00000e+0, 3.17714e+0, 0.00000e+0, 2.00000e+1, 0.00000e+0, 2.00000e+1, 0.00000e+0, 3, 3, 
08/27/2020 13:31:59.126, 08/27/2020 13:31:59.050, 3.86441e+0, 0.00000e+0, 5.37480e+1, 0.00000e+0, 2.00963e+0, 0.00000e+0, 1.60726e+4, 0.00000e+0, 4.32738e+2, 0.00000e+0, 2.04246e+0, 0.00000e+0, 4.39806e+2, 0.00000e+0, 5.01509e+2, 0.00000e+0, 2.82745e+1, 0.00000e+0, 2.60310e+1, 0.00000e+0, 3.58466e+0, 0.00000e+0, 3.17709e+0, 0.00000e+0, 2.00000e+1, 0.00000e+0, 2.00000e+1, 0.00000e+0, 3, 3, 
08/27/2020 13:32:00.101, 08/27/2020 13:32:00.045, 3.86571e+0, 0.00000e+0, 5.39388e+1, 0.00000e+0, 2.00772e+0, 0.00000e+0, 1.52726e+4, 0.00000e+0, 4.31523e+2, 0.00000e+0, 2.03886e+0, 0.00000e+0, 4.38216e+2, 0.00000e+0, 5.01491e+2, 0.00000e+0, 2.82742e+1, 0.00000e+0, 2.60392e+1, 0.00000e+0, 3.58612e+0, 0.00000e+0, 3.17691e+0, 0.00000e+0, 2.00000e+1, 0.00000e+0, 2.00000e+1, 0.00000e+0, 3, 3, 
08/27/2020 13:32:01.105, 08/27/2020 13:32:01.040, 3.86551e+0, 0.00000e+0, 5.39101e+1, 0.00000e+0, 2.00814e+0, 0.00000e+0, 1.52577e+4, 0.00000e+0, 4.31492e+2, 0.00000e+0, 2.03925e+0, 0.00000e+0, 4.38178e+2, 0.00000e+0, 5.01548e+2, 0.00000e+0, 2.82750e+1, 0.00000e+0, 2.60476e+1, 0.00000e+0, 3.58646e+0, 0.00000e+0, 3.17570e+0, 0.00000e+0, 2.00000e+1, 0.00000e+0, 2.00000e+1, 0.00000e+0, 3, 3, 
08/27/2020 13:32:02.090, 08/27/2020 13:32:02.034, 3.86595e+0, 0.00000e+0, 5.39743e+1, 0.00000e+0, 2.00627e+0, 0.00000e+0, 1.53234e+4, 0.00000e+0, 4.32232e+2, 0.00000e+0, 2.03749e+0, 0.00000e+0, 4.38959e+2, 0.00000e+0, 5.01493e+2, 0.00000e+0, 2.82758e+1, 0.00000e+0, 2.60564e+1, 0.00000e+0, 3.58428e+0, 0.00000e+0, 3.17502e+0, 0.00000e+0, 2.00000e+1, 0.00000e+0, 2.00000e+1, 0.00000e+0, 3, 3, 
08/27/2020 13:32:03.083, 08/27/2020 13:32:03.030, 3.86411e+0, 0.00000e+0, 5.37033e+1, 0.00000e+0, 2.00631e+0, 0.00000e+0, 1.52971e+4, 0.00000e+0, 4.32695e+2, 0.00000e+0, 2.03748e+0, 0.00000e+0, 4.39417e+2, 0.00000e+0, 5.01498e+2, 0.00000e+0, 2.82812e+1, 0.00000e+0, 2.60648e+1, 0.00000e+0, 3.58429e+0, 0.00000e+0, 3.17614e+0, 0.00000e+0, 2.00000e+1, 0.00000e+0, 2.00000e+1, 0.00000e+0, 3, 3, 
08/27/2020 13:32:04.083, 08/27/2020 13:32:04.024, 3.86472e+0, 0.00000e+0, 5.37929e+1, 0.00000e+0, 2.00674e+0, 0.00000e+0, 1.56800e+4, 0.00000e+0, 4.33606e+2, 0.00000e+0, 2.03870e+0, 0.00000e+0, 4.40514e+2, 0.00000e+0, 5.01499e+2, 0.00000e+0, 2.82740e+1, 0.00000e+0, 2.60676e+1, 0.00000e+0, 3.58528e+0, 0.00000e+0, 3.17562e+0, 0.00000e+0, 2.00000e+1, 0.00000e+0, 2.00000e+1, 0.00000e+0, 3, 3, 
08/27/2020 13:32:05.076, 08/27/2020 13:32:05.018, 3.86413e+0, 0.00000e+0, 5.37063e+1, 0.00000e+0, 2.00455e+0, 0.00000e+0, 1.52558e+4, 0.00000e+0, 4.33227e+2, 0.00000e+0, 2.03561e+0, 0.00000e+0, 4.39939e+2, 0.00000e+0, 5.01497e+2, 0.00000e+0, 2.82758e+1, 0.00000e+0, 2.60673e+1, 0.00000e+0, 3.58616e+0, 0.00000e+0, 3.17526e+0, 0.00000e+0, 2.00000e+1, 0.00000e+0, 2.00000e+1, 0.00000e+0, 3, 3, 
08/27/2020 13:32:06.074, 08/27/2020 13:32:06.012, 3.86370e+0, 0.00000e+0, 5.36434e+1, 0.00000e+0, 2.00703e+0, 0.00000e+0, 1.52797e+4, 0.00000e+0, 4.33233e+2, 0.00000e+0, 2.03818e+0, 0.00000e+0, 4.39955e+2, 0.00000e+0, 5.01502e+2, 0.00000e+0, 2.82763e+1, 0.00000e+0, 2.60763e+1, 0.00000e+0, 3.58659e+0, 0.00000e+0, 3.17562e+0, 0.00000e+0, 2.00000e+1, 0.00000e+0, 2.00000e+1, 0.00000e+0, 3, 3, 
08/27/2020 13:32:07.068, 08/27/2020 13:32:07.007, 3.86473e+0, 0.00000e+0, 5.37945e+1, 0.00000e+0, 2.00453e+0, 0.00000e+0, 1.52687e+4, 0.00000e+0, 4.31564e+2, 0.00000e+0, 2.03561e+0, 0.00000e+0, 4.38255e+2, 0.00000e+0, 5.01503e+2, 0.00000e+0, 2.82676e+1, 0.00000e+0, 2.60773e+1, 0.00000e+0, 3.58332e+0, 0.00000e+0, 3.17578e+0, 0.00000e+0, 2.00000e+1, 0.00000e+0, 2.00000e+1, 0.00000e+0, 3, 3, 
08/27/2020 13:32:08.057, 08/27/2020 13:32:08.001, 3.86102e+0, 0.00000e+0, 5.32477e+1, 0.00000e+0, 2.00747e+0, 0.00000e+0, 1.52995e+4, 0.00000e+0, 4.34285e+2, 0.00000e+0, 2.03866e+0, 0.00000e+0, 4.41033e+2, 0.00000e+0, 5.01519e+2, 0.00000e+0, 2.82766e+1, 0.00000e+0, 2.60688e+1, 0.00000e+0, 3.58255e+0, 0.00000e+0, 3.17572e+0, 0.00000e+0, 2.00000e+1, 0.00000e+0, 2.00000e+1, 0.00000e+0, 3, 3, 
08/27/2020 13:32:09.057, 08/27/2020 13:32:09.003, 3.86228e+0, 0.00000e+0, 5.34339e+1, 0.00000e+0, 2.00519e+0, 0.00000e+0, 1.52931e+4, 0.00000e+0, 4.34380e+2, 0.00000e+0, 2.03633e+0, 0.00000e+0, 4.41127e+2, 0.00000e+0, 5.01496e+2, 0.00000e+0, 2.82762e+1, 0.00000e+0, 2.60800e+1, 0.00000e+0, 3.58304e+0, 0.00000e+0, 3.17421e+0, 0.00000e+0, 2.00000e+1, 0.00000e+0, 2.00000e+1, 0.00000e+0, 3, 3, 
08/27/2020 13:32:10.056, 08/27/2020 13:32:09.997, 3.86150e+0, 0.00000e+0, 5.33181e+1, 0.00000e+0, 2.00600e+0, 0.00000e+0, 1.57144e+4, 0.00000e+0, 4.33728e+2, 0.00000e+0, 2.03803e+0, 0.00000e+0, 4.40653e+2, 0.00000e+0, 5.01488e+2, 0.00000e+0, 2.82753e+1, 0.00000e+0, 2.60812e+1, 0.00000e+0, 3.58250e+0, 0.00000e+0, 3.17392e+0, 0.00000e+0, 2.00000e+1, 0.00000e+0, 2.00000e+1, 0.00000e+0, 3, 3, 
08/27/2020 13:32:11.047, 08/27/2020 13:32:10.992, 3.85721e+0, 0.00000e+0, 5.26863e+1, 0.00000e+0, 2.00505e+0, 0.00000e+0, 1.57620e+4, 0.00000e+0, 4.34797e+2, 0.00000e+0, 2.03716e+0, 0.00000e+0, 4.41760e+2, 0.00000e+0, 5.01508e+2, 0.00000e+0, 2.82877e+1, 0.00000e+0, 2.60717e+1, 0.00000e+0, 3.58217e+0, 0.00000e+0, 3.17390e+0, 0.00000e+0, 2.00000e+1, 0.00000e+0, 2.00000e+1, 0.00000e+0, 3, 3, 
08/27/2020 13:32:12.070, 08/27/2020 13:32:11.993, 3.86122e+0, 0.00000e+0, 5.32770e+1, 0.00000e+0, 2.00317e+0, 0.00000e+0, 1.54543e+4, 0.00000e+0, 4.35855e+2, 0.00000e+0, 2.03462e+0, 0.00000e+0, 4.42697e+2, 0.00000e+0, 5.01509e+2, 0.00000e+0, 2.82817e+1, 0.00000e+0, 2.60968e+1, 0.00000e+0, 3.58450e+0, 0.00000e+0, 3.17521e+0, 0.00000e+0, 2.00000e+1, 0.00000e+0, 2.00000e+1, 0.00000e+0, 3, 3, 
08/27/2020 13:32:13.053, 08/27/2020 13:32:12.988, 3.85607e+0, 0.00000e+0, 5.25183e+1, 0.00000e+0, 2.00316e+0, 0.00000e+0, 1.59392e+4, 0.00000e+0, 4.33954e+2, 0.00000e+0, 2.03560e+0, 0.00000e+0, 4.40983e+2, 0.00000e+0, 5.01432e+2, 0.00000e+0, 2.82936e+1, 0.00000e+0, 2.60928e+1, 0.00000e+0, 3.58238e+0, 0.00000e+0, 3.17621e+0, 0.00000e+0, 2.00000e+1, 0.00000e+0, 2.00000e+1, 0.00000e+0, 3, 3, 
08/27/2020 13:32:14.041, 08/27/2020 13:32:13.983, 3.86085e+0, 0.00000e+0, 5.32220e+1, 0.00000e+0, 2.00339e+0, 0.00000e+0, 1.53305e+4, 0.00000e+0, 4.34186e+2, 0.00000e+0, 2.03458e+0, 0.00000e+0, 4.40946e+2, 0.00000e+0, 5.01569e+2, 0.00000e+0, 2.82815e+1, 0.00000e+0, 2.61042e+1, 0.00000e+0, 3.58248e+0, 0.00000e+0, 3.17366e+0, 0.00000e+0, 2.00000e+1, 0.00000e+0, 2.00000e+1, 0.00000e+0, 3, 3, 
08/27/2020 13:32:15.035, 08/27/2020 13:32:14.976, 3.85916e+0, 0.00000e+0, 5.29737e+1, 0.00000e+0, 2.00598e+0, 0.00000e+0, 1.55408e+4, 0.00000e+0, 4.32921e+2, 0.00000e+0, 2.03765e+0, 0.00000e+0, 4.39755e+2, 0.00000e+0, 5.01471e+2, 0.00000e+0, 2.82858e+1, 0.00000e+0, 2.60988e+1, 0.00000e+0, 3.58210e+0, 0.00000e+0, 3.17471e+0, 0.00000e+0, 2.00000e+1, 0.00000e+0, 2.00000e+1, 0.00000e+0, 3, 3, 
08/27/2020 13:32:16.034, 08/27/2020 13:32:15.972, 3.85727e+0, 0.00000e+0, 5.26954e+1, 0.00000e+0, 2.00269e+0, 0.00000e+0, 1.54691e+4, 0.00000e+0, 4.33394e+2, 0.00000e+0, 2.03416e+0, 0.00000e+0, 4.40203e+2, 0.00000e+0, 5.01501e+2, 0.00000e+0, 2.82882e+1, 0.00000e+0, 2.61015e+1, 0.00000e+0, 3.58307e+0, 0.00000e+0, 3.17351e+0, 0.00000e+0, 2.00000e+1, 0.00000e+0, 2.00000e+1, 0.00000e+0, 3, 3, 
08/27/2020 13:32:17.018, 08/27/2020 13:32:16.966, 3.85594e+0, 0.00000e+0, 5.24992e+1, 0.00000e+0, 2.00308e+0, 0.00000e+0, 1.55849e+4, 0.00000e+0, 4.32738e+2, 0.00000e+0, 2.03479e+0, 0.00000e+0, 4.39588e+2, 0.00000e+0, 5.01359e+2, 0.00000e+0, 2.82790e+1, 0.00000e+0, 2.60959e+1, 0.00000e+0, 3.58397e+0, 0.00000e+0, 3.17522e+0, 0.00000e+0, 2.00000e+1, 0.00000e+0, 2.00000e+1, 0.00000e+0, 3, 3, 
08/27/2020 13:32:18.016, 08/27/2020 13:32:17.960, 3.85607e+0, 0.00000e+0, 5.25183e+1, 0.00000e+0, 2.00468e+0, 0.00000e+0, 1.55044e+4, 0.00000e+0, 4.32680e+2, 0.00000e+0, 2.03625e+0, 0.00000e+0, 4.39494e+2, 0.00000e+0, 5.01709e+2, 0.00000e+0, 2.82903e+1, 0.00000e+0, 2.61025e+1, 0.00000e+0, 3.58174e+0, 0.00000e+0, 3.17400e+0, 0.00000e+0, 2.00000e+1, 0.00000e+0, 2.00000e+1, 0.00000e+0, 3, 3, 
08/27/2020 13:32:19.031, 08/27/2020 13:32:18.955, 3.85713e+0, 0.00000e+0, 5.26747e+1, 0.00000e+0, 2.00606e+0, 0.00000e+0, 1.55548e+4, 0.00000e+0, 4.30603e+2, 0.00000e+0, 2.03775e+0, 0.00000e+0, 4.37407e+2, 0.00000e+0, 5.01497e+2, 0.00000e+0, 2.82882e+1, 0.00000e+0, 2.61062e+1, 0.00000e+0, 3.58419e+0, 0.00000e+0, 3.17630e+0, 0.00000e+0, 2.00000e+1, 0.00000e+0, 2.00000e+1, 0.00000e+0, 3, 3, 
08/27/2020 13:32:20.070, 08/27/2020 13:32:20.015, 3.85149e+0, 0.00000e+0, 5.18419e+1, 0.00000e+0, 2.00464e+0, 0.00000e+0, 1.57296e+4, 0.00000e+0, 4.31348e+2, 0.00000e+0, 2.03668e+0, 0.00000e+0, 4.38241e+2, 0.00000e+0, 5.01407e+2, 0.00000e+0, 2.82832e+1, 0.00000e+0, 2.60909e+1, 0.00000e+0, 3.58213e+0, 0.00000e+0, 3.17285e+0, 0.00000e+0, 2.00000e+1, 0.00000e+0, 2.00000e+1, 0.00000e+0, 3, 3, 
08/27/2020 13:32:21.003, 08/27/2020 13:32:20.944, 3.85329e+0, 0.00000e+0, 5.21082e+1, 0.00000e+0, 2.00322e+0, 0.00000e+0, 1.55803e+4, 0.00000e+0, 4.31680e+2, 0.00000e+0, 2.03493e+0, 0.00000e+0, 4.38512e+2, 0.00000e+0, 5.01618e+2, 0.00000e+0, 2.82981e+1, 0.00000e+0, 2.60953e+1, 0.00000e+0, 3.58365e+0, 0.00000e+0, 3.17349e+0, 0.00000e+0, 2.00000e+1, 0.00000e+0, 2.00000e+1, 0.00000e+0, 3, 4, 
08/27/2020 13:32:22.017, 08/27/2020 13:32:21.938, 3.85220e+0, 0.00000e+0, 5.19467e+1, 0.00000e+0, 2.00580e+0, 0.00000e+0, 1.54588e+4, 0.00000e+0, 4.32166e+2, 0.00000e+0, 2.03729e+0, 0.00000e+0, 4.38951e+2, 0.00000e+0, 5.01484e+2, 0.00000e+0, 2.83115e+1, 0.00000e+0, 2.60948e+1, 0.00000e+0, 3.58488e+0, 0.00000e+0, 3.17564e+0, 0.00000e+0, 2.00000e+1, 0.00000e+0, 2.00000e+1, 0.00000e+0, 3, 4, 
08/27/2020 13:32:22.992, 08/27/2020 13:32:22.933, 3.85332e+0, 0.00000e+0, 5.21123e+1, 0.00000e+0, 2.00529e+0, 0.00000e+0, 1.54037e+4, 0.00000e+0, 4.30355e+2, 0.00000e+0, 2.03666e+0, 0.00000e+0, 4.37088e+2, 0.00000e+0, 5.01597e+2, 0.00000e+0, 2.82947e+1, 0.00000e+0, 2.61093e+1, 0.00000e+0, 3.58553e+0, 0.00000e+0, 3.17543e+0, 0.00000e+0, 2.00000e+1, 0.00000e+0, 2.00000e+1, 0.00000e+0, 3, 4, 
08/27/2020 13:32:23.988, 08/27/2020 13:32:23.928, 3.85554e+0, 0.00000e+0, 5.24400e+1, 0.00000e+0, 2.00266e+0, 0.00000e+0, 1.59523e+4, 0.00000e+0, 4.29283e+2, 0.00000e+0, 2.03512e+0, 0.00000e+0, 4.36242e+2, 0.00000e+0, 5.01485e+2, 0.00000e+0, 2.82862e+1, 0.00000e+0, 2.61145e+1, 0.00000e+0, 3.58534e+0, 0.00000e+0, 3.17534e+0, 0.00000e+0, 2.00000e+1, 0.00000e+0, 2.00000e+1, 0.00000e+0, 3, 4, 
08/27/2020 13:32:24.978, 08/27/2020 13:32:24.922, 3.85006e+0, 0.00000e+0, 5.16316e+1, 0.00000e+0, 2.00495e+0, 0.00000e+0, 1.56215e+4, 0.00000e+0, 4.30404e+2, 0.00000e+0, 2.03676e+0, 0.00000e+0, 4.37235e+2, 0.00000e+0, 5.01547e+2, 0.00000e+0, 2.82944e+1, 0.00000e+0, 2.61028e+1, 0.00000e+0, 3.58302e+0, 0.00000e+0, 3.17490e+0, 0.00000e+0, 2.00000e+1, 0.00000e+0, 2.00000e+1, 0.00000e+0, 3, 4, 
08/27/2020 13:32:26.035, 08/27/2020 13:32:25.963, 3.85358e+0, 0.00000e+0, 5.21511e+1, 0.00000e+0, 2.00324e+0, 0.00000e+0, 1.55438e+4, 0.00000e+0, 4.29385e+2, 0.00000e+0, 2.03487e+0, 0.00000e+0, 4.36165e+2, 0.00000e+0, 5.01470e+2, 0.00000e+0, 2.82872e+1, 0.00000e+0, 2.61173e+1, 0.00000e+0, 3.58423e+0, 0.00000e+0, 3.17450e+0, 0.00000e+0, 2.00000e+1, 0.00000e+0, 2.00000e+1, 0.00000e+0, 3, 4, 
08/27/2020 13:32:26.979, 08/27/2020 13:32:26.911, 3.84929e+0, 0.00000e+0, 5.15181e+1, 0.00000e+0, 2.00551e+0, 0.00000e+0, 1.54682e+4, 0.00000e+0, 4.29649e+2, 0.00000e+0, 2.03702e+0, 0.00000e+0, 4.36400e+2, 0.00000e+0, 5.01588e+2, 0.00000e+0, 2.82845e+1, 0.00000e+0, 2.61086e+1, 0.00000e+0, 3.58363e+0, 0.00000e+0, 3.17643e+0, 0.00000e+0, 2.00000e+1, 0.00000e+0, 2.00000e+1, 0.00000e+0, 3, 4, 
08/27/2020 13:32:27.964, 08/27/2020 13:32:27.906, 3.85311e+0, 0.00000e+0, 5.20815e+1, 0.00000e+0, 2.00313e+0, 0.00000e+0, 1.58773e+4, 0.00000e+0, 4.30410e+2, 0.00000e+0, 2.03544e+0, 0.00000e+0, 4.37354e+2, 0.00000e+0, 5.01522e+2, 0.00000e+0, 2.82822e+1, 0.00000e+0, 2.61305e+1, 0.00000e+0, 3.58352e+0, 0.00000e+0, 3.17614e+0, 0.00000e+0, 2.00000e+1, 0.00000e+0, 2.00000e+1, 0.00000e+0, 3, 4, 
08/27/2020 13:32:28.958, 08/27/2020 13:32:28.900, 3.85264e+0, 0.00000e+0, 5.20123e+1, 0.00000e+0, 2.00587e+0, 0.00000e+0, 1.55384e+4, 0.00000e+0, 4.30034e+2, 0.00000e+0, 2.03753e+0, 0.00000e+0, 4.36822e+2, 0.00000e+0, 5.01522e+2, 0.00000e+0, 2.82899e+1, 0.00000e+0, 2.61317e+1, 0.00000e+0, 3.58264e+0, 0.00000e+0, 3.17439e+0, 0.00000e+0, 2.00000e+1, 0.00000e+0, 2.00000e+1, 0.00000e+0, 3, 4, 
08/27/2020 13:32:29.952, 08/27/2020 13:32:29.895, 3.85253e+0, 0.00000e+0, 5.19950e+1, 0.00000e+0, 2.00849e+0, 0.00000e+0, 1.54503e+4, 0.00000e+0, 4.29490e+2, 0.00000e+0, 2.04001e+0, 0.00000e+0, 4.36230e+2, 0.00000e+0, 5.01535e+2, 0.00000e+0, 2.82907e+1, 0.00000e+0, 2.61413e+1, 0.00000e+0, 3.58125e+0, 0.00000e+0, 3.17479e+0, 0.00000e+0, 2.00000e+1, 0.00000e+0, 2.00000e+1, 0.00000e+0, 3, 4, 
08/27/2020 13:32:30.948, 08/27/2020 13:32:30.890, 3.85321e+0, 0.00000e+0, 5.20962e+1, 0.00000e+0, 2.00441e+0, 0.00000e+0, 1.56218e+4, 0.00000e+0, 4.29371e+2, 0.00000e+0, 2.03622e+0, 0.00000e+0, 4.36185e+2, 0.00000e+0, 5.01516e+2, 0.00000e+0, 2.82819e+1, 0.00000e+0, 2.61409e+1, 0.00000e+0, 3.58264e+0, 0.00000e+0, 3.17541e+0, 0.00000e+0, 2.00000e+1, 0.00000e+0, 2.00000e+1, 0.00000e+0, 3, 4, 
08/27/2020 13:32:31.962, 08/27/2020 13:32:31.883, 3.84897e+0, 0.00000e+0, 5.14710e+1, 0.00000e+0, 2.00600e+0, 0.00000e+0, 1.59961e+4, 0.00000e+0, 4.28864e+2, 0.00000e+0, 2.03861e+0, 0.00000e+0, 4.35836e+2, 0.00000e+0, 5.01517e+2, 0.00000e+0, 2.82882e+1, 0.00000e+0, 2.61321e+1, 0.00000e+0, 3.58157e+0, 0.00000e+0, 3.17332e+0, 0.00000e+0, 2.00000e+1, 0.00000e+0, 2.00000e+1, 0.00000e+0, 3, 4, 
08/27/2020 13:32:32.935, 08/27/2020 13:32:32.879, 3.85094e+0, 0.00000e+0, 5.17606e+1, 0.00000e+0, 2.00589e+0, 0.00000e+0, 1.53678e+4, 0.00000e+0, 4.28430e+2, 0.00000e+0, 2.03720e+0, 0.00000e+0, 4.35117e+2, 0.00000e+0, 5.01511e+2, 0.00000e+0, 2.82861e+1, 0.00000e+0, 2.61408e+1, 0.00000e+0, 3.58633e+0, 0.00000e+0, 3.17460e+0, 0.00000e+0, 2.00000e+1, 0.00000e+0, 2.00000e+1, 0.00000e+0, 3, 4, 
08/27/2020 13:32:33.931, 08/27/2020 13:32:33.873, 3.85394e+0, 0.00000e+0, 5.22036e+1, 0.00000e+0, 2.00455e+0, 0.00000e+0, 1.54151e+4, 0.00000e+0, 4.27925e+2, 0.00000e+0, 2.03593e+0, 0.00000e+0, 4.34625e+2, 0.00000e+0, 5.01490e+2, 0.00000e+0, 2.82787e+1, 0.00000e+0, 2.61483e+1, 0.00000e+0, 3.58296e+0, 0.00000e+0, 3.17670e+0, 0.00000e+0, 2.00000e+1, 0.00000e+0, 2.00000e+1, 0.00000e+0, 3, 4, 
08/27/2020 13:32:34.949, 08/27/2020 13:32:34.868, 3.83828e+0, 0.00000e+0, 4.98933e+1, 0.00000e+0, 2.00576e+0, 0.00000e+0, 1.54810e+4, 0.00000e+0, 4.28708e+2, 0.00000e+0, 2.03730e+0, 0.00000e+0, 4.35449e+2, 0.00000e+0, 5.01563e+2, 0.00000e+0, 2.83313e+1, 0.00000e+0, 2.60954e+1, 0.00000e+0, 3.58181e+0, 0.00000e+0, 3.17460e+0, 0.00000e+0, 2.00000e+1, 0.00000e+0, 2.00000e+1, 0.00000e+0, 3, 4, 
08/27/2020 13:32:35.939, 08/27/2020 13:32:35.887, 3.84388e+0, 0.00000e+0, 5.07204e+1, 0.00000e+0, 2.00425e+0, 0.00000e+0, 1.54364e+4, 0.00000e+0, 4.28017e+2, 0.00000e+0, 2.03568e+0, 0.00000e+0, 4.34727e+2, 0.00000e+0, 5.01487e+2, 0.00000e+0, 2.83137e+1, 0.00000e+0, 2.61250e+1, 0.00000e+0, 3.58418e+0, 0.00000e+0, 3.17586e+0, 0.00000e+0, 2.00000e+1, 0.00000e+0, 2.00000e+1, 0.00000e+0, 3, 4, 
08/27/2020 13:32:37.007, 08/27/2020 13:32:36.940, 3.84377e+0, 0.00000e+0, 5.07028e+1, 0.00000e+0, 2.00390e+0, 0.00000e+0, 1.57592e+4, 0.00000e+0, 4.27722e+2, 0.00000e+0, 2.03599e+0, 0.00000e+0, 4.34570e+2, 0.00000e+0, 5.01543e+2, 0.00000e+0, 2.83089e+1, 0.00000e+0, 2.61233e+1, 0.00000e+0, 3.58648e+0, 0.00000e+0, 3.17625e+0, 0.00000e+0, 2.00000e+1, 0.00000e+0, 2.00000e+1, 0.00000e+0, 3, 4, 
08/27/2020 13:32:37.937, 08/27/2020 13:32:37.855, 3.82811e+0, 0.00000e+0, 4.83939e+1, 0.00000e+0, 2.00785e+0, 0.00000e+0, 1.53103e+4, 0.00000e+0, 4.28197e+2, 0.00000e+0, 2.03907e+0, 0.00000e+0, 4.34854e+2, 0.00000e+0, 5.01505e+2, 0.00000e+0, 2.83295e+1, 0.00000e+0, 2.60594e+1, 0.00000e+0, 3.58505e+0, 0.00000e+0, 3.17751e+0, 0.00000e+0, 2.00000e+1, 0.00000e+0, 2.00000e+1, 0.00000e+0, 3, 4, 
08/27/2020 13:32:38.937, 08/27/2020 13:32:38.852, 3.84446e+0, 0.00000e+0, 5.08053e+1, 0.00000e+0, 2.00098e+0, 0.00000e+0, 1.54871e+4, 0.00000e+0, 4.27784e+2, 0.00000e+0, 2.03246e+0, 0.00000e+0, 4.34514e+2, 0.00000e+0, 5.01702e+2, 0.00000e+0, 2.83017e+1, 0.00000e+0, 2.61339e+1, 0.00000e+0, 3.58607e+0, 0.00000e+0, 3.17775e+0, 0.00000e+0, 2.00000e+1, 0.00000e+0, 2.00000e+1, 0.00000e+0, 3, 4, 
08/27/2020 13:32:39.900, 08/27/2020 13:32:39.847, 3.84692e+0, 0.00000e+0, 5.11681e+1, 0.00000e+0, 2.00737e+0, 0.00000e+0, 1.56444e+4, 0.00000e+0, 4.26047e+2, 0.00000e+0, 2.03927e+0, 0.00000e+0, 4.32818e+2, 0.00000e+0, 5.01415e+2, 0.00000e+0, 2.82910e+1, 0.00000e+0, 2.61423e+1, 0.00000e+0, 3.58452e+0, 0.00000e+0, 3.17727e+0, 0.00000e+0, 2.00000e+1, 0.00000e+0, 2.00000e+1, 0.00000e+0, 3, 4, 
08/27/2020 13:32:40.921, 08/27/2020 13:32:40.842, 3.84815e+0, 0.00000e+0, 5.13490e+1, 0.00000e+0, 2.00440e+0, 0.00000e+0, 1.55718e+4, 0.00000e+0, 4.27225e+2, 0.00000e+0, 2.03611e+0, 0.00000e+0, 4.33983e+2, 0.00000e+0, 5.01460e+2, 0.00000e+0, 2.82844e+1, 0.00000e+0, 2.61570e+1, 0.00000e+0, 3.58354e+0, 0.00000e+0, 3.17698e+0, 0.00000e+0, 2.00000e+1, 0.00000e+0, 2.00000e+1, 0.00000e+0, 3, 4, 
08/27/2020 13:32:41.973, 08/27/2020 13:32:41.900, 3.84646e+0, 0.00000e+0, 5.11002e+1, 0.00000e+0, 2.00194e+0, 0.00000e+0, 1.58811e+4, 0.00000e+0, 4.29376e+2, 0.00000e+0, 2.03425e+0, 0.00000e+0, 4.36305e+2, 0.00000e+0, 5.01328e+2, 0.00000e+0, 2.82945e+1, 0.00000e+0, 2.61471e+1, 0.00000e+0, 3.58497e+0, 0.00000e+0, 3.17535e+0, 0.00000e+0, 2.00000e+1, 0.00000e+0, 2.00000e+1, 0.00000e+0, 3, 4, 
08/27/2020 13:32:42.943, 08/27/2020 13:32:42.869, 3.83350e+0, 0.00000e+0, 4.91888e+1, 0.00000e+0, 2.00190e+0, 0.00000e+0, 1.54564e+4, 0.00000e+0, 4.27171e+2, 0.00000e+0, 2.03333e+0, 0.00000e+0, 4.33877e+2, 0.00000e+0, 5.01723e+2, 0.00000e+0, 2.83304e+1, 0.00000e+0, 2.61024e+1, 0.00000e+0, 3.58378e+0, 0.00000e+0, 3.17677e+0, 0.00000e+0, 2.00000e+1, 0.00000e+0, 2.00000e+1, 0.00000e+0, 3, 4, 
08/27/2020 13:32:43.907, 08/27/2020 13:32:43.825, 3.83717e+0, 0.00000e+0, 4.97296e+1, 0.00000e+0, 2.00452e+0, 0.00000e+0, 1.59537e+4, 0.00000e+0, 4.27603e+2, 0.00000e+0, 2.03701e+0, 0.00000e+0, 4.34536e+2, 0.00000e+0, 5.01614e+2, 0.00000e+0, 2.83314e+1, 0.00000e+0, 2.61263e+1, 0.00000e+0, 3.58705e+0, 0.00000e+0, 3.17927e+0, 0.00000e+0, 2.00000e+1, 0.00000e+0, 2.00000e+1, 0.00000e+0, 3, 4, 
08/27/2020 13:32:44.895, 08/27/2020 13:32:44.820, 3.84105e+0, 0.00000e+0, 5.03019e+1, 0.00000e+0, 2.00198e+0, 0.00000e+0, 1.55472e+4, 0.00000e+0, 4.28381e+2, 0.00000e+0, 2.03360e+0, 0.00000e+0, 4.35147e+2, 0.00000e+0, 5.01440e+2, 0.00000e+0, 2.82988e+1, 0.00000e+0, 2.61335e+1, 0.00000e+0, 3.58324e+0, 0.00000e+0, 3.17844e+0, 0.00000e+0, 2.00000e+1, 0.00000e+0, 2.00000e+1, 0.00000e+0, 3, 4, 
08/27/2020 13:32:45.888, 08/27/2020 13:32:45.813, 3.83817e+0, 0.00000e+0, 4.98774e+1, 0.00000e+0, 2.00435e+0, 0.00000e+0, 1.55765e+4, 0.00000e+0, 4.27154e+2, 0.00000e+0, 2.03607e+0, 0.00000e+0, 4.33912e+2, 0.00000e+0, 5.01436e+2, 0.00000e+0, 2.82894e+1, 0.00000e+0, 2.61265e+1, 0.00000e+0, 3.58558e+0, 0.00000e+0, 3.17827e+0, 0.00000e+0, 2.00000e+1, 0.00000e+0, 2.00000e+1, 0.00000e+0, 3, 4, 
08/27/2020 13:32:46.881, 08/27/2020 13:32:46.813, 3.82754e+0, 0.00000e+0, 4.83097e+1, 0.00000e+0, 2.00151e+0, 0.00000e+0, 1.53876e+4, 0.00000e+0, 4.28648e+2, 0.00000e+0, 2.03279e+0, 0.00000e+0, 4.35347e+2, 0.00000e+0, 5.01337e+2, 0.00000e+0, 2.83294e+1, 0.00000e+0, 2.60819e+1, 0.00000e+0, 3.58578e+0, 0.00000e+0, 3.17757e+0, 0.00000e+0, 2.00000e+1, 0.00000e+0, 2.00000e+1, 0.00000e+0, 3, 4, 
08/27/2020 13:32:47.883, 08/27/2020 13:32:47.804, 3.83054e+0, 0.00000e+0, 4.87520e+1, 0.00000e+0, 2.00511e+0, 0.00000e+0, 1.53818e+4, 0.00000e+0, 4.26917e+2, 0.00000e+0, 2.03643e+0, 0.00000e+0, 4.33586e+2, 0.00000e+0, 5.01720e+2, 0.00000e+0, 2.83258e+1, 0.00000e+0, 2.61013e+1, 0.00000e+0, 3.58398e+0, 0.00000e+0, 3.17883e+0, 0.00000e+0, 2.00000e+1, 0.00000e+0, 2.00000e+1, 0.00000e+0, 3, 4, 
08/27/2020 13:32:48.875, 08/27/2020 13:32:48.798, 3.84650e+0, 0.00000e+0, 5.11068e+1, 0.00000e+0, 2.00095e+0, 0.00000e+0, 1.53888e+4, 0.00000e+0, 4.27843e+2, 0.00000e+0, 2.03222e+0, 0.00000e+0, 4.34530e+2, 0.00000e+0, 5.01335e+2, 0.00000e+0, 2.82840e+1, 0.00000e+0, 2.61700e+1, 0.00000e+0, 3.58422e+0, 0.00000e+0, 3.17674e+0, 0.00000e+0, 2.00000e+1, 0.00000e+0, 2.00000e+1, 0.00000e+0, 3, 4, 
08/27/2020 13:32:49.875, 08/27/2020 13:32:49.793, 3.84437e+0, 0.00000e+0, 5.07921e+1, 0.00000e+0, 2.00310e+0, 0.00000e+0, 1.53902e+4, 0.00000e+0, 4.27299e+2, 0.00000e+0, 2.03441e+0, 0.00000e+0, 4.33978e+2, 0.00000e+0, 5.01406e+2, 0.00000e+0, 2.82904e+1, 0.00000e+0, 2.61570e+1, 0.00000e+0, 3.58394e+0, 0.00000e+0, 3.17751e+0, 0.00000e+0, 2.00000e+1, 0.00000e+0, 2.00000e+1, 0.00000e+0, 3, 4, 
08/27/2020 13:32:50.868, 08/27/2020 13:32:50.786, 3.84712e+0, 0.00000e+0, 5.11969e+1, 0.00000e+0, 2.00337e+0, 0.00000e+0, 1.54905e+4, 0.00000e+0, 4.29137e+2, 0.00000e+0, 2.03489e+0, 0.00000e+0, 4.35890e+2, 0.00000e+0, 5.01495e+2, 0.00000e+0, 2.82851e+1, 0.00000e+0, 2.61714e+1, 0.00000e+0, 3.58520e+0, 0.00000e+0, 3.17710e+0, 0.00000e+0, 2.00000e+1, 0.00000e+0, 2.00000e+1, 0.00000e+0, 3, 4, 
08/27/2020 13:32:51.839, 08/27/2020 13:32:51.781, 3.84204e+0, 0.00000e+0, 5.04481e+1, 0.00000e+0, 2.00324e+0, 0.00000e+0, 1.55498e+4, 0.00000e+0, 4.27645e+2, 0.00000e+0, 2.03489e+0, 0.00000e+0, 4.34400e+2, 0.00000e+0, 5.01451e+2, 0.00000e+0, 2.83088e+1, 0.00000e+0, 2.61623e+1, 0.00000e+0, 3.58533e+0, 0.00000e+0, 3.17786e+0, 0.00000e+0, 2.00000e+1, 0.00000e+0, 2.00000e+1, 0.00000e+0, 3, 5, 
08/27/2020 13:32:52.831, 08/27/2020 13:32:52.776, 3.84459e+0, 0.00000e+0, 5.08242e+1, 0.00000e+0, 2.00351e+0, 0.00000e+0, 1.55077e+4, 0.00000e+0, 4.28672e+2, 0.00000e+0, 2.03507e+0, 0.00000e+0, 4.35425e+2, 0.00000e+0, 5.01484e+2, 0.00000e+0, 2.82842e+1, 0.00000e+0, 2.61769e+1, 0.00000e+0, 3.58752e+0, 0.00000e+0, 3.17723e+0, 0.00000e+0, 2.00000e+1, 0.00000e+0, 2.00000e+1, 0.00000e+0, 3, 5, 
08/27/2020 13:32:53.826, 08/27/2020 13:32:53.770, 3.84525e+0, 0.00000e+0, 5.09213e+1, 0.00000e+0, 1.99968e+0, 0.00000e+0, 1.54552e+4, 0.00000e+0, 4.27501e+2, 0.00000e+0, 2.03107e+0, 0.00000e+0, 4.34212e+2, 0.00000e+0, 5.01449e+2, 0.00000e+0, 2.82846e+1, 0.00000e+0, 2.61751e+1, 0.00000e+0, 3.58537e+0, 0.00000e+0, 3.17669e+0, 0.00000e+0, 2.00000e+1, 0.00000e+0, 2.00000e+1, 0.00000e+0, 3, 5, 
08/27/2020 13:32:54.825, 08/27/2020 13:32:54.764, 3.84024e+0, 0.00000e+0, 5.01828e+1, 0.00000e+0, 2.00330e+0, 0.00000e+0, 1.60616e+4, 0.00000e+0, 4.28481e+2, 0.00000e+0, 2.03600e+0, 0.00000e+0, 4.35476e+2, 0.00000e+0, 5.01446e+2, 0.00000e+0, 2.83029e+1, 0.00000e+0, 2.61608e+1, 0.00000e+0, 3.58496e+0, 0.00000e+0, 3.17697e+0, 0.00000e+0, 2.00000e+1, 0.00000e+0, 2.00000e+1, 0.00000e+0, 3, 5, 
08/27/2020 13:32:55.813, 08/27/2020 13:32:55.760, 3.84471e+0, 0.00000e+0, 5.08427e+1, 0.00000e+0, 2.00168e+0, 0.00000e+0, 1.53370e+4, 0.00000e+0, 4.28768e+2, 0.00000e+0, 2.03286e+0, 0.00000e+0, 4.35446e+2, 0.00000e+0, 5.01416e+2, 0.00000e+0, 2.82887e+1, 0.00000e+0, 2.61799e+1, 0.00000e+0, 3.58627e+0, 0.00000e+0, 3.17681e+0, 0.00000e+0, 2.00000e+1, 0.00000e+0, 2.00000e+1, 0.00000e+0, 3, 5, 
08/27/2020 13:32:56.837, 08/27/2020 13:32:56.754, 3.84461e+0, 0.00000e+0, 5.08269e+1, 0.00000e+0, 2.00835e+0, 0.00000e+0, 1.56037e+4, 0.00000e+0, 4.27102e+2, 0.00000e+0, 2.04018e+0, 0.00000e+0, 4.33872e+2, 0.00000e+0, 5.01476e+2, 0.00000e+0, 2.82846e+1, 0.00000e+0, 2.61793e+1, 0.00000e+0, 3.58769e+0, 0.00000e+0, 3.17547e+0, 0.00000e+0, 2.00000e+1, 0.00000e+0, 2.00000e+1, 0.00000e+0, 3, 5, 
08/27/2020 13:32:57.827, 08/27/2020 13:32:57.749, 3.84328e+0, 0.00000e+0, 5.06310e+1, 0.00000e+0, 1.99995e+0, 0.00000e+0, 1.54843e+4, 0.00000e+0, 4.28369e+2, 0.00000e+0, 2.03140e+0, 0.00000e+0, 4.35106e+2, 0.00000e+0, 5.01454e+2, 0.00000e+0, 2.82885e+1, 0.00000e+0, 2.61745e+1, 0.00000e+0, 3.58981e+0, 0.00000e+0, 3.17748e+0, 0.00000e+0, 2.00000e+1, 0.00000e+0, 2.00000e+1, 0.00000e+0, 3, 5, 
08/27/2020 13:32:58.820, 08/27/2020 13:32:58.747, 3.83203e+0, 0.00000e+0, 4.89726e+1, 0.00000e+0, 2.00283e+0, 0.00000e+0, 1.53011e+4, 0.00000e+0, 4.27080e+2, 0.00000e+0, 2.03395e+0, 0.00000e+0, 4.33716e+2, 0.00000e+0, 5.01423e+2, 0.00000e+0, 2.82994e+1, 0.00000e+0, 2.61309e+1, 0.00000e+0, 3.58476e+0, 0.00000e+0, 3.17808e+0, 0.00000e+0, 2.00000e+1, 0.00000e+0, 2.00000e+1, 0.00000e+0, 3, 5, 

-----BEGIN PGP MESSAGE-----
Version: GnuPG v1

jA0EAwMCuC727pXaDydgye2agpLCF5hDHpZNAIhDWSHwaVczaJikglrOlXxuOLkH
A1dqM5IZ1wsg947IGXt2imvcNyEXgwJnJdWRgVcOokj77zOb8HOkvFXDvfIKdeLf
VWo8Ekr7cN5FTU370irvzEboPs+fp9l9llM7dMrekZy3uHpvc6V431mAKAQvwYp4
ii7CTzD18QFzeXSb6QWVDTEkeKnac46HF7gWSerPpkwTAee7OuPkYshiurZiCtCX
UniXDqMaAKohPEJ/sj+mv/v2WTlGXIDAhdFJuf9J8MJx1+QmCj7Cxbltg3nlXZwI
2SQ9QVzZ2sOzgIMrsP5HlUIrHsJUCGwrvgAz9PVGnE082dFIPMAYsgBYJlT60xrp
8kUW2xYkNvpcSu/p8pf9oJnVU0m8Z2QqE1ctmOwTQXNtK+VjV9skjKS9odaPczLi
ky8edPjN9OzfIV0Y9G0iYu0I8EpeDxuJzzZxTJ2GtBUWZciPGIX+tLJ7br7x9wQV
6dZskaxqlWDksp6f/W8Jf9RbP50xVy7ACEblHlHfZ0q5aqDXizD/ZQOT5fcwyDUs
wLwglzL4VBZqcHI69YQg5Ymx5yAStvwSEGYZHvz47FAKy/hRf/2InrKHTo0ODJ4i
NB3LOac0P2SpZzw7wK+xK2TE5r7UdrVOO8WLzSk2efcYmhvRmESvsCkptVqz4dg5
zV0l2nN0jLZwfSTgiaeLYJibpgVf+LFW3um1A952lMxTN4QLF1RhwxMYEi10schf
iMF+cqZuyPWUoSB+IV/uMcuBnY+Z6l1/kcSSDT4hgDf5D/UeJsMOfPXZj1cOuC2W
0w5BIY+JLjs9E74L+i2FdYym7Y43TSg+9b/HR1gcl8vvRq7juAdvQf8Ka2el8MMG
yYuHyXLpUJUOB3JhWNSW7udE7djV5Ga7EEbyJiXTCJDGv+hBF/4imn2uPAtEKdoo
cho20hlhcL2Gjh8t6a0GM8QF2LE6LF70408RCKAHKPFetsD5/hnSoOOe6a80lA6z
kV04x8itH37ACI3V784cUpqR5bTQ9JG32Q7/7lXknrBWF47Qvw0eAYdNyzf6mcDx
FjRl1GrlKqnsE+kEvikkNFhjgKVHoa+T+H/7sI/xjf0Wq6uc1YBmmGE5Xt8PJTQC
Z3eqaffr6FmHEHoavpbf3/YvLYH/hoUgHxx08c/e2vmk/pxK3Y9PWhd+IwIj1k2O
x1fxdmwiZSxtkRVqertnBbQvnbPO+PPI1a1R7ulYH/OlTOOVy62HILDo/VPAPzAJ
/RfRLHMgaZ4nZkYYN8eVcyjBGIKbx0g51PKYC73Ry5Ld6g+c7HU9WCxnwnGZfNrr
ubnQXj5Ah832NQJQpdL8g1kqZCvP8Shk038LQR0PDVvP5HNp8cZ3iFlG2xsLrmRZ
B5JXRK7oMTJ9YuDSFejoztZlVFbkgefVGkAS0lCih8wMw9RU43Gxx+uqGe5PorDT
18uj+toFAbIBVxsv+5uBFzC5l/Uz9OeEQsJkLKO4l6VKQbm5h7DZF0VnevkVwQVJ
9XDETs9/Obhusg9e7KwXGQqZHkwlTJoNeUWvMSviUIG+yR171EOSxpeCwi61m8+V
poL6ygkiGqzwT+u9GbEBW2le9CyF2ll4FkD0aG41JguIqOsmdOoeUMmWoJ8eJTEl
mRbo4FgLYpHcIhU2k5Yhps5e9OEAtTRbO//f4q3TmWh3hRDWcpHHW8yHgHLyQ6Sf
MlQDwFx4Z8JTdhpelhyaGKgCBZAbmeVWe1J7hF3Vjsro0D6gRjZ9UpIQWXJG1HPd
DVVDa01i8jrUnBIejHs/zbgfYoNfOyBVn9BKXezamF1+KgJGbbLWJHKs4HNMlEua
p0tTp6QyESyBQA0Om6/PeMbrWao0SpCKWHmA78OZsbx9wlfruWCLP8tlmQBK7S9P
DcvZ1znZOB6dDIXY2+EoI96t/AsfO/fvpb50HVp+M3tbNFUeTTfI51YE+mGdJiyH
mCEAdkzJdnG9eJXT3jKHQ5hjThN8QgzVA+soizL2U1vRK/p5YYVhUYMcceUg45w0
A2VGb7TATBf9eE4PqCUVzfhSU8vMA/hkjfKtgqIdVlwvhpdbL5tQ9yIFEryoegNy
TeiHggIwSpONcM6nZ9O3a2fQPz2a86L19tTrX080X9BEac3OCZOU6JUZs1Z7K3R+
Q02Gnmdfty40LARLpjnM1bUYqqtadm6RxMN0XZg4S/Ku5Qitw8cCv6eKgP+BTg9I
4qHBNk/52vFXx8g2D3AaKYYqYGzppGLKrkIvgMfH7sNBlvpbqCxgUyxco2BqERZO
rLoROSZlrpmpXX6pikoxP0jRhlIxkyywvvfgoygmrF4WMltOhx9fzGWLtD0410tL
oVVNL1wTkFjqLB0x6YGJMGJ4Qn2lWNt64qxQjGvkkNgYBnck09n0HS39gQccjwoP
mUdSmwJ9WMHomN6gmQZEksY+VgO/cEJ2YeDjOfndyuBwbljywG6jBoUMsVOW23wP
lh1DnQdewyooRK8Xj0oKBkbWzB1ubGECsNCVYYDAtyPk+EwszZUUfxunVj6m4yS1
At1rdnXOClU96yZdl6yuM9jl9Ro8lm3bhL05uW2s51Bf7yALTwfudNRuk4/8Ryah
tuP5tMbLXTV0NEm9ppiqaYkZzNPA2kaKA1ddl8xgk4IGtAJpO6oROti+5HJWsB1T
Ef3v3hZcRIioGkRGqL2XfGb697pDfz0jJdzQSV/xBcCRYKh8C/PkIfqPTuABlWgp
xcd0ogWEnVrB0tqhkZzJrmJH3fA96CsiQaMvnPsragRuMhgREQw1LbBIoH8gVNXo
2B0FXim+xSXwhN4jCrcIGAbKbyZGhViJb0CYazMxUMc8qZcjbSv9/kbyPWgcDETv
e3mP/DSxpYdTf4L2if70aEWt33yFwbNq2aeWu8yiiQevEo1PU5+fUfaYhR1zMG8E
Q9qPhuDPjqKTqC7B6ScJUoMmUgY1kBotbcSYLrxFaty/em3nWj3FZk7QPg2ge7ce
wEZV+LHxE3zm+I+Y03ZJJZl+gKjc8VB5uACAPPbNIL48HKfQOSonvO19+d2LnPBH
uuRXRs9qiX7Hov8bl1VuawD4uFgZEskkMhvSMuKk/Wg0HKvE9jjZQbj97d/2Sjd2
Y9il8AWFgErmuckyt4cEqakXuTel4IgEM0KwBm0AGM6ZbP007TAshbsE67CxwE+H
d8aDIoJQkoW2CqXCe6tYNdsmFv5F3jxyBRzKS+idyXP6PwFDAyRmaccx3Ze31gnG
vBk//Xs/kaUoUNTKzC8fQKDSQw/ul9GvgYP3J9bqOZfFTLU5B2QTya8ghBw1vAC9
Gvp2U/CzY22MRB06iY4CU4Bys8ykzoIG0qXOr8S2nFGco5oZTRqZ+wGtCffpLMNE
4mUOPF+dymmtHSNNdgckM1o/Q7A/2exEvzeKG+EJ41B8sthxK+LYt+Sut6ZtFhBy
uI5KPTF8CjN8C3d2anXbGe3pTtMD+Q3Pxj86pT64OAkUJx0H1aEom3iq2saK0Ejr
AggqhJnhy99xbLwxyJV0vcDh67lMi8h6ro7xwh1Fj9hB0+ldLAfjukOkwMDFRCKw
iEhURCxXRl/KkQHlqGCFBBiajZh/TG0yXW0H3nyTsZhceyFOgY6x2qe2o+44R6+y
hdXtk+pRaXJUB/wwR6/xephTxp7LihWkUfJYT4eX1lzWGI60qWPoRAqMV/8WVAXk
9/Hhqc8Gi8mibsx3vfpdD3usObV4o2zyuj2O4uzRaZgBskjckn3oDfKBJp22PXSL
VVdf4zUDs+ZGBoD8Wj76Mto7lLr4UpPwwpRNH7mJHt0zEsY3IknyYVltkOkKkpLg
mvvTek8rTJqDpH3YlLuwX+vQCcednf7FhZb7C6M9RiZIKLB21U8tzoC9IAxiKps/
L7orBgcZcSpSZGna1TYAo6/BjvIIy5FqGrR4nEXE7Bh09Gv5zJ0iUvREueQN2gxD
VVhMAS2hKeySy0EPqFddObUaqy45BCnNTprlkRlTb/6eKJ7ZDm20RCySw3CxNE37
BzuziEWFsB+Rm54Gy3mmGWvnTMJ46REte9Ba8ieM7L1PSyGSh/QMtCE1uKSdWbqy
I9eUdFU03XO3s7auTU/pSj58U9s09aTS0K3iFLBX69w5oC6v7axf0DoIONmWKQ6Y
SKmjN7KBQOSdxAgNxFqmYpOgtivx/KexCHkkDxpI2di7zk5pCCzQA33XByeXSGjI
3Wqf0Zo8dFFE5S8Wmhic7FCrF/b7eEFjLItZ/btnPu8m7cfu1hJ42D3rBc38ki5/
ivBaviaxvzKetUSjhMXNRUbmX9/TTFLke1kY1qdvON1VER2LH42LDkiQr276ucJR
BbdlCno4EoZ7mMi2o2A4kmlvgWGd0X8yVkeCJKu2iZPdYn1up46aPKY8NJ3NBo43
NHOCYdsZL+h+sWyQw7nEdlybDh3xjrYeS2mW9JiKnhDoYNXQxA22KE8tb8jYYuL+
kiEWd0mIh+ziLamJYB73+KSZCeriul8WtFCdUthT2r16Nc19fqEoLueT0gLdK7r7
SK0QEz+BnewSuliyTLz80x/FpvDT+gzKuHJ2y8zcPGFxhXkfmU6rWJDLqQ9WsjKR
5jpUhQSxtvd//96uiu794Nu1paUuJQps6856lFgl4efkRfWBpmmdiD0wrrg3Wkvo
dzaivIyMQcTLwuDyafLN07ko/Bx3Ht65zqks+/xasf11ixd55Au3fG+R+k/AySfY
8oyHjdjP9soZo868Zcy07NolmMXNP4YxnZdnwAsT7M6NZ1F73kjJZ7+Qn1CPRSa5
izvF+OzD5mHarKscC8p8+n/81vTaDhZ8qYOEQfvB7etiX5WZ6j6AP9Zj0fw7oTJw
f/c23P/Azi1BC7L99nI9QItWYos/t2EK+MBCJUB91pEETtpPs12qV5PziYUu8ngm
yVIhAFY8IUWMPJtpLtsr5e+RglBDOoxMleWCnt0dsun+H3z8wUarDF6zLur1HY/0
q7GHN5DT7WaOyPPTpk4PfUVHNDWkKmRsr3pYqOJi/0DS0Arv95hMqcR+DWR8kovS
hOjdqfrA0Y+31rBMZVI2Ya9CLk5vIFenUyzQ5CG1rBsUMvza2uYWplCCfivi0Anh
/jyCmunFdg2ULo7yQknA+u+rTBYJdrR942I7RNuncIrJO5Ktbhb7q2MebE1q8l5h
2nABAdPomYGsV3yUq7p0tdUbP2ZwJiyoi2LMJTqGlSeh6JJorQcnQTTlvEUzC+oz
XsxF08w84337KILcPYO6JhtEXvSUikLqNw7QCusQmnPGECIcS/QMj8M3KHmzF658
HPRz/x43OflSE2X1jgnPO1PXmjrboreKnkz9cthpXu74BeEzCKrL5G7VWs2Mp++n
7CBVeEHmrjaQG3H5NjdqDjN135NHQbmzU36AXcml3m1Xnqh0FpETKMm7etR97d3P
8jYV0ci5crGqPQQksKg0AeOGi2V+3nGR+Vu3zasnSaMCHZ57ug5Wu3abTiGDVGrO
fY/Dxz1NBGdd72enMjLXoMUWb7PdNBYlVhf7mhV8kL0d21hX58nqgKw7S2z54pm7
5673rN7shRRkwQLV+ZvtGWg5r4h255Ijg8FiohBUfEiFguYNmWiHmKVjO4eLHf20
4JxicQj1JrvXmobWs1kdTiMV7t4HyyVBKqdpZOtz5+GBgHUlBp3PacLILk42eO3S
IWb9D/YI4wDnbklmtreWsRKXS2s3XxurgrQwPnwrgmrEDNndWZ1cUDY/mF13MCIg
GA2+paIo0EYIpt+oP2jCzZbEzWSIkmF9ReZBJHaFeZ53mGHx7TAF+/TPjGRcflg/
LtIQB9AFI+kd3GoeeZ+GC5TRFGH97kCZDjR7L/Y6DUvD0wVhQATOT/Nx48crfHia
rWC1ddNyxYIh4OyXwodoGaCAeBvIf5jzOungw/z6Nq/25Yf22lO11vtPD4rQ712u
dvwNUS07JSUZvJS125of0ad+9xrODm31ks6xlwEhyVy9MOz0yOjqkzDvNgZ2KLyR
4gN2Jy1XI8G3zr1AEU1Jfgqha1LVKnlrpykgqDzt8cRugzQKLqlwefd8gnbucdds
vksrxoGszowgDrPn9u1CEgClDQtiGdKQJWL6dh4Wgud2ZKEDoUWOLaazMEUim6QH
KStg0RRmqLZm4U6SEbLhCXguHpkwoLWH+f2w008dp4QJnSe83GF3xhtuiwCkeWgW
5KprA0crBnoCyY0P2rFUfAN435CkuGELsGED+aehWLLeo7ljiaWpKWZhLGs/NcSI
yiFjfvn6AqCWuDskRypVManBgGb6qJQekE4RZzSNJeVyUxPTgyVy5YIaVdIFEgOp
AwolSOlNLtI3wHEx3ZSoC+S4khrEHuvS4kODT7kdvuLrnPgpYsEEDso1QRKtBmym
RwfXU4E3ly/85SgPh4jHobUTx8JJUMOuBJyWqG33nkV1zERUraGQjrDPLPOTnbMR
OhWaw6DSWhPeE6h7w5kfAs8KAdADgV/YBEA5UKA7d83NBLIyTo/nvzpab1fvYr0i
S65jQqYhjajmk9tvJ2+tHn2drsAq4HUQgxuTB6obJ1bZTxd808pvzli2XGR15y3C
eXc0UKf0kI9X7VayC2k5Q3gzGqxVQRd3/cVcaqO1pLUaebQ+mdO2pQUkwaKctZcB
fBt18fa6QfRW7SI9erWAf7tjaqc6D61zysYkIOUWu4i+5NyQy9n2JXezZKZnx2cF
N8RHxhe+4+02lFDpim5ezuQFBRrPgQdHFfjFRyrkraBPdolnOUtlmyN7DFMxJyYY
2TDliPt3NoEPKQmHqZRVGyxaicCECTmptDlQQY+qxCj6DqVHaoc0K33ef6Oi+Wvh
wBEAOgl1SQpKPdSIe1x7gBeVq8zqzAbizm/xZIMLSFOHlDqUIu7n2rOWIXUe8M0c
CBtjvHGpN1Py6EdXj0oG2Q1c/+5QX8GDBRmhHxVyhDzF/vPN5124Jht8drUkHS3A
SZ1uAIrd7E2dF9ZB8daXRzwdg6riCk/CV2c6vy39RGlYiLM0h0w72OSJij85FK45
GFXSIj8W076/wddXsVmVtqlp3In+7yWWuctvX8Pwfzn2VFmrxXn2DRUoYj9ELavO
MxGUSixQbyZ8G04OLscsXl1p5lY4DxeWps9T7ubky3GwaAjnfBO1Ejf7YOl1UjMZ
oARVedgsKh8QLvhbeTre8YZzKN+lTeYmtvJ7BzsNzURZkQ/DzBozdI/B3Q1OmYgO
8KMK4xyoa5Lnwwr2ivl4epDMhFekF+gZFDaeubidZ0wsgBqnbRtEvzQJej1Itd0E
LP/iCVZFVJEwVw+KxRabcnweazAwMKVd4uSjD4pyvJSBxdJQ8D1zMxAXRMUIc0bd
yFLKiUj73QD4HTbe8Bj81W7X3vIR9x26HipJ+HkOcrUVPRjq9PCzTQEAD3eHis4P
x3svvO7sGvlbav3imkUCfC4fgcrze24uMMYkxlh339KfJZB9auDCvaNkUcUw3pTs
qbpUr5sDpFEaY46dyDbn6WdZfkJCkzLXRnh6rKaXOrQGD945eR9+ePFBOkQaQW96
Gt5QAzr+o4gPE/1Pj9pKDqXjCPejpkv8wucMsMsvSi7IVrDf5nMD18UZ5SAggJuI
VtTc6rKOKaX4qCRfANlhWGFemlzIRnG0lNwCev/k0VTTPzbonIBBO2swOX4GtB6I
LpDdmeo9cCKRd26vuF0JBtJWczds6AtiOBuGyO9i9jw64uxuoQIs3aL8CRNc4qOs
xTDNw3Ph5LbOtfNwWesccnWargtLo5aKGmoPwbsHRv0K36QOdNbEaJ8ZU+SOSKQq
xAimmwq/UyYBXk56rJQVdSnCkwtqUUBAJiNO5aHQm+D8aVpTQ9MmyovpJ3hh7nZM
vAhwiy+AoVMByjWiTTULwlzzbyrJwLzwVaqnyKB9cKKQ1v+gJQmYbIiwRPXXJNq5
xZFsKlXnRojtRRzDHIUxXq/B9Bdrsu5wOlvnua6Thh6qq8z21E8bYMYluVbFy3LO
Fhfc/kVK0j7eFnMbDd3dxnrQmHmvjw0Kvue+Pw0pblvqqlCFAgT1htAq9GMxRhK0
O5BaGker3XRPI+ZKnNCMSH3KSEtAf8q6/DflQxT8VWUGTiN+fyd7yQsRAKVlVGqR
L3l+f3IWeDgwgTg+fgW8ScHnVnO4/7jDDYzwMb58RppCOsUHKSZgtJRXmmRITapN
LUWGz8HBZwGbF5BLw7SHOfnsEXyBuay/FhlMkMdhN+sGabzDcWsP6XtxrGOadMs4
4ccI842s6axjs+3onezg8+bGO1JtTme1R5rQxf1cKTA7OCmnzN/vAeYc98gYToev
W59NJ8kmlhARIQ3MdApUPvdtWW8FUxtmRb1XDIz2uQKQRpZtWcGWEFcrU52gmya3
GaLrgj/gpj1O6lFrGxXovH69bsvxBtDYv9+2p9S373Ppo8wUn7Pc3mDCLiWFXaAf
ZkdTD+0VoGmaYXTlLS9VcjZ8iywbmA2iMzhmxlI3lrCIXfW9nMDBcq9Up5aVeFCZ
Wq4BaNSA0n2XPj4ew8lpyfO3wdUX+1AzkuFowjXA4OsUKW4PYMV6VvMHyIw85w8Z
qNzkEQg1OCRyt63b3uK/dKadChjCWGjxqqygCIYPxUpeE/i4FK62vUmYE+fae1V/
q1OCgkNdVTGxN2BbS2pYzWbsxVfBSuEuBtG0pTg33oGQgmR1FL68UzXwQbP8ZEwx
auIQw+JQ1v45GKsFXLdiGLP2QTk/f5QA+RIgoKy4ASrz3xiJzZuA30E7SEoy4Aru
snuuS61Po3U1GtNixLbSY9bxyrifsHEOqOwnzBrVRdUXMqaylL38mS5lsCk0hXAk
A0V9FGOi2jXXwajnlrupimbFP84dpvbTqW/iN0f6lXP6V8NuHAqHZXJGdDpjK3mA
yikDK1lvGNNaIYDNkwO6L9rZ85NW+iEMQ9MRTymveTcVQDtUvKBruOLYBg4SLA/P
uEJG9kWyv229QDHndpG0+kGYl0CNlitCwXpEIrRbYpj7sw9UTvuC29wyEajdokyF
tOEY5jIdj5rNwFUlHYslqZIlvJPNXedDvMYlfJHQMQZH41doZ3JqUL0zY9LY6oH0
XOck3GAYtIvcyWt/SxlUeDzVkI6OvsZDSaUhv1nQbslKGPUDzxwfG/e/ivJtUXh3
LYBjay0j99LNMhti9owXiLKGfAZxu0JoiNEjyYDrOxA2UtoS4+04/ZeFbNWvn721
sLOzR5i88EuqrRnYk/xzCbE65q7+TJ0N7MIF2rvQxkLMpOr6RWy7GnIrmdm9A7tO
9uuNj6OR0mBPVvjlDGYu0kAyDmQk05qhZDDFPC7thy2OrDWYIlsB0sQ69FFwz6S4
Zfj7Tn/GrPsQr3Kn3pOH2+ThG7YFLLophvnna5antiMwrgsmOTCG/XdPajSlhGkJ
hlE3oVwNCcJh3yHKOG7QukzxLB+Ehx//x8pzyHLUlM8b5vZYIOkEostmXGlG8bQX
kwJWYIKzLXk2iLdXFNXhOvIL1qSxURCBZLo8lmoKFGqT4xrFTG3pC6cC7uU8L9SR
kxmxAg8DlwbnguZkVuex3y637MFWXxJsiYTQ/CPckV5Y0PIDER7nrMwrA3c2XaQb
Bpa2bdhrEvNBxaSoiw5B4XXuq6mPfYSypmLMgL72coKfkyXfgCwgzDSxP4fpAiLc
7Iw/ORfdPQhbYSW26UQN7J75KYWoHNwJxVTgJ2HuH6mwX0Pa8hYa73Gze/RGfGtR
zgXZNLDmI52Usw93VWNs0TzGmske8o3xrVv3FSd7iacBLC2D+CSsSh+695qvUkBC
Yuf5ThQIelQ/KuZcFlEZ2+rszqKTrjr/IHLA4I0PuDRftMetPr45uNpjugR51lIA
7qaox/c88Qiiq95SmJjulWnT+DhTpUsz0ouyjn/dK1mx0lSY1r3rHE1v4j0pyJNc
BTs9eFU/1hXnVESHuRWv/JlMrtx05FqKCpM+vqmjn0RcejTFBl8WE74sREJI9lo6
A/xJwtBA5dSFAJRym4spntYDUTe0l+O2V9gQ4ngQVR6QHhTjxoQQl0vml1+Il2CD
gzCOQZNKX+1cTVVH9EZtVlb5zSSv8tIWsdTiEcmr45jXGFqbdKxjoz5mtjrPrzfM
ByM9JRI/CUwE0MsFLdOimpGYwwAZdTE+LZOCxEHfpTB028igMT0FAGKn+Fyqe3VN
G/SH06N7dUo49YsKqONEIptSUyoDP+V5L9ld4WNRtSncVWCGKN3weiadlkb8k7j7
NyZaDitjiBx9dyj0by+Uprzzy17Cbnpey9VFRK30uZNBgWMSWNaJgQOf6SUEy6xS
PF2J5/KmHn+43BiD+dg4+NfF6+M+jvCpGPLhzcFAnD4Vjr+LdvZclLsGHDpNjwve
C2McFurNQmgxQdlV4cGwTqL2PYYpgeXGbE4K+ybOwSKG+uo3B96TwUseRwTysYCB
/+woXRH3fA7mmiwj23KAwmNxi/SZ7N1dNO8BBxSjhh/qsieRi+H6R4mz33Mj+B/F
hz4XVuwd8NNAFqSBtizs+JtJK25xX484qEyRvCkwrQ7y3L98OuyN7sYvmnMuLZYR
tx+OXbcvgYjPmOcG6Yj3zEGuGxF4PiNofTnXfkcAXn617F1OC8pHLoIzn09Eb97V
Uvxx8hZmsUD5PHDW0NPNV4cM7/Ug+Vz7fi/n+4F1m3MLZC48xJ0cVkT4uCTC4A2a
GIGrr0rpeoPNFWGDBfGgxo4qiGQFTFxULlyiJfrfc2ZmVY8wQzjdrzdCYmXPaf6Z
N1RyPtneAYvLDEKKPVmDASY3bfz3uCPD1ou2khNpH7nkG7EXaeVx9RHh35+ALNvo
ZQmCB3Ek6k0GgNzwds4kZZkWmQDvdIovUEdM4QqxEnp92BwwOG0RlXk9QHikrCTK
qmG69da+zDugDnSn+pCn8/EDXmBNf6OkYkUtoeMqH4mn20EbNmxLVHSgCXzWPWKy
Mu1HhO+Fe80Cedw8oQXHd5JsPs7Er3R0K1QNK38DPyyjZUJ4DMZL8drt2O6SeR+s
tVvn6/PRmr11zcROeCMKWtnKNhxiQkT+HML+0cavYi/ie8PJPsrCPPOuIB+DeQTI
RxrHGUYAgkHXTE7XjvEiDZe2le2QXri8UpNkE+UrqjwoTEK7vBm4HWZn7i3Ogb1/
wCh42w5sEvO73ABtTjKx/zsutaLXknV6fqqtsmTjgPWG2hnNuPiIyMy12aW2SIMb
mEqRTK6/JpiNBSgNrztaC279VenQDfv9Wbq0pTL2gv8rax3GmIRoqKdV3hfdlMZR
y9j/fA4TU6F+NlpB4pgn2yuCwCTHnePJH++GfnprnpEesoOspNjUbClEL0BO5dq1
kWATeJo9Vak+KhEDRuEOF/6JBQ24s2X65sj5U4jIc915sGpt19ykr4rBgDpPTdkF
Bh63AksMYySpF5AdUcUarO1BE5BsvdHzG8a9KozOEXKX9Kl+akGu9C9Ng3MU+avt
B4s9OV79PEZP4Q1SJHtfdM4k1jF9Cvsd8ODGCKZuxIzB1yTJJjbTw4k3RmtPsmLB
589J4Um99/ae5HtexHDUvyvA00qTp99/0jhwhTg4b44tSuWxCypPKBX/RgReyq6t
12SK+SczF5U88qtpqqQLAC9YXcjThL+JTpOXWuYjxK9ZS8kc0U7dq8WJzZTDd2SK
BkOBUf2y6necq6miCIhfoxuE2z4mhGx1N/2NrfvgQNPFnIKHrPS0f2iM1QLUGo0i
o9ijzVMH6FbPafKDC+dsWhcgu5W6Yj2fJIaI7H42StTPm8fILU7MCrq/UoGvoOGD
0Ly25gYwkYA2x8Tk1Ne3HKmI3UfNMyDPTicv5dkpVkKO9phjsjNWJzh5WpFx68Gx
O2G0+PmNK1FXGCRrzxoXB7D5t/tAbtllHL3uS+WkJ2B6d7J4VOyEaAKtd6+Lb6j2
auQ+AN+O9labqaaKOAzWyWJdY9lFQSfLOOZvDsULtbBe4RVmHWRi11CD+gMxWYrk
rAnnChpMIEAhLGoTYhto4jdIB10FNlP0kLr0cdnExbv6VzzkgAYlhI1M4t6c4y8L
Ynt40ZD+McnJuuNt+Uhzt/EppvaRUEHYiPfiOOvwL2+S1n77SJZDBGCbK3weCdTk
e7d2TWrdu9TX1gp367tllxQ3iNYlhrdGec0snXSZHyp1EiBSuEZuA7RSw0GYPQXM
1jRkpwXnE4XAWxRRwwWeMUIZL/BDY9e+rMEJnqPLdpuwmbmUDPc9rD8/Uxg05jNd
XdyuyIFZTqWyIzK1M185ffXV7zsGDRzm21tQj3KgZun7/zI4BxlH3RbJoCDAJvgh
9A7rMjG/lGToDyZrvGQKm4UWg3DF3Y+b2YGD1sszjvM5WUn7Gc3+LAYEDlDeAMhv
J0TXZzWfq+IaigwJTh/R0TjKBP06uJvwGDTOz7E7PP0aLGAH1zZCCg5hak/DrOxo
F1VLK+lPi9QyQqd5lrBQkhx9FNuQhbzh2YQjG7rEeubzTdz+1zIANCBFlLlG+8g2
az0RQglUNNgMOQNQyL+072Bz7VUlm65Bbs++T48DmYY+gteC6iUx6R/qnw2B17jS
1w9UtcedzCEmYmexHKxQOXG2pabqjUni+cBT4mWeUVFFTDRO10bmPHI7VHTvMQl+
BaPpnBEV2R2zQ5O3ywuRSsnlvI4PXJBkkq+CKfgKbJjlVLL6/xhSiptBpA7JhuJZ
sB9xXz8zlwMNMHFQx1z0Bhf0HBMZOI9r2rCk6IBQGB0z6FUeM76eEKj9r6YKKUZ5
VP3t0PzuXwufYJiwDMpkeVx5kF79uydaeqPgg02/35ZKtBoifDxxyD55nfUZ5aul
o3COagw8S5s1XluQOqs4/8IzWVpogvw3VPDOEqLHVkborY3+95CHpCDaWZDlulfg
xXp95xQUTIVjKT2KnjI+yTTqOXgZto83c3+JH2dt+L9i6kWm8026wqyVCBlsBwQT
mnPS6B5aMHfkAyJFqTDGjlIWPL3KiFdrHyhWngiCAajNvBBRd/Tx1+FB3TXyeKdy
w08ac8ZS7xBb3sNcFPvqNc/VN23Vn8uDW5lH+VSU78y4zS++xVb/3eM/Y4VHm6ML
psP1VW7bVRhc5KTNVtLvFlOeNHBSvuogBM5n8LxCIMJH+822JDTDkxU2iKw8UEPG
HIXMoViLmVIM/h0RAwTlIwjh2jo0odxQrc5GqPLaVIjAt/6eCmEOmd4xycwVSgNL
CwfNQxt2O8/tgdBJqtOniIHWi7DWu9m/yCxNGI0ACBGwrqF1YsAN18YCRXIiujOd
1FOpVihA7po/nwiH6+SmLu5sibulvwd2h440HLrRKgjAJplY4cpFGe66Dk+Q9qEH
//0UJc4psRVTExz2ejkqtYfjtC9WKjWKC6xRe8FYbV9YHRr2215Ab0BO0tK6td+E
mskXpSs41zIHWuoa/LAZjWX94kKiDqnvSGVl2tAF4yjgv2nMh4PaCgHVkChOu2kJ
BE7AsT0Vg5JcQHj9JATYcdsZZzFIgu9CnEukIcLkYlT3ixm+DMAktxK60b4WIlJa
ULTjDI3aFT1DfZsfjKQYVrL2SkHUzcjYIQBiy7b5o3t7N7XvqVcQbXpwE8D7QljY
gelEX0u7hqTrlM+uiRpPGwKd57nUtwe03B+J3qK6syv89vtg61cJFN5JzvY9RABr
o31zCCkZOTq3SMlioPNx2zRyshwRriSvdyQohBKiBl4KJGUMnDFlBijAcF8PI7Q6
MHSIrV8rBEo916bE97qX9akFVaNUMadLUjFqkuGhfaGTS5ftvdr5bfCUPzfZLbim
FRNgG6F7x7X5eZFqV9fWp3HKj+iV6pd9VUR4qosKhP+zHDNi9ttfV6rcEOmCYLAM
eKbt4CoNGmzCwZpjA0Elgx3dC/AGOKX16SUaPSOoAXr17lvIlQ3+ssMDDeAJdL5c
+jZJsha1N9K1X/k+iw7K3RKH16A8NbJw7bajguY/4bYRVzxy7vR0NWWYpIjEDLvd
QekC4CaADlPv/HpAhZb2uKSUEdF2cCw4K0jV8Kk/Hl/gUvKAed/FE8iib96syldz
kOZEHHAKaaB68QLuux0jshVhWFh/gPQdt6eGkJjvSYEDkK8Khr4wJs7hJ/bxME/Z
mCpz0ALkPLOHGTeOq1RlE0KryvT34sQkMwqQkthYY9IFYcizzk8g5eq3Mop2Egxu
/4UQKcyqXFE44eENnqLOnZynwttRt0B9sZS8YSjEY3A6RhXmBg/b2k6X3Z53YQtN
M9KP4wtKBnxSfg7r5y99kykNo5N4RKMc9Pp2SsMKxbZmU0GZ4aTzIYqxLt0rjqMv
KFvKLA7TXT2QZo6v2YSDgtzBQdfkX4Eu2tnohDVK4jRaACwSzc+wkZMyrwzlzPYg
qMQ2Pua2JL1B6Wc5xIZVYVQnux+u0JWH2+pJ0hqdiGrPHNkn8918e8NeWAKe7TDZ
JBbDeSJASTYmgmvc+/wnfhFGcoC0buhkjidPBwASCH3a0ln+lAxnDC81AyIYCa4X
xn3waMU1Jdkb0ZCXEtyt5mWg0/1Ty5anRWvEwJIq8t1NTolVpWIfLOJnCtJ9GlAA
eqo7QsQfF1ZDgBSEEiNP/ZiD2PD2Dap+O7L8MYrngomhyQXF5dD2ZzQfuyxaYLql
Kg177Y2gi6vVHS9W2bECX/+mTw79jBo2gicLHtIp5c43l2OfwWGHN3TT2uVpl3rX
NzDoI0nqHeuau79fQ+BnqHopaBqeuV5Emnb/KLfKiOq00s9zoTtAKgjsAqco2I5A
/iFBUWriSKxMir/WITTs8sPCFpmkM8NbEB1WyQzYIYltA0y6JgDqVt1jb/QOOBvm
ibTAT+tZMpKh5L1KnJUfN4MbCTm+Tv/R6KNGwnHS2J8EZGoOLQggDAiIB81oz8S8
qiSry2p7bheB5OtMo2sMgbXnTcoWpvUYEK/NktGP4oFJ5vbcjLLGNS/FscncUgs4
iGOb5qOpMv5vaNanx/FAHwUCkad6jNoArDL5+tTIEdANGPpox+Yb4q1lJiDTPwS8
b/8zAkBdPEQfCtF4Vmeeza8VjjcvHjM0r3Z3F45Q8u5bhvZD2Wgl0cC4qKS2zdN6
7LKA2W0VWN9OD0DJzX2fF22mVeAmKlz7rUqkmCjGuuZ+CLiaStR1NUn8Ssqbsnc2
lxUQDyxg9nat0S3WwtTEFtN11rrIiS0SIO4Xrxu52eXz25qQ0+sYzBv430oyIdd3
sjxd3F5BbK3zaovRbCQCF1ESvjTaxBqdUMKtFrZnjXP3BlKFALrxTvBE9Qgh6KAn
/zjV3EhSuq9B3WM2AYGdLFWNdRxQ6y1n1IgIMigxAfBzUHXRzdiE+JTtMfIWU+QL
yQ5/HGNDZSUZcMG4zrwCrIXC6EX7K/KTaI+5t/yISordTvAQ+TIP/WtRNaT+whhT
zLhhY2K5kBhkt8n7/0c1R8owZ+UmNdfEvzLfK2AnyTL96vpw1TNpykhGVOVlxueY
tDOkekO2uKtw4LSlZwlRrh91RnMswmZ/jxe29NMscu/p9jYD/bSf4KfgQ/mqNNHD
JLw7lGeUStllASY1Yazu9ni9vmMkbmeWyWEjwiuogfGG6R+h92Aw3CBgPHt32pxf
7bt2+JBmYcGY7UV+GAxaz/snLzrWtNCbhOGt9BduQmtlNgEVr5RwBavXZYEtrtPT
pIkLnUpXcc8/cMUW2WZrZtlGDJIeLQX4sNebPurUvfilJ1l0k1sV47KNC6FtO2FS
mGbTc6A5zPkgdxMk4T3FYj40fjgdDAClGC+b7QG34PAbiv1dZhRMLQT7AZ4l+awq
AinAauVddPSDR4WlvVxXi/Q8HpqGwXify/6Li2xxs06scy0nkh1IucOf4otBpKbW
Zig0Wzaf4HF0AtxtMWcRNQy46PcrDihi6caH6LFIy5WoFA0ImZdnji+x6EKJN5Oq
ju0nGWyFRHDcljS9yUkfZlMRo4x9kNiGy3buRKP5r9TGWKhZnkenv5Fbx8IHVQwl
wC1Uc6XZsyY1zRxlmEk2jcy/IDhUnn9pnwi/XlcVT+WvZW4pMsuCxxthTqAgJvs/
ocoLjPHxTMPs/HfXWE0oydrNoZyYWxNM87PwSn85cRjofwYJQ+XM0TnWuKdO6ams
pxfFNIy4FZ8ludR6Qb3WRYDcFfP9gjA5t+52qovLsmoLfeaWAXEe3thsW/qjQ1bu
eAdf1OD0oTjhraWnG+f3K9whaQCKWzQvRAYa1QZZBWQPpgTzzpJoTmhDvKXQXowP
uKRC9TpHCB0zE9lmKWWIxhSWvq8zz/R7mTYydM6EjSs2QSstKz0O+3s1K/3BZhOw
MkRVxP9AV0dccqsFvdiHQvbix7ehGAtStJwRJQ8wyt8Y0xzD4r32G4+Pl34x8DEr
8p1i83x2+mWGMVvXYoFmW8OsaLPmfqLYbaPzFcx9+tU7cIv8OO/NIpJC/JZvpBz0
Hqytt5puSGrAVdBlQ0UDg2s7n4ztxKCF6vFw43mnLWY6H4Lo80StD3iZZYSnzq3x
L8+UfS6rkrEnWyts2dOtY90e4oZcS6SOLoKII4X2o4/t9LvM+HNW/ig7wUwjmaPo
idd1TWnM5l9u3Jmyg3SW/e3bTjmBJlJImcym4TDW7dcn7ICD2t+Z5n8kDfd9gAlo
qNL5WyBMv/AtbMYoz2IsQn+6RGvCqD0RbUijeNKnr2mtz6HAzbe0Gk0S7KTs2WnM
rwZvAxRgK6NfQXR0nt+/RLfR3a71G+aXRmoOSIN0XNTFrtsrcckCejsK+kG/fSmN
0mo9VLJB/aTG7CPFZeI5sEsq6so34A+BrhnfzoIExIer02oZeHXbOPSKgjf97+Xt
8H3Qr5XXV/UqBBI4/sZqhquMBy9o5cmlMBCBiwZd0Ynka5UL2Io1rbF48V4fGrO9
nWxsXl3Nz5DsmwIcuZ137Q5QDVYE6VWdwTuivkPm89LLdqnLoxF4tU7/GozDFQak
m8iI/GDMdkkpbwxHSg4itCI5eBDryI0b3MxvYtiGK7z08VkQkwx1Ijgqnfip879l
7LEYBGrYVzElHUZILDXgQhjaC4njqjG5c0ZmFN4bMMBRD3beYEgnq7R4jqUJGicY
KrfM3wyLTlUV/b2Eov+xI/oYM0PmXzIOILdFp+6pAnaO0m6Az1BIMMacTMsudBbN
yokKKdH/PntAnbuSimqUyjJ9CIa5/UbffX5oic2a9BY85jlWfQIsAigVAkA469Zr
t4DGsBoKAotRiSOlCYb46N4UB7zVKDaSJF4xnQYA5vDfmQxjVsrbZsvXPRY51t1O
e3i7pcfKp8X+5LXRsodPzBKRJGq48BzAqWQHxNJyJQMuVKeVRBssOo6RELUkTsYe
5/OcDjigLTElXOZC1+TZ6wn54m+u0Tn8wP1FBATsCNuwXemr0znNNGL/OZ5wBNNd
UyghIbdRYJRPJg/X5XmAc/flgCNpFwmtprrjBp5fL1SnzRiuHjGfBU0bZJUM2YOv
1qWFwCLlsoWe4D4lhyEz34W5AMF/YyEhRYDkCW7uIBVBmfvn7c98WH1mDfDX8YsA
YI/q7RLyZ7TNiN8y/O22lakZ5T1cBuq6dCWVbFRj7jPIX0I9er5S65p1Itl4ZdKG
0aTTNhtcIVR+hehoYIz1Ks3UPhDDPufSzfHK1ttzYl1CR3eDAeOZRofgV4A1OkgO
1trJOwsOVuKaTozvH/9JKRLDyhfhtZC7ovMX2szHx8MhPAcFiFkBh4ZRhBhqyxrH
w3KJA/ToOtUOSKCHj4niFHn7NFMOcFJv7JKprUdmEkFM2lSSe2lYVWMmXoZsMCRS
gFKTgVBA8E6vcSxOQHffy3TZhrvjxiEtI8pfwQIutNh2y9RiTIGQJShBoArqYEvT
wPtuXaxL9rME/t/qjFEQjc7IJiBX2D6vVxR4c1HPF6ta1SYzA91M+a1uR0kSNmh0
o9ZX2eVdq/LfEbaheJeuP+bJQ0L4hbhrh9glRjyebZPNeuqMoFsA9mjNm9/spxNL
v6UGnnOJcOfmZY/5l1V/5ylKKX+tIl6xL78tzROOvNhiCGYZOXa1hFCWsK2PHXdv
EUJhb7nXipcbgJTytwnXT/Iq4CLznfoFI0AAwXHb7zwyGd6qOFcqnxhUb8bEb2HZ
fRVj1mrivdekgQKOPpI1/Ev035ibJrE7BapFd5cv9Bbup9SUyVA280wzEUOhyRJG
KjUdQCQms62ze2tytldDKkvBYcArffLQmWwtnqkn5/RIf6bq8j06oH1zsSffNdk1
99Jc+5uWZWrZ6GUeScw/uayHGC483gD960dTCcwDC0iqVbB9lKjcGvaWW06r/UmK
uviB8sYswA6YbU0e3plCUPM92gZiKYuNd4M875YoFzBbJlLl23vsJhA3cfRTjWBp
+oZECtx+R074IpRN4fu5B7+A1IPcdqtFCOPN5hA+oJMDHbn7D/jD5Zq5aUdGwmp4
j7i6bxn5CXiQWQElG1PiRSV5JUVCEOnsK7LNi3+dyT48EhNQ0sdw8ddM0cifWicb
J8CT/WRny0neHXBwyknL067VLPlBAYDhp7vmPlJoy2Q2F3xBhlngfoqWUxZGRzKz
hnG/FVEK0W3ktzBT0rmuUE94ZuzGJP5bL99yGV14XmLZ0d4eCo+yUMVyUBJjgXPk
DbPm4BIrW+UBtB8OHDlvJnrJ5dfg0P9XUVRk/K26oYUx9hm8bUxYJwh/FT/tpgbq
UbFAsQW3RoAM8ayim1CqXi8AegRSvsgzar3iMjaR7SjXyp8o1S6i9r8T3LutBxdz
n+QsFRMdBVDq0nmyD8xZ4DY7JmgJ1uu45KZrtNbHmHbEVxT++26jFJroMuka9pnj
hyVZtk9jlG6ffFoJgxe7iE2ilpfNJYZuwk/UfpvNx1RPvsQYikfTgtypUr5jGHUx
ir7F3Nuu8hRSO0n73IXpaCEirbgLg2p42gYUnTTbSmD0bcWh19b/URRcdpUAAZSM
dGEa3lGIsz+G4Sec8kK2qZW4AbhsuQeHcxXMKBZWGfbs0773LngDRrV3G9Lb15V8
bxB4bDOOg1undh4k/KrFXlT96Paxxe6cRQjxGsQ+KbDkmeKIyWmXzpQAZgDZlOr2
gSpLxL4NKQjs1SygCb1CF6nI6SAvG11hKKE5gMfdHcY2RrVBjftNkYbYQjh8B4ur
fWLe9pY/zDqT2ZXAryECzXrkHZNsiN49eNq5AO0FutgtTYa6NDjmcwoazlUHM+Cl
ietk6WdzM9gbUWnNZMPnMdnhg7bSAtZjMw6fREzT643HSW6fkq2ZDxjpT6CyKU8q
l1+tiRRnyLi76w+sp5ytbcxvOhBnkhn5UJdt1CmkrCcseXZFcx2wJMRSVYV5AiM3
sd1uZfswyFSL/SUDNjmu98cxTBxmWdHsdwcCZi1D9L0wY6zJscIGBGO0vDTT4oBd
N1IDNUDe0SgBmu5MHZPwzNmK3RKkNXlfPlHkqFcc2+nBqL2KyGFjhoQKJsNkNtRe
SjM51n8tTZmrAymz3OvRWRDyyDBWqH0PujiNpNGWE/bhAqVRa/S4bqGzTr5V2FQx
Z18rRyiEYGSxKr08OSA6K2gQFL484fHwtkUsPJET65Vx2YiknV2NWD73Emy7ulFV
QJ/CEgXZpp3hjksDRrB2gCAp4shE/P2XtqJFX6Z50icy4wqxEqClebOf30Ny+iLM
2uUo7AowKlp8t3p0MHAJivoy9nxodyDjWYmn2vVbjg1mjY0g5e7eeolt/hYdNLf7
MUT6mBOetzKOUqG0zj59j8Lpq0s5dhtYT6EW7M99SpG0m2lXfABnp5f6TOGlE6Tq
mSNEekzNkJrnOrzrkVol0ah3KuR9lgSeQaQnlorLvnSM3psgRsLkmHjNDpkD4Tt0
Y9mshgG8H598DLN7m71JC/dzpX5ZyXyc4k4dc/DhYs6wp/9vkpir4EO3D19k0aOF
bONXJXKmAM5n651BBbxs8+nPsNGIEPGGTFghyyacZXaaPhSCtQANV0jLRhHnvWyl
5juzdNrz9+mmi3fa9ZHGMstGj+5cGM9ZBMjA+pT4TZo+Qh7iE51ELgH6AbnoRxmo
TSQSITlw9elxNDU0xt4AZWPN1CfEX+q3gtgCRx9YTjiEiBQiRL7MV/GOEKuE6zRf
iT3s269vr1bZnqWvIozEg8bqFJVgAFPqDF/6K/pmDcjV88y/2l7d2pKanVp0PKDn
KwSMA2mWnODiGISqq77X15MVpwK6QJWjQAiGMvRx19o/0HVjrVsvJsrM/sCSg6BG
s5ixMBc10tkv8oUK5pLCsuphPwIMkw9ez8P9fLDSVW8Fle21L3/ZJlEiGOk6j0e0
GnW1CO4cSuqVFrhTNtDbeTu+c9/1bbW36n/wrKnuurCSnYEVmAUzQFwwrgsi3UX2
sjhiN8MGLHm5FCzWCPr3sNNMlP03LLm04r8bSz/9apz6tCby0cC2HCdD8ZffEdgt
vBnVTA8shXCAWo+Fk3lCxTxqUldEtXmpJlPrkRaUGqmDEetMB+F7M6cfC4/bcqZS
SXRgRiaUoEkgSi8Cpn5tnF04TXPiDdMKu0E80S1XvTufm6VJW7qdIav6DZes0fgF
MumShC1GSjMiFhRXl+bei7vxpYEgds+j+Q0N6f4aSae81zOoc8Xob5kdj9Tq23pN
5YTIDzHkGuCZfwD4mUHlewCSdNIL2utjux/FvyTW6AtOFDj2RGhkwvndBi48fBy1
/AjUBKhoVPuLrj13AIlMirVlmF2MdjcXBivzdPtuBZf8RWmwH/5nlbd5+Pb0MWa9
ut2d2DvYho1MAGc66ntczZ+xQAMNZFhEB/hA4Zn8Z+obDyX1NSRB2Lctgj/2xVkE
vWrJPsxpKn86ZQaJ5x7umU5SumJGROC0r1yyH63W2RwSDQfTg8/e1Qf2jlWggy6+
PGnFPEfea4ji5FrL00i7MPM7wU3fYY+FknX1aZm+RXf56oeuf2hBOPH7ZCjPn7hE
8zEjcBFe9jb02QdvaFFfS+GU+cIBHgmmIRTkN5/jwInHCGf+u5C3FZoyslsO/lNU
AR7USmY/iK9X8qjpttcKvvCbCfRh92DtSEGRW1Shdg4WLvY5etxneOzEB4xqWwJ3
GIxqXVXYEcOm0xUH63rm22Egpra9NcIS8GOHTYYOTXvFjtJSj2xlF/zG9/0oTgTQ
iKAJralqj593WESvlfeRvKU9PKCsumunyeRR0/hWbAFlAP4hLdquGF2wSHuS5hPN
FiPZoKeGJPOYHKQg55+SDceRMNa9FRyOGk16cZv0/srQ3bKmy0XnQBMmDz8crApx
BwLPWOOQ9kih1vPG6YSVrpZwm1dO/0Ee53xa0GEg+MWJrktXojbMF5/zs7npeXwI
T/BcDhaQPy+PUCp+wuhLvWKczEyTevixBXVE4frqjtxQNmaGU+f3Xz/Rhvwnr/F8
x/65c0lJ10vR0zdgdinsXaO+60RPNnymfRNCf3Vg0gUhR48quNU0JskPhmCydfbo
vqmJl9a3Slv8D0QITy5LCjwpobLExxtpw5l2i868hUtWAwl+swBZux0sM3VZHmmI
aK2JG/l9kllPeD3Wmup9ugiYtALZHlO+R0yFyUHOizvv6Jjy8s8u1og9p5rFlK50
8BPQaSYJvRaTKtBgLV1EiU8ZrOEMDBN7VKemgkAXcRZIz2K5d/7/33Dk4OFEEpRz
x5Jsm8e33Zg1LIwS4WrHoKyjupc7aYy1fWjBKsK7oE5wYnLw9wnV3+qwy+5Q8cq2
ikfCGPqeH9FMYe7MURVJdykiCgKjm8HrpqbDnVrkwzqfeKVb/aMAUP5Q/TaFJGFQ
eNreMPa6OkPGdEUe8qKxwT48QjtwMwzWJfmeLcZyCAv3MOiaWRKFhrb+JHy25o7k
0zn7nd5OHth9HwQlpwvdi1olkcl2NiU80yESy56QwQuF16hpRwXbxkpD0sesCQF3
Ge5cprinTQfDX6gZOXyb6O23BtGIUkNdXOP0BvT1A74R8u1UJqZes8J9AKf99DZx
Am5Is5Gri4C8OW8wswIAtvlnPAJdzaUnPhNqBo5oMUuDPSGJsAkSrHcG5Y6Tlcvu
7ZWZbYa8Ixab9Yt2Uq/yMchJmxMNELDgRaEWKOVAPTaShonwXYFruluXiS0E7jfM
ZgzVm0tN3waL1Hbe9AcoHQ4m7uYNtZgJMA1ln+B3Ymirr1FzAizIDHRhYorFegur
mR68tEboKX2udC+qKYYNTyXHvE/PBQhTBQWZguR1QzLXg07uVLFUdvsOT6gCwd5O
Bpaqtd4LqxNnw1WS3wkapK0ypukvNPuuySV7NnN4NoHpWMyCYURc2gVv/DuSROkv
nWp3ZxyL8XiWU3J8I6kK31qm7voQCD/EoanIl+DP+MR3/MDW7XoXxnvCzTCXW43h
+8ZLiXhqlzzGe329QvCKg8rB7OTi2e5z1acxRhgewyT68uZt3RnZC3ycb8IO3mrd
gjdfBn5upYBsh4jaYE8ZrRUm+3K9P4vUNqPtlxpPI5cX6i/XFaTiz/XYAmCAKneG
9KWeXwT+7uu9ExXDYFQwqNdK9RctDpJi3uRTqyHsQpNCJu/igbYeT0zbQnnNmp0m
F56F9VpUuMYYSyII1NUY7dLIFgwbPD4LUJzQo55YWOPzSW1MuP73GA72JdWo2Hru
ffDRjS4CyJXFk67UCelCulD2jLEzSr2G7Y013vvFgdlmyrKYuTJegz+47X/uC9zl
1Otu/i/TIsT/JoK7ywSmukaqzlr3Wqbi0zCy3O9pAB85krc00O70JOw8UQyGEtCC
Vm1d41nDlNIWgVoWgMJH+vWLtWqIsFQts9pvsAH9Szf5hPE6TAXZf2egv+Nrytbl
T+927vkKqAgrySVWqtC/4fM8ST9/m4RFBhwP/25sYNT2rcstLQ88q4L/fb6CFgs4
hsubqMwI0iYtdVsJ3d4E8Pg4qFn49n13utiQhnYARXvf4nu7TPWViK2OE+xSf5G4
t1EoxoFuEQ7TmNJBwcoEKR8xGm2aN8WRPxZtXOQMYE2cYc6c8RStXnXgaK0C+F86
Gh404/HCCThV4+1Z5lhXe0SkAVf9t2R0wOyx0N/JNDyed8uRAChLPWcgWTRsJHEH
MGK3ggcUOxYOA1KhzrG5r6/vr7v4/SyjJb+MsLL+kL8aH2a8lN/ElP0K0HiLpCgQ
rsvtpHWZI9W+FAweJhbHWFjRoC5dhrVYyNQkkDn52nNPC/M51DzsrRO/WlGQNKFO
jBPyKCsmDzbqEP3Qhmf9oQEXes99SEDtEmHeJMfo2MkwDw1tC9cFdhrhNZqwUO1X
oVujsiwkWEp95Er//xjA2L0qxb5k08A0z56y4FtZFEKRo7hgXEGPmBLi2JQC6evx
V6G7MYSM8161CNAGBnwj0oLWE5KpG1AGjpal0Za85kcwGgGKNmdi/LN57Xc1gWoj
0r4TVc6b7L5B89rqFbAY/aT3jzCZwGnM/NVGpxhU1LHaKB8wns8euP4GRx+lRoHg
b4uJ3+MQKsDrpKqWR8o6S0A+ik5FASwE/0KvyGTzMQO1pqn6ReK4mGwYpogJLm1l
idqzz7wF4jwfshp0JUcpnWomcq5cGdqG3C6x0KKAhWCiRu7fXUxvh1rjVMsO3FrP
5rrz5BiQBlI3eIMDU6OzD7m7vaHytG6HpaU4zSF2Gc0QrJD7yJgjX+BZKpuM48fh
E8LwfpIHDz8jVain9joHXJrF+t8yDrFGmMa5B8csK5iALEUE8BVdCuVHIATrrSLM
bVWXj8qV0XpdC6HdlNhim9cYCXMMq9HislJTR/72WQiZ4PbHw/SM8Ykexf1r0Dde
s+ArunAe6fpADo01a0aLlDATHjM7WToTYNEJN3EDaNgGXdPlJpRNiayIQmnf5nUs
JlnpC5pwoUPCABdiRyK/R/HL0YjL/TuanfbIr2HTvgQiRUfMH3l/QUEUpXjj/Nc7
nkkzckJWTPXfqxztA3K4sWcc7TvEja6vjTEy7GS2NYFVJ/VcP9m8puoyUGth6fcQ
V/4ihcogvvwDz0Ap4rhRWGvz+XmZJNbBskvfcotTa7qdhyd/wCtC7TPPLLLvGU1/
+C3tIbyv6nxSX2eVvzUscP3ntvsTOeC1CjCL3GbeITofd4GIZ8W39KLkop8ihiwD
buYSs1iSlNLTrv64IlofHbm8EShDA+wUhW/LJ42wDZO6uGA25Vzs8ncZMTMyZRrc
IU7GZPTH+q6QxF+yZnRyswHSTFZ4F/itHwQBJS/MHG/dRbup6fTM/uOuzM6Sww/e
fnc2S0aHMKGkQ1+kIDdQ1g0qMlDBxPbE1f1njsxjtsu8gZ9qUa0wwynNSjC0pWYS
rKW9AabXjWdNn7j9ERjrAp4C+2NEBOCqATtnZbvWDbNA2F7DhZX0hQklWr4Sd4ev
6DvVDB3Maw/2nLboa2QfZqfEimZt9tao4X5i6SGdlG7e/S4X+pdiKHFFmUlWuNhn
xa0AGQ9s0UZjORePTW5bJfZRmtk2OmUGdg5zDHgyUCeYizHOtp2cErDcfQ0HTnHk
1HkXFA0wMkhyNzoaOXIvbCZ/YgeGNlSyuw1v3FS93SL3g+cHf5lFipWty43GLdS8
eF3WuHi+YupklSILR+FoDeh8LcqCLomuTEqQUuvd1pOfXR2sDMCPwPTTS95jb+hR
17LcQcpqLcTItHTCezYR72GAj4vfcd94j+JrgfiteWZ9e3JtpIpd02HdWsZm+Rjr
YzJo+85gh+ZcpDAw7Zjwgy2ji6pL5ZRxez+DU0mRNJteQCvvhhKmEiIOw+aflHRl
jdqxrzaT/E0oUWvYemOzvTmOdL6hwB0PR/kJZrY0+igLeoNbmaFg1lMA5Ausokxx
3DXybExSv0RtIYvIS6KsPf0RZabDJ+3EeT6r7doNjXVVq0pYSy5elR5aDGSHtqiF
Ve6GjtqPLQ9xKmyPp3WdDiudkoICHrM+hKBzKmCpZ0UKdBNT1zgv/Yvx5RVs0im4
JJjVgzkPA50JaaNSmnhS8HfdzHlr77SW9twVQG0KR2ha/6pEt6G3PGsqXwf2lm7p
7UE8+K1AvANi6XH10CWTi41emNFCrqm8c1eBNxHDf6+vTtOgjl9oI+iLmzIZdybM
k2C1WH9Tttg5Z/zVglJ0Z3lhU2Z8fCWd8PT8NLr7r73hWD4p+0yEHWIJ3TuZHO5i
JRngBiYxSEoli17+et8pEiGTTFa/gd8UUVltNw3lLCMAKCm7n/HiWTvoUpoKYfi+
ERNzOjMVu7TZBnKN0vblse/jauV/PCi6TaQNY8ixi0eKyW4Op40t9CAvl49g8q56
Rqjb3EleleYXQrOmLWBR5g7Ifj+VXBzY1+rh+tyoebBDlVEYkpf0M1iEHZLsyT9/
YN7hT7MjYp+CoAFQdqwod+8M7y2OT9Xfz2MdkVHXa3v3AsfNdEX3sDavXXz9w0WX
YP7Vtayo68lhhKvzBA4OzsnG8xYZKxDtOfDznF6i3l2aLgBJE0e8fkFewrXLR6zJ
e5xiVwxc5lFNm1/F/id/9iyMQvarQ1uujd6ZGeK9uh9J4puQL1js8alxhzlIX99S
v39lq8PsRMaE70mJUR8/CvgG9VhnrMSD3Cib/erXUe3WNHjlSzkQ/3k4ZdjOCvjo
WERpLzUTua2X8NLdkAImn9nJ6tB56kWW16pS++5WNshxq9+cIleg6CWzeKtDC/DU
oSWwImpyY9kRFOhjkyzLcTb4LWvJkABusf6+QnU7iXria6JfzYR4KWDvbAZqyZmz
YPuJx48rH6ZjiD5pu/f38FsC4T+k+tW19AINSp9VZvGtyHyXYN6HJFFuMMyhXsjx
hdOcq5HujmD0mCsN88wQTLqq4448Oi4vLTvqcgFyzbv4c59oGZXOERRPCQPH8kgH
ydUh+8n7ynzSeRYeVI7jUGZUKTw223qRGQ0PiS8fqpbVkSV5wXzZk9YAng7XYKPV
yzQk9RxQoxozREvtrWAl4Glnj/odADwUudVcxbB5f947D0Z5ZyR+4M+6HoR4vX7m
5qUvICRO3bZFRMV9C9YPnC1vb9/hUHPkrsmrJay/WUBhPRYdgV3H5V0GHoVGjxZp
jBGJHvA1RBQxywYLYlKoYFt4PeyrRK6Hta8i4HffGfx+j5rV+GJ/WU2HI97OuxRB
I4aRkxFEUyPDNJiPwT4ElC7PRJMlhhdq7GxybXGAmqIDaiU2o04tuKpVqaKpGud6
BMltzvE7P+rf4nJZ6/1O/cA85jx1HvefLQDEzzCq230aB/rOL42Q0FwUFPxJDwEx
1/4jl2dNhDncixcZ4tRO/0lFHRvo7OKQb+5A7cSwgJxclpvXtoVIljr7WOicGGr4
LmJMwwahE5CdKhGH/+gSQ+il7TOj/woz678uWHc8e6VugRiakf65UlvdV/N8Quqy
beoK7bcyFIDb9PcjGNRztEgY3lQnpZi7tJPkOAF4BkWlEMm6cWT5zNp7eDQmM2Xo
e2dwBpYYgC8gmD5YmQzHZFrDaA8D0S+QnAQ88H1PwvDZBw0wluXIPGQSCJSjsXMa
0jJ5930Wb/WZxOAyWt5NioRLAUOi7qdz4Eb0x02UpUBAqVtGSlKNcETmQd1vyTq+
wt8Bsw8P0ZhQsRblK5nYTgs56XAhxWub9N84lazI7BgBrUV9fdKzsROC8TlLyAlz
0c8AIv787hcZfy5v1HgWOJpr+BJfKim8gBul4xuK9KwHV2hsl22EE5gN6Z/DMTan
hOrfWqrNhfqQXF0R8lH9+LNH+unTN8F0Ug9raeHmpt8GKFtJ+TGRsxZPU7Sj9Mkn
pF0GLrXCc09T+RX1j+2XXkee8dKf5E2yeKgg/KvcWtC6/qPbT+vK6Y49hxQTcfli
Qxf81JOm1PVv8Mt3dvQHlzq6dj9dEgADc9EeAICuJuBaaACAD1KcOdSW+UJiwsgt
IRVhwc8nZDvpKGpLo8as99lsXO7LB1dR7ra4Rz2A8J5cg7jBLww9febEsXe3MciK
ALtcs4h4BmfGVq2bhZXoO2qOiSt8be44eiUQKaXA/LMzRa7Gyvnh1qqL9x/a4Tcn
BD5idPn31t3+kX1/bz0k15fWnktWF4oWiu4/f7X4ocMSkaYLDCfxTKCmTEuDnuwD
oo//ES5fKZaEMX8rDw97/6jAnsN5krAd2Zx45RM74hxBekX30HZ+0giMxIBssas0
8ukanDWmYeEzs4y05m7ET7z3Cr38BJd/pj8ZLCPwDdEwUhhWTNIeD9daNPvwIPBU
3U/LnssR3tV9Rzr9OlgCcxVNQG7Rv58M2Qe0LT8YXuywgnFP6Ha+MBzhFBc6F9zC
yxcnr62/9K5XKliQ7RThVAIOsVy0OXXFtvFSAtQ8mvt9vqPQ7G9H9u7pyxStHVpY
Gfl1amUar68/XnZsn2HdNEpyWSF+U2smuer2Tabt873ZGDW4WFXu9D6QXssbOqo9
kuLtmDjff95HcKH4U5S0eKaHfBr9RqBlqKlulb/dMlGRRXIzjxau8IlvWqy+NtwP
KNGOQhkf/nvUV2txBZ7aOsM4xuPegVguT6FpujKI9fjGsPgdLf94FxS4ryzIuoJ4
G6n73+tOGoDIco6wJ8AWSH6Kr8unp+aKRCAHrOkCfsJ3Qo4WHBR2454mNE1g7/pG
069sTIU1i37iLVcnvWTqK1Y8rdYVOMbdmiz8fEju1YeOUI6FjvJQNrerjeczhNoN
4jo9ng5pJ22eOLfBAkIt6r9qayWtDelJKKtcjokviXt8nX72x5tV2qMo0gKHOCfI
eRuNIYnUVh6kusPLphzP7lxLqG77yydXvZnT9YRGnraaaJfL5SSFCKD0CLmBx2sI
eA04L9ZFstcKOyRlH7/B89L16Jn2Iwkt2WjxDJtpZbr2ShMfJhDlA/8kgf5dNALS
ZkNr3ITBLXqoaLD5Snl9kfccviqVgig24ZJvEJbj0L42oBgtg1k6li/ng5myrnxA
uR9cJ9i/T/5vk2/tlEkp9WiZsxeGrG0N9jSXlTnR9wiNR60GdFTIYUEp7SuYc6xy
CMaY0Qmf5iKSeWsThl8eiB82dIBoUQfxnBQroCq5WnctFZatHSi3JxbHnXTXGLgJ
MPXwPJ7ikiIfEgXtNlVd4x2/Iwbg15aOOHD4N2YSUmBRl1jaeIrKWLigTSfQhnzV
K0WePb7SKG4+Vk8IaLDdOxcYoDQgA5ZaxpRskg0hZiuAg8SztaSdy8npPFU3xRXn
9OA+gReeQXHe3Bi3KHy6PA6qhm49NdBIQ6vkuMOz0TKTS4OTgSSewHycN06b7fAR
uIbP1xFGQjgbMzpTsUtbEwUzfYBjxi/CTZ3FmLieO4NJJo4j+/1iyyBbwa2HZAvJ
A9pWaIiAGCFLEojfVcfcW9pXFFIQ9Q0lvV/SABU5HN6BV4D6cdfSy6cFmy4Jbh9D
Jr7pRMEHvejXT/da/49aINDUmFjQGjtxrN+OHbwlv+Apn8fpCstIqGDIyLWLFnk6
Cx5QR277Q1XZiNAoBUhfgPE2odAaf7FdfpNtMwv+NPejfoXQ4/4NVozsvl7teWIH
VEXmPiOvXX0wkUeA50pRUQJQZgcvTfwVhWg0sGn8+vtuG+FJOgLklBs8ddWrNV6c
IGbsqNIEzG0q8A0w1xgNtdtpE8A6IgpoyePVqgGyYzddsrS/828mHPCGYubi63yY
2995ImPl9/AAm1/An0fWP5/ZBxcVYfDgUFiGJrrW7bavcyYeVD7IHPKlVnXzArYJ
85dqFJzk7jVTG+av+taM7mrVEJsjEt1TzGq5s0AbtHHsuqkMp0lj2zvHnxDBAKcQ
DF9RCCU77vJvxGE2TG/IR10LGFkCEck3eg/LEIsaaw04P7SOAYFZC3ugm8ugOzgd
Z5BQHHaraD0WubZg32wG5gmrzMnqof1Fss/zpOVR4kPuDGgj3LgBtEcvLMp9P6MQ
OjUi40yOhmgcLp/BJvvyTFHnDbyoMBHl6sGJXRxz6B1ihnB5zzBcAx9BOwiG/jvB
9rWruqNWVSuHYDybaiRMWejRhqXeY2mDRoj75ZzwUk5KvmdHGG+ynrQLLCdOnG48
OE52auhc5UP9nXCqI5yOw4jMx19FkXSCC+JU1I2WlJcv3dTsrkJR05WjuSELtS8+
AfiGQmqk7pb8BmcbUZGFs7GcQhqhjjWBuD78wkBOawOfnb9aEtjnxpPmrI/fRw7v
DgPwKi6RllHmURiaskdPYct+AuIfb8EKxUkcSLse50Y9I984Xmb2eQwWoeiIhTwF
ey7vj0GF0ns/o6V9Lm0h650wv7WEzmPG9s2xcI2SUeC/yITQ+l8IvE6Ix9qPiWi4
s46mLh/1KSBuodYYm59gcLjBF4bbF91jnZkijhMdB2xTOPqjgQkkAh7laFwnGaas
mLT18DDNomHXsbEb28/cJhEFi/w4QRilwGdYk6x1+qsEPYTsYaHxNKpJ4IA2LizZ
tnWXsaZZKNHWzpt79ojHwEIJkD0ewbqTrugQzP6qLBYNELLLD0VofKIsjeHdSTX2
oLf11FROU5EeUgsm3w3F/ewTaOuy+hFYbO9bIv8QA1QeIAuB0ujOSOTswxsPpB7N
qreqP90cW1zAx6mSR6pdSz57VCiYnFP7XFtVx7K1QQB85hwHUGkshnikAmQN5LCB
3rhPCNL/e3qXrgKq9xEIUj1/YoJXVlMJCtxJFcz3TFliNYro3xVbaWBb24DLN/r7
FSVfR1eyTBXPodE2aa0+WBdgMzx/WDoPaeVWFQa0ZqLfqlGjDPeNQs1m8v731pLB
N8cg3mP8iO6YOa1toCwwcvAGQvJtIo/Tx+Q5QC8iesIpaZRlvpUVOEUxIi9RCYSg
R4WvlFqeKy3xjnOLPTL8WQlYE16poBFAtL8dlOtjGoxkwOxgwHZAUUxg+TNfhKi5
Mj84kkqQvsS2FVQUXTLLvkj508wRebK7X8OF9TINhSKpADfX7e3hzIrrdcUjveSw
VPLjJQFCmPtgg8OfsOx1HQjsju1xE34JxsNH3WOt082k5jwAfiaY8GZkxtCQBwbX
azxkJnxdUi16kanSxDmPzkPLS+Q7R+i8u8D8w/0YRPkPHVz7ao7M4Te2QPu+jgUL
hgp7azG4ZwD9y55XCr431mHybL26NwbZ5qYGCaSm0rk2iCIPvAkPkioknIAt7ELq
Fb5tuM5efxNwA0kxZ2quLfVNoCei0zhpPIJbPA1Up0Bg3jr4hNiyeBiKMHaOJnxz
Uyh7veJxskrekUyL3xelAwEO0XTNIjIMDt6Vfei1scaWe/wbRK8HnWVKlHDtvmVb
PvAG7AuhmIcbTjUQt89UICQOtwDvVGddCo+0BLiGlSkbcqHdljEtSgpA+cv+OFxc
ndQm5ar0fq3St3e74E+wkToMyImCw5bjyDIOL74+m1NO3iLIq7rVJZmgQZYUfsZc
U7CkFf6jtVzA+7BBZj4ylzR8MG5+CwN0k5Cq33UNvOithA9BmaxCWBqPQYPGPTyO
444zGjIQCL+zJvryjN+NEAnlCa726UMYdC/x1JwDr6yn8b7mhAyoXcCuRpYWCaws
63qEpnF7uggzD8DQvZ/F0TOVZRF0UEP9hiK1hg0s6eX3Mx8rh0b63EZ82mMxVHTd
PXLPyVE9PlHDLJCZa25Qc5wGhXHwfxgaGYGWEmSBGRUSbqYYseA+eTPtZXHVA0HQ
beKgnQHnIhEediEfVGuxCxQMkEVddypMTabRQOBVdHh8toTkZn5ZS4a4Yr0nKQS+
hctRFObIm32vsJg8d8mxmpu+jd+1fYpcyDnkqdI4GJek+UYlZTjOPY8m955Lyx2V
B8/yWMUwBLTY67sOXw980e29S10pUWeSJvtocB8jTEO2+GOSxggbYJMHIo2q1frC
ovinnYpeQDUMXbreKG7GTIu1kQwubttPDkwJUyGuVYJ64CyxKbTt38ji6U497Uaw
rfreDzJ86WrCH1XkOVHsf37+Hina7p8DBGywRFqjPU0hQHCdDh2Cj0352q/1nPU0
3+TGTX/X801UhmG7DlBAp7KEJZHpjVTg4EPD7lThzLdJvV3oKWc4K650o7SH3yVB
SXrB9W3T5IQ85hgZZvMdJW9iCRLASYPrLj4o1dGAIFQrpVkAlTJjo8/GPpIQdw+O
JKhA5tUJqyljA3O3w93gX6yWG+0IPZ1Tb0UIdbUivD9peYGgvlRwr9837LNqng0D
s/VZG05SeYlffO2Q5xs0fMXAkEvv82/NtWeTjj7I1Kc/6rvzXUFUgZWfroo3SMMC
jyeFjHR5tHDK5nfdwbIA4NuqbuAX47mlrv597S2eWdGeiG77wlqKNngnNBCcFK4d
Sk+iVT38vD09s2Rm4K4geq/FQ9NvC6rvm/HpcmGimAE3/WXLDfaPsJrwPILjx42p
/t1aIMWufhyG0ZVu5r18hRFTqwMSERORZM1dL90bAHoxKt7YfEJEnpcjDq3b4f4+
Pz3xFsbT0JfmVQij4NdnyUDSMsw8T8GfISW7NK7FxvAsH0f11FJ7yEBUkZL1QLT/
SFRILbIy/WKClbXnAsEIvESV6MCJLZ0mr9pJhHrRbhoGdNvbQ5g2xAD4/I6UtwyC
l0igKA1/YX51f9yudU323i/xuwc66AFY+xOuzbo6d5JUvMOXXs15nHunTF7KZEAq
ZJsT2nw4NVUqS8EjsHB+ja2rQkvTIz7FYtWD2xcC2z5Ne+v98xzlFnT/XSVNrLJR
KJCNpHuGDG9kLd3IuRmBrEdFZwkzT5aOtipcqSkDdZG6IwxvfN/sA0F0SEs9ye2N
okXn6F7/4nOHaFdIPbcM69J7P4cyU+v1w+oCHI2bRCNh28ddhJLFu7Q9TFaOdSXg
l3sDkmscZ6lIciIugUOvEGjPDTO9eSLLkLn31HT9Hc4RG0WpTWT7MwUqaXLDT8AT
iic0WCjycqgsQbibtLEO/pCXx8+VwCvDINk0FzgAI6IlLVBJ6Z8zl2OEMh5hcfmG
MUcfut2IPegvs+59Z/qH0dAO1gZVmEgBMcNqbeFDkcEbb5hlZOz2Tp8Ucszh6b9t
JQg6y9hZ8nkeX/WvUjNVrNVG9g1yQinnC1rnzAgORCbrDOcKov0lbyejuWp1yqkS
B4q+1kow+0gjzomahsMVlwvO9pwVPZv/qo59tmV1Pxj2/h8/iqBRCRN0iXi+r1Dr
76zjKO+mIoephNaprcQjNQwQ08D3gOF/+gR8Bsl58zsVS0U1KCiZyK7Jh3hIzy80
rDDtAJGrDbHruOprf1xYYPe68WLXhRbmsnigQ3wNM2+O3b1q86wNLdxfFUoslBRc
Wgt5cRJkm8JV6l7J5+CS8fRVQ5bz4yt1+F/Oo62fxzrMze3B+Rxn+yUvr5YqUeGp
ke1v2FCO91uiPsPpifSTC796sQlsRDybUtDNU9xSw9EAS/k1losd5ChjUcBtpYZW
4WROBEex/W16Ek/B3twRqXBbPQ23V8+CFUytkSrjuBk4g6c3QeV4h7JBqv6g094N
zEMwl9ugqCdWddAVo+XlpbnkjCOS5iPnU8nD4jSrSiUixjYe9WjT/3qrKbr62G/0
u80SvkIEB7pwconPMwao58P/ZTKkWCxIIwaHOT9tWfvpIMp4pggqgFqdYnOkGixD
/xh7qHQEujRElmaxFUTRqLZA8qiAadazlB+9reMES/MX6PWzlggJztp2Bea51Smi
gJX5bkj0B1f+eMAil4z1eUkc6UD3ZE+lvR6/G+DWFR1GbFn5mVDJJ9r1jDcGvYzt
l7rTlZxGunWqPbMaoR/j+W0S0zmpqIFR7t7PU5hFfPUsCkImsjCKHSE+EKpKwV4x
ZFUb9rJtNrLbHXecq9xjVNN6BMIrjKlZ/HFDSKlWTWah0ZXbp2LF+dDFmYpZnwgz
zl6CHJ7dikgF8/qIimXh1fswOr2knv7SsUxZ6WQtFbkOZkhUw5B2CYR6GmFZppEh
IS8hyjC0Yne341ClGz3I5qlbRN6yQxCEODaTFWUEgZ9+t+P70g+XjovKm2t9HN5e
0zyHwn8SJeNHNA1G4IPrxtnj/+zh7Hovp7hDhcCo3pRKcmgokijDYiTgeVEI8/yu
O8ICgl+91TDZd0FRP36pv+ax8dcFYtlNxA/ag3dnw7DXgE12o1xKQlkzfH1djeD/
+1cQE3IJ9gOPm38bX2crGiuNIWQ68K2wHwRNDDCOIqvrUhfqDFIo2gdkJ07ok8Ii
d76JSlIw6TugydaCnjlBI+uOghON7beP5rGgf6RqRYLiSYC/RW94xVdV/GwvLp6s
zDr0AkflOu+Nfs/t9f6NURTeRca3H2dj0IyK/SM6fETKoU9X5f3S6hTEJ1lsC0Ca
55wcs5Nqo2hCmfNIcgv/5Qd2ThH3weZVytsacHhWLo58Lq+u6ufv167/59CPtyOm
CRlgUcCepL2x1j6ej6HBVbxc+GiewU10DdNhL32XSAPny0s6ifyeoFfQ8KZpcqi2
HK7wjFC0o7L2f1Tr6Wx8n++tH8wWqxP9k1wbTIjk4r+dLq+fP2zZSWZl7mUnZdzY
UGgnluu8iWmMQukywkghsl0JO6nvGT9iu3S+YNO5hxQc9gD9fSoKc14PhDCVpfuk
Mufm5d387AWtmSYy11V0RUI30fuhcSA9j/k2QDaz8AAtBcFLx3C+IHJHBt1KhT9j
Sh4bpsZbhdAK5o7d+FRaimM1CJjQMrks37kMhe2Z9pWjCpqv/Hy0sKinJv5x5K+F
BysAHkaGsb1lRVrFCK/JY9L8OJq5s8ozK8k6Tx6syBDAQO2gCwQ4Lpw285/aDU13
t+VNekub8R4TIWeym2cF6v2REy91XvTNJsurnoz3Siivn7YrAD5pZevcpVNJ1dz8
gUAZdbUlg6XmytnJ/wqi7rzCUUmdhedbgRw61J5DX+96Ma7LfxplLkGwB3dl+Y/y
AuW5H1WrNleVikg2tuTBcWaSVQXxL3XJpdMArldyFGiCxJ7L14MvYVsP6ZyEtjVA
g5X9Ex6rliFQH2v1b8527pK6vmZDnJL2J994CnpzzLD+0nQLkwgb2P6h5+W9R2j6
N65d1kUcTmU2iTHq5VVE+r5ON3fekb7gYd79IYwTk/y7W/Wlp4nCkdXHiaKse6/m
Ey5l2NkcHWp0fTE7k/4hOIVcuCRHirwhzDJMGyTX/XeBKmjfbV8RDv+TeQVb59xF
JDtW9jgO2Ez04K6c/lFkSX0LC3/Vv5fhEsTPCe+3xY4JfBJbfghTuPxjWUNsusU+
HSPZY2JkpMzZ1YYzVeh4lyAUtxzQGLP3uB9FZVlYmh3OPdil0yflOK4FP8S4EU1I
AvY95/VSsLCk2CRcfMOaxRexZbjDjT991rx7pePkFAjEkA/n3bW4R0haYeqQU2wv
okVbO+92o/W12O02y73xzfK1XV5n5NJI1MEFBQR32+rBF/ZKvkP1awd8o0c2f5ot
37uuosjOVPL6wydOCDdur1KqrWIT46ce6WUk3aO2Iui5U8AiZDrYNkqJTQQACmGt
YOmwzGmlHOFNkACpCb7UFHTBv1EPOVdnJ8Bm461cu7plaBkpXLItSYLkYaxHAcUf
QrJ9tvPpY2dMZSM8TxJPlm1Vfx8oUbRJDT+5QsbaNx6sJ8JGBmATsOjcqURfyQQ9
ZxZOVVZEE6FDgVRkoG7w4SjiQh+mloiRmr3rO9DgHu8HgoRDDsellkeC1+YmOrIE
Nv3sn0mQOVkNrZt0YJsFbJhLORVik1/wGUZNb2hzVd81plJ/r1/qRtRuTP0QNL41
8T1s8TUZ9c3QIwdmwLFAP2677LLUVCmhw4QHclJUm2E0gBH+NfYTUTkUA6/cr+tE
dzG7TPp/WsWpsNpLmqEJdkjE3rnqYhxmA/2+7KhkbbezoieNFGSlq+3i77oeMGh0
Io8F1ASS1WydLrlr4qdPP5EgT5sJir4NK5jIQ7jFUA/FMTa7fJ2OxFXXXSk32oX8
Dp/elS+4o8FqosSCAlsGn/RdmUTEpzUKCt9MKYRglKM+FTiaPkHtaO/pgUmz4abd
5N91FV5VGR3YwbRu6z0L6uVKq9Nwj/F0WvjEFAgwgvEuMNhRsVErGVeWg3G6dfjW
ur5RXMNajeerF0TXRktj9KmRfgNvvoyhAuQ63a94IQ368Kb0VN71n/KKWEc2DXjA
ETMGSHUV3YbH9dGtKnnekDPsam2CVzwctWoxnBrn+2VPe5wPi4vn8dlgH/1cNlJ1
3ERTlktVwWwISBm3QUvB8E5MAxOhOlPPpvIkTswGiWOQqqI92bOVny2vkBEbuLvK
GKS/QhSUdbktNBldOfskCXCMD/nY9VCoOpDinxrw3seVqA9mwnRmviYvnAW2lpSV
sk4Hwt4ca9Z5tSrAT5UVwBetmREwN8S67lllAi9f3mHlkcWlNVzSvrS96jFrQzDT
CyWOyAYrctFtOBhEX9JAMrYx+7/QMFj+SsCnKVk0boe5jmZiMKgxxXMJkZ+G/cfR
PPfuoCnRQo6VMBAgJyuA4e7qSV5rrU703zr0XcE9A12QcDPPP31RL28riqG/2SRg
/E+ymHU9XecLSCo+StQYt+YQP6TtKOI0VwIYtocQsL29GbgsY6XGTMi+9gcg71Bh
h+oXvHq3pVTz6XVYOAb7NlErhsHpMDTJuJz7JGGni54IcYI9WJ3pvc0G6QGu/bQ0
uQm4N20wzVgghtpZgpqLXNbgIWrtgnBrNmN+8BPjiEI+LxYmdKtwIqTnTJz+LFIy
13SC61GcxXqhhCdR3s+qwuEfZH+judm/5lYEbTmLxfEaxWjq0ANTVkwCw8+OLwGf
ViOaIiqvrdkRcqx/etBaA+Dv8c/8+D/UKE8U1VO0UhiOWu83OHu1S0Le7pwa3bCF
aIFoOWC7K9lCJhQGChJFxNHt082qZjgJ48o9bSwc1UHtq2Yc4I2HEgp/yyM2U3SB
sET+jxroXNCeJwGcKYWc1L8JZwO0BpPIRPDaBERo9d4y1HlkyIcKmezXr40x0sPb
jJcWMcZf+8OvM0t8plJsCm9WuyJ1krcoRk3nlDEC9I+YzfS2hFakWxoS0lgP66Rn
C/q3IHQsO3fgB7niTANnwx/9Lh4dl1kmnO81maApbPK4rLFqsjnXcaq3X8dsbdMk
LWonAVB+71DZh2Mbip7El6vqYNuSzpw0CN47ySgxmNyVreAK33u/FwXq/WkPVBYL
0ZKx7pjWC7aHJWb0ORSRNU2hdToCcUbdutsPL4zCudJnw4y/YVK1sN6gpB1sSztu
yPMJLuydLT5DEzgjizeh9QLPEnWtX7Y90ssGAw6c/6sXYZeyGqcR3/L+jSFHHXOT
h81btgb1SUp5i0lqLT0xar4EpPIrS5q25TSdb+1T+XyMvMZqpP7smLIjZ3X5EuDc
MLzFvwhbmQjtdCERVxubUM+fyp4RcSDx7mfnQncKOteN8befqunyS4K55qcthAf1
9Ocx+8WM9BWeTfWW7g/5UVRRs/ASli2gAB6TrZELji67v4TB4N0zdqwwZvoUILKS
oEn/RD8KA6RFBbhS0xJrmwntegJhdb014+FVDi5HRgwKtjs4kkf1L41wHxU1tlQ0
mLJnOCSYCLP1Br9Ox+iS+yMa73hJYtfDZfdch8C+ytDUgqcdEg6NRKttSpwkNCPe
y5kaY7BA1mnVBnysCT7lCZPP+ibeWsBvXJtzo0l9fSy4wVFD6jqbfGEHLOERETpD
26wYB2pPO7mvOI3UYKRS81SqmGd7fZ8EVJxgZUUghhOXWQ58wbQ+TUMYdmdwFTaI
QodaPXn8NryeLPfbSmCF6WxuoZXZSaHHpRaaDVRuYZs8zoY47/W5E1WqqI7p3UuD
wT3NQ5umBoyIuUCV+57vIcnhhZe1Ku6s/8JJAm0IchWInDnYhs3wAvToPMtW5JtN
T7PpYmn0sKPilymL+m7/hHjOL7xC64svVMj5IK66gzuciy8GCI7+RUWDKbNvmR5P
s88N3X7o+2J2vlfKfOcH6TFRleyePXFjJ4KZNWpime1w0DbBvzR+RBKPQR2ZyzQT
mhuXYiW69ZMbU0tXVuhWtA31rDIUZ7gN3gYMdQ0enSmIXKYwIzUKEQPvidBKGayv
dQGLAIx1ZfGXtAeSCy/sIKiDfGoPNR/QVqc44bxugRAo7tKNaNrlZFsKJL+r/uBz
EsgyyDQeKsJGjXQ/xqPzTgxBTVfhzmLruA51RSH+/S1W/lfW+IuwDhQH99+lxLYt
IWDlRaZJZ27sCiVubiqlHU9BKlMS4pXsGAVwrRbZYO2rR39lxn3SJriU0n0/l40b
24gh5owyHVNWShyx2aUXj3heg9JkbyJDRijoP7rY1R0BM+3CaqxW7u9XFqj2Jhs3
15a2Lc9NfG/2KWIa8WuxUN4BzYwP/LfBDRPn17YG5G49iejKRLptxRxzSZr+26gi
ZyHtFbjGajh1D0gMCvqz1vIChUigdcXaOLP1DVwbAL9NGPTQXvCcs2oOgN4jhg8Z
ctAB2apoGqFMy/5C5fnLiLjgvjz1ttiX7/4lRZhkwy/huUZZ1b5Bvj0w+MU+kVB6
fGO9OaQ7dy6/HnvV5Ve6c/jKNnM27Chfc0ZQ3fdbpzPlw8nckZLWhKWCn/7reB9h
ZgThCO4aKDNSVeeqySSE8i0A3bm3WAe9UtuHWipmvgnqaOW6a/h87b/FILIjfsuZ
Zgi2SkYpkY7YQegntX+jsVXLvAQUxsMMCDh9bI9YYnU5HOwKpSwbY9qQTuVXISaT
BuXir+sqAzsiJZ/TBPZ32iaLqzDOk6jY7AL/wB6EAjfVCYufYLKYhL4WMcBXWBuD
7bw6cr1/zSWcyCm1T3i8mXwAezn+Qrk/8L87qolOh6GC5k9JbrFHnPkrTSp6gTxI
0iUkHB/MO+WHcjfCh0YsZZ8HjJVwWcQaxm4AebZCPKbiTxFl3WtOle6T/KwTSMKp
tnFxifIVkohGaR+soYGx5SLwsoqAEfLyXiF08eDOI6jY57qTFaJj8mR0Rncfc4gM
uVqKznnqLpIFMouwx/UvnU6s0PoyZtyJhfapSa1mbdRZWC1Cyi3RtHpaj/li5tqN
66I4bVlARmZuiQSlrsUQlcuCj9eKoxNdZwUNxaSwpsFZvPzMeEEAwERcTUFyYQqK
j0zLeQfDsmP8bReIdhWdkfNRUoxLNrpwGg8f0kBNKptim3jL9lt6CdIVlJe8DxBg
W8wxI8w3cnD3zzQtaesh1WrnVNJKycd00/jvuPkTp0m5fp3xGQ5MNXhhgMvQfEj+
mlOqjCDRwncsrZd8lMt9mOvf0OYFELK5snnl/gSS5tVDnmJGrZzIoaaQ93VkrNit
3x0JszL+4O41YH1OPlXiJjXoNpU5LOpz5N5bYLKZUB51bhNAjpMW8HpHs0m4dVNf
PFIi/YB4ivy9jfK7l8ddzS/cu4b1m8pXPSeQNlOOqgT1E0JDWqrxCu43deIQxhTS
AvRC3px3fnN8ofsfvF9KDqLcYwY7wc4DAIq7uqI7DNlX+zfnhcyAU0AfzQk1fY6I
+akF92VbEVXhrcbLql62Sr5VtOefHn1miQVGCs0c2C8bKyu+DV/Q4d25EZvwfG8n
3rU=
=bY1f
-----END PGP MESSAGE-----
