SN:3K60180500001583 BD:Jul 23 2018 VC:834b9c1 MD5:48f99e4865ed8b810be1bb0eaaabf929
SysTime,                      Time,         Batt_v,      Batt_v_sd,   BATT_PERCENT,BATT_PERCENT_sd,      [CH4]_ppm,   [CH4]_ppm_sd,      [H2O]_ppm,   [H2O]_ppm_sd,      [CO2]_ppm,   [CO2]_ppm_sd,     [CH4]d_ppm,  [CH4]d_ppm_sd,     [CO2]d_ppm,  [CO2]d_ppm_sd,      GasP_torr,   GasP_torr_sd,         GasT_C,      GasT_C_sd,         AmbT_C,      AmbT_C_sd,         RD0_us,      RD0_us_sd,         RD1_us,      RD1_us_sd, Temp_Status_mA,Temp_Status_mA_sd,Analyzer_Status_mA,Analyzer_Status_mA_sd,       Fit_Flag,      MIU_VALVE,       MIU_DESC
07/22/2020 12:19:52.350, 07/22/2020 12:19:52.290, 4.14157e+0, 0.00000e+0, 9.46268e+1, 0.00000e+0, 2.03925e+0, 0.00000e+0, 2.20588e+4, 0.00000e+0, 8.87778e+2, 0.00000e+0, 2.08525e+0, 0.00000e+0, 9.07803e+2, 0.00000e+0, 5.00950e+2, 0.00000e+0, 3.27143e+1, 0.00000e+0, 3.06458e+1, 0.00000e+0, 3.58268e+0, 0.00000e+0, 3.17504e+0, 0.00000e+0, 2.00000e+1, 0.00000e+0, 2.00000e+1, 0.00000e+0, 3, 8, 
07/22/2020 12:19:52.753, 07/22/2020 12:19:52.650, 4.14156e+0, 0.00000e+0, 9.46255e+1, 0.00000e+0, 2.03712e+0, 0.00000e+0, 2.22582e+4, 0.00000e+0, 7.90502e+2, 0.00000e+0, 2.08350e+0, 0.00000e+0, 8.08497e+2, 0.00000e+0, 5.01010e+2, 0.00000e+0, 3.27225e+1, 0.00000e+0, 3.06591e+1, 0.00000e+0, 3.58029e+0, 0.00000e+0, 3.17525e+0, 0.00000e+0, 2.00000e+1, 0.00000e+0, 2.00000e+1, 0.00000e+0, 3, 8, 
07/22/2020 12:19:53.732, 07/22/2020 12:19:53.644, 4.14271e+0, 0.00000e+0, 9.47953e+1, 0.00000e+0, 2.03243e+0, 0.00000e+0, 2.24558e+4, 0.00000e+0, 7.16774e+2, 0.00000e+0, 2.07912e+0, 0.00000e+0, 7.33240e+2, 0.00000e+0, 5.01074e+2, 0.00000e+0, 3.27193e+1, 0.00000e+0, 3.06970e+1, 0.00000e+0, 3.58482e+0, 0.00000e+0, 3.17432e+0, 0.00000e+0, 2.00000e+1, 0.00000e+0, 2.00000e+1, 0.00000e+0, 3, 8, 
07/22/2020 12:19:54.708, 07/22/2020 12:19:54.638, 4.14301e+0, 0.00000e+0, 9.48385e+1, 0.00000e+0, 2.02773e+0, 0.00000e+0, 2.24681e+4, 0.00000e+0, 6.61564e+2, 0.00000e+0, 2.07433e+0, 0.00000e+0, 6.76769e+2, 0.00000e+0, 5.01114e+2, 0.00000e+0, 3.27178e+1, 0.00000e+0, 3.07057e+1, 0.00000e+0, 3.58294e+0, 0.00000e+0, 3.17409e+0, 0.00000e+0, 2.00000e+1, 0.00000e+0, 2.00000e+1, 0.00000e+0, 3, 8, 
07/22/2020 12:19:55.683, 07/22/2020 12:19:55.632, 4.14309e+0, 0.00000e+0, 9.48516e+1, 0.00000e+0, 2.02648e+0, 0.00000e+0, 2.25700e+4, 0.00000e+0, 6.13908e+2, 0.00000e+0, 2.07327e+0, 0.00000e+0, 6.28084e+2, 0.00000e+0, 5.01023e+2, 0.00000e+0, 3.27205e+1, 0.00000e+0, 3.07089e+1, 0.00000e+0, 3.58361e+0, 0.00000e+0, 3.17503e+0, 0.00000e+0, 2.00000e+1, 0.00000e+0, 2.00000e+1, 0.00000e+0, 3, 8, 
07/22/2020 12:19:56.710, 07/22/2020 12:19:56.662, 4.14311e+0, 0.00000e+0, 9.48537e+1, 0.00000e+0, 2.02669e+0, 0.00000e+0, 2.22858e+4, 0.00000e+0, 5.82082e+2, 0.00000e+0, 2.07288e+0, 0.00000e+0, 5.95350e+2, 0.00000e+0, 5.01003e+2, 0.00000e+0, 3.27258e+1, 0.00000e+0, 3.07086e+1, 0.00000e+0, 3.58310e+0, 0.00000e+0, 3.17305e+0, 0.00000e+0, 2.00000e+1, 0.00000e+0, 2.00000e+1, 0.00000e+0, 3, 8, 
07/22/2020 12:19:57.679, 07/22/2020 12:19:57.628, 4.14299e+0, 0.00000e+0, 9.48356e+1, 0.00000e+0, 2.02901e+0, 0.00000e+0, 2.26045e+4, 0.00000e+0, 5.52481e+2, 0.00000e+0, 2.07594e+0, 0.00000e+0, 5.65258e+2, 0.00000e+0, 5.01036e+2, 0.00000e+0, 3.27234e+1, 0.00000e+0, 3.07081e+1, 0.00000e+0, 3.58316e+0, 0.00000e+0, 3.17401e+0, 0.00000e+0, 2.00000e+1, 0.00000e+0, 2.00000e+1, 0.00000e+0, 3, 8, 
07/22/2020 12:19:58.685, 07/22/2020 12:19:58.624, 4.14297e+0, 0.00000e+0, 9.48340e+1, 0.00000e+0, 2.02490e+0, 0.00000e+0, 2.27233e+4, 0.00000e+0, 5.31577e+2, 0.00000e+0, 2.07198e+0, 0.00000e+0, 5.43937e+2, 0.00000e+0, 5.01080e+2, 0.00000e+0, 3.27271e+1, 0.00000e+0, 3.07169e+1, 0.00000e+0, 3.58446e+0, 0.00000e+0, 3.17341e+0, 0.00000e+0, 2.00000e+1, 0.00000e+0, 2.00000e+1, 0.00000e+0, 3, 8, 
07/22/2020 12:19:59.673, 07/22/2020 12:19:59.618, 4.14297e+0, 0.00000e+0, 9.48333e+1, 0.00000e+0, 2.02261e+0, 0.00000e+0, 2.25742e+4, 0.00000e+0, 5.15421e+2, 0.00000e+0, 2.06932e+0, 0.00000e+0, 5.27325e+2, 0.00000e+0, 5.01107e+2, 0.00000e+0, 3.27273e+1, 0.00000e+0, 3.07171e+1, 0.00000e+0, 3.58425e+0, 0.00000e+0, 3.17450e+0, 0.00000e+0, 2.00000e+1, 0.00000e+0, 2.00000e+1, 0.00000e+0, 3, 8, 
07/22/2020 12:20:00.677, 07/22/2020 12:20:00.613, 4.14305e+0, 0.00000e+0, 9.48452e+1, 0.00000e+0, 2.01723e+0, 0.00000e+0, 2.28447e+4, 0.00000e+0, 5.00832e+2, 0.00000e+0, 2.06439e+0, 0.00000e+0, 5.12541e+2, 0.00000e+0, 5.01088e+2, 0.00000e+0, 3.27410e+1, 0.00000e+0, 3.07236e+1, 0.00000e+0, 3.58520e+0, 0.00000e+0, 3.17412e+0, 0.00000e+0, 2.00000e+1, 0.00000e+0, 2.00000e+1, 0.00000e+0, 3, 8, 
07/22/2020 12:20:01.666, 07/22/2020 12:20:01.614, 4.14309e+0, 0.00000e+0, 9.48504e+1, 0.00000e+0, 2.02320e+0, 0.00000e+0, 2.30063e+4, 0.00000e+0, 4.86778e+2, 0.00000e+0, 2.07085e+0, 0.00000e+0, 4.98241e+2, 0.00000e+0, 5.01037e+2, 0.00000e+0, 3.27314e+1, 0.00000e+0, 3.07290e+1, 0.00000e+0, 3.58340e+0, 0.00000e+0, 3.17476e+0, 0.00000e+0, 2.00000e+1, 0.00000e+0, 2.00000e+1, 0.00000e+0, 3, 8, 
07/22/2020 12:20:02.662, 07/22/2020 12:20:02.609, 4.14295e+0, 0.00000e+0, 9.48308e+1, 0.00000e+0, 2.02664e+0, 0.00000e+0, 2.28377e+4, 0.00000e+0, 4.78669e+2, 0.00000e+0, 2.07401e+0, 0.00000e+0, 4.89856e+2, 0.00000e+0, 5.01014e+2, 0.00000e+0, 3.27301e+1, 0.00000e+0, 3.07247e+1, 0.00000e+0, 3.58151e+0, 0.00000e+0, 3.17381e+0, 0.00000e+0, 2.00000e+1, 0.00000e+0, 2.00000e+1, 0.00000e+0, 3, 8, 
07/22/2020 12:20:03.653, 07/22/2020 12:20:03.603, 4.14300e+0, 0.00000e+0, 9.48371e+1, 0.00000e+0, 2.02580e+0, 0.00000e+0, 2.28003e+4, 0.00000e+0, 4.70626e+2, 0.00000e+0, 2.07307e+0, 0.00000e+0, 4.81607e+2, 0.00000e+0, 5.01033e+2, 0.00000e+0, 3.27382e+1, 0.00000e+0, 3.07356e+1, 0.00000e+0, 3.58321e+0, 0.00000e+0, 3.17337e+0, 0.00000e+0, 2.00000e+1, 0.00000e+0, 2.00000e+1, 0.00000e+0, 3, 1, 
07/22/2020 12:20:04.655, 07/22/2020 12:20:04.598, 4.14304e+0, 0.00000e+0, 9.48433e+1, 0.00000e+0, 2.02524e+0, 0.00000e+0, 2.29381e+4, 0.00000e+0, 4.62590e+2, 0.00000e+0, 2.07279e+0, 0.00000e+0, 4.73450e+2, 0.00000e+0, 5.01069e+2, 0.00000e+0, 3.27374e+1, 0.00000e+0, 3.07377e+1, 0.00000e+0, 3.58387e+0, 0.00000e+0, 3.17366e+0, 0.00000e+0, 2.00000e+1, 0.00000e+0, 2.00000e+1, 0.00000e+0, 3, 1, 
07/22/2020 12:20:05.644, 07/22/2020 12:20:05.592, 4.14292e+0, 0.00000e+0, 9.48259e+1, 0.00000e+0, 2.02437e+0, 0.00000e+0, 2.30956e+4, 0.00000e+0, 4.58973e+2, 0.00000e+0, 2.07223e+0, 0.00000e+0, 4.69823e+2, 0.00000e+0, 5.01120e+2, 0.00000e+0, 3.27505e+1, 0.00000e+0, 3.07298e+1, 0.00000e+0, 3.58516e+0, 0.00000e+0, 3.17298e+0, 0.00000e+0, 2.00000e+1, 0.00000e+0, 2.00000e+1, 0.00000e+0, 3, 1, 
07/22/2020 12:20:06.642, 07/22/2020 12:20:06.586, 4.14298e+0, 0.00000e+0, 9.48350e+1, 0.00000e+0, 2.02752e+0, 0.00000e+0, 2.31934e+4, 0.00000e+0, 4.52656e+2, 0.00000e+0, 2.07566e+0, 0.00000e+0, 4.63404e+2, 0.00000e+0, 5.01097e+2, 0.00000e+0, 3.27484e+1, 0.00000e+0, 3.07275e+1, 0.00000e+0, 3.58283e+0, 0.00000e+0, 3.17423e+0, 0.00000e+0, 2.00000e+1, 0.00000e+0, 2.00000e+1, 0.00000e+0, 3, 1, 
07/22/2020 12:20:07.635, 07/22/2020 12:20:07.580, 4.14308e+0, 0.00000e+0, 9.48489e+1, 0.00000e+0, 2.02334e+0, 0.00000e+0, 2.34229e+4, 0.00000e+0, 4.49004e+2, 0.00000e+0, 2.07187e+0, 0.00000e+0, 4.59774e+2, 0.00000e+0, 5.01051e+2, 0.00000e+0, 3.27385e+1, 0.00000e+0, 3.07313e+1, 0.00000e+0, 3.58405e+0, 0.00000e+0, 3.17320e+0, 0.00000e+0, 2.00000e+1, 0.00000e+0, 2.00000e+1, 0.00000e+0, 3, 1, 
07/22/2020 12:20:08.634, 07/22/2020 12:20:08.575, 4.14299e+0, 0.00000e+0, 9.48368e+1, 0.00000e+0, 2.02356e+0, 0.00000e+0, 2.36905e+4, 0.00000e+0, 4.46972e+2, 0.00000e+0, 2.07266e+0, 0.00000e+0, 4.57818e+2, 0.00000e+0, 5.01029e+2, 0.00000e+0, 3.27409e+1, 0.00000e+0, 3.07274e+1, 0.00000e+0, 3.58353e+0, 0.00000e+0, 3.17387e+0, 0.00000e+0, 2.00000e+1, 0.00000e+0, 2.00000e+1, 0.00000e+0, 3, 1, 
07/22/2020 12:20:09.620, 07/22/2020 12:20:09.570, 4.14300e+0, 0.00000e+0, 9.48371e+1, 0.00000e+0, 2.02488e+0, 0.00000e+0, 2.36218e+4, 0.00000e+0, 4.44049e+2, 0.00000e+0, 2.07387e+0, 0.00000e+0, 4.54792e+2, 0.00000e+0, 5.01048e+2, 0.00000e+0, 3.27409e+1, 0.00000e+0, 3.07309e+1, 0.00000e+0, 3.58399e+0, 0.00000e+0, 3.17462e+0, 0.00000e+0, 2.00000e+1, 0.00000e+0, 2.00000e+1, 0.00000e+0, 3, 1, 
07/22/2020 12:20:10.621, 07/22/2020 12:20:10.564, 4.14286e+0, 0.00000e+0, 9.48170e+1, 0.00000e+0, 2.02499e+0, 0.00000e+0, 2.38944e+4, 0.00000e+0, 4.43015e+2, 0.00000e+0, 2.07456e+0, 0.00000e+0, 4.53860e+2, 0.00000e+0, 5.01101e+2, 0.00000e+0, 3.27583e+1, 0.00000e+0, 3.07349e+1, 0.00000e+0, 3.58440e+0, 0.00000e+0, 3.17357e+0, 0.00000e+0, 2.00000e+1, 0.00000e+0, 2.00000e+1, 0.00000e+0, 3, 1, 
07/22/2020 12:20:11.615, 07/22/2020 12:20:11.559, 4.14285e+0, 0.00000e+0, 9.48152e+1, 0.00000e+0, 2.01686e+0, 0.00000e+0, 2.33656e+4, 0.00000e+0, 4.42320e+2, 0.00000e+0, 2.06512e+0, 0.00000e+0, 4.52902e+2, 0.00000e+0, 5.01118e+2, 0.00000e+0, 3.27329e+1, 0.00000e+0, 3.07408e+1, 0.00000e+0, 3.58427e+0, 0.00000e+0, 3.17409e+0, 0.00000e+0, 2.00000e+1, 0.00000e+0, 2.00000e+1, 0.00000e+0, 3, 1, 
07/22/2020 12:20:12.607, 07/22/2020 12:20:12.553, 4.14295e+0, 0.00000e+0, 9.48304e+1, 0.00000e+0, 2.01898e+0, 0.00000e+0, 2.36274e+4, 0.00000e+0, 4.43349e+2, 0.00000e+0, 2.06784e+0, 0.00000e+0, 4.54077e+2, 0.00000e+0, 5.01155e+2, 0.00000e+0, 3.27329e+1, 0.00000e+0, 3.07377e+1, 0.00000e+0, 3.58530e+0, 0.00000e+0, 3.17349e+0, 0.00000e+0, 2.00000e+1, 0.00000e+0, 2.00000e+1, 0.00000e+0, 3, 1, 
07/22/2020 12:20:13.600, 07/22/2020 12:20:13.548, 4.14293e+0, 0.00000e+0, 9.48269e+1, 0.00000e+0, 2.02152e+0, 0.00000e+0, 2.37346e+4, 0.00000e+0, 4.41445e+2, 0.00000e+0, 2.07066e+0, 0.00000e+0, 4.52178e+2, 0.00000e+0, 5.01038e+2, 0.00000e+0, 3.27258e+1, 0.00000e+0, 3.07389e+1, 0.00000e+0, 3.58278e+0, 0.00000e+0, 3.17339e+0, 0.00000e+0, 2.00000e+1, 0.00000e+0, 2.00000e+1, 0.00000e+0, 3, 1, 
07/22/2020 12:20:14.596, 07/22/2020 12:20:14.542, 4.14289e+0, 0.00000e+0, 9.48212e+1, 0.00000e+0, 2.01911e+0, 0.00000e+0, 2.37664e+4, 0.00000e+0, 4.41951e+2, 0.00000e+0, 2.06827e+0, 0.00000e+0, 4.52710e+2, 0.00000e+0, 5.00976e+2, 0.00000e+0, 3.27322e+1, 0.00000e+0, 3.07396e+1, 0.00000e+0, 3.58383e+0, 0.00000e+0, 3.17373e+0, 0.00000e+0, 2.00000e+1, 0.00000e+0, 2.00000e+1, 0.00000e+0, 3, 1, 
07/22/2020 12:20:15.592, 07/22/2020 12:20:15.536, 4.14297e+0, 0.00000e+0, 9.48329e+1, 0.00000e+0, 2.02465e+0, 0.00000e+0, 2.39028e+4, 0.00000e+0, 4.41191e+2, 0.00000e+0, 2.07423e+0, 0.00000e+0, 4.51995e+2, 0.00000e+0, 5.01069e+2, 0.00000e+0, 3.27471e+1, 0.00000e+0, 3.07431e+1, 0.00000e+0, 3.58561e+0, 0.00000e+0, 3.17392e+0, 0.00000e+0, 2.00000e+1, 0.00000e+0, 2.00000e+1, 0.00000e+0, 3, 1, 
07/22/2020 12:20:16.584, 07/22/2020 12:20:16.532, 4.14286e+0, 0.00000e+0, 9.48178e+1, 0.00000e+0, 2.01881e+0, 0.00000e+0, 2.40265e+4, 0.00000e+0, 4.46293e+2, 0.00000e+0, 2.06851e+0, 0.00000e+0, 4.57280e+2, 0.00000e+0, 5.01113e+2, 0.00000e+0, 3.27468e+1, 0.00000e+0, 3.07384e+1, 0.00000e+0, 3.58277e+0, 0.00000e+0, 3.17283e+0, 0.00000e+0, 2.00000e+1, 0.00000e+0, 2.00000e+1, 0.00000e+0, 3, 1, 
07/22/2020 12:20:17.601, 07/22/2020 12:20:17.526, 4.14296e+0, 0.00000e+0, 9.48317e+1, 0.00000e+0, 2.01329e+0, 0.00000e+0, 2.37363e+4, 0.00000e+0, 4.44104e+2, 0.00000e+0, 2.06224e+0, 0.00000e+0, 4.54902e+2, 0.00000e+0, 5.01081e+2, 0.00000e+0, 3.27438e+1, 0.00000e+0, 3.07296e+1, 0.00000e+0, 3.58608e+0, 0.00000e+0, 3.17283e+0, 0.00000e+0, 2.00000e+1, 0.00000e+0, 2.00000e+1, 0.00000e+0, 3, 1, 
07/22/2020 12:20:18.574, 07/22/2020 12:20:18.521, 4.14279e+0, 0.00000e+0, 9.48070e+1, 0.00000e+0, 2.01203e+0, 0.00000e+0, 2.40224e+4, 0.00000e+0, 4.45538e+2, 0.00000e+0, 2.06155e+0, 0.00000e+0, 4.56504e+2, 0.00000e+0, 5.01030e+2, 0.00000e+0, 3.27433e+1, 0.00000e+0, 3.07289e+1, 0.00000e+0, 3.58477e+0, 0.00000e+0, 3.17308e+0, 0.00000e+0, 2.00000e+1, 0.00000e+0, 2.00000e+1, 0.00000e+0, 3, 1, 
07/22/2020 12:20:19.568, 07/22/2020 12:20:19.515, 4.14297e+0, 0.00000e+0, 9.48334e+1, 0.00000e+0, 2.01120e+0, 0.00000e+0, 2.37481e+4, 0.00000e+0, 4.43578e+2, 0.00000e+0, 2.06012e+0, 0.00000e+0, 4.54368e+2, 0.00000e+0, 5.01031e+2, 0.00000e+0, 3.27390e+1, 0.00000e+0, 3.07334e+1, 0.00000e+0, 3.58280e+0, 0.00000e+0, 3.17251e+0, 0.00000e+0, 2.00000e+1, 0.00000e+0, 2.00000e+1, 0.00000e+0, 3, 1, 
07/22/2020 12:20:20.566, 07/22/2020 12:20:20.511, 4.14282e+0, 0.00000e+0, 9.48119e+1, 0.00000e+0, 2.01153e+0, 0.00000e+0, 2.39826e+4, 0.00000e+0, 4.42641e+2, 0.00000e+0, 2.06096e+0, 0.00000e+0, 4.53517e+2, 0.00000e+0, 5.01035e+2, 0.00000e+0, 3.27427e+1, 0.00000e+0, 3.07372e+1, 0.00000e+0, 3.58405e+0, 0.00000e+0, 3.17342e+0, 0.00000e+0, 2.00000e+1, 0.00000e+0, 2.00000e+1, 0.00000e+0, 3, 1, 
07/22/2020 12:20:21.560, 07/22/2020 12:20:21.504, 4.14302e+0, 0.00000e+0, 9.48407e+1, 0.00000e+0, 2.01098e+0, 0.00000e+0, 2.38855e+4, 0.00000e+0, 4.40472e+2, 0.00000e+0, 2.06019e+0, 0.00000e+0, 4.51250e+2, 0.00000e+0, 5.01059e+2, 0.00000e+0, 3.27490e+1, 0.00000e+0, 3.07483e+1, 0.00000e+0, 3.58257e+0, 0.00000e+0, 3.17436e+0, 0.00000e+0, 2.00000e+1, 0.00000e+0, 2.00000e+1, 0.00000e+0, 3, 1, 
07/22/2020 12:20:22.548, 07/22/2020 12:20:22.500, 4.14268e+0, 0.00000e+0, 9.47909e+1, 0.00000e+0, 2.01426e+0, 0.00000e+0, 2.39966e+4, 0.00000e+0, 4.39887e+2, 0.00000e+0, 2.06379e+0, 0.00000e+0, 4.50702e+2, 0.00000e+0, 5.01117e+2, 0.00000e+0, 3.27521e+1, 0.00000e+0, 3.07362e+1, 0.00000e+0, 3.58237e+0, 0.00000e+0, 3.17147e+0, 0.00000e+0, 2.00000e+1, 0.00000e+0, 2.00000e+1, 0.00000e+0, 3, 1, 
07/22/2020 12:20:23.540, 07/22/2020 12:20:23.494, 4.14303e+0, 0.00000e+0, 9.48415e+1, 0.00000e+0, 2.01934e+0, 0.00000e+0, 2.39076e+4, 0.00000e+0, 4.38479e+2, 0.00000e+0, 2.06880e+0, 0.00000e+0, 4.49219e+2, 0.00000e+0, 5.01063e+2, 0.00000e+0, 3.27519e+1, 0.00000e+0, 3.07390e+1, 0.00000e+0, 3.58486e+0, 0.00000e+0, 3.17428e+0, 0.00000e+0, 2.00000e+1, 0.00000e+0, 2.00000e+1, 0.00000e+0, 3, 1, 
07/22/2020 12:20:24.545, 07/22/2020 12:20:24.488, 4.14287e+0, 0.00000e+0, 9.48180e+1, 0.00000e+0, 2.01367e+0, 0.00000e+0, 2.40504e+4, 0.00000e+0, 4.36973e+2, 0.00000e+0, 2.06329e+0, 0.00000e+0, 4.47741e+2, 0.00000e+0, 5.00906e+2, 0.00000e+0, 3.27567e+1, 0.00000e+0, 3.07325e+1, 0.00000e+0, 3.58372e+0, 0.00000e+0, 3.17229e+0, 0.00000e+0, 2.00000e+1, 0.00000e+0, 2.00000e+1, 0.00000e+0, 3, 1, 
07/22/2020 12:20:25.536, 07/22/2020 12:20:25.482, 4.14285e+0, 0.00000e+0, 9.48156e+1, 0.00000e+0, 2.01304e+0, 0.00000e+0, 2.44937e+4, 0.00000e+0, 4.34733e+2, 0.00000e+0, 2.06359e+0, 0.00000e+0, 4.45649e+2, 0.00000e+0, 5.00835e+2, 0.00000e+0, 3.27632e+1, 0.00000e+0, 3.07387e+1, 0.00000e+0, 3.58455e+0, 0.00000e+0, 3.17573e+0, 0.00000e+0, 2.00000e+1, 0.00000e+0, 2.00000e+1, 0.00000e+0, 3, 1, 
07/22/2020 12:20:26.530, 07/22/2020 12:20:26.476, 4.14293e+0, 0.00000e+0, 9.48271e+1, 0.00000e+0, 2.01166e+0, 0.00000e+0, 2.42407e+4, 0.00000e+0, 4.34846e+2, 0.00000e+0, 2.06164e+0, 0.00000e+0, 4.45649e+2, 0.00000e+0, 5.01135e+2, 0.00000e+0, 3.27520e+1, 0.00000e+0, 3.07480e+1, 0.00000e+0, 3.58470e+0, 0.00000e+0, 3.17507e+0, 0.00000e+0, 2.00000e+1, 0.00000e+0, 2.00000e+1, 0.00000e+0, 3, 1, 
07/22/2020 12:20:27.524, 07/22/2020 12:20:27.472, 4.14299e+0, 0.00000e+0, 9.48358e+1, 0.00000e+0, 2.02156e+0, 0.00000e+0, 2.45305e+4, 0.00000e+0, 4.33696e+2, 0.00000e+0, 2.07240e+0, 0.00000e+0, 4.44602e+2, 0.00000e+0, 5.01108e+2, 0.00000e+0, 3.27588e+1, 0.00000e+0, 3.07433e+1, 0.00000e+0, 3.58710e+0, 0.00000e+0, 3.17692e+0, 0.00000e+0, 2.00000e+1, 0.00000e+0, 2.00000e+1, 0.00000e+0, 3, 1, 
07/22/2020 12:20:28.518, 07/22/2020 12:20:28.466, 4.14298e+0, 0.00000e+0, 9.48345e+1, 0.00000e+0, 2.02168e+0, 0.00000e+0, 2.43134e+4, 0.00000e+0, 4.33204e+2, 0.00000e+0, 2.07206e+0, 0.00000e+0, 4.43999e+2, 0.00000e+0, 5.01027e+2, 0.00000e+0, 3.27471e+1, 0.00000e+0, 3.07337e+1, 0.00000e+0, 3.58546e+0, 0.00000e+0, 3.17607e+0, 0.00000e+0, 2.00000e+1, 0.00000e+0, 2.00000e+1, 0.00000e+0, 3, 1, 
07/22/2020 12:20:29.512, 07/22/2020 12:20:29.460, 4.14298e+0, 0.00000e+0, 9.48348e+1, 0.00000e+0, 2.02365e+0, 0.00000e+0, 2.40171e+4, 0.00000e+0, 4.29620e+2, 0.00000e+0, 2.07345e+0, 0.00000e+0, 4.40192e+2, 0.00000e+0, 5.01011e+2, 0.00000e+0, 3.27461e+1, 0.00000e+0, 3.07413e+1, 0.00000e+0, 3.58616e+0, 0.00000e+0, 3.17503e+0, 0.00000e+0, 2.00000e+1, 0.00000e+0, 2.00000e+1, 0.00000e+0, 3, 1, 
07/22/2020 12:20:30.507, 07/22/2020 12:20:30.455, 4.14286e+0, 0.00000e+0, 9.48170e+1, 0.00000e+0, 2.02487e+0, 0.00000e+0, 2.41591e+4, 0.00000e+0, 4.29418e+2, 0.00000e+0, 2.07500e+0, 0.00000e+0, 4.40049e+2, 0.00000e+0, 5.00962e+2, 0.00000e+0, 3.27480e+1, 0.00000e+0, 3.07427e+1, 0.00000e+0, 3.58447e+0, 0.00000e+0, 3.17572e+0, 0.00000e+0, 2.00000e+1, 0.00000e+0, 2.00000e+1, 0.00000e+0, 3, 1, 
07/22/2020 12:20:31.505, 07/22/2020 12:20:31.450, 4.14272e+0, 0.00000e+0, 9.47969e+1, 0.00000e+0, 2.02657e+0, 0.00000e+0, 2.42164e+4, 0.00000e+0, 4.29636e+2, 0.00000e+0, 2.07687e+0, 0.00000e+0, 4.40298e+2, 0.00000e+0, 5.01106e+2, 0.00000e+0, 3.27523e+1, 0.00000e+0, 3.07354e+1, 0.00000e+0, 3.58525e+0, 0.00000e+0, 3.17414e+0, 0.00000e+0, 2.00000e+1, 0.00000e+0, 2.00000e+1, 0.00000e+0, 3, 1, 
07/22/2020 12:20:32.499, 07/22/2020 12:20:32.444, 4.14285e+0, 0.00000e+0, 9.48153e+1, 0.00000e+0, 2.02497e+0, 0.00000e+0, 2.42319e+4, 0.00000e+0, 4.30949e+2, 0.00000e+0, 2.07526e+0, 0.00000e+0, 4.41651e+2, 0.00000e+0, 5.01034e+2, 0.00000e+0, 3.27466e+1, 0.00000e+0, 3.07271e+1, 0.00000e+0, 3.58485e+0, 0.00000e+0, 3.17516e+0, 0.00000e+0, 2.00000e+1, 0.00000e+0, 2.00000e+1, 0.00000e+0, 3, 1, 
07/22/2020 12:20:33.494, 07/22/2020 12:20:33.440, 4.14283e+0, 0.00000e+0, 9.48128e+1, 0.00000e+0, 2.02759e+0, 0.00000e+0, 2.45264e+4, 0.00000e+0, 4.46256e+2, 0.00000e+0, 2.07857e+0, 0.00000e+0, 4.57476e+2, 0.00000e+0, 5.01167e+2, 0.00000e+0, 3.27505e+1, 0.00000e+0, 3.07374e+1, 0.00000e+0, 3.58525e+0, 0.00000e+0, 3.17288e+0, 0.00000e+0, 2.00000e+1, 0.00000e+0, 2.00000e+1, 0.00000e+0, 3, 2, 
07/22/2020 12:20:34.492, 07/22/2020 12:20:34.434, 4.14279e+0, 0.00000e+0, 9.48062e+1, 0.00000e+0, 2.02710e+0, 0.00000e+0, 2.43925e+4, 0.00000e+0, 4.62445e+2, 0.00000e+0, 2.07778e+0, 0.00000e+0, 4.74007e+2, 0.00000e+0, 5.00836e+2, 0.00000e+0, 3.27607e+1, 0.00000e+0, 3.07503e+1, 0.00000e+0, 3.58615e+0, 0.00000e+0, 3.17577e+0, 0.00000e+0, 2.00000e+1, 0.00000e+0, 2.00000e+1, 0.00000e+0, 3, 2, 
07/22/2020 12:20:35.484, 07/22/2020 12:20:35.427, 4.14284e+0, 0.00000e+0, 9.48141e+1, 0.00000e+0, 2.03019e+0, 0.00000e+0, 2.44114e+4, 0.00000e+0, 4.69950e+2, 0.00000e+0, 2.08099e+0, 0.00000e+0, 4.81709e+2, 0.00000e+0, 5.01022e+2, 0.00000e+0, 3.27676e+1, 0.00000e+0, 3.07733e+1, 0.00000e+0, 3.58508e+0, 0.00000e+0, 3.17436e+0, 0.00000e+0, 2.00000e+1, 0.00000e+0, 2.00000e+1, 0.00000e+0, 3, 2, 
07/22/2020 12:20:36.471, 07/22/2020 12:20:36.422, 4.14299e+0, 0.00000e+0, 9.48358e+1, 0.00000e+0, 2.02777e+0, 0.00000e+0, 2.45552e+4, 0.00000e+0, 4.67946e+2, 0.00000e+0, 2.07882e+0, 0.00000e+0, 4.79726e+2, 0.00000e+0, 5.01247e+2, 0.00000e+0, 3.27627e+1, 0.00000e+0, 3.07808e+1, 0.00000e+0, 3.58575e+0, 0.00000e+0, 3.17664e+0, 0.00000e+0, 2.00000e+1, 0.00000e+0, 2.00000e+1, 0.00000e+0, 3, 2, 
07/22/2020 12:20:37.469, 07/22/2020 12:20:37.416, 4.14289e+0, 0.00000e+0, 9.48216e+1, 0.00000e+0, 2.02895e+0, 0.00000e+0, 2.45431e+4, 0.00000e+0, 4.69362e+2, 0.00000e+0, 2.08000e+0, 0.00000e+0, 4.81171e+2, 0.00000e+0, 5.01182e+2, 0.00000e+0, 3.27601e+1, 0.00000e+0, 3.07679e+1, 0.00000e+0, 3.58648e+0, 0.00000e+0, 3.17587e+0, 0.00000e+0, 2.00000e+1, 0.00000e+0, 2.00000e+1, 0.00000e+0, 3, 2, 
07/22/2020 12:20:38.464, 07/22/2020 12:20:38.411, 4.14289e+0, 0.00000e+0, 9.48217e+1, 0.00000e+0, 2.02836e+0, 0.00000e+0, 2.41618e+4, 0.00000e+0, 4.79022e+2, 0.00000e+0, 2.07858e+0, 0.00000e+0, 4.90882e+2, 0.00000e+0, 5.01057e+2, 0.00000e+0, 3.27532e+1, 0.00000e+0, 3.07669e+1, 0.00000e+0, 3.58664e+0, 0.00000e+0, 3.17487e+0, 0.00000e+0, 2.00000e+1, 0.00000e+0, 2.00000e+1, 0.00000e+0, 3, 2, 
07/22/2020 12:20:39.460, 07/22/2020 12:20:39.406, 4.14289e+0, 0.00000e+0, 9.48214e+1, 0.00000e+0, 2.03808e+0, 0.00000e+0, 2.43944e+4, 0.00000e+0, 4.87079e+2, 0.00000e+0, 2.08904e+0, 0.00000e+0, 4.99258e+2, 0.00000e+0, 5.01021e+2, 0.00000e+0, 3.27559e+1, 0.00000e+0, 3.07752e+1, 0.00000e+0, 3.58314e+0, 0.00000e+0, 3.17309e+0, 0.00000e+0, 2.00000e+1, 0.00000e+0, 2.00000e+1, 0.00000e+0, 3, 2, 
07/22/2020 12:20:40.453, 07/22/2020 12:20:40.400, 4.14275e+0, 0.00000e+0, 9.48003e+1, 0.00000e+0, 2.03621e+0, 0.00000e+0, 2.39695e+4, 0.00000e+0, 4.88706e+2, 0.00000e+0, 2.08622e+0, 0.00000e+0, 5.00707e+2, 0.00000e+0, 5.01042e+2, 0.00000e+0, 3.27588e+1, 0.00000e+0, 3.07777e+1, 0.00000e+0, 3.58216e+0, 0.00000e+0, 3.17270e+0, 0.00000e+0, 2.00000e+1, 0.00000e+0, 2.00000e+1, 0.00000e+0, 3, 2, 
07/22/2020 12:20:41.451, 07/22/2020 12:20:41.395, 4.14295e+0, 0.00000e+0, 9.48304e+1, 0.00000e+0, 2.03364e+0, 0.00000e+0, 2.40726e+4, 0.00000e+0, 4.86343e+2, 0.00000e+0, 2.08381e+0, 0.00000e+0, 4.98340e+2, 0.00000e+0, 5.01101e+2, 0.00000e+0, 3.27602e+1, 0.00000e+0, 3.07831e+1, 0.00000e+0, 3.58379e+0, 0.00000e+0, 3.17345e+0, 0.00000e+0, 2.00000e+1, 0.00000e+0, 2.00000e+1, 0.00000e+0, 3, 2, 
07/22/2020 12:20:42.442, 07/22/2020 12:20:42.390, 4.14266e+0, 0.00000e+0, 9.47870e+1, 0.00000e+0, 2.03106e+0, 0.00000e+0, 2.41664e+4, 0.00000e+0, 4.89327e+2, 0.00000e+0, 2.08136e+0, 0.00000e+0, 5.01445e+2, 0.00000e+0, 5.01110e+2, 0.00000e+0, 3.27505e+1, 0.00000e+0, 3.07748e+1, 0.00000e+0, 3.58272e+0, 0.00000e+0, 3.17278e+0, 0.00000e+0, 2.00000e+1, 0.00000e+0, 2.00000e+1, 0.00000e+0, 3, 2, 
07/22/2020 12:20:43.434, 07/22/2020 12:20:43.384, 4.14285e+0, 0.00000e+0, 9.48155e+1, 0.00000e+0, 2.03519e+0, 0.00000e+0, 2.39582e+4, 0.00000e+0, 4.90586e+2, 0.00000e+0, 2.08514e+0, 0.00000e+0, 5.02628e+2, 0.00000e+0, 5.01048e+2, 0.00000e+0, 3.27497e+1, 0.00000e+0, 3.07820e+1, 0.00000e+0, 3.58032e+0, 0.00000e+0, 3.17335e+0, 0.00000e+0, 2.00000e+1, 0.00000e+0, 2.00000e+1, 0.00000e+0, 3, 2, 
07/22/2020 12:20:44.441, 07/22/2020 12:20:44.378, 4.14288e+0, 0.00000e+0, 9.48206e+1, 0.00000e+0, 2.03726e+0, 0.00000e+0, 2.40660e+4, 0.00000e+0, 4.86221e+2, 0.00000e+0, 2.08750e+0, 0.00000e+0, 4.98211e+2, 0.00000e+0, 5.01012e+2, 0.00000e+0, 3.27498e+1, 0.00000e+0, 3.07814e+1, 0.00000e+0, 3.58397e+0, 0.00000e+0, 3.17282e+0, 0.00000e+0, 2.00000e+1, 0.00000e+0, 2.00000e+1, 0.00000e+0, 3, 2, 
07/22/2020 12:20:45.425, 07/22/2020 12:20:45.373, 4.14293e+0, 0.00000e+0, 9.48271e+1, 0.00000e+0, 2.03279e+0, 0.00000e+0, 2.40822e+4, 0.00000e+0, 4.89937e+2, 0.00000e+0, 2.08295e+0, 0.00000e+0, 5.02027e+2, 0.00000e+0, 5.01011e+2, 0.00000e+0, 3.27476e+1, 0.00000e+0, 3.07845e+1, 0.00000e+0, 3.58420e+0, 0.00000e+0, 3.17233e+0, 0.00000e+0, 2.00000e+1, 0.00000e+0, 2.00000e+1, 0.00000e+0, 3, 2, 
07/22/2020 12:20:46.419, 07/22/2020 12:20:46.368, 4.14291e+0, 0.00000e+0, 9.48252e+1, 0.00000e+0, 2.03600e+0, 0.00000e+0, 2.41783e+4, 0.00000e+0, 5.02903e+2, 0.00000e+0, 2.08644e+0, 0.00000e+0, 5.15363e+2, 0.00000e+0, 5.01041e+2, 0.00000e+0, 3.27523e+1, 0.00000e+0, 3.07825e+1, 0.00000e+0, 3.58315e+0, 0.00000e+0, 3.17272e+0, 0.00000e+0, 2.00000e+1, 0.00000e+0, 2.00000e+1, 0.00000e+0, 3, 2, 
07/22/2020 12:20:47.417, 07/22/2020 12:20:47.363, 4.14293e+0, 0.00000e+0, 9.48280e+1, 0.00000e+0, 2.03694e+0, 0.00000e+0, 2.40966e+4, 0.00000e+0, 4.98050e+2, 0.00000e+0, 2.08724e+0, 0.00000e+0, 5.10348e+2, 0.00000e+0, 5.01100e+2, 0.00000e+0, 3.27419e+1, 0.00000e+0, 3.07863e+1, 0.00000e+0, 3.58442e+0, 0.00000e+0, 3.17222e+0, 0.00000e+0, 2.00000e+1, 0.00000e+0, 2.00000e+1, 0.00000e+0, 3, 2, 
07/22/2020 12:20:48.409, 07/22/2020 12:20:48.357, 4.14290e+0, 0.00000e+0, 9.48226e+1, 0.00000e+0, 2.03449e+0, 0.00000e+0, 2.43303e+4, 0.00000e+0, 4.84696e+2, 0.00000e+0, 2.08523e+0, 0.00000e+0, 4.96783e+2, 0.00000e+0, 5.01083e+2, 0.00000e+0, 3.27463e+1, 0.00000e+0, 3.07775e+1, 0.00000e+0, 3.58204e+0, 0.00000e+0, 3.17139e+0, 0.00000e+0, 2.00000e+1, 0.00000e+0, 2.00000e+1, 0.00000e+0, 3, 2, 
07/22/2020 12:20:49.411, 07/22/2020 12:20:49.351, 4.14294e+0, 0.00000e+0, 9.48282e+1, 0.00000e+0, 2.03861e+0, 0.00000e+0, 2.42848e+4, 0.00000e+0, 4.74051e+2, 0.00000e+0, 2.08935e+0, 0.00000e+0, 4.85850e+2, 0.00000e+0, 5.01049e+2, 0.00000e+0, 3.27469e+1, 0.00000e+0, 3.07792e+1, 0.00000e+0, 3.58186e+0, 0.00000e+0, 3.17219e+0, 0.00000e+0, 2.00000e+1, 0.00000e+0, 2.00000e+1, 0.00000e+0, 3, 2, 
07/22/2020 12:20:50.403, 07/22/2020 12:20:50.346, 4.14307e+0, 0.00000e+0, 9.48480e+1, 0.00000e+0, 2.03617e+0, 0.00000e+0, 2.40826e+4, 0.00000e+0, 4.63174e+2, 0.00000e+0, 2.08642e+0, 0.00000e+0, 4.74604e+2, 0.00000e+0, 5.01008e+2, 0.00000e+0, 3.27449e+1, 0.00000e+0, 3.07836e+1, 0.00000e+0, 3.58521e+0, 0.00000e+0, 3.17135e+0, 0.00000e+0, 2.00000e+1, 0.00000e+0, 2.00000e+1, 0.00000e+0, 3, 2, 
07/22/2020 12:20:51.397, 07/22/2020 12:20:51.341, 4.14291e+0, 0.00000e+0, 9.48243e+1, 0.00000e+0, 2.03698e+0, 0.00000e+0, 2.43590e+4, 0.00000e+0, 4.56363e+2, 0.00000e+0, 2.08784e+0, 0.00000e+0, 4.67758e+2, 0.00000e+0, 5.00995e+2, 0.00000e+0, 3.27493e+1, 0.00000e+0, 3.07873e+1, 0.00000e+0, 3.58282e+0, 0.00000e+0, 3.17218e+0, 0.00000e+0, 2.00000e+1, 0.00000e+0, 2.00000e+1, 0.00000e+0, 3, 2, 
07/22/2020 12:20:52.390, 07/22/2020 12:20:52.335, 4.14285e+0, 0.00000e+0, 9.48149e+1, 0.00000e+0, 2.03276e+0, 0.00000e+0, 2.44319e+4, 0.00000e+0, 4.51336e+2, 0.00000e+0, 2.08367e+0, 0.00000e+0, 4.62639e+2, 0.00000e+0, 5.01044e+2, 0.00000e+0, 3.27457e+1, 0.00000e+0, 3.08030e+1, 0.00000e+0, 3.58359e+0, 0.00000e+0, 3.17173e+0, 0.00000e+0, 2.00000e+1, 0.00000e+0, 2.00000e+1, 0.00000e+0, 3, 2, 
07/22/2020 12:20:53.382, 07/22/2020 12:20:53.330, 4.14291e+0, 0.00000e+0, 9.48238e+1, 0.00000e+0, 2.02683e+0, 0.00000e+0, 2.40775e+4, 0.00000e+0, 4.49388e+2, 0.00000e+0, 2.07684e+0, 0.00000e+0, 4.60475e+2, 0.00000e+0, 5.01093e+2, 0.00000e+0, 3.27423e+1, 0.00000e+0, 3.08062e+1, 0.00000e+0, 3.58418e+0, 0.00000e+0, 3.17226e+0, 0.00000e+0, 2.00000e+1, 0.00000e+0, 2.00000e+1, 0.00000e+0, 3, 2, 
07/22/2020 12:20:54.376, 07/22/2020 12:20:54.323, 4.14302e+0, 0.00000e+0, 9.48401e+1, 0.00000e+0, 2.03070e+0, 0.00000e+0, 2.41575e+4, 0.00000e+0, 4.47081e+2, 0.00000e+0, 2.08097e+0, 0.00000e+0, 4.58149e+2, 0.00000e+0, 5.01040e+2, 0.00000e+0, 3.27477e+1, 0.00000e+0, 3.08013e+1, 0.00000e+0, 3.58430e+0, 0.00000e+0, 3.17236e+0, 0.00000e+0, 2.00000e+1, 0.00000e+0, 2.00000e+1, 0.00000e+0, 3, 2, 
07/22/2020 12:20:55.372, 07/22/2020 12:20:55.318, 4.14305e+0, 0.00000e+0, 9.48448e+1, 0.00000e+0, 2.03156e+0, 0.00000e+0, 2.41378e+4, 0.00000e+0, 4.42161e+2, 0.00000e+0, 2.08181e+0, 0.00000e+0, 4.53098e+2, 0.00000e+0, 5.01016e+2, 0.00000e+0, 3.27441e+1, 0.00000e+0, 3.08030e+1, 0.00000e+0, 3.58363e+0, 0.00000e+0, 3.17333e+0, 0.00000e+0, 2.00000e+1, 0.00000e+0, 2.00000e+1, 0.00000e+0, 3, 2, 
07/22/2020 12:20:56.368, 07/22/2020 12:20:56.313, 4.14292e+0, 0.00000e+0, 9.48255e+1, 0.00000e+0, 2.03250e+0, 0.00000e+0, 2.43109e+4, 0.00000e+0, 4.39917e+2, 0.00000e+0, 2.08314e+0, 0.00000e+0, 4.50878e+2, 0.00000e+0, 5.01024e+2, 0.00000e+0, 3.27418e+1, 0.00000e+0, 3.08068e+1, 0.00000e+0, 3.58352e+0, 0.00000e+0, 3.17269e+0, 0.00000e+0, 2.00000e+1, 0.00000e+0, 2.00000e+1, 0.00000e+0, 3, 2, 
07/22/2020 12:20:57.364, 07/22/2020 12:20:57.307, 4.14260e+0, 0.00000e+0, 9.47793e+1, 0.00000e+0, 2.02944e+0, 0.00000e+0, 2.41574e+4, 0.00000e+0, 4.37533e+2, 0.00000e+0, 2.07968e+0, 0.00000e+0, 4.48364e+2, 0.00000e+0, 5.01068e+2, 0.00000e+0, 3.27432e+1, 0.00000e+0, 3.08004e+1, 0.00000e+0, 3.58315e+0, 0.00000e+0, 3.17345e+0, 0.00000e+0, 2.00000e+1, 0.00000e+0, 2.00000e+1, 0.00000e+0, 3, 2, 
07/22/2020 12:20:58.354, 07/22/2020 12:20:58.301, 4.14305e+0, 0.00000e+0, 9.48449e+1, 0.00000e+0, 2.02643e+0, 0.00000e+0, 2.43791e+4, 0.00000e+0, 4.32690e+2, 0.00000e+0, 2.07707e+0, 0.00000e+0, 4.43502e+2, 0.00000e+0, 5.01087e+2, 0.00000e+0, 3.27457e+1, 0.00000e+0, 3.08049e+1, 0.00000e+0, 3.58667e+0, 0.00000e+0, 3.17285e+0, 0.00000e+0, 2.00000e+1, 0.00000e+0, 2.00000e+1, 0.00000e+0, 3, 2, 
07/22/2020 12:20:59.356, 07/22/2020 12:20:59.303, 4.14301e+0, 0.00000e+0, 9.48391e+1, 0.00000e+0, 2.02951e+0, 0.00000e+0, 2.42442e+4, 0.00000e+0, 4.31162e+2, 0.00000e+0, 2.07994e+0, 0.00000e+0, 4.41875e+2, 0.00000e+0, 5.01050e+2, 0.00000e+0, 3.27448e+1, 0.00000e+0, 3.08002e+1, 0.00000e+0, 3.58388e+0, 0.00000e+0, 3.17173e+0, 0.00000e+0, 2.00000e+1, 0.00000e+0, 2.00000e+1, 0.00000e+0, 3, 2, 
07/22/2020 12:21:00.352, 07/22/2020 12:21:00.298, 4.14290e+0, 0.00000e+0, 9.48233e+1, 0.00000e+0, 2.02943e+0, 0.00000e+0, 2.43122e+4, 0.00000e+0, 4.29093e+2, 0.00000e+0, 2.08000e+0, 0.00000e+0, 4.39785e+2, 0.00000e+0, 5.01001e+2, 0.00000e+0, 3.27397e+1, 0.00000e+0, 3.07887e+1, 0.00000e+0, 3.58521e+0, 0.00000e+0, 3.17240e+0, 0.00000e+0, 2.00000e+1, 0.00000e+0, 2.00000e+1, 0.00000e+0, 3, 2, 
07/22/2020 12:21:01.340, 07/22/2020 12:21:01.292, 4.14300e+0, 0.00000e+0, 9.48377e+1, 0.00000e+0, 2.02876e+0, 0.00000e+0, 2.44594e+4, 0.00000e+0, 4.26721e+2, 0.00000e+0, 2.07962e+0, 0.00000e+0, 4.37420e+2, 0.00000e+0, 5.01026e+2, 0.00000e+0, 3.27402e+1, 0.00000e+0, 3.07925e+1, 0.00000e+0, 3.58358e+0, 0.00000e+0, 3.17286e+0, 0.00000e+0, 2.00000e+1, 0.00000e+0, 2.00000e+1, 0.00000e+0, 3, 2, 
07/22/2020 12:21:02.346, 07/22/2020 12:21:02.286, 4.14293e+0, 0.00000e+0, 9.48277e+1, 0.00000e+0, 2.02813e+0, 0.00000e+0, 2.43277e+4, 0.00000e+0, 4.26346e+2, 0.00000e+0, 2.07870e+0, 0.00000e+0, 4.36976e+2, 0.00000e+0, 5.01044e+2, 0.00000e+0, 3.27429e+1, 0.00000e+0, 3.07958e+1, 0.00000e+0, 3.58347e+0, 0.00000e+0, 3.17194e+0, 0.00000e+0, 2.00000e+1, 0.00000e+0, 2.00000e+1, 0.00000e+0, 3, 2, 
07/22/2020 12:21:03.339, 07/22/2020 12:21:03.281, 4.14288e+0, 0.00000e+0, 9.48196e+1, 0.00000e+0, 2.02482e+0, 0.00000e+0, 2.44084e+4, 0.00000e+0, 4.24030e+2, 0.00000e+0, 2.07548e+0, 0.00000e+0, 4.34638e+2, 0.00000e+0, 5.01112e+2, 0.00000e+0, 3.27431e+1, 0.00000e+0, 3.07955e+1, 0.00000e+0, 3.58628e+0, 0.00000e+0, 3.17324e+0, 0.00000e+0, 2.00000e+1, 0.00000e+0, 2.00000e+1, 0.00000e+0, 3, 3, 
07/22/2020 12:21:04.328, 07/22/2020 12:21:04.275, 4.14294e+0, 0.00000e+0, 9.48286e+1, 0.00000e+0, 2.02358e+0, 0.00000e+0, 2.45734e+4, 0.00000e+0, 4.22714e+2, 0.00000e+0, 2.07455e+0, 0.00000e+0, 4.33363e+2, 0.00000e+0, 5.01104e+2, 0.00000e+0, 3.27371e+1, 0.00000e+0, 3.07952e+1, 0.00000e+0, 3.58410e+0, 0.00000e+0, 3.17264e+0, 0.00000e+0, 2.00000e+1, 0.00000e+0, 2.00000e+1, 0.00000e+0, 3, 3, 
07/22/2020 12:21:05.328, 07/22/2020 12:21:05.270, 4.14290e+0, 0.00000e+0, 9.48230e+1, 0.00000e+0, 2.02397e+0, 0.00000e+0, 2.43126e+4, 0.00000e+0, 4.23486e+2, 0.00000e+0, 2.07440e+0, 0.00000e+0, 4.34039e+2, 0.00000e+0, 5.01082e+2, 0.00000e+0, 3.27381e+1, 0.00000e+0, 3.07909e+1, 0.00000e+0, 3.58454e+0, 0.00000e+0, 3.17244e+0, 0.00000e+0, 2.00000e+1, 0.00000e+0, 2.00000e+1, 0.00000e+0, 3, 3, 
07/22/2020 12:21:06.317, 07/22/2020 12:21:06.264, 4.14285e+0, 0.00000e+0, 9.48151e+1, 0.00000e+0, 2.02359e+0, 0.00000e+0, 2.44660e+4, 0.00000e+0, 4.23231e+2, 0.00000e+0, 2.07435e+0, 0.00000e+0, 4.33846e+2, 0.00000e+0, 5.01032e+2, 0.00000e+0, 3.27381e+1, 0.00000e+0, 3.07827e+1, 0.00000e+0, 3.58411e+0, 0.00000e+0, 3.17378e+0, 0.00000e+0, 2.00000e+1, 0.00000e+0, 2.00000e+1, 0.00000e+0, 3, 3, 
07/22/2020 12:21:07.312, 07/22/2020 12:21:07.259, 4.14287e+0, 0.00000e+0, 9.48182e+1, 0.00000e+0, 2.02711e+0, 0.00000e+0, 2.44769e+4, 0.00000e+0, 4.24660e+2, 0.00000e+0, 2.07797e+0, 0.00000e+0, 4.35316e+2, 0.00000e+0, 5.01048e+2, 0.00000e+0, 3.27545e+1, 0.00000e+0, 3.07839e+1, 0.00000e+0, 3.58739e+0, 0.00000e+0, 3.17081e+0, 0.00000e+0, 2.00000e+1, 0.00000e+0, 2.00000e+1, 0.00000e+0, 3, 3, 
07/22/2020 12:21:08.304, 07/22/2020 12:21:08.254, 4.14283e+0, 0.00000e+0, 9.48123e+1, 0.00000e+0, 2.02307e+0, 0.00000e+0, 2.46771e+4, 0.00000e+0, 4.23634e+2, 0.00000e+0, 2.07425e+0, 0.00000e+0, 4.34352e+2, 0.00000e+0, 5.01039e+2, 0.00000e+0, 3.27507e+1, 0.00000e+0, 3.07821e+1, 0.00000e+0, 3.58378e+0, 0.00000e+0, 3.17340e+0, 0.00000e+0, 2.00000e+1, 0.00000e+0, 2.00000e+1, 0.00000e+0, 3, 3, 
07/22/2020 12:21:09.314, 07/22/2020 12:21:09.254, 4.14286e+0, 0.00000e+0, 9.48164e+1, 0.00000e+0, 2.02140e+0, 0.00000e+0, 2.46047e+4, 0.00000e+0, 4.22421e+2, 0.00000e+0, 2.07239e+0, 0.00000e+0, 4.33077e+2, 0.00000e+0, 5.01099e+2, 0.00000e+0, 3.27475e+1, 0.00000e+0, 3.07831e+1, 0.00000e+0, 3.58375e+0, 0.00000e+0, 3.17363e+0, 0.00000e+0, 2.00000e+1, 0.00000e+0, 2.00000e+1, 0.00000e+0, 3, 3, 
07/22/2020 12:21:10.302, 07/22/2020 12:21:10.250, 4.14284e+0, 0.00000e+0, 9.48142e+1, 0.00000e+0, 2.02623e+0, 0.00000e+0, 2.44160e+4, 0.00000e+0, 4.23045e+2, 0.00000e+0, 2.07694e+0, 0.00000e+0, 4.33633e+2, 0.00000e+0, 5.01086e+2, 0.00000e+0, 3.27501e+1, 0.00000e+0, 3.07703e+1, 0.00000e+0, 3.58498e+0, 0.00000e+0, 3.17223e+0, 0.00000e+0, 2.00000e+1, 0.00000e+0, 2.00000e+1, 0.00000e+0, 3, 3, 
07/22/2020 12:21:11.298, 07/22/2020 12:21:11.244, 4.14283e+0, 0.00000e+0, 9.48134e+1, 0.00000e+0, 2.02182e+0, 0.00000e+0, 2.46223e+4, 0.00000e+0, 4.21414e+2, 0.00000e+0, 2.07286e+0, 0.00000e+0, 4.32052e+2, 0.00000e+0, 5.01119e+2, 0.00000e+0, 3.27448e+1, 0.00000e+0, 3.07664e+1, 0.00000e+0, 3.58342e+0, 0.00000e+0, 3.17234e+0, 0.00000e+0, 2.00000e+1, 0.00000e+0, 2.00000e+1, 0.00000e+0, 3, 3, 
07/22/2020 12:21:12.295, 07/22/2020 12:21:12.245, 4.14284e+0, 0.00000e+0, 9.48146e+1, 0.00000e+0, 2.02648e+0, 0.00000e+0, 2.45477e+4, 0.00000e+0, 4.22712e+2, 0.00000e+0, 2.07748e+0, 0.00000e+0, 4.33350e+2, 0.00000e+0, 5.01061e+2, 0.00000e+0, 3.27459e+1, 0.00000e+0, 3.07703e+1, 0.00000e+0, 3.58489e+0, 0.00000e+0, 3.17188e+0, 0.00000e+0, 2.00000e+1, 0.00000e+0, 2.00000e+1, 0.00000e+0, 3, 3, 
07/22/2020 12:21:13.294, 07/22/2020 12:21:13.241, 4.14287e+0, 0.00000e+0, 9.48188e+1, 0.00000e+0, 2.02750e+0, 0.00000e+0, 2.46249e+4, 0.00000e+0, 4.21757e+2, 0.00000e+0, 2.07869e+0, 0.00000e+0, 4.32405e+2, 0.00000e+0, 5.01014e+2, 0.00000e+0, 3.27435e+1, 0.00000e+0, 3.07681e+1, 0.00000e+0, 3.58411e+0, 0.00000e+0, 3.17238e+0, 0.00000e+0, 2.00000e+1, 0.00000e+0, 2.00000e+1, 0.00000e+0, 3, 3, 
07/22/2020 12:21:14.293, 07/22/2020 12:21:14.234, 4.14272e+0, 0.00000e+0, 9.47967e+1, 0.00000e+0, 2.02195e+0, 0.00000e+0, 2.44598e+4, 0.00000e+0, 4.24187e+2, 0.00000e+0, 2.07265e+0, 0.00000e+0, 4.34823e+2, 0.00000e+0, 5.01061e+2, 0.00000e+0, 3.27427e+1, 0.00000e+0, 3.07805e+1, 0.00000e+0, 3.58451e+0, 0.00000e+0, 3.17294e+0, 0.00000e+0, 2.00000e+1, 0.00000e+0, 2.00000e+1, 0.00000e+0, 3, 3, 
07/22/2020 12:21:15.282, 07/22/2020 12:21:15.228, 4.14274e+0, 0.00000e+0, 9.47995e+1, 0.00000e+0, 2.02340e+0, 0.00000e+0, 2.43080e+4, 0.00000e+0, 4.20873e+2, 0.00000e+0, 2.07381e+0, 0.00000e+0, 4.31358e+2, 0.00000e+0, 5.01081e+2, 0.00000e+0, 3.27417e+1, 0.00000e+0, 3.07828e+1, 0.00000e+0, 3.58482e+0, 0.00000e+0, 3.17254e+0, 0.00000e+0, 2.00000e+1, 0.00000e+0, 2.00000e+1, 0.00000e+0, 3, 3, 
07/22/2020 12:21:16.274, 07/22/2020 12:21:16.223, 4.14284e+0, 0.00000e+0, 9.48139e+1, 0.00000e+0, 2.02556e+0, 0.00000e+0, 2.43938e+4, 0.00000e+0, 4.23841e+2, 0.00000e+0, 2.07621e+0, 0.00000e+0, 4.34439e+2, 0.00000e+0, 5.01125e+2, 0.00000e+0, 3.27428e+1, 0.00000e+0, 3.07752e+1, 0.00000e+0, 3.58441e+0, 0.00000e+0, 3.17234e+0, 0.00000e+0, 2.00000e+1, 0.00000e+0, 2.00000e+1, 0.00000e+0, 3, 3, 
07/22/2020 12:21:17.276, 07/22/2020 12:21:17.218, 4.14282e+0, 0.00000e+0, 9.48115e+1, 0.00000e+0, 2.02126e+0, 0.00000e+0, 2.46958e+4, 0.00000e+0, 4.24404e+2, 0.00000e+0, 2.07244e+0, 0.00000e+0, 4.35150e+2, 0.00000e+0, 5.01089e+2, 0.00000e+0, 3.27441e+1, 0.00000e+0, 3.07828e+1, 0.00000e+0, 3.58549e+0, 0.00000e+0, 3.17212e+0, 0.00000e+0, 2.00000e+1, 0.00000e+0, 2.00000e+1, 0.00000e+0, 3, 3, 
07/22/2020 12:21:18.264, 07/22/2020 12:21:18.213, 4.14271e+0, 0.00000e+0, 9.47945e+1, 0.00000e+0, 2.01973e+0, 0.00000e+0, 2.44574e+4, 0.00000e+0, 4.24730e+2, 0.00000e+0, 2.07037e+0, 0.00000e+0, 4.35378e+2, 0.00000e+0, 5.01064e+2, 0.00000e+0, 3.27395e+1, 0.00000e+0, 3.07752e+1, 0.00000e+0, 3.58542e+0, 0.00000e+0, 3.17411e+0, 0.00000e+0, 2.00000e+1, 0.00000e+0, 2.00000e+1, 0.00000e+0, 3, 3, 
07/22/2020 12:21:19.264, 07/22/2020 12:21:19.207, 4.14273e+0, 0.00000e+0, 9.47984e+1, 0.00000e+0, 2.01891e+0, 0.00000e+0, 2.44356e+4, 0.00000e+0, 4.24601e+2, 0.00000e+0, 2.06948e+0, 0.00000e+0, 4.35237e+2, 0.00000e+0, 5.01015e+2, 0.00000e+0, 3.27391e+1, 0.00000e+0, 3.07683e+1, 0.00000e+0, 3.58276e+0, 0.00000e+0, 3.17331e+0, 0.00000e+0, 2.00000e+1, 0.00000e+0, 2.00000e+1, 0.00000e+0, 3, 3, 
07/22/2020 12:21:20.259, 07/22/2020 12:21:20.202, 4.14269e+0, 0.00000e+0, 9.47915e+1, 0.00000e+0, 2.02067e+0, 0.00000e+0, 2.42002e+4, 0.00000e+0, 4.25148e+2, 0.00000e+0, 2.07078e+0, 0.00000e+0, 4.35692e+2, 0.00000e+0, 5.01056e+2, 0.00000e+0, 3.27387e+1, 0.00000e+0, 3.07756e+1, 0.00000e+0, 3.58529e+0, 0.00000e+0, 3.17258e+0, 0.00000e+0, 2.00000e+1, 0.00000e+0, 2.00000e+1, 0.00000e+0, 3, 3, 
07/22/2020 12:21:21.251, 07/22/2020 12:21:21.196, 4.14276e+0, 0.00000e+0, 9.48023e+1, 0.00000e+0, 2.02128e+0, 0.00000e+0, 2.43404e+4, 0.00000e+0, 4.25391e+2, 0.00000e+0, 2.07171e+0, 0.00000e+0, 4.36003e+2, 0.00000e+0, 5.01102e+2, 0.00000e+0, 3.27380e+1, 0.00000e+0, 3.07759e+1, 0.00000e+0, 3.58610e+0, 0.00000e+0, 3.17085e+0, 0.00000e+0, 2.00000e+1, 0.00000e+0, 2.00000e+1, 0.00000e+0, 3, 3, 
07/22/2020 12:21:22.247, 07/22/2020 12:21:22.190, 4.14277e+0, 0.00000e+0, 9.48035e+1, 0.00000e+0, 2.01811e+0, 0.00000e+0, 2.42126e+4, 0.00000e+0, 4.24230e+2, 0.00000e+0, 2.06819e+0, 0.00000e+0, 4.34756e+2, 0.00000e+0, 5.01129e+2, 0.00000e+0, 3.27360e+1, 0.00000e+0, 3.07714e+1, 0.00000e+0, 3.58319e+0, 0.00000e+0, 3.17202e+0, 0.00000e+0, 2.00000e+1, 0.00000e+0, 2.00000e+1, 0.00000e+0, 3, 3, 
07/22/2020 12:21:23.237, 07/22/2020 12:21:23.185, 4.14280e+0, 0.00000e+0, 9.48084e+1, 0.00000e+0, 2.01897e+0, 0.00000e+0, 2.46511e+4, 0.00000e+0, 4.25290e+2, 0.00000e+0, 2.07000e+0, 0.00000e+0, 4.36039e+2, 0.00000e+0, 5.01088e+2, 0.00000e+0, 3.27322e+1, 0.00000e+0, 3.07722e+1, 0.00000e+0, 3.58444e+0, 0.00000e+0, 3.17275e+0, 0.00000e+0, 2.00000e+1, 0.00000e+0, 2.00000e+1, 0.00000e+0, 3, 3, 
07/22/2020 12:21:24.237, 07/22/2020 12:21:24.180, 4.14273e+0, 0.00000e+0, 9.47980e+1, 0.00000e+0, 2.01842e+0, 0.00000e+0, 2.43242e+4, 0.00000e+0, 4.25138e+2, 0.00000e+0, 2.06874e+0, 0.00000e+0, 4.35737e+2, 0.00000e+0, 5.01062e+2, 0.00000e+0, 3.27379e+1, 0.00000e+0, 3.07706e+1, 0.00000e+0, 3.58403e+0, 0.00000e+0, 3.17172e+0, 0.00000e+0, 2.00000e+1, 0.00000e+0, 2.00000e+1, 0.00000e+0, 3, 3, 
07/22/2020 12:21:25.225, 07/22/2020 12:21:25.174, 4.14269e+0, 0.00000e+0, 9.47925e+1, 0.00000e+0, 2.01646e+0, 0.00000e+0, 2.44366e+4, 0.00000e+0, 4.25510e+2, 0.00000e+0, 2.06697e+0, 0.00000e+0, 4.36168e+2, 0.00000e+0, 5.01044e+2, 0.00000e+0, 3.27373e+1, 0.00000e+0, 3.07752e+1, 0.00000e+0, 3.58425e+0, 0.00000e+0, 3.17364e+0, 0.00000e+0, 2.00000e+1, 0.00000e+0, 2.00000e+1, 0.00000e+0, 3, 3, 
07/22/2020 12:21:26.234, 07/22/2020 12:21:26.175, 4.14267e+0, 0.00000e+0, 9.47896e+1, 0.00000e+0, 2.01951e+0, 0.00000e+0, 2.42888e+4, 0.00000e+0, 4.24569e+2, 0.00000e+0, 2.06978e+0, 0.00000e+0, 4.35138e+2, 0.00000e+0, 5.01043e+2, 0.00000e+0, 3.27362e+1, 0.00000e+0, 3.07882e+1, 0.00000e+0, 3.58703e+0, 0.00000e+0, 3.17386e+0, 0.00000e+0, 2.00000e+1, 0.00000e+0, 2.00000e+1, 0.00000e+0, 3, 3, 
07/22/2020 12:21:27.223, 07/22/2020 12:21:27.170, 4.14259e+0, 0.00000e+0, 9.47778e+1, 0.00000e+0, 2.01646e+0, 0.00000e+0, 2.47572e+4, 0.00000e+0, 4.27250e+2, 0.00000e+0, 2.06765e+0, 0.00000e+0, 4.38096e+2, 0.00000e+0, 5.01085e+2, 0.00000e+0, 3.27354e+1, 0.00000e+0, 3.07905e+1, 0.00000e+0, 3.58673e+0, 0.00000e+0, 3.17299e+0, 0.00000e+0, 2.00000e+1, 0.00000e+0, 2.00000e+1, 0.00000e+0, 3, 3, 
07/22/2020 12:21:28.250, 07/22/2020 12:21:28.164, 4.14260e+0, 0.00000e+0, 9.47787e+1, 0.00000e+0, 2.02059e+0, 0.00000e+0, 2.42899e+4, 0.00000e+0, 4.25985e+2, 0.00000e+0, 2.07089e+0, 0.00000e+0, 4.36590e+2, 0.00000e+0, 5.01115e+2, 0.00000e+0, 3.27365e+1, 0.00000e+0, 3.07893e+1, 0.00000e+0, 3.58650e+0, 0.00000e+0, 3.17293e+0, 0.00000e+0, 2.00000e+1, 0.00000e+0, 2.00000e+1, 0.00000e+0, 3, 3, 
07/22/2020 12:21:29.207, 07/22/2020 12:21:29.159, 4.14265e+0, 0.00000e+0, 9.47861e+1, 0.00000e+0, 2.02365e+0, 0.00000e+0, 2.46534e+4, 0.00000e+0, 4.25184e+2, 0.00000e+0, 2.07480e+0, 0.00000e+0, 4.35931e+2, 0.00000e+0, 5.01111e+2, 0.00000e+0, 3.27303e+1, 0.00000e+0, 3.07889e+1, 0.00000e+0, 3.58495e+0, 0.00000e+0, 3.17280e+0, 0.00000e+0, 2.00000e+1, 0.00000e+0, 2.00000e+1, 0.00000e+0, 3, 3, 
07/22/2020 12:21:30.208, 07/22/2020 12:21:30.153, 4.14266e+0, 0.00000e+0, 9.47871e+1, 0.00000e+0, 2.02372e+0, 0.00000e+0, 2.46831e+4, 0.00000e+0, 4.25867e+2, 0.00000e+0, 2.07494e+0, 0.00000e+0, 4.36645e+2, 0.00000e+0, 5.01047e+2, 0.00000e+0, 3.27303e+1, 0.00000e+0, 3.07797e+1, 0.00000e+0, 3.58430e+0, 0.00000e+0, 3.17255e+0, 0.00000e+0, 2.00000e+1, 0.00000e+0, 2.00000e+1, 0.00000e+0, 3, 3, 
07/22/2020 12:21:31.197, 07/22/2020 12:21:31.148, 4.14262e+0, 0.00000e+0, 9.47820e+1, 0.00000e+0, 2.02128e+0, 0.00000e+0, 2.44603e+4, 0.00000e+0, 4.23706e+2, 0.00000e+0, 2.07196e+0, 0.00000e+0, 4.34330e+2, 0.00000e+0, 5.01048e+2, 0.00000e+0, 3.27314e+1, 0.00000e+0, 3.07841e+1, 0.00000e+0, 3.58367e+0, 0.00000e+0, 3.17350e+0, 0.00000e+0, 2.00000e+1, 0.00000e+0, 2.00000e+1, 0.00000e+0, 3, 3, 
07/22/2020 12:21:32.198, 07/22/2020 12:21:32.142, 4.14250e+0, 0.00000e+0, 9.47641e+1, 0.00000e+0, 2.02164e+0, 0.00000e+0, 2.45479e+4, 0.00000e+0, 4.23598e+2, 0.00000e+0, 2.07252e+0, 0.00000e+0, 4.34259e+2, 0.00000e+0, 5.01090e+2, 0.00000e+0, 3.27343e+1, 0.00000e+0, 3.07825e+1, 0.00000e+0, 3.58367e+0, 0.00000e+0, 3.17421e+0, 0.00000e+0, 2.00000e+1, 0.00000e+0, 2.00000e+1, 0.00000e+0, 3, 3, 
07/22/2020 12:21:33.198, 07/22/2020 12:21:33.144, 4.14277e+0, 0.00000e+0, 9.48033e+1, 0.00000e+0, 2.01914e+0, 0.00000e+0, 2.46330e+4, 0.00000e+0, 4.24404e+2, 0.00000e+0, 2.07014e+0, 0.00000e+0, 4.35122e+2, 0.00000e+0, 5.01094e+2, 0.00000e+0, 3.27374e+1, 0.00000e+0, 3.07925e+1, 0.00000e+0, 3.58624e+0, 0.00000e+0, 3.17277e+0, 0.00000e+0, 2.00000e+1, 0.00000e+0, 2.00000e+1, 0.00000e+0, 3, 4, 
07/22/2020 12:21:34.193, 07/22/2020 12:21:34.138, 4.14272e+0, 0.00000e+0, 9.47958e+1, 0.00000e+0, 2.02247e+0, 0.00000e+0, 2.47139e+4, 0.00000e+0, 4.25373e+2, 0.00000e+0, 2.07372e+0, 0.00000e+0, 4.36152e+2, 0.00000e+0, 5.01101e+2, 0.00000e+0, 3.27332e+1, 0.00000e+0, 3.07895e+1, 0.00000e+0, 3.58413e+0, 0.00000e+0, 3.17326e+0, 0.00000e+0, 2.00000e+1, 0.00000e+0, 2.00000e+1, 0.00000e+0, 3, 4, 
07/22/2020 12:21:35.189, 07/22/2020 12:21:35.133, 4.14261e+0, 0.00000e+0, 9.47802e+1, 0.00000e+0, 2.02366e+0, 0.00000e+0, 2.44749e+4, 0.00000e+0, 4.23034e+2, 0.00000e+0, 2.07443e+0, 0.00000e+0, 4.33647e+2, 0.00000e+0, 5.01069e+2, 0.00000e+0, 3.27367e+1, 0.00000e+0, 3.07973e+1, 0.00000e+0, 3.58444e+0, 0.00000e+0, 3.17296e+0, 0.00000e+0, 2.00000e+1, 0.00000e+0, 2.00000e+1, 0.00000e+0, 3, 4, 
07/22/2020 12:21:36.182, 07/22/2020 12:21:36.127, 4.14262e+0, 0.00000e+0, 9.47819e+1, 0.00000e+0, 2.02405e+0, 0.00000e+0, 2.46478e+4, 0.00000e+0, 4.23584e+2, 0.00000e+0, 2.07519e+0, 0.00000e+0, 4.34288e+2, 0.00000e+0, 5.01045e+2, 0.00000e+0, 3.27349e+1, 0.00000e+0, 3.08089e+1, 0.00000e+0, 3.58287e+0, 0.00000e+0, 3.17389e+0, 0.00000e+0, 2.00000e+1, 0.00000e+0, 2.00000e+1, 0.00000e+0, 3, 4, 
07/22/2020 12:21:37.179, 07/22/2020 12:21:37.122, 4.14260e+0, 0.00000e+0, 9.47793e+1, 0.00000e+0, 2.02628e+0, 0.00000e+0, 2.44783e+4, 0.00000e+0, 4.22736e+2, 0.00000e+0, 2.07712e+0, 0.00000e+0, 4.33343e+2, 0.00000e+0, 5.01012e+2, 0.00000e+0, 3.27401e+1, 0.00000e+0, 3.08133e+1, 0.00000e+0, 3.58662e+0, 0.00000e+0, 3.17305e+0, 0.00000e+0, 2.00000e+1, 0.00000e+0, 2.00000e+1, 0.00000e+0, 3, 4, 
07/22/2020 12:21:38.168, 07/22/2020 12:21:38.116, 4.14256e+0, 0.00000e+0, 9.47725e+1, 0.00000e+0, 2.02341e+0, 0.00000e+0, 2.46230e+4, 0.00000e+0, 4.23064e+2, 0.00000e+0, 2.07449e+0, 0.00000e+0, 4.33745e+2, 0.00000e+0, 5.01040e+2, 0.00000e+0, 3.27378e+1, 0.00000e+0, 3.08004e+1, 0.00000e+0, 3.58599e+0, 0.00000e+0, 3.17278e+0, 0.00000e+0, 2.00000e+1, 0.00000e+0, 2.00000e+1, 0.00000e+0, 3, 4, 
07/22/2020 12:21:39.161, 07/22/2020 12:21:39.112, 4.14266e+0, 0.00000e+0, 9.47883e+1, 0.00000e+0, 2.02373e+0, 0.00000e+0, 2.46643e+4, 0.00000e+0, 4.23942e+2, 0.00000e+0, 2.07490e+0, 0.00000e+0, 4.34662e+2, 0.00000e+0, 5.01083e+2, 0.00000e+0, 3.27373e+1, 0.00000e+0, 3.08011e+1, 0.00000e+0, 3.58646e+0, 0.00000e+0, 3.17436e+0, 0.00000e+0, 2.00000e+1, 0.00000e+0, 2.00000e+1, 0.00000e+0, 3, 4, 
07/22/2020 12:21:40.167, 07/22/2020 12:21:40.106, 4.14254e+0, 0.00000e+0, 9.47694e+1, 0.00000e+0, 2.02188e+0, 0.00000e+0, 2.44444e+4, 0.00000e+0, 4.22073e+2, 0.00000e+0, 2.07254e+0, 0.00000e+0, 4.32649e+2, 0.00000e+0, 5.01102e+2, 0.00000e+0, 3.27408e+1, 0.00000e+0, 3.07965e+1, 0.00000e+0, 3.58678e+0, 0.00000e+0, 3.17301e+0, 0.00000e+0, 2.00000e+1, 0.00000e+0, 2.00000e+1, 0.00000e+0, 3, 4, 
07/22/2020 12:21:41.155, 07/22/2020 12:21:41.100, 4.14258e+0, 0.00000e+0, 9.47755e+1, 0.00000e+0, 2.01865e+0, 0.00000e+0, 2.44100e+4, 0.00000e+0, 4.24581e+2, 0.00000e+0, 2.06916e+0, 0.00000e+0, 4.35205e+2, 0.00000e+0, 5.01089e+2, 0.00000e+0, 3.27438e+1, 0.00000e+0, 3.07906e+1, 0.00000e+0, 3.58759e+0, 0.00000e+0, 3.17352e+0, 0.00000e+0, 2.00000e+1, 0.00000e+0, 2.00000e+1, 0.00000e+0, 3, 4, 
07/22/2020 12:21:42.146, 07/22/2020 12:21:42.095, 4.14254e+0, 0.00000e+0, 9.47700e+1, 0.00000e+0, 2.02322e+0, 0.00000e+0, 2.46475e+4, 0.00000e+0, 4.23092e+2, 0.00000e+0, 2.07435e+0, 0.00000e+0, 4.33784e+2, 0.00000e+0, 5.01030e+2, 0.00000e+0, 3.27408e+1, 0.00000e+0, 3.07818e+1, 0.00000e+0, 3.58599e+0, 0.00000e+0, 3.17343e+0, 0.00000e+0, 2.00000e+1, 0.00000e+0, 2.00000e+1, 0.00000e+0, 3, 4, 
07/22/2020 12:21:43.144, 07/22/2020 12:21:43.089, 4.14253e+0, 0.00000e+0, 9.47682e+1, 0.00000e+0, 2.02288e+0, 0.00000e+0, 2.45347e+4, 0.00000e+0, 4.24678e+2, 0.00000e+0, 2.07376e+0, 0.00000e+0, 4.35359e+2, 0.00000e+0, 5.01029e+2, 0.00000e+0, 3.27391e+1, 0.00000e+0, 3.07881e+1, 0.00000e+0, 3.58433e+0, 0.00000e+0, 3.17416e+0, 0.00000e+0, 2.00000e+1, 0.00000e+0, 2.00000e+1, 0.00000e+0, 3, 4, 
07/22/2020 12:21:44.138, 07/22/2020 12:21:44.084, 4.14238e+0, 0.00000e+0, 9.47464e+1, 0.00000e+0, 2.02038e+0, 0.00000e+0, 2.45053e+4, 0.00000e+0, 4.24778e+2, 0.00000e+0, 2.07114e+0, 0.00000e+0, 4.35448e+2, 0.00000e+0, 5.01098e+2, 0.00000e+0, 3.27568e+1, 0.00000e+0, 3.07813e+1, 0.00000e+0, 3.58628e+0, 0.00000e+0, 3.17306e+0, 0.00000e+0, 2.00000e+1, 0.00000e+0, 2.00000e+1, 0.00000e+0, 3, 4, 
07/22/2020 12:21:45.135, 07/22/2020 12:21:45.078, 4.14233e+0, 0.00000e+0, 9.47395e+1, 0.00000e+0, 2.02361e+0, 0.00000e+0, 2.46765e+4, 0.00000e+0, 4.26868e+2, 0.00000e+0, 2.07481e+0, 0.00000e+0, 4.37669e+2, 0.00000e+0, 5.01083e+2, 0.00000e+0, 3.27482e+1, 0.00000e+0, 3.07779e+1, 0.00000e+0, 3.58336e+0, 0.00000e+0, 3.17525e+0, 0.00000e+0, 2.00000e+1, 0.00000e+0, 2.00000e+1, 0.00000e+0, 3, 4, 
07/22/2020 12:21:46.125, 07/22/2020 12:21:46.072, 4.14214e+0, 0.00000e+0, 9.47114e+1, 0.00000e+0, 2.02423e+0, 0.00000e+0, 2.46063e+4, 0.00000e+0, 4.25922e+2, 0.00000e+0, 2.07529e+0, 0.00000e+0, 4.36667e+2, 0.00000e+0, 5.01109e+2, 0.00000e+0, 3.27510e+1, 0.00000e+0, 3.07837e+1, 0.00000e+0, 3.58639e+0, 0.00000e+0, 3.17519e+0, 0.00000e+0, 2.00000e+1, 0.00000e+0, 2.00000e+1, 0.00000e+0, 3, 4, 
07/22/2020 12:21:47.190, 07/22/2020 12:21:47.067, 4.14185e+0, 0.00000e+0, 9.46684e+1, 0.00000e+0, 2.01890e+0, 0.00000e+0, 2.44587e+4, 0.00000e+0, 4.27541e+2, 0.00000e+0, 2.06952e+0, 0.00000e+0, 4.38260e+2, 0.00000e+0, 5.00996e+2, 0.00000e+0, 3.27636e+1, 0.00000e+0, 3.07783e+1, 0.00000e+0, 3.58332e+0, 0.00000e+0, 3.17394e+0, 0.00000e+0, 2.00000e+1, 0.00000e+0, 2.00000e+1, 0.00000e+0, 3, 4, 
07/22/2020 12:21:48.145, 07/22/2020 12:21:48.062, 4.14219e+0, 0.00000e+0, 9.47183e+1, 0.00000e+0, 2.02214e+0, 0.00000e+0, 2.46149e+4, 0.00000e+0, 4.29030e+2, 0.00000e+0, 2.07317e+0, 0.00000e+0, 4.39857e+2, 0.00000e+0, 5.01207e+2, 0.00000e+0, 3.27532e+1, 0.00000e+0, 3.07819e+1, 0.00000e+0, 3.58429e+0, 0.00000e+0, 3.17365e+0, 0.00000e+0, 2.00000e+1, 0.00000e+0, 2.00000e+1, 0.00000e+0, 3, 4, 
07/22/2020 12:21:49.150, 07/22/2020 12:21:49.057, 4.14245e+0, 0.00000e+0, 9.47559e+1, 0.00000e+0, 2.02070e+0, 0.00000e+0, 2.43487e+4, 0.00000e+0, 4.28269e+2, 0.00000e+0, 2.07113e+0, 0.00000e+0, 4.38957e+2, 0.00000e+0, 5.00972e+2, 0.00000e+0, 3.27481e+1, 0.00000e+0, 3.07970e+1, 0.00000e+0, 3.58673e+0, 0.00000e+0, 3.17594e+0, 0.00000e+0, 2.00000e+1, 0.00000e+0, 2.00000e+1, 0.00000e+0, 3, 4, 

-----BEGIN PGP MESSAGE-----
Version: GnuPG v1

jA0EAwMC1rOxAi7FFW9gye0GeSSQNxzRtT/C05taD5PWHoVbTMgpHiLklrlUU7jz
Iu0FaopcrpncSdydHX6e4Qd/1x0+8yqPUT6IJ+w/+NNzWJ3J+3nrvqanZClWUghC
8yot8v9MTjGvbx2MzknENWDZtjD6FHjrycFB737CSuu4ftgINnmUdNQrqqljF34C
CRL9yP9Q+XuaD19l0opQvGwrAcaFXeeHGiYtzwboJO8QNKk1yStzRVLB8Rwo58EU
X23CZc3duZTDeyKYeI0O2I3aOp+afh1atwo6xMBfxBjKSL+7iorxzeFlUm55tYzM
Vfg2b0Zzri4c2IDCmj7veGlUePhHOYrmcQ/YV57wtAC0wC/ODOo9W4RpD56b49UQ
Y9XbVzD6muOwQSz5E8vRCU2Y3p4u0GQ4m8YnuQZVTmo7v370EBaJV6SnqRJyKjE/
hqrEnqKLUPJsq6MgwpgDyLKRoEjkJ2oFsCj62H0XmFI/N9zj0K/IibSlIuAfUk8J
h1okP8rZSn04FQ7nV2m1gw0HnTTBSsVYLsxsYSZ/jDgDdNxqj2dRTyZSrfZblu1/
YOcFzSmrggcGxS5yJdAK/wWcC93D6fgkCCgD9A+8eV/ZgRaVEvZL6m7kfCtOKgRk
oeeOL0HwJ0y+v9o8qhzT36/up8wudqEWBV3p40hDw8TKslpdIJSEoj1bXcQy0BE/
giUDMcjqCK3Ad2KVXHzn/5DpPrsHX16ZViTvbIYENZDvYxr1/oLVP1O/kbYl3NC8
TSIKzmhNs3FejwB6MJvXFVGP54ryF53ra4U6Dbjg9Ca57gR1IxBm2Q1iMxskCXmJ
+EM4yS7QKUDnBkbhxehSw1kRFuys3n2oSYMWgsQJvGCEi1ZEFnkO83qhyWb+WQOY
HYSXoHShjLvNOHnJxaPfHui1g8kBTya4CUSAHvwKwTTRPKLHugh4dPFsdrWbhw2E
L2JxnerYjN+QgLihYAYF6DH+3IsLfuDszQvq4lk29YTcdF+vV7IS7EqGC62hrzV2
fqse0cnFCBCR7MU9P6xJLuHt3am8j2btndws7n0L8xlh161Ep/alxaP0oc7GFaHS
OMw2y2/nVJoAwB0y04w9Rgz7IGBq6vw6FiN6IfZO8BiL5qhbwy/GYEyMV+E9i4Qb
5YemJMJ9IuJVkkWU/Rx+e+LMmPWwS2klGO0bi/eZBABvGB4tvuN8BdTu50AQ6Tka
mdzSEsTPSlEozxjKkeUTyU6C3EfPy2ak+NhUk+QrT1yio+D5KmCtPAIhgg3b7EEW
lrSOE/eTjv2Lt+PchBSwlxGmDD9kZtmppLDdDD5lNHK8FvkWI9n/yFfaimEU5m61
Vwk8MstJC10WYfh9uKQCkijCEGTUQeZCOLh28AVzpYpt9FAuMoGkByt3nHX9l091
ho2sR5oC3nLEWDYJ7H7kTH6zeaIBiYdP90iXG1EA2ETeZVYpxuHhDUQ9vmvYSur/
oXiLqUV5DknlUt0GllgipffUn7maZzCCVkOQ9RbLid9p55OYrxQGfqIbLFaY5z56
cy5oU+2eghFexfI5V982+ijm6Opt+6aWXOT9nRLKgV/1uK2a9o6DUpoJTAju33/b
zQZ0b6/ignxAUerrp+CuN7MkG43tJ+dO9X44uI7zNEpT38nr6Q8GE+pCHqRgxMoX
jBl7jbCpP6Yw6/Vz0Sz0f9IpjrwpydHt7tv14pcDlFWxbS4/DXuZHPyYgpeJlIqc
S+d/NmPdHuzvFZYkGhSvyfHCe3sTun5OYb+auWQ+GFOHR1glVWuIbVRHfIdVwf4d
nJWu5bdbBse+3NcpZPav6MgJ0mEqTkIX+v0rrmYNfW1mpX55WUKUcY0LPkkRANn9
tjPzcm8+KCo580+Xlylgmr0LyJEvSdXXl30BoMPEWgphGcc+zDQg42Lo1S4YI5F7
GAvS7M4zJ3aFSoN0orfxXpA4iAqzCUlRXs2gkk+WD6KkJN9ZOf+5Z/CLkaKkQ5rr
4jakElR/x2G7NIJuxGcBlzbqBak2WzRV4WS3kjGzDNrj/5HSwg/Wmmvwzc8UV1S5
Obo2WRmudx6ti4GLxsE10TEQNsYUWI7+FTh+IAILUrnH4E4XlfX+srnW4TOsu3Db
rU/uhK6NHBtOkNO+E5Sj32yBpBofa8jbTxtC8WV7F0Br3oP6hRijOCcqQ7pw1EQm
dEXvT1zZYKSi4dZRTaxDjDNsNCUgDAbXHayW6qsWTclhrDaazcOKEGt/RgnPiv9B
ctarH3Uqsr9Gx1H921HrBeVfFU4yxavs4zZ8t2xyVw8roxlkTvzrXVeXMBZi3vrx
yZEMb7tr+0cJ7DsQsbPCcepDzEBKh32DZhkanR0YMqEmEP0CTp4DBIu2MqZ1lSyM
0rDBreMTMLdmnHvY/3Ee5D4fT4CI+9xEqM98uXLp1QkIE/6vfM0gC2KDS0+WQsul
6U/33hSJntMzNWF6N2OF4mMhynIfgX+qu/n1EzQvlO+xxop1W6HI9Di2tpMHgZX9
J/geebEzxCxEKLNOqdyctW8ijvsbjDeDppl5s2fNhfjUd8qMTBwCuXIicXSKWUJj
IbrK9tS8KDqf3Za4L9oWhAkNkAWao0x9tpMmqRZyYnmjcE2vEFHtj7rQ0lRUbOEy
Wir9HBSIy8WCWOHs6wLfbArnB4EuWY+XiyXLc6hUtVd7/dfVmW0kCOTAwuBwUD/K
zMFqt/7hZyL2p/CkkqMQAIiYy02HItqjb72zdxXf2IXLgwpB54vGcfr16/mvF+H/
0rIWPG0IIle0fkizxJCV6Ffi2jkY99v6mf/NBprZVyNfLWWCu8jlC/hdLdCX5Tem
CgvoYKQTygV+LRKKuZNOERJ1tdAcgcMTWEsgShK+xRGzWJ1Ltr5ZIk2dyZrBwsjQ
zV4S6DclbIp7L26NCz1MBqO+lLhSjr5ASuHwy8+KepoGvFBrvjzMG5V498nlCsl/
KWbHpBCnhnhc1BA7pdJDbqMu9iIgBibCKLXXZJtrvshrr/DlJDSmM85N2iT0/gUl
fDA8v1IVFrxM6M0VZDn5SVTgYAeNbJnWhlkiSkjjTjtnoWY77eCzDmnV9+MW1Pcz
eoPC9ndX0kk1Cs15/1xPA+GrDaWIMu7BGT1I+PGX2E3iJBe+lRqisq9bKDv7wH7a
D3a6UHb1Ila94Rys0Ln3/3rhHtTOQ7a8mbqZaaEfs6sBFMP9n6+sWhkX1E6pDub9
hssu6IuZXb4Zm+BkZDqZvjLBCpDonDdv1LIRLDFFFnWsjdCMzrV+vf9nQ5ePXJec
LMQKrDH48z6Ha92NWRGi+bdsprt2Nz6720fno2fYdbhIcKCEcZLz+CI2pmjPx6s1
nFyfdVVtn8nXvSQccjWNClCWoNaSwjhIv8wuFglWHkGcsZM3d9IKY7UXi30kv7mk
qajARGvlg+8w+40a8wZYmQCJy1wnkVyvuaW6Jq4hR7/ZwMmt6y3JY8nfLGr1YT6B
fr3lGFTEzQzk5mQye+N3YLCYnwT9KhSSgg+V06dso48Zpo2AMDY02JoLV1t3AKvE
nTrpe/DHyxYNPtYY28FxoNuVlDW/kG/qXrRKyxxZ2GpbR9Y6qSY9h6CPvTyTZ6wo
yUA1gm3ktoXfejYmCoZMvPGzyMpNrCj0ugk33XH1cNLLh3R3D4D6usVd8w3tSo2S
PjdIBcP+aeze08jebtIwslgK6zeAdL4w/zlflstNJ2Q71t6uvWQQc415JVDE6Vhd
fdB82xfDb3s5PnPkeMEb2c/SWretCw40EM/hQsijxTTlDBCrHNxK27JMvRyUryaD
85wMDjs28yZtBQMUup8Y3TxOBr4ORjKvc1sIVL9RJVefcGdUXJfEx+Dluzi/i31l
ewwRa1Oo+mkm+8qiVe1Tv9aYpEizxvlcvWhkxw0LyDj8vIi51cQBRZE00JTTjRuJ
D22uM4nbR8No/8hbHVQQt1yKyQlLbqMEVr9CRAgn4TvYzmc1OmPCpIqEa/DqioN2
GJ6q+WFNxcicsYYsLhT7eA2j5p1fj2DSRBpVsokviS8lmDSZ0zs/omTf9L5FNFlx
GfVMagPj6EGlvf8slt/jmvT1AlBeHupX7gtHDn7JvBQtol1JbXMzpEBsajDinUj6
qhTUpG0gdWnJlFHxm0ylSERphReE+2qrSuBrNdI637V4Qv14IICG1ogWYNbI2/5+
aKwlCe0MDhN3bSM1LtdyQgEsdQRRaxrmHK8NFcxyEHtOz/Bq0puQAqqO9Y6h7DLQ
8Tgr+BmTdYzNa3emXwLgV6FYw1yt1hDAJ9YRoPcZMPMcN4ZP1eOlJ1ZtEje9OVNU
s34BNBOEGODyDmob5pv4lK8iUdiY/lIanp9S+zbDtpz3zL3v0IfLkDZNTO4Pg7Q0
0cyngm8EATxUa06blFvGyX0f6S4TV8O/Z11qVyfHOZl3qw+pant4t6sIev5uvbpZ
UOsO/y2P/85CajePtDCCxsZxzD5BkaO496m+K/bmJ7RpnUEPmhAdih6m/RZ9jU2R
JO2NLuCZVICN0tRcyT8Pn+JGXqxkXFz6h0RAtTqrqDlF8/aa8QGzar5Q0a3dAQ0o
SUZXdc2vZ1hSRC+Zq9OtPgP7uesQzWTmheHuGQcyul5ynMio+Qp7kghn/ciYHY/+
zKve5TiXRhomJ9E9lGshmEW59lBxNik0pSEAXNUCYx1RIoN34+88H4ILf4eEvGGM
QyJwNmfNOyTuzz9KRuuvsOrhWAzQgw3Ui26/zV2Pa376ksTmGa1ArLOACnooBujw
rwuTV0q+fxvn3pqslx4JJFvTupB0IHxwLB5fr75p7Ccj/2I1SjgxQAVME3+6OnEv
efexLSpN3RaJzz2aM2W9h9nphfp2tJyUmjQfle22zBPJEh3Z9uD6Xl7+AVrJb8Dn
2lJsiZmzYa4LmElBowBHpYO0GIxrtm8up75E1LzAYZrjcd8oYAIYHK5sjwa3Zh8k
UUici/Gkc9RYdRyjt+K5ct9mTvb4efXUdgWn8pG5kUo0yYIbMBgldzYVPEq2QAkY
xn57R4ayJG4PnbCP1ZYDRHh0oL63n7Zjev1Zptm2MLunFcxMF2ayEqVPyTYJVFkw
bTS9micBXwDOHEqMOJWhKLEu6nmXAUkLj8LlC8wqhc67SeqxXJkujV3uCotS1TL0
1oKgfc3AX5p7mTS9+5amP7LIrGMgzO3YFPpIWxu9h4/KySVl+DXzPc1tOH1DnZQc
9y2qORe+77BREPuctspHrLXrwp8qsnXaEMiRQA75SaOrYznKcDaLKmP/ZXdmcTYO
bKYT005/ptRTsB6k/8XPAoLIa1j+ft3C3aVITZHVCZXUHoCPyroOwM8TR+VYxR2Y
roXvCXKovFIqqwMVSbhIO5S2VgM5OBib3DxzH8ZK7t/v1Pj74LaX8mDqU09Nm9ey
QAvKjU63I7p/DPs02cezb/CnU+Rr7aI0x8gf6Em6QLSwGuLGIVIsHSvgP2Zbc+0f
SaQmddLM32r37K+ZKQE7kvasMwFMLIf2eMm22odZKH95+G5/0FzswmjczO8BdTsf
dwwY0oSjplPfD9kuMRpivwoKOkhMvJZR2cfzA7LBxUYQacfUogKVCHJi2evpQTye
7PY6Z4n4pnzXEZlZZA8CZLMWSY2YgZ4hXOtxphMl4t4iZRzqAKTjETwfw9CX6PYA
QBZ37YmwzwznhdP12feBiFwLbg0ntM0x+XlEACRYxUpLEdsZ0/jFhAoAlM/fugrV
QRmHYJ+Wk0V1AlDaMqW1rlKho6iuUe3AM07yWBTEpTn3JzKA4b+VAbYMKMa+7BrX
yW1rOeSC0AiSq+NGkQygcVs4Apjyq1/cz7AntiWfcQHBlGchFmC7a8vNs8pw+TGN
kbW6VmKFWUmP9WJ7ofx/4Y0eFk9CccziT6sIx1amsXGo0rHYD/fN8NC6RWMCX96d
St44vl7XJEFHl01SITBsVsi+xcHQHIqwxy246J9zOU7p77hAbl5GsAOFAoTRvnQT
/KYjywjfS4oKTkLKmEIbnZMA5g0+kcZAKjW9Y/ugnvqhWWEV6i1HLwXynVHI7Air
RfpZUd6/ysVK9twC/yvaUOPrAcpcdJ7ropH72RdCZ5s+r4mcRyDcrbIIM4fP9o/z
2RDaiQYd61R/9ZNI69H7yi5Ii/xtaYbcs3ZWgzlTDG9JScle1R5WSM0TdiuKBTTe
hWx0+ZNHlLMTVjT4CT9xGA6KBC/CrT+yhRgPEu3mV0RZuEJDu3cWNIrPlP7gsGHA
4+y+4OPMb6d3S0fr48jgYBp9K4qutuLHxrfZyPC6dJX5CFYIZpeop1IBkdW3rPro
5bmTjNYCBIaavEqRYyLSDQ+qwGb4gOYWKRbZTbG8pxLL7MeHwdl0f463r2vU2MpD
gjNOoutOuKQh/N/vHNCKVdWBBrcYzTNuLU2CeJpJN+xRrYMVlfF+26UrDQQgGdl8
tn7qb4Z7bY23Jtj5maPeRdoXYtCDG1xne/DNBNoFWBXWoxXUDHfu6aiP5AsEHtT9
v8pajWDERL/YPjHhHZqGVyk3ATgUT/ApdgqM52ip6qIUZvqYqaL7RY4Y2Isq8mMj
BXyzreH0WykoNYm8a+6YIxPavrN52H8/zqQ2xaCtX6/gzi9A0cuUIKiG7n60wUf5
164pT6uGSIOcSScR3jZIKLu8aTWWtSDR/JvYG7jL0y38K4jBBn/r3K4CJ8bsm6Ub
h8DWlf2hxuyXMU7qTelj7m1xkkxqTjYwOArCmCr2wWl7HSplh10sEj69KZ9rPceg
NuN76RvLl+q2svN7KrysCR/oZVVTBG1ib2bBJaKbT+Pcs6KfzPUtwUrlIrGrq6vE
nMBkABbENaTEjxvKCF3MIfVyygg+eS+1DhvNwLwue6zaWwShdZD1OmgJA3/OPa9l
dV/y/hQqbYA0PPLbuzopIt+VDaU9tieAF6bmVMgQvAJ9JXwAeyDktWsHSN0yGYG8
LT9HqqfQxqv90Ao9LAm4rj9uw9DO+KYOoMo70oMWK0OACahGvZ2N/fHx9N0Bxyle
3ubug2MyPeAkuuMNy2N6wensQc7kqsjz1YyU/pImoWEFk5nqfbbdNnA9Wt//PjGt
mOyoi+hL+X6XN1Sm5ZWEqWnMRcMSc4m/5eFZwY/VNABf/u2t3oRZmhnEjigHVSDy
/2VIPlwYcWQs0Ms7deiMHWlGRSXJDDia23xYcixumkTS52BC6f8pnaCK4687IN8i
e7lYXrjmHx3VafW03Fyx1OnOT22pLw9stU6BPuZ6igM+Mn/cYnjnEtaxlTCHr3le
h6EkzWuzeU/65rLbCx2x80tH42wafv4Bcp+TDiaSm4ZGEMKXOwhbOXm3GtuJy+T3
m6GjxA+aJLVi/zJ8bIYiHBRcAw8O+O6ZNrYdVcNiLYS56v3JVafMXyYL/Bw/pjmz
sFXNoU0W26cGCivpGCJ2C26RtArkSHArxCS1Epudz0gQXLFhMUBBrQca6JHwQ0Tm
JPYBqa12WO5Xkca6uZlYu9m7sElOuQqHFW/7fLr1Hh3PdYYl/KucS5lVy6PX63Cq
xo7Vkfha3PuzlM1TPWC+QrhXu8bYCNU98oOMv58Kd5KwwQHM7e/nX9O9JIfBFS68
7KDaiwbxUcqqs0MUQJR5XVgqCb+7X7BvlkD+kM1g0+IZtuWwospajPbcdmfIVS1r
xziQtsdVYmNM6SWJ7ju5KAm+x9DB8zArJA+CvqP/j6FJW7DNBEgUqGeAaHTb31hS
cTwMzBVOQtzZw7zvt0VO/mYLAgkcK3Y2LD2SYQm2b9/CDPE99oe1uh9iIhWVaUwZ
5tFmyl9YnDN28VNQrkoh2fMWgtsksIKfYoYo6ojDcp16bnbV1atmcYiuk9DW+KzP
bDpRqBtQxE1qlqMPylW2h9nCg/G2HPRpvD8v5x3nGnxIPJLeAcyjFLx028Y4C/Uw
T9849lH2AexsS6ER5CPgwpxbQUaCrxDEfxiKIsbfdGRW5e1FZs2Av/sZvXzqXDnC
BC1TLXLuvyygfrM5JQvQ+uCiUt09Vkr7xe/hFsJjHQ+u4Rvjsq77CP/jfcO2e2q7
AjPUomSTxuNJgQXI3+NbqZdPekDM6RalOeIrQHfYcwHM1OhSwoNDmPzTkQdsS7yq
yy35kKQxQTptmgVLkICgAwwPib+wsNAu/RXz/vBSwbRHuR0p0SVZ9+Bgvrj0UstR
xdoMKOCEIcWVVC1t1cNwGsKpA6Ko2bHgtCM9mGA6XCwfIbyuMOOon7kTep36fS7o
tUQntvof+6En0CR9ubPKXmU8vVBOIs38G4cWgItA8FMaWO4dUkDTFQFu1ue1dB6Q
wtiTBLz5UNvvSOSpirhy8uc0dTzvDUBCF5016faeJQCSnWoieIHl+QpOWE9hO7W9
mGlWqaPyfiea06CbxiEbrpaWxLNTNz2IqKyPmoH3i7Bxq4J8lqRfioKpI3WxfrZR
wDfC1PlmBS+ATaXJZErQN0bfEureeNi81zcMnWYgQC3M/ztH2OuhdE7LhKPgfrqg
RG60ZbyUi1/CgmvLseURiEPk7ijateMeT9+6AkYUqEPp5wxvqE93JY6L5tLpTtdf
xLTyX9lfH9wxOmSN7tEU+M/65H5K81hJSi1bIcwOMLV2271XHYFR80YgAPRMXIx4
4sVuRm/Q1rxzJXzWr37rVIktmu+nXIF1VZ6oX7awvKF256aTuNwigqz7bzJgtQ8K
yOxw5GtT37d3uQ175GvgWpRZ+joIGGD0hT24I2VoZS2DCUkb3FLXfRWhaj/6JwIt
MszrtFyWHNCfYXWYzicu2UJMYDLqkL+B8iN96c4niqA8x7+CbzSWA14M6TTEq3ym
oDWeGxZDFu/zvHcIDXOr50sINn3nrMePiiW6/JZoHlZ8M7geZwk2ZboVz5hfN4c2
XoF3Ng+SVuJJWveUlDbr0GjOnCp4jyhrWhMDNy7DDy5d+W4CEN9dnsV7EvSN6P1s
MFnmX1AUSZhswL2pGdgP4xkqyOV/XHW6XbRXvzFFSR3cMXUws4tYMtBq1DnHhILd
6ZNDAHF8eRnpq/kYNAwslkP9VaqfeAAcVeVByw+mFEawphm2aBGKgMcDWld6pjmO
iGhD5DdTh8LpjcOY/FaH0ZQ9hCq7cqR6pr8tvSQEacCv/t1Fi5+KLwxyMeV8PxjU
hTpOg0RZ8T0sSnkcr/2f2DTBs5iw5eDfg/0EYGnPBAHFWVSG/8urdtxS10Y5z0oH
BUlzo1hkr+AkzJncvNiQKletsYSLDSDnTUvOWZXIkwcc2Dh+GuBbafg81f1/JqQ6
eVyRqKflV7mRjDnz4Wy5HiirYBqyBm+/OQNki6/zTnxyrwBjUst0Ja9eZxmtPddW
WHFNyylbZetzuV27UpmPIC5n7kwGKm+QrSsI2XjiJkVdeFjQ/Zxr4QJbGylmutiT
ajoBL7Yuwkd124EzSuZ8ujRgEN97hE8GzOtU+FjcsLQO6oxc3bcDq1/XN0C6OiSh
9fE9Z+89dXsErjWcsCLdHbbwHKftMcAZk6FXMrsKs86HlKif6mzyKfbeNrMFxvpm
H8rCDvgZvCoZCMpjAg+EwO9d5hbGquhl+ppWJvOH3PE/tp7tp7uwvK+cKz2B//jN
dLCs4ptwzKUM//NwsOoV1wQjcdLldhpCZLjhU/ggns/mXQQ2aKBFBL5CN+BJlA9F
s/J83c1SADmptetbvPOu5Tn4GviRT1Z7NVRckPWwDnfwbMMd2HeZik3ipE9+svhD
UsukspI8ZPhQwMONZAggj0Bsg3fK8a23HxKc8d4azPKqCod6g+7anYd57Jv8BY8K
BUILTTHfhY78LsE4y7ZllclEQ7rT8vHDRN9waB1ah4z1tWcDHQ9d6zYop312PnLk
DpRA2WP9LCe9E1qHM38TfrmEJU4Ks5CfVn/DjthnATdWlRF0WejF2K2+T+KKAbR5
Fwdncn8Zxtcp1AIs0fog4GhBTSn3GCkf9vpWQwf6EZ21OXgu8fAr98HILUyJuCAU
zltIsc/wwhf3rlNv5vZLgflNmiS60E9uO9q8xr01GBhyDDJCTl95Uz2FgsR/snZD
ieKPCZbB22svaqOp6ISyZsVgYPrNW8a1gg+6NFNs4cnTUJ5GmB6q1knZmQ67gt7p
CrIJgExpk1TMqbJF5Sjs3QMaGrBfJNzRAuT+2dXT0QdjNO6Zx1H1Uo3pYOBxT27M
F3jF/qMA+5PbjYcBsVRtfyBCk9sTd9Y1abzvz9/GXWbsm9LTMMh29k72fAzpp1kq
YVHHDD/qOS1ZAl3wmWM8hCKPdxSdD3oz5okytp88oZYmYmBmiiPka+tHNa0TpZFL
TMeBsmdBDcf4Pd6hI0yiZC6alw1bKzlxTUhjvNWjiHWSfu8D/KV2mEo48lheV5KU
7wF4E0HDtUT2Gbh/i72AxUhKFVt3OAXznP778WV9U0JZ+R7R2pFmsumIXbPezjce
5caqAYEJ+frv5inlERetsI62hRCR+8ffxU3NQL9ak5fnUzK+pNdBHnHj9WYCDB+o
xK2NwCIPxWsJhmZmtt1pvu3pEmqSHEV2xj8aaUjSBv5Uohqlt7r/ddAwZ8YLvyqt
Ygj+WwmyFYISy5m0HppN9Mcg2Nj7mY8catk1Lq42tC26vn28LLWlV8L9bCD4UaFX
ncCMqT0he2xAi2Zo/7WUM1uR1RWyS7//ujoG61TtrIOnNa49msXmL/8Ta4Zjfqk+
J3uT3XHKCl0NRR1bdXH28WYkV6DN656pAhEtZ0VvXHx38lnJpdMft7HLAgL4uJHY
BvthN6cLtYmRGfHF286cdUVgJdf8pV+P6nGAaUOWVW38bLpF/0WP9OXyLawIRXE1
SNsmCnL9rLjuzFuehV8RJbSVK8Bjmu3RhZ/48WGI7KdlC/e2vjTPwsHSR/sY83Cf
UxXshXN9a4PW1ymsvUcrvOBB+uxyiMJ7f9eUhN1UVoSmHGgUL35iyCkdaImSPoES
kOlURsLkj+KCwGjPUCn6urEeMxp4wuHglIqgVI1jL8VlZJJpEWOOSvL0t7nHwbgQ
2+3IF51yUYzmFsF/ECRMjBiWftjIbdaUn7w6p3s/bqL1RoXU/fGA/5bpDWHePsxc
V7jAJcqs+4Q5pBKE7X9Ei78O4UWqIigJgJC7CZrof7nUdW25H3y1KOP5nSh6Ae2J
DeFRjmDvd54EiRHLUXtzRJdnNpoj4rvjrSrFa+CMGe7F/hO15sYZwXtlKJfA/duG
kqChXaolH9NKf/e36Vxg+08uFhHlmOR6aXrxvUEGegdQpWkaZV6UG6XWbEUmULQU
T3Na0TpkxBEwdpox4+xtqGkfvxFUJGgI92QJ48pRygx6pvWXJKm5RScTm7pWMZ/0
FEy3tSz15JN0enJkGf3IudLI/u9r/17wZFfXKhmf00aVJ8Lst+gP7Zy3k+RXgO9f
ShBTiuWqAMRgmRvLH8yS7gWLEZBnK9UD2GjsAbhFXXCB/THuum+ThOeFRHzY7YK5
z5xCOKCC/zwOa3LMrbT04uy3IQpR6xB5Arzl7Ixywrs3G6VBp3Zn6grZfMW+8juH
WGM2hw16ip5IiEt/quwv62HKC2A4ztfdHscTP72AG6kztD1NPXW1OndFkHNpPGh9
Bag6fKQOmm2NPYyRDRO5Ct/q3vB4Qz/hyJO6gqn81ZXWItaOko1ngnzrKvRYmfr0
IS2jRy8al+UUm0r+6Sp4KsmVSfdQHQTOTWBIPdNbzqjdBL5wnm+NB9Z8fdi9Rg1+
al649R2ckB2VZLrTFFQ49LXwnD8TTHW2J1EaT9fx0FqrhQrIHTW1sxqfY7TWrR5M
b/MHtqlXi3kgrcPaIeyRx0lcBbe+QthpYMNTwh/xz4fPux415Z+I237b+usFiRtD
OAFzK7hjVqoeIzLOJn83R1KhD8PQE9btv0TbAt4iJaSG3Ys+fcQ2YiJyCRIJTKEq
ZqOoy3tdE0c//hOtE+cQk7bsymBXwhHKR83FAIpIpwAuUGY6voLM5I2LCXiIE1Ma
trhtrrOwlPLvFIv/XKEQXosbW/JpK9QvSrjIgctdtV7msBzwurx882fbWFHYGUK1
gb6uA6IhFQZ9pR4dzxO81nI2ujzAmNfZ9KCZD0jRcC00iamqh9sEFZIyECdrqEh7
zDPmlzEU4rjV3v/yQ1uoLaK+Axm4eWubXKl9dtFRVcFQf7vubixd1w5iBjoDOkCK
o2XKkHAu1CfPmiR7LzHyiirdV3D8/1AqtB1Bc284pDRdWRZk5IeOXWLSWqmRPOwB
UdL/FcF33TOvDV6W2PCkSPIck9SWkTAmoGnLIkVCafX08D8bLOk4EaEgrDDD62ZB
0CHkTBPdvrtZtQJBYpSWQvFXpFqm6FDfprltmzESgGcwOUYMVyA4SEvXl53Co7q3
9Tt4lzG+AC94sMxixWYrklqRGDhBBaotLkoQG0/TNQ44PcyDZEIKXZFKSOyHBd7e
7Xp9gMmBJyG6x/y+30myqkRNikKxy+RoBwdiAz+eGq8RHtkfoBfIG+GcoxDYL/jG
aHNijEBk1frfCtabmKZAcljl6YHvW3fElo/jHfrF97ZfKZ72kWCpEACCTofIjN6W
YwkdQ+Li+HxMh/JHLGzZthclAj7U/AW3ukDFZf9TS+gJLmKweTJkJL8PsMyc56j0
qwkOkDNI5MXiT5eOA/+cCIH/ftINOV2AQRgWsZI8uDHSKcJ55FQjKPLwmblMZO/n
n6bunG4/HZ0tLXaMm0JcYisOmKBiL8+bQPrQm1wPvo6+irPqGS+Hf/iWZFQ+myu6
ZjfaMcsuEyXvkGALDxwwchTGvGQPD+yvL+MQV4+M1tOicMTHfpSgqqjn/IjayjUM
LssOU6MPob1c24yex397xfLIqMV3xq49dvAa1ZQpEcQZk5eO161OR7Xssvzk6FeI
cLZSTgxg9IM5T/y7aUuOHYKSwj0KBDttRKTnACNqvEHjB9yAkQ5En5WNpgCO0xHf
/HTJ32d51o3oEfxBlRDyDHtZPAChZnDYhgOfNiS0t1MfyvlaTNu+bSmh7GhYgtxS
29whp0aGcL8Nm/BUhLiVKHUKiagAhDG+rRlYlV1NFGubUwbLyvjMd5l/fs6LWxJq
dINva6hBtOB4eCTy2zj4l6RmAhIDZtrH3X1gC5ZBRI8togf6rh4zeyVg1FVNZL/j
+/t4Mp/b1HzSux8D2NNpGFAiD1wZR73j90xbnx1Z6kn8YqpoRkp3xT86ZFRvFeL5
y+wgr1zMD+vbOpxhG24aHk2rdkiAHcDuRVKS/YKbdVc67Ukp/tAhQOOcZ//BSfV4
Tm4+BGMyqJNnW7cOoJARApe38p8wNW+lwGPHCMf2aAUI/fJTXrUF8KsxPglaelhP
UBtNrdIwb5bvE3wrQpsb6x1mxQP9fuyvYqpy/LGV/Q6U4HL9WKascKzFsjSL/D1U
Yg3WYVHTOH8BXqoTpInkqb8LLhGmL5uP6E1wWNsKqrFOjg2Nhw607y9yTU2g/Vok
nkHTVAM0NUw3ZOzbwDrPCitXLtRSKpBZeA0J15c3s0Tzy71eaLusgRbrMEu1RnCx
EnoeTCRQukItkld5qu6NO9fURjlLHVlFH2KMixyB0ddvG/0/A82Lsi0yqHYlO5no
RjQslKvt8YnKY4mUZaBCBB2dspT4m8GXLtwUQsqpeV7eROIgpCJEdfh88VtC8Qx4
RTejrvL1lHhVYiGW2GdSFcSDjfqPh+rXvnaRQ49m0tCyAybluu+5I7X+nrqvoQqN
s7eV+HppCLbHtpqzyiILZzYTZKNCg9C7yXs5OiLBxWuVDwBO5kbbwHPCd7V2dlp6
NX55BAYdYlFu4ZqVnL4E/yZ3rWb1fJmIzFqbt8/1LsZ8aACoocGZrJkKuHF98XVB
Xo2lftsVNW7MPCRgXTpTxrZK4bdsLTSP2KZkUiQ0CzSdRU9kmr1xvhPFZjPUEQ20
RwJFqOQ1YHVuHKnnzDgrLelQmvBmt0owpzvsQstGo9WzLPTBDermgJsn4UH2unYB
1ebnRP9xHQsMASIkuvYe1oC2kWJA19KPQc022vCsbBP4cC12p4k8G+2MegRJsNJD
F+01R48W7j/dvlQW9Cp6n8adzE+o1jkgnyJ5h+Z3h18L0KDbasd32aL5jCYdautp
KIspi3YtHd4dwkFBvAoU+URFgDlKzMeCCdFS9sCUmqpNmNqIrPN1NE54D4NzC11l
ZovonDL7qgT5b16WFdFJAxgtIQslpfc8uJx3bS/k79BU9nfhtg8GU1dSvCpwD7qt
NFsW6xCwqSAuGu31sDz2WKhOOhpwg4dvlUKx5RhBWtB+Ge8T3oiWDIDByh4t4/jF
OPDnyX3hzAOIR3clUbhDxwNaG84JoW6RwXowcYsNXniOZac4uPW8YkJruKJmyU2+
kptjdFx3ZxwV0PnGTim9w9lOZYHI8aENDEgHI/vsTtGxSgwrjwBqlD5tyDrPM73E
RP99XYMaW6TkSNcVXg6fW8BODjExQiy7GwyNSw4Ad5GKZwxyeYBa7GbS/KgRXZcB
VDSCrajBTJWhDg8ArdmQdoLxrA1P/MzhuLqDP5oK902vlnnuxpjefD0nWON2fZnr
iTuD83Man0veGk8LMplrpPhXYo+XixNT5txDFo2Z5PPwO6uXshhBtq56ixHH4/kf
2Ii8lfBXPawkClKpGM7rYRuxPiGK57NQyX3IKI2bMb9v3QD8YEbDqhgE8mI3C6YH
85Sus56g9TK6/MZHKW6anNEZwf16capfiGyYY4GkhaPTvL42oh50bQjd+Vwjuw49
uWmy4+DJTxVFJA8ea/GjGYDPD8UTRZTR6Rr7C5j3e/OWtgXDAMLZGTGtjbAc1TnT
UL+U+IemEdsZE1HP29UXP+uAFIZnRFNvTJIUq4y41YD0pjq9+bCfd8T9K1aXJegk
a+dKQ7SEKtbiSiKeQTt3HhcmBrw3goYjHOd10GSPm2kV5+Upl1/cwk36xq1KM2B3
Mo+hI+kEbGmkJBycPX5A2DLIyGfJNE1jHzXesa1mNCRRwEejOqG6A5VHi7Or14OO
5EopgQUPcB7H5pHhfRPc+8fJPBb/Q3wwF3ImQkinbNzNX0xsqmJ4dKtyhSZfxVPD
6JWLP0DmiSPyheZVCjhRRBe2AxvWncsCeZRlSuY5yaMN0Fu7mzNNIAvhxGmUjMgr
e8BkZrC1VZsiMJkWgEhVPPN0f+T3irHrTbbGIUYdca4WoaSb7pQ98Y/gjEZHlGd3
Imbu2hN6ysTofTTGzV731QxAJPb0XXl59GpNjQl78a/bmoLDr2NFRUcoGAinNMDZ
nz/0JFPoIPO4PcNl8SX8/VhlI2gVO+jv8QoXEx41B2whM7tC9vMkGQ21X0uJyu4M
6H/5wNz/0xFfSL+Li1WhNjMjuoASNNUM8vUThAXXwt70wI1CmQNzVl19yYqP4OjS
rsO51lJfhsROt3kc709dt3Z+Genq4Cnogsmr4GD0z0xa94PQqgQKUDSKw8AIHTFs
VOfdYM+jehHtizJ0wpUvcMu343d2s0PwbNIqWbOx7G1oUhWVEWNTm0o/nvpSDMWb
jrV1uw9hBLp0sb7RvQSye8tO43vBw6qmLvibGtLi4SjRmV+xFFWDSP2wqwM3EIgl
GcnNpZZUG4w3W8nbKfpC63H1rU9LrKpdSHEAEDQ534z40ewCECJBJhZdBmnxEZoi
nO3a+FtZqAUk1DyecOrATZ6h28enm3XvR0E5eJ4h8y1eBndxoxk6lo6uPAlmynVh
YvLwNJcJ6HALYYqtkm72nL/W0AtdsgXNofZ/4Egr3rVMkBABpYrdPuJgP/YWdHqy
AhcT9bTI06GxZka8a0oqancCxGRLWNpRTgqHq3SaIN/y459WVPguDltPmqJoB4G+
GG2ZClfrXNYna/x8VvDrok3K78sBhxoYKiAOt8osbtvTmJ3BOF8C5qn8rnMgAE26
UUdleF+tG7M5OYCPCf03sqTxwCucU22BuCLz46zF4TmvSgVSB2QuBOimITt7qxch
aaeWVlak2OVlQmHMLrjDmX/69KJ8kMJQWvT+B4Bzq7jjTTf8Nviv7zUU/Wg8ZiU6
as5xq+iH9+iLejm9n9mZ0U4fXHfLr1fOyQ0InOhcivM+1IuJdK6UvW2WoxMzm/EL
m3t09g1I3GMqZboQybDFJRTp+zf3xzuMA4JcDYtcgY1iV4UkdOlCrUPn7MRjRa6M
aop0CviD8/twFsIIRlw9Df7dPEXOJqqx+pUmjzzOUPromKTlXrqesphpKBZjPqO6
z72oP604gtfdffTwDeMHC6EaTm5QrNXo8dJlGUpCHINQmcg4RBu8uD1Re/yMgcnb
zv/feZ35SfrXpFrExdWnRRmqYMNH903HmsOqht+RAfAk7EN1rXR61ema5ibeBMir
go62//oCNDzJT4a8aVVv2RXrjuWUGnPcSV7VcdKz0JDIallSaSxuu9xj4fZ5H60d
EZH2YtjTZqqJqGHRzBGnyJLXizG3PgFE6TtGwbe/nV04kD9XFWdWpTIC6eD9r5gi
ar7oLcHuwAnkIkDQaqR5GcY0tFbRZppFpabZFBazagNLFIhDKfEH5xaULPPbTm6v
5zvxZb7y6h6K1QQCUAU4TmuSzNTQU4qb4Q3K6k+6pFaCIOenAbDjAeIWvQzLJ9N8
ajDpvLVZCov9l3VtRKgbi6HFAwNHPn6Gkql0wpfvzwijvgRjaFtunLPUiFSVeHeA
ylTJFCYUq/XcOjgDx0EIslelTh7Hqz5SZeRUaxpJx5wCCnwon2BFc+gp0dAeEQk8
P0Dkz2C2HSBsmp6bh38TzMt5pErQ26ECVWda9+637knrVk4tODKLhP8/qc5R44/r
bmTiqTOU4OE2wbJyUa6uVc4yUrmG5sA23Ewniy81rH7DtvSdsSxh39h7rEmUWcc2
N4UoDvhYyeOUaH/2UHAkrzrZdJPnuRgQamQNtc6ci1xIzoAxGN1kVCnwI0eB1bHP
7DjcVPYjDHC5W3J2xAS6CQ815mqJxcbELSV3HfgO6zZRBfy8bgDxBf779rgTzGD+
dF2lGyKI+mY7xjdP6ROklw5ut8M5P/jduDAFXjsbPEbFz/o/FsawR5eDvHadpqU6
v4mBdlp5mPIwQjxgmdP2jXHrzxsvA5zniszrnHSA0I3JcL8nqzVHbxVbOVH5ucF2
tMitym+F3W3UhjCCepuyUQf9OfF7ZChEuUPjWKOTdAM/o4uZZmC35zA5LFdHlqgM
cxfZKwq1/3fFA4Awn9TZzoODeucBheZbsTN/qkzg3RhQNgL88vh5QLTJDwNuNqPG
oo+c0QcKDX5HbtV5kJBvyAInfb/+e6Xz28FLHD7pPYvl00p1v0RgShpuzKiJNuVr
jZ5qqHRHIVoMuC0GiUZiAKCc434CvxwLDKA0pRXwDOtnnHvuoVQcmm9Z4CJg25qF
Ov2qilwse86w0zN75k7llL3ReUfKW+Xq+I7HqZuuXYQRH82D0/NHgo9eOGCOZT5J
4fUtP2AmwBq+EHZyn0zgYHSpcBpIVByk+GN7+XE+slMVac3yxIvmh6a9IuNSkmzS
3UyRLVm30TIajQzIRUEYIBjiYvKEtMiUHlxznK9kiM0Pf46ZcAI5R6kqfhr+3FCb
xG4Rfbc33ANYxOmoPbMofKfU0VXEi5K6CozsrvsMhJ24C35zpygSrSsVCJPSWpwV
UzX4Wn9xXFSAHUdhb00D5pG+BPxK7YJxs7ML1glMBKk8gq4XU/1PB0ag2l8GMatx
GRrmcfVUsqFFcmp3FwgpuaxUx35XJ6jkoAlzY4feqb2aBWw2vSjM33AAHyBMwuii
Ci6GhiB5fd/Yl5mgkzXV0Gq6PBV2bT7FF/mnHV6S1ldS7iXVvKrsooUZlGcBJVOA
GYOLv9CKGeViRE0JoiE34n4d+RQAOp4L2vG8k0Y0lHV8k1RIxANx2E+RLOUDUnrL
XamDyrq1CG7OpIkLgNzMNv5IsFlZH1CKEK+pipwK1p0HmnMs3JAFYm6GctA+gtVL
xlLC0m/VyUurBgCc5nr3Kbffi84/VPeiaZdhaV4rW++zfndQDaf4Lo0fQQq+79sB
ZEWVTyxMqUAw8rE7HkKUoKH8Z0xf/KumFCzc/GewHUa+n3LVrOesCrFwKRzR/SPs
JlfrE/sMVjFrdNoftMII+pJ4eF64lR6gGhrG+ij9W6dOqTShjUVWeCqg6uyVkjlA
heQtx0ec9SWcpj94vsxhoEtZ943IaVpQ+0kvhoy//aAFb1GMGzxG41U2+eZnnT34
gRZIfC4KFukPBKK/V8xb9CMJ1oIpB95cKDLt1NswYZ6XqJ3mazC8g4Lnd85wHyaB
wt4xiFpve7CWv+rHrQi3LeBW9fFHmmv59JJ8zdzD37rOswR79mQi2cDBZSddWzT8
zT9frUIHg61/qOm3S5OF92/IINuAtoAHWi8O8h815uQUgLnsmw8DHEfbNk1e7PaG
IxUnj+7Y3Y1/njxWAD4OQx1kq1mdmsqLRxp8y1izrAG6gfHQrUpHY7HLvPjI/kpd
MVlxI+zMRZO76EIfqfJU50D+1OzxCTe2sym/GgYxdc3pbTQMlRKEf6G5lghrYrKS
K0OoBVnHK1fz5FBswO3IWJ8ozwTyv4mTjQ/ZtkHL2PZMH35O1o92QDEw3571T3y6
ihxG9ffqvOaEedZoCmE5ynrQvc3WuZY1GkwnO76sXUVVVUbPGNcqxM9suw0rv6DI
PoJ4BQLAF4kGTj1/+YwZAQUhrjmzuYSRY1zv78J7NyLuSsjsufUBEsPzTI0MwCXy
KJwrLAk3++szq3Fd5oiKuFq0nCirc5kc4eXheYUb5w7/Vgy2jfQTR6TleLe8E9Wn
5PpI2xSSp4/xFjLrK2wqRYbI5Ga0WJAO8SFZU9B7QrSoBVf0YltP2iUAkOxQ52NQ
6eo+QZPWyn2PUfkxkOggCP+HeE5ZDOBf+6E0kMFwOqoZoDTm2ywpEISYCUzDg+vm
k2J4rodlEP4r2+Q1BpfJP3tPDKo2ZPjiCX7/88HTbl0c4sDeS80KjtPVsxOJpUG3
IGODuLrk4uPOpcOcfUcxLo7SjFjWpP6Wk6sdWjTOPj8oaChqX3FvJCKHv3sioLCV
rGMhLLpH+fxjxskOsFX+6e86i7OdoitH7zycWaV1M+qh3VOUu1bW4L0MRDU6dbMq
vTHKE1HALdwxRBJF1Uf4qBNuhcPCXAdvBu/Qs1PcIAeQoUCJmVlb5lCgbrXmcj38
z06Yx2VCCuwycOMBqituwxbMwq2B9cfthd8yFsPz9WgQRbeZvTYfAeB91Rhpucyd
V8zdkuKlfv360f56OUuVoAe70AyY6mkqOJBMNrjyaGbGAbqpZiv60CTyawm7RqzE
MRLl/qn1cZl7vO6SEK6FuMtfQbUqfNt5JHMh2aIVFi6VrLj9bAtj4ItiWXcPx1Ir
Dhao2CFgXQAPfnjZ+hwjiYK3nYZnBNHzsAsO3J1/ryWIAopeARIyK+OTV/x2ssUZ
rtkU8asqTQQ4oZ9rn9DhpxP5Hj6XZVi4EjCZKcqx+e1quYEmi4l5o9TV/srfj0SU
qmfL4ZN9/PBxB9bfcu8c6WHZlkyRnr+XsAkaHRtIQkiI/5oDh+RewVFTv5PzZVEs
MI8Oofhlhdenu4RVuD/iJQ0h97KjfgFypkd0dXEYfeUbv9uAFNbJlo7opINHHtCA
E1g12DCBd79e2F4hDQXiCwLwUZdRmgkE/2gbkub29p2v3cSEeU1B1BpCwhq/2fdq
dWc+k3QUIvlNtGPbmkCRkobmT7+mvAovKS79oabXdqcsvJa01tOHAlHSAMP9Sc9D
zQ7JUHNE1B4n6uRWOFbQ56jEKAblK2JzJvZOY8cM/qgt2tWm7S4NVnEu6+O32uGb
M8DUqDUU5Y9JbMcA6WK+sa3ldOngQPSMlh2tRpMLiojIh1UOi862h96Ah1Ci4ZxQ
8YczqVskGrLXzWAac7ADUisRoN+afksNPZR+Br8PsixIJs3HkcmFvE8dZXMJbO4q
9S83Di+y0NYYv89jl7IuJ7TuYMVW6hZVkmhaUVylluUKFjFEfJKXdGEe6cvBVvdM
r808riCX7S4+/KTGzV86KLJ3ETbFxZ28/3DIYAktOtObJumnLryAVa0uKw4i1zHq
8kWhqq0h+93+rVpmurYCi4aNrkZdFTTFJ41TEssL4ddYxatZQY8Xe9hUoEXdHlZs
hAGxsYkqpv5kEXUtrbkKwGPXWJH1R1OG9XM/wMGPzSHUq4pVDfKatI3CohZDP5E9
8Gck0UDhUSccrGCnxUoIHvtwWsee8I2kBHnQblT0lPg0Y8X7uT7sUVg2vu0jTtqh
7mGLd0YP7GyFOyro+1GTNas6EpY+Fx7rg9whTllRi/6+Gkpz0giRgUOlnh2CJGM0
w8Y4JTtZb+ZJmaiWDacTH0NqzAe0sf+YU1R8nAGgkS3BJVP8p8ac+78gMUZJy46M
K0hsQMSJRu9pBMJovHiNHQH8y7w5Xj9IiQCVcuBZy+PTcu5mOE4AJwKNWAl95anT
7MfAGDocKswyZfKk4J3AAcwkjb30VaUtejMBjNNg+sGVqqBe+Z4lpwvycV1MS3SM
gZ9+Txq3A9n0beDFsI88OEryaSXWUOqk3XMDm6MPzzAaXT2ec7tvyvuY9ceJtiot
CmWDKgSppSnss2+LlwaxS7cJIIhBqxNOH+8iYmHdt2yj+noDw9A4FKqshWkh85EE
Z7mWDDj1jDHUeyc13PW/s5IS7f+73R24e8jZpSOJmCjLlUjVO0758m9VVSnh4CDT
3zD8fk37kqakMV7SDtTlVQKSmNKVFdUnLfrMCXv2iSGti8gSNbn6XghD8lDoF6gk
2Ughg76mGEw+dqBPK2nbuQ+mjiKQSEnzifoZmUoKgqHlfhSxaqLnYHXHKX0nG8FW
OyHUMzrTg/rp2hkxkQDPvrPIAr461q3+OBoBjOJHHzSO1eOJ5NX36VbMvz3cXLk+
DdaMg9d45rfADwoZ5Gd/HbggWwrEDcj2rWELVe0DI0St/DR6uJEDl/4pGxRPqDaa
l4ZfpHJW+GwQOTd/xMEjimjO5Y+Nk7fLN9rvnParbsGAIUPxzsIdkG1ux8RceJwi
U++yx3MXKdHY/0EMRsgO7NQDC+K/1cKDoiZvFutqJZ2WZr/dpfNZ3XxD315FdFaZ
Udj7wcBWPPGedKNtLExqMLqr+XlHC0Wy8QyrgOAR9cNMdLrqzVFj+FCXUkU7dChP
Qce2BCaSPsGKCkCF+8QN89TzlmQZclqf+LmnwskmuwTwgi8JU9q0+hxhBIRAOW1p
BFLphfSHdgIzO7JW/rmwfNTxdIqklbDWXlWHAxsYUV9TzBrjW/Fze5P9ESa6jo0s
Shql9sninxXHGiTwL0Oy6VZ7XW8zTIoBQVNBdkCCs2GhQR796mHDHa1UywrgtSeQ
74BxtdMZSYhA83XJ2R6rqbSBiVS2yZB2aQi+g4QxoD2ukFa6jXVT/nwHSByXsAx7
UTpaJ65B6fPn/xRLs/OA/JJa5060Mjjc6F2gRjYjlTP6a+LnLZcxd3SV2gc8tVx6
eyQcuDREVcISG+D2n9Oku53KSkSq3jlznUVLUJbWMrMTM4t1wuAfzXfkDP80iYMd
THdDgkgFgTSrVhWFkKxnG9ltOMUJWSCViubL107uYmqN+jdenHq+kuhmnZ63DWVH
T+TBt3FK9XhyjPp1JtV69u9dMi3IYuomCeELPoLSkXeBBC5HPLpfaCYrGNcSMQax
9GMPcao3lOt9s0D5dMg4/PdvPrkTHDN+wB/cyscQzjRCFJjNjPvy2qKTC1578hdH
jXj8Kw5qQ7WeC/rhb3k7DQN+9bFIEGRgak6OvVoa1ovaa/d8ZyRkxk8NNCXa4vPD
jPTWTdial6bX54fs8lLlo37TpR3jVe6rzGrw+4GgOQ4XouSl6USAKyAAhovHYYyv
6zX883ipWcwONNDH7xkakrR/x2+IDnvtF67DRtsDaHUc/ypCz587UrT+EpPztIwb
7HTUqIBUIGln4MLNqLXMX46FgFSn3mvmjxQUr8tBa1hYrO2UfFelMrEjLrvHwBB6
lIJZPYanvwdn1Issjs1ukl10D6MqotAijOMmDk4lI78kIh+7EXcRaAb5VEGNJ/P5
4pBqmBte2BHWPl9PeTxXOQxANWFjDMUlY/5OjokypDETVVaEfutmLM0bkzbG6inY
ipTGdoV5fRRUaWTqCk3TBtFwwgf3T+KENKfFB0yRS1jpHxCAUsTkaePHWbp+uLPx
GdS3vc9r8zhHRay+iam2s96tJMjavtlheF1g9bRiegtyQ/y527vNuOq16/UHsgBO
jvp/BQUumbBW8x6SiDlyt72I+++1wIICmzVeiUbQHSpgssV0UUBddcTlwAZr7YiZ
je4SMecdB0wIUBFEB2J6jwIEURSE+j1U2TQLT00PANLz+sylJuX1Gmo8O7kojOzR
UHuKTSEZ4c4nLpe5dW2EJurI414Mg0eWEzZPss3QLuN75L5ghyy2H8Zt8teUcAdg
/t7jQkqjWOKkSX4dPXrp/BwECrtiyA0TrTH7Ou/Ou0Rh4hiZLpIDqE0zt6532ri0
gdXj70N4pHKaqnPbHMHChaVNBm7mfn4HYu7AZngyZyltCy1D/pzSfFgzPi0b2ulR
qVisjJ8pYXNu4fYdyK+a7lcmdWvNM3NAP0UFbkH5AoVM2OAwADOWUeqd7i+3IbHr
n3/nLIvDqsv0Xk4vQsv5mL+kbRYKgliXI40PWJ/3ZyRyPbL8dRiNZJ8WXegM5Jsw
is+zvcDhJvSV+C7j8jjjy7t5BdRpFkE2A5seuREhwxagudLvb/nSIqmpIkRJzCfL
lHYjaC9JMvKddYlKUgGCb9PcoFyP6Y/RzuyYWVHLurAgk1sghYczMdcw0H9BBozo
51xYa9YSXychQyP9GHrmvEJvj6jlPLId9ph0bGpot1WV++koymSa5PLckCcKi0WR
3+JjZE+uC40PoKeggRVbYedoxgIS0QVAz1UYp5jVedy8iK/5UGgiVomaWUSjkHY5
0Hh7uzzjE/RZ3bZC0mZPNrawEB9LlmByJR+a5lJeqyp2LaaEDqZgGYMmMmuVkyIG
i4gcTt6RypRjinwixCZQJwWWa63Qy2gvcSFkf7+xdvueGhufAlD+ZT6hSFr7bEEK
xkAjJ7oPfl8TPnIh9MjEUs9jCp416eoQPrpWTchFS5mdSsGppJqktcp8WpWD92SS
XLn6/APc+ud9fHH881VnXnN+iSqur5TjuMiaggewgZfceG6rdM+yozgZ2lMRHDct
GF74ZZKdJ3C0QHkLq2A5fVo2xO/NX4PyutvQ2zv3ZiLAdxFFCD3vxr2Sjw9rNB3n
PlNUPTRVy/JgPkjG1X+l1U5+KTbCoRtW5PGSFx+0MsHqVLoIPb2+hKKc03di83Ys
0PYk6AAIQJWcKFhtJ9KfD6lCMGNR5bucWpFhVt2yXM6lCH9jm3cpZFDv9TzrLNrA
fezMJxD5k7hkTi/R55/m94HI6GhqeXjOz3rIh9SKxEMcGJeO7fdsvlbisXEKM72C
JQX+sbiA86Z8q96EBNtKeWOeoeqv8JBxbCtRAjtit5b8MgkxQOkn3tOhRtKP4w1D
zjX4siBuD/56GjxNiz2rczYJiGJAPsBBVi8dv0aK1++5nyBvu0ftXuZqOOS8Lww2
VYFqKMXP959xeUBIY3xi1huEYuONjaB0uuOogxlmrUwvMtKQXG5jwrsWtEb+lafz
OqTXI8CCF38QYauYMUYKdBCfyetUgEjsVXuTj8/IpFZaFHlaqPb0IEWph9jxAPP9
k0Mz9+3TtiNmMs7WtiebBXYKBm3eKOYnwHN7lXFeylv2okuhCuvb/+Fb/FeoyOsO
mgzAQhamSXYa7H64Fg+LYryLcifxs0JaCgzTMtgnrBiKlEv7GWbaYLy2geey7FxI
V+VQ2l0/ioamJhfNwwx3Qkb16LXky07jWWFuU7qh+OBJqQPvsjtVSgWZgpBAZ0Jz
H8PIGPNKlNhJ5yqzrvRxT5dJcBYTQ2IJOctUPyZrvNatcmL0dLytffANekAJ/Zsc
vLIyA1TCNiF1YGc1r+V0S6GkZXXNGYZ32UQii8uS/zdfQfe2UZpZxNOX2Ceqh/6S
eKrElc5lvey3IhaTbNhWXw3TnG59aQQaPKX1qMEEILb99/OyUQaKX7dlrxNWothS
nQiXTRjy9Hy9tM+SDaLEFotFN2QG7X6WCByZuPXJWcl9DCbrXkoRRWnN7diLzU+e
nOGhFNbNjJCuHFLqCqh9tAH/3QqT/VdnH3pPpmUHosaWiDdsOm3yWDSruutS4yeP
0V6w2e6PSwi29Sggtdl6B2cs80HOwzNkTFhWHbVXTLnUbJZdiDn/k5giYMeIbZ76
wGMbGcEyS4/4mZW3DdawB3sdizycDJnRNmU37smSRcf8skwbD55utOj7PA+b8fZy
uxLtxS1Gxj4vocqLxjS0eB808M/Qwa2GQt/P46hajcwuL9qtUG6tXnwekmsECGtp
xw+r5nIj51dr/2XWGv9rQl9fHWH/hgIEfqp8fOw/uJEFxu3nn08NYaFbz5CTqqI2
T0B742S+IZNCeJ+AkwnhAAGoUBvKSfScWQYBtu5tE2pNMolcm7oK9eoWZoZlOi2l
aLlBRz3gWkfY4MwJY37X83JDjNxX8SYW47UY3cNb+GlYwgxxFCeRap635oeHnvuS
Z0CgeFS2v4EFqh4lBRCE1aCEPn0W1fwNNEprCIMJUjSUJfSXrXGzPYGJFCYh1lx8
p14itUB+KiGdiKxO0R8aBLhctPTIudA/LMky4WLDrqH+bG7ObzN+qU2dunKxtOzr
FOie96sEAOAcl/XBoGkXAUWV62AaaG0vXk1mVHdkjtx4VDL5Dk9YEEtlxgNcOSwS
HSw1PY7W/pwIQCDdbX4BU3Q/C1lj90fAUPYWbq1reHLtmQtDCE9+bLHxPlfUiU0o
FJGeSnjZSsztH0x5OVLzlK2j1xao9wp8tfYVQrzSlVv73ZhRNnkWwlTtKMmO7irZ
JVEDoWe1tYSrTCDa7gsDDK5GgjiwXnCYrf3A2105wjfdk04PRfJLKCXPnz0B0K05
lnmghTr1f3KRlwBatzMPGXhp7O+ANvkm3qqZcab6Wzy8nwKgtUnALsuARo+s8BsF
Yks45VXZaHC2KHr3S8t8e8vzcceden+57x9sVOKMiA78yACnq+/N7pVc0CtEqWTs
d3bMGvZcZO9Q2GgCyqLqWdBV2C70ONLHRvY9HvgvpPJbmToVUMaCfWmAsLYKpf0K
Ua9gZ00G2qVd3wHztppIGuEsG7LHcwtA86wTgph5UWkXHLxA2yf6RrR5u+7HWbNa
EH5//ZewjPVlztuvqYyrGuOCe7WPscnzh7hHUSYHpMc/u+Jq656JiNTKDVnEJ+h+
8yI4jcLabaqVJ5carzglsc+kDCmskpOXKi7o77XEw6ZU6ZflZ8QEMoroggOsaH5/
4fQKMXiUdGW6mSDsQREGR9369U9UqPRndlhe5ucWHL/2IIRd9LDV8YfnU0yUBFfL
4aRZ634shQOIrb/wfagO8Yg+okppK94twkxrAJej9k4Ndv3RzBGZNZ8FfjtXPMz2
UlkITGVwO3l1AhKFWi6CPCgfp4L5N30Kj0O9jlKv3avXLtR9vlTDzGD+Iz655bwE
AM7L+W0g+3YbyMxgd5LxBcloaUaifYhS0MMYjSn9WmOD7+tWj19IlAxbfp3mGI3Z
PLLZN9Kg5vF8aJChjYWwD+w98n40iHJzVPs2O0Si3t0EcQM1ELxlw8Oh5tW7OxD0
/zFidU3o9OD0W21CPmsy9PhP1EpT8CS5hzEAA1W3LlTyrfV7XbT6p+JGUSHY2pjU
jXfkUcolc8U5/pPvCt2EJzqOR7UpDVYzYRhHXj+t8vsu7+Ec1UUiQeaphcCpBuRn
LWX8iuecv8nmfCLz5B60e0aPUlXQZfYYHYlmxkgTjINqX64pURng5CTlCI9WTbNi
jB3Xz7O90O41E5BHrs7wc7a94/U6jj9CUpPNy3DMUKrKL75M25immGZx8WJgJTiz
qCGPrSirqCvc2beng3XVNSD9dpN/v6dMDJybnxk6gXWYU0sRSFkZc5VUnjk1Zy6H
4crCpSN89mHLxR5D0D8NuKERlyiFXVd/rPa7HmEpuCRjHzVlL7CXHFdR5Nb1VfR6
cphALCBb+atWDctnQdl9/1YMjgTu4xG4F8wVTa8KI6ymyBrYmn9j/cnPJlaeChtN
q/BJaYez7SKMppZE2bSJmihEcKZHnfe7eH62pjTzzrjcM74UGyOBIBHxhd7Khk42
YzwOBdYmJDcRixHpfjNYC3wGxLq+Dh78FZ6o7lCsCxNlSbpWEqBXFqgq+p37Wuhv
913qfxiZCau5/eSU8DkfpAieK/IiibN9O7mPk009Ms5lN+tHZ2juxAIPxYkSYLIi
waqamu1xTyPUZLOKrsXreFuRH7+hy+i3Wm0EV7Bh5uricoIa7FBxlS0qcCl4xZxe
3WVG1MLaMMZpOpd2dm+7wr0v++Z1eK11LIq2DVf72zYftQEJxGpM3r1U1BVyFdWV
w9S6aJO/nNIomZR5gFri1dE8z5GRVAgkedR4d/hfRQfYDAjWSB/0rIbYdixwgWDG
jnSDw/d7Ng8oUdf6hL+jRM9LJeqkwYXx4keRmdfAfnxo19jUvaPmF+VOvOXWrJ2X
2ngvYCCxultpdk5sgIQGqNSmMS0mYnyRWInP0RxNap+GI/+RtTcv0deVSRJ7CLyH
saj3tWPTR5inNWZN0unLq9ICYJwhUwl+yEnWhSyAUITXeNpSzP8u+ghTS0deVDnh
xbIYNGfjJ1SGd5reN1rztzYqdVlUFlftSG/c3wUYQb8pWA7ud94s+uBtEjMRrYO/
FINvxvqqI+R8aqlNIE5NPTLZ8GQ19JtZsCHwTgVEJqZtYfMIFzsxiLoCFRTuPsXs
bIjozgUOsbSZz1S3+j6Z+EyXDkc3sNAPX+zZHRKZD2ut5yjOEYl7N++KsqvSghja
vDRzbFQQ45AFAGyZJ2HIi2qyBWBlkrm9UpwE7UEtD58JmVw+ESmWRaqRAFmCMtUO
Anabl83tUDXhTxnqx2Jxysknyan8VniMnbQJZA444UB8jCIkybOyPR1IibLsbnXB
GtFeGmZacoScbIWLpNIHVNr/LKswOMOMAj5JU1yXDMms9HUopCyiOGhplA63qhY3
gm+sb63LnzUilqDa8na7BJBk2efefSVRXRtU3cm/lZ5CmxF/n1WpGml0YJRl6a60
xh3BT0rKDZLLJTGm6TiM7lHIDgncm0JLgrBxdnKWDpkRHv3jFI6Z4oJ4imeuSI4I
d0ul3L5g8iCH+WU9f1k9df9N20TPW67dJM0UoNnEhVh70nOCrmggqjZhsb13PKVw
V36kue+/xtTcqPhwZ4Cmlup0cR8ueleh56/+2CY1rmIgrzdW9EjhEqHP1ZQKC8LW
1MqoRZv0APb12BZQmoj2MMP7Tq/umGXm73rTCENrhROuGKYy2manaG1AMVLJhDi4
yBVRG+BO8zNPXHfmZmsuN7yqLe3zfBa1uunvaCrOV11msQsA1/Nanv+ElD2c8E16
tYEtPi7ygIGjP3b3bQQ6DTPUn/kJyyT/+JuLdlx0jNkV//Eg1/vJEwN+ovQAL7OZ
Hd/igSqQB4oxpX7sJIQWuxb/59SLJtKywQPBz47Ujg9Fqj94A1gml0Gpay752Ilz
3SJjeEogwCM3L67BsAWJKyNHystmxLODsu/sIxZPOb/aPQoGzhJDzb8tiWXTdF+i
5wuRaArSITFyFaxhisdDchS76k+TQmMkHzYns2Br8xagFyvDJKYRthzB/dniTJT2
sYZMvNkqGD6CiTRL7FRVvYpYiRUQ4SFXMnuCAl3E2ZX/cyn7iEZgi/z88on8hZ+p
Ii5k5b4dKbnW10kuPIbvIJlo0sWqbymKpQ4zm3EEbY5D4J1OC+fgRsgQJaAm38Rq
b/JqCO63w/P5cPKV2h2BMpdhjIdn69wodH0Fc4Q7pSiKuB4u4EeymQ4e2U3hK6tW
z09iqXiPKW7LFc8eSghp8NE9DuWznJF9HeLtz2wO87tWA5twSAx4jMnr2dZyhecZ
4AOEHLIPg1FDu7U4iuWgen1VEEO2D8evR7cqvZiTR2P3d7htc+bV5tFA0REtd1Si
fpj0gdM5Kkm9/xccHxjOMyVkJVLRiMByWZdcZXck6rzFxYGmJDyJ+yQiKuRTP7hm
cdC9JBKHlUoQmxnZ/BQfiZNaVUWUIegjgpDwG6ROOLko8O0NkaonsD8Z/hvtoBkX
/i/fb6a/zY0oKMrbuh/JXniR7k9/wHNS81pxWmdT3HgKMmc39uBVt0vYyCLo0C+9
1xsP+v4E/BCyLdpLbTO+5OPJ3Hpl7iQhHDGneO4bcJiP288xIJGA6iNvUfaL5rzE
8YSlcrj8sWhRL9J4jwpdK1i0fl6yfADNyNqvT7vGS4eI6YA5cuv2kA3tnXtN5e0u
HximqSWMQARtHqXcrJIsJFgDf2oTE7Z49g9pdsK5SaK0W/Js12uHXmRxWHF/juew
oSeTDDMv+0OqWyrhJH8KHMqTWaCkuOhNAwSSR1J4NP1Aq/k+VKgmpd/D20X6cP5v
dm71J35dsuZbNYHvVjs7pAznVBZlZrdXEnZ1mOrk/WBAqktNy5a7Ix+coZFS7uWc
P8X0HhyiXD6W1B1XoTaSo/f8niVJugY+DwGFgSkOCgkKZb9Bm7opzeh3zeE0D3fr
LPX0Edz4UhJ1fWuFypxke2GXRFla2dV5XPd7dgcQY9nDnj7n4VallQD+fAuIyueO
gRpt8FytPl9gNnXoNR6rnOszy8tVuY5bp0ZWueJ3ESorL4pxwoOtLj/gcMuC+jRc
UgzOmSmtEZvoJuX6t4EFdGLGNl62es8NNpYN8LOXEtb/icTP+kxAxqObXA1RbKO9
Uemv3tkb2RhOq40ob4t6O9pfELmQQjkyzu+583eeP/oOGM7ZKA7pTnaQM9Q4LdcJ
j064RKHAsjPlvGE6Xx3ND2pUKm7LJr2aipgL87FJoC30NVBhujke8w/iClcSsxz6
UqNLUGeacVzhPJD3FRL0g9IPak7XLMQrnrfGZwA8HsqTflfY8q0v5PRoxujpD2v3
d4TpkvgBH6n+KoN1IB6EpEkHC8UMci2W+ZAelf8C3dShLIpn/lPvFqv9ai9mBgq4
40lD8FsQAWqJ89WyjyDN/OiYvv3qYLDmYNXMig3uXaoEINHpLCoNDNB/p8ZXfQCi
p2SYrEAfVR7cu44Uo0gIZUZmk1khnnay2faocoTirOQ+crOvfVcyauqlOjX1Q8JK
S81J6KkP0WMxmj08XS0qw+lN+YiI+jgrdaL+jtGHgxKPJT5bCp4QTuSsTd1VC9Ps
fmp3kK8IBzkDzYdFvA40Ch/l1mrZV1KIQhs4tqn3U5qXz05YSC7lvgIGe8+mFOwx
CN6wRH2ZOEcRX0EOKze2/58UrUfvkAXcl1IDJa6JYOrSKuEB4KHiBdK4bUuyqp4w
5nUUCl/+ln0Wdnfc1TVbAtaFWsOuW1IAwri1P2HbpMEmO25NyXxmntJjM8xhDoVh
u2TlcJrx3gsJxS7B9MYzHx66CCrSstb3UfxotxC7+IYn1M2Mfj5q3tuPgzXb1fyd
TpH4gXyyC5Db2lbrB4M/h+eaqjwEMfdQbixM+5siGj6nnb8nHvvlugTXB4f8djcG
tfb3o1DK1lKJ4Ag5EeakNRdtoMAO1G/1jLLq9IdtHoXupMTzNyl76YcQDe+kRe0N
7uGzCYLviISBOWq3EqXB1Pybd1VGhknfNnNrEmSoV9a+P+FTDFRElfrlV8T/2kka
meRmPHqdd2UdOcUkqZZg+s6mLTd9+iP3EN7w1AGMs9x8jsxQYTtcc3crFIvqKZLl
RYpna44/+YXiazv3SShlkosojybpCZjI4iIhmh0iuZi4LlNvMwOA3b9xcTVF1TL3
5Cb0i97r45BtVBQTYuMKxqU1aI3rnOIPrQYQihVsz7YDdoiKLnd4Jj6iBPYc1gHr
YnkdM2wlOOLYjCgiQfsyuni5t0JzWxeIoQ/aRRf/85RkKJAbYy87u1X0IepVeEOx
lLBseNXnJzmzWqLOCuofgUlFzc2n+TQet7BsegPhGxasZ1mIgRUprQ7bARkNq/6z
yC8tz1jrGn98BlGhLOPnzyfHGSRTWkn1fkgU76CX7vGxyCRcRk6YxdhbXpJW1Ae5
RlQkfUdnaTPzEarTNEzXk/yqDtYt41o0ecjYtTPUHB6BNuxz2RqFQ1Hd5a5juagy
WLiq/C1dB2pSiHV96XLFVLaaE5qLGM7e34xLsHNOZJ0YJZaWlRr6D/H/MG/tcqXE
Qc9G2F7CX1XzvF9Kvmjnk8PumoXsP8DXVMZ0KRPMNNg/A8B/6XCRP0a7bcK8GdR1
Bi0y0OD3BqER1dHTTz2MDSZvmhk+cdIYjaFn7UtCy9UbpaAvnXduWWclRT466zVJ
1QNVBwwRLfiml9/xak94jJV/nDIBoVWCxoZWjD0MjPuXFbOLLSzE8Ssidg3440Pg
Xgojgwndx3V5+6FjahfV++6REWzB5fuVh8rewzO0gFj7k+SgFKzSbv0rF1HhDgsA
7aHo1x5xTA2bnanYzaJ7AscKI+PsQryxeGZjTwqaA9gNBm8zPfi7TuFCprCaghz7
H5kIWAbpxi31b/9iK2eEQ3OM7Ict1ZkiWD40Mhw/qc+zPcjMt/q7O74hWO0cQeyF
8q1BHZJjHFc+TSFn9qN1nzhdMndlwjLMmahYTHtmN4WHxmWwLZl8nY//CvMW6/Kz
D+hV8BSW1gBZX1ZsvAzGrXi/cvRyAKD6vH6xHa37TxDVnlYjV2WU3RC1S5zwJ630
7lWjxGImOxGDXTFOPckGUzWAtqhGg8lqroed0/mKEhNvIoiMmzglzVXVM1ePF79O
syw8PSaWOBJKCM5TTWQrERuWB3WiSltEAoH8J0fu23h9JS/b4fYGaSFQeet7cMhg
VbaXT9gZyEealWzmsk+pMTo5n6zWlLg7xaTcCGSks9GnPFu57Tx9R5ViHM+8/Ucw
DTIkevxuni3FOaN77ZpRMefCaMFSzkbthCCBrEd+aDU10cjWi8/YIYds4FWVKm5X
i+jVhKYY9kh1C54jzvHJLy958NsM95h+XoYzZKK1wnBPeIeaDJB6sdzAUcJ7/bLe
v/9Sdd7/hvsLGJ3mFkh6170DVKA14pRprH7uFa2Bi5Dn/aqt5nQst1Qa3HntEDzZ
sh3xB/ZFS0D9BgC4GRMyZgxdH3eqnsqd0V+/un0LZbwXkDKZHz7+u4xufxI6EO/+
l8fDA16lo6gVvXIOFXcjIZ2TffSyGlXz3DCoPra0y58n/pi2OJslFF9lE0vekICn
UEAUN/Bro6aOy+7e8TnDeU9vzc441TKueZYK2VuUvg2IcmybqC8BZcgyjn57Xo/o
49jxLtGdmz64D0kg/v+SUN5o1DxT4VH0dFZc1WoUG8prTZZrLGIYoF8iJ92ikc2/
ohc+syX5JM870lbQ6pEpj/XMcX/pnZ3SPY954+k1lC4QdEdPPVSUbdvfFECeJwfQ
FP1q9/iseX8Ee2u/KXm31ibrDiEkoWUl+ndL71qjrX/hCqhYAD1yyK7zsNNVBI1D
BaKEc4aczm7Bo2w9SpdJE62/T8qRa6XlAQYvnm6tRCRGCNCC/mI7dgkA0ULB9gTQ
ZCnTo3NVGXuKt3LpNbMwiqrBYzOzQ0Jrc2mhAGb25HtGT5qkmpjCNi+7R2RdmNEe
uDSholL3Ur0fOIkbPMM9F83ildYuxG5I8irkbSs1uukhdgXLRAG8XvKUhbZ3gbQR
lPKG1kwKcLzkTTERFGV//hjUpjE7IoZTzg1d3y3KPDZf7flvg+ZkM9/HhdFdkgJC
311lcDIbcPdxTfpYp5ovcgsxfNf64zWOO/m6VRK4uVx/wF4Ln+QeEjQWF4co0MZ0
EY7QX9NPm5JnAz02IgwZu0Pj10SHQgcklZeXfIDCtK9v1htKVFNpYorE7NOIo1nn
NCQMFKaydNIlzCNBpww8SdH+sPPPEhwKYTSC8aJV+B4+iaBOFfaDdWMYw/n7uym7
tchtWn2Ovha2nTGdaOdd89ZOxGQPTiYR87IpEF+OFu79Z0K77mt5P3RO5Ztc5FYz
mhNMG9INHJyenRWXyQGnNjPccva6NGXweJTVRf7jCFLSwtey0H8jA7q4ns8kkajG
68Ce8jKsJLXoTysmay60Jw12bmrKoj8t6J0JaAmTIFbueyg9fr5krBkX4vhzHPZD
dpt7cd1HgpXjDaPsUzcFx4cw3WQc0CGcpWCtWWXLJcy5hIKY2lOoxr8drlZ0b6Wm
aMa6+ZBnm6Q46WzEYlXbyMHd6mZOlMcsGrAI9m8nnSXXkueQhcFAvPGmXqzCPiFu
hSQl99jo+pDLlFLx6FBNpk6jHkdE6Mi9sknVnOaKwRKfrXdnSSboByU7X/w0uK3e
Jp7DSTTvV3uZm7i1XsG0ah9FRld1nXuJPAwAVYXzhBF61m3VLJK4mafdzSpVTI1m
QyQG+llrmZGGWR28rgap030hjY6uJh6dvgPXy9a7DhvSQhAnf2HIih+KxoLhNrtx
LtBWSW6dGH360i5HSALQ6Nv4F4hZD5KnPvMhsPK7VHa3EiUzEI2Ll37PnEGbS2zc
azer1/w4QbkqmgArVqtKSCy8yWl5uSLGaDvwRS0P06wzqRnJsBRTz4vjrNtInwKu
PEocXjN1w7ESY3E2jaibHJb2K33KxyumUzdmHd6hTvFzcowMe9e9LBMfzarIuY8w
JN2aM7KKri7RRPTo9tLV3cjkYWTLjKusPZdoWiP2CdK+CrcjTBwb4ykcbVuaZtYj
PAmk6lpedbw+yjstb9GleF7rDji3wVb7GJOnRv+Gz/uQdJ8K/B/xvZv0oVkqlBGZ
Ws5XuCWUqLb4oBExybvsOGT0mC0EIbEMgKvxor/R1gDZysktJTeT/qKEDJWV3ySb
SZ0JTLe0JThEOLDJwuRPowATluyh5VUrcBCRH8cRijHAvBS6fKelLBo7MeaHGBXG
vG5NCEhXIMW+aymUtGyTy+tKrYYBS5Vu6FimZu4+y0dX5C56MGyJnfBb+KNuFCpH
13SzrisH0qS2f8hHv4/ENtD4bNRV1JZtFf+BdS48oKThmRrstC5622kY6nvrGrGS
1Lnt7NNz5gNhi0vKkV8aCN9mwlv0I5ZIR3Cv3xyLtP47Cx8yE+PB50OIyLnd5Qx8
78XFanMCud+vUEOcx9tSSIgk0C6ELShLtZu+RtUEbOACMycj/IPEiePNenq3TzBk
VbZ+btjr7UCq3+sRf+vaiUJtJx81vLZw7gyt/3Srea9qwPip2LPP1FKwXm/bmBjs
rOU7dd4MMwBgTWNhx2hPIox6j32uwnHzmMo5MbApifCxX+4N2kDEqufrcpy0acMN
8tSeecJYT7uvBJFSRdHdJPK2Q5cQepOml+OVwPGQihK6QNLlE7dOd+4TBK/7CQkF
lerByM93SIM3b9MKuwgxSvt7QRLz6pOmn6vgrqv8gioHG4FoQi6Vc+URIUzNqioP
5jjNa1VU5hvY8GSXAZHGZ0ZIbUKUb3Y4O4Ekbuxb+HLGpOttqDFggSKtXokHxBRf
P90+Ai8iKXQDc0PZhmxze2+lB0Tb+m4yOID+xO8bICx8ZhNB4JvdDU9cjBIt7qLJ
ZXrdo3jzHQzKkbPCW6PL68FJe75IJBzVkh1n39vrV4gFvnVV/AOEGojRWO0U27N1
tcMJCNRi2/WPGj51R34Wr0ZtMJYcP/B+gI1rnC3wgiJ484yGmiraumJ7DMfZVbW4
DbdUo8moqL/I09vuSdu9wXjV5IeyM38EaWHX7rBv9bltYYe6l2QgQtZ66GtnTlHx
/OkrDYQQOFETnKo9wRKFrIzJAHLXf28II/w18sAREcebguzQrE3j9PVcHU5rlHNq
obM2jED9Ylt1xOf9wXZqhPQ8D3BOh4oZqErN1HTqnMn4tfjrJYdoRcHJci8CHNy+
Pg9eJevSSAKaXHS0sPGXsdOGWztDQeRqFLBpSSJv8R0om+5rflXlIaOfnvElCL9s
ABpW5BbXBNu8FesuJbndGzGyl/gF57EMhRgWRrB67I2V3lA2BaJqRKO21Z7pWOWi
mqjIVnfrEzc2scvIk30MSjFCl503xljTc4gPoKYxI9JkrKe26q2Q/6E1h5cuSEdO
9Y3REgaCZJB7on5bExYRmB0E1SPIMg7xNBpXdRakAY10HdgQqgqTYte1/lfhLXto
8GULKiY0jy5HX4vjvUPeGbW0gQkoiXCtCnWUjMMWaDh+Ka1bd3pG2dIl9gBZbqGD
mOwE6Rk8428Rg2Jg+SIjJPKShtoNwRePeltZWx+I1M67teIe56RWD8p5XA3PQQ2Z
5qoBe14TdP0W9objX6jt+hgDBD9JRv1Cg5Tc8U7av2D0TcJlWxHytL9UszC8uL5A
r7hCjIYrpEVnjASXcYBqj1c5QQr8o7E0ewkWl8xAYM8VNiNZHt1Dvnf4f9P/rrwE
aIqD+BX4NOQDUk9SYGPt14Rmm69uC58sdVOVb3UNavsnAAua3osdWc6E3l8KMGLk
BjCfzMa2XEhh3jGcF1k6fVhBLErot+NAvquFwXJKKNX3NVBGqj68Gt003YqIV/Pr
CgmdrZfo1EUHC1pwoa2gKZWF/mAad2gGxLVJ0Bt/tVQRDtuDSplISDVPmKAbN/aI
F9hdtlkrGOGLQUwajxY14mRzYZJzewrrEUrSUkwxo8pTNzlo3xvq+XILLPE/gkEa
9k8CLA46Aqbhd5JxIc/g6vh0/JegpzT+y4944fTNgRLRazS8ly7bJyJjGxeDbNzv
U2poae+AGSW/vOiS4I/7Vteva9+sbUXUD2mr6FmAoEAmSOaaAak1nI8SDQcVzkaf
+oNRaIeah+WiLgJYz8CLl4WgWXlIC2elCUQQvp5gRLaz/seYPrHKH5ZedTgkTaME
zuu5vMcjdTl/NtwKzOxO8W2yvcwQfDl4W0XEhaMoCdQT9mZ325pB8e8lbSFbCEfe
Wng60hglefqPnO4AfBe6Cj9BA64k7wNuMf/U0NwBAIbTqfSoEATmTKF+ldJ4HD1J
rd97PAUES+6GA0hoZ/bKTFaJHGtn2m/Rh+8Y0MmOy+zIlJHEPhRcHy8Z8onotJAz
h6YfMHD+z4nUFuamR+dKc+7XzDnr/YLZUslAd/2YFk+dEMwx3U1GYp0OeNTlSK3W
/nMgWNg3qXUXcmIJCMzgTzkEsm2N4RWYfPaVPQLyqOaQTFlXL8arqz9nL/5epgxd
NTiF9LIbUYppe4Cy23LF5RhxVXMD5eIcFMRXA/hwmktbGpmWghbXOdrJut7AA4/b
nMjoQpAAA/aQRP1KZZ8bwZ6aRbYx3UNTyCY0PGsnhQ3LznjIB0fxC1VMdQ/KEIet
95+B/hkZ3EISiezlKUWwPIK6T+fl+UoZ6MZiYJm5WUDLKMgqpGKXHmHYzqGRDanp
kDnXKbH5OUojwPIwzaBHzrGfQbhtTERtUI2yrqEdI9MznZc3N2FRpqBPvonw4Axd
LAB/U2jwXi2oXDRRNeAWgN3aS/Y5ZB6jKLZBkmh32XSUqSA5bd5AxLOGm6G1t1Be
x2e4UToci8Ehxh/izwfAhDHSGLSDJWB1sxaGA5gg1Ax7yudNVXcIIJ1uPobCT5n2
ps4REwddbrismiAhMEufKvAvbJUg9BMJsHhFzyoQPN1hsyPcKAS0js54eSprlA7B
36Uzatb+Fy5gJNPOndu01LrKxajQrAy8dJ8kgothLomTbI2oOQxJt9oJ7gXyxDb5
kq1JAWXhEM9rwlgyzvKsHJ2/asuxEYG14RkY6oj+/9tT3o9Bk94rQdck3ojs2sqW
vMCZsRi9HHvj76jIhUFUs5bmLoenGD8sWDkChyCkLD41RZSLn0Zy1zAFY5fAedZP
SYg1GMXlBalmcOqHqfi5EGfoFg73yk7ZGFqKDdldz9rMAICYzG9hoPa68Bj2uEjz
aQ1z69hIoqQH1j1tryF/ybpTK5f9jnJZabLthjlsxPBXJ9qG7Z7vMwWl9nUE9JjD
ldlyAGJImR5X0vrg0Hs6BEkmLm5jC4449zkJnmKgRv2iQjNyeJW5jLQtEYGHE/RM
njZoeY5XJM40uShfz2JfZxuwWSsQLk16DZMCITxEdIi23AnRWXM/m/sRDF7sZfB6
EoyATOHMNzaiaxtNnTVryaNSKld2UZx/V8dDIEV2LtOoSvNN2HvmIXypQqWmASyX
KHYx/10L+cU98BDWvT5NHaNCxjsWWeGWND6spja7mZyeNqAHPJAbx6Jytag9dSIr
pqLIv9zrCQmFrZ8KaHvnYDDPoEIKot+jyfZ8p5xfE0mlCCJuZFYIoLdw0BvM8thv
aZoXEyDHA1n72cSFku1eXX7QuK1fd/4J/M5g9ZX7+W9DeeYxeCtH/H5Y24rwzKNR
8yao5hOnJVJPaWO1a66LCrQSCAgBj9FxN7cbF7wr2MDYis09F5y7wYk0VodZ5QUV
CCcAsZQ/bcV5cxLN4HXDPzRC9eGewlLI9ZNOQ/6kJH/OkEOT7Y2Szc5HJd95XRG6
fXnYbgfEz8AzlEIfFj3SWFuBYZCBGtYBg8+5bwTmt1xPO2yLAzfhX2IursAsXtXr
oa6n6KbKusciJwyieCbzkzkGGqN9nNQwsr5k5UFMpZcVB/vHNrMeDFwEdEyKl8nG
+bRarUzEctWPOYLRIwczheeUDh9b3rye6n1EMaNPo8BuoB/AQ91sSpOYrnGUJAY2
N2i6EQpgS3tco/GQpCKXc7Dk7YLRep+jrbzQ+laf0H+GvrUdrMrBuU0AbqH5a4nj
vALiS51DTHfcAiTBF8IDY91w5XVZOfVO1GlIUQvmN7mrqr/HFerIVufujUl56LRv
I4Hl5XIYbi82qgWjvv74uVh8ukVUwe4cyL4Km3o4/YHj8WpM+xOOPc80EbD46ryq
0wuywPhqIarOsFuBpxRFuypmJrLDP5ehYXty1XlVI3ZxyOnXlcmQyf6zTC7Muuwd
8FY52oQZUp2TelPEVrDDAsDgBdNRzkmLuB+fCa7T8BsV/DDByanr/DKv3BDAwRcr
hWUhrSwxDb31HuTnOAyjc9fCeymMOyaZPdgPv8Vgeh3tdmJ2c/pzTsokEslyM0yP
Fc3C2+U+2E1GNGR5qope0fhESmDwQi+EMt2MGElEhlOiL9MH03mnzkwGiAzV2+Ec
yjb0TF4oGnAjM5Or6tIgRYQ0r3vahzU4MRS4aLKOeRh+CliE28yU1NZ2DoXJjFU/
eJMLzbwntbtKrhTHGfDS2v4dlpDHPNkOrDPkDJwgWJBFtFLnTYX5HgwDPQXc1hhr
ALoejUP9WFcJGOd1dS+6ecJtIP6HKivaPl/g7bwUGC7kSxrVGZ0122Jf3dv4bH+z
QyTgoLh25urCdJgpOUvjV5BVMGeABW1AT04Rf9Q5FGgsX4juYzArsN67JFwuxvYY
tc2PqFkt2HUMktY+J3WKC3R/F5+paJfeNM8eRdbH4/L/Jyfa8Mk6+rey27J6YnWB
9RQd38O40EsXieqriqMkiaA+OgkQ0dY4/Fx+0v0Ep3ZF02J9xXa+38jIableEj5r
PpbR0ySBaovocIA+z2Ydd+vV1xe6ONe67BW31cGT3DRqnxQ6v+MlDdPiv2LrVeQc
0lzVPZ3TqaIAaj2WRTNYN3jb4FVygPMUF3IyCqlKIxBlrMBEfsGkvV7u/3ZPuSNB
frVCCFbcGTjcComUu6DMwyZ1HApM8Y/WR4EM4pgAf2AhMykyu+ND25PC5HZZqrYy
390zczYLcVI3uKD5gLLKyA7vZ0yIDnDJTzU6Z8UXRctGyCqgbW9CbSJp3pZwVWEA
Rwi4Ix2sPzGJjB9bsuPX0zZhgQppnwJaWpffT7zOwH0N0oiPddBJMLm1niS08Sfg
/Kcp7nx2gLBcJ1DRe84D5m7IQ1ChRlF5BbUTgRkD/zykSSvFEbpoF7jGbxnPA36m
GkpOyngn1383Lart1fh+cF5m+cFWWJX5d1N5JMi/WoRyNL8WYFh/ZGk+yzNe86IJ
h5qhcCbqfRq18YhW7B3HFTM2qR/GYuGxS76O3yHPesiaqBk8OaOdJ05nKAVlP7do
C2c1gAEmN67aqv9TeCgOQAEu+SkII2TIFm+wMdlnaZeHcls+laGZN/+MSbc240fr
Y7O4SU1GL0vkCFi6MgmBNhXMmjq+46lPf54nfqD73OlmSePqMECnBmer0L1ZMtsN
CdVj7twiVAqt2ekqr3SqQdEd6dISHv1bgN2ZWwKL4yPn5eZsHaAoOkF/1A3eQawt
KsRN6YOnHsOx/mXzSMjnTG4PBpFfGcc0Lv2j9GPj9tZYBekL9zxrbL+Q5l6L+OtT
P6HbsxjF+odGYpJ8wRGFp9Kl+hcQE+hoQc5thINPB8WDTuALJm3S/5lvd5g8GHky
l8dhRp0MErUV0sDDFntUiQ3w8jv9Tv7vXYcnZz/mGvRGVf1YD/+zJYQ85tPMTFh6
j0ntDw==
=tjcR
-----END PGP MESSAGE-----
