SN:3K60180500001584 BD:Jul 23 2018 VC:834b9c1 MD5:48f99e4865ed8b810be1bb0eaaabf929
SysTime,                      Time,         Batt_v,      Batt_v_sd,   BATT_PERCENT,BATT_PERCENT_sd,      [CH4]_ppm,   [CH4]_ppm_sd,      [H2O]_ppm,   [H2O]_ppm_sd,      [CO2]_ppm,   [CO2]_ppm_sd,     [CH4]d_ppm,  [CH4]d_ppm_sd,     [CO2]d_ppm,  [CO2]d_ppm_sd,      GasP_torr,   GasP_torr_sd,         GasT_C,      GasT_C_sd,         AmbT_C,      AmbT_C_sd,         RD0_us,      RD0_us_sd,         RD1_us,      RD1_us_sd, Temp_Status_mA,Temp_Status_mA_sd,Analyzer_Status_mA,Analyzer_Status_mA_sd,       Fit_Flag,      MIU_VALVE,       MIU_DESC
06/14/2023 13:06:40.397, 06/14/2023 13:06:40.346, 4.15910e+0, 0.00000e+0, 9.80807e+1, 0.00000e+0, 2.15014e+0, 0.00000e+0, 1.63611e+4, 0.00000e+0, 9.16031e+2, 0.00000e+0, 2.18590e+0, 0.00000e+0, 9.31267e+2, 0.00000e+0, 4.81297e+2, 0.00000e+0, 3.16084e+1, 0.00000e+0, 3.26916e+1, 0.00000e+0, 3.80038e+0, 0.00000e+0, 3.28401e+0, 0.00000e+0, 2.00000e+1, 0.00000e+0, 2.00000e+1, 0.00000e+0, 2, 1, 
06/14/2023 13:06:41.404, 06/14/2023 13:06:41.341, 4.15906e+0, 0.00000e+0, 9.80751e+1, 0.00000e+0, 2.16239e+0, 0.00000e+0, 1.80920e+4, 0.00000e+0, 9.30606e+2, 0.00000e+0, 2.20223e+0, 0.00000e+0, 9.47753e+2, 0.00000e+0, 4.81262e+2, 0.00000e+0, 3.16091e+1, 0.00000e+0, 3.26859e+1, 0.00000e+0, 3.80036e+0, 0.00000e+0, 3.28342e+0, 0.00000e+0, 2.00000e+1, 0.00000e+0, 2.00000e+1, 0.00000e+0, 2, 1, 
06/14/2023 13:06:42.392, 06/14/2023 13:06:42.336, 4.15913e+0, 0.00000e+0, 9.80851e+1, 0.00000e+0, 2.16650e+0, 0.00000e+0, 1.77507e+4, 0.00000e+0, 9.32945e+2, 0.00000e+0, 2.20565e+0, 0.00000e+0, 9.49804e+2, 0.00000e+0, 4.81127e+2, 0.00000e+0, 3.16084e+1, 0.00000e+0, 3.27019e+1, 0.00000e+0, 3.80109e+0, 0.00000e+0, 3.28303e+0, 0.00000e+0, 2.00000e+1, 0.00000e+0, 2.00000e+1, 0.00000e+0, 2, 1, 
06/14/2023 13:06:43.388, 06/14/2023 13:06:43.330, 4.15913e+0, 0.00000e+0, 9.80844e+1, 0.00000e+0, 2.16629e+0, 0.00000e+0, 1.81714e+4, 0.00000e+0, 9.33525e+2, 0.00000e+0, 2.20638e+0, 0.00000e+0, 9.50802e+2, 0.00000e+0, 4.81207e+2, 0.00000e+0, 3.16086e+1, 0.00000e+0, 3.27028e+1, 0.00000e+0, 3.79974e+0, 0.00000e+0, 3.28285e+0, 0.00000e+0, 2.00000e+1, 0.00000e+0, 2.00000e+1, 0.00000e+0, 2, 1, 
06/14/2023 13:06:44.377, 06/14/2023 13:06:44.325, 4.15940e+0, 0.00000e+0, 9.81243e+1, 0.00000e+0, 2.16557e+0, 0.00000e+0, 1.83752e+4, 0.00000e+0, 9.32145e+2, 0.00000e+0, 2.20610e+0, 0.00000e+0, 9.49594e+2, 0.00000e+0, 4.81234e+2, 0.00000e+0, 3.16087e+1, 0.00000e+0, 3.27043e+1, 0.00000e+0, 3.80104e+0, 0.00000e+0, 3.28221e+0, 0.00000e+0, 2.00000e+1, 0.00000e+0, 2.00000e+1, 0.00000e+0, 2, 1, 
06/14/2023 13:06:45.383, 06/14/2023 13:06:45.319, 4.15933e+0, 0.00000e+0, 9.81150e+1, 0.00000e+0, 2.16191e+0, 0.00000e+0, 1.85213e+4, 0.00000e+0, 9.29078e+2, 0.00000e+0, 2.20271e+0, 0.00000e+0, 9.46610e+2, 0.00000e+0, 4.81324e+2, 0.00000e+0, 3.15995e+1, 0.00000e+0, 3.27101e+1, 0.00000e+0, 3.80052e+0, 0.00000e+0, 3.28224e+0, 0.00000e+0, 2.00000e+1, 0.00000e+0, 2.00000e+1, 0.00000e+0, 2, 1, 
06/14/2023 13:06:46.368, 06/14/2023 13:06:46.314, 4.15914e+0, 0.00000e+0, 9.80859e+1, 0.00000e+0, 2.16218e+0, 0.00000e+0, 1.86498e+4, 0.00000e+0, 9.28693e+2, 0.00000e+0, 2.20327e+0, 0.00000e+0, 9.46342e+2, 0.00000e+0, 4.81286e+2, 0.00000e+0, 3.16038e+1, 0.00000e+0, 3.27081e+1, 0.00000e+0, 3.80126e+0, 0.00000e+0, 3.28245e+0, 0.00000e+0, 2.00000e+1, 0.00000e+0, 2.00000e+1, 0.00000e+0, 2, 1, 
06/14/2023 13:06:47.361, 06/14/2023 13:06:47.308, 4.15923e+0, 0.00000e+0, 9.80992e+1, 0.00000e+0, 2.16138e+0, 0.00000e+0, 1.84662e+4, 0.00000e+0, 9.27817e+2, 0.00000e+0, 2.20205e+0, 0.00000e+0, 9.45272e+2, 0.00000e+0, 4.81273e+2, 0.00000e+0, 3.15972e+1, 0.00000e+0, 3.27002e+1, 0.00000e+0, 3.80243e+0, 0.00000e+0, 3.28230e+0, 0.00000e+0, 2.00000e+1, 0.00000e+0, 2.00000e+1, 0.00000e+0, 2, 1, 
06/14/2023 13:06:48.356, 06/14/2023 13:06:48.303, 4.15926e+0, 0.00000e+0, 9.81040e+1, 0.00000e+0, 2.16320e+0, 0.00000e+0, 1.81935e+4, 0.00000e+0, 9.26979e+2, 0.00000e+0, 2.20328e+0, 0.00000e+0, 9.44157e+2, 0.00000e+0, 4.81393e+2, 0.00000e+0, 3.16062e+1, 0.00000e+0, 3.27113e+1, 0.00000e+0, 3.80202e+0, 0.00000e+0, 3.28239e+0, 0.00000e+0, 2.00000e+1, 0.00000e+0, 2.00000e+1, 0.00000e+0, 2, 1, 
06/14/2023 13:06:49.356, 06/14/2023 13:06:49.298, 4.15920e+0, 0.00000e+0, 9.80957e+1, 0.00000e+0, 2.16307e+0, 0.00000e+0, 1.84307e+4, 0.00000e+0, 9.23933e+2, 0.00000e+0, 2.20368e+0, 0.00000e+0, 9.41282e+2, 0.00000e+0, 4.81278e+2, 0.00000e+0, 3.16033e+1, 0.00000e+0, 3.27110e+1, 0.00000e+0, 3.80122e+0, 0.00000e+0, 3.28228e+0, 0.00000e+0, 2.00000e+1, 0.00000e+0, 2.00000e+1, 0.00000e+0, 2, 1, 
06/14/2023 13:06:50.347, 06/14/2023 13:06:50.291, 4.15921e+0, 0.00000e+0, 9.80964e+1, 0.00000e+0, 2.15922e+0, 0.00000e+0, 1.84986e+4, 0.00000e+0, 9.23785e+2, 0.00000e+0, 2.19992e+0, 0.00000e+0, 9.41195e+2, 0.00000e+0, 4.81388e+2, 0.00000e+0, 3.15998e+1, 0.00000e+0, 3.26815e+1, 0.00000e+0, 3.80051e+0, 0.00000e+0, 3.28151e+0, 0.00000e+0, 2.00000e+1, 0.00000e+0, 2.00000e+1, 0.00000e+0, 2, 1, 
06/14/2023 13:06:51.345, 06/14/2023 13:06:51.287, 4.15936e+0, 0.00000e+0, 9.81190e+1, 0.00000e+0, 2.16030e+0, 0.00000e+0, 1.85912e+4, 0.00000e+0, 9.25455e+2, 0.00000e+0, 2.20122e+0, 0.00000e+0, 9.42986e+2, 0.00000e+0, 4.81257e+2, 0.00000e+0, 3.15965e+1, 0.00000e+0, 3.26968e+1, 0.00000e+0, 3.80028e+0, 0.00000e+0, 3.28182e+0, 0.00000e+0, 2.00000e+1, 0.00000e+0, 2.00000e+1, 0.00000e+0, 2, 1, 
06/14/2023 13:06:52.371, 06/14/2023 13:06:52.281, 4.15932e+0, 0.00000e+0, 9.81126e+1, 0.00000e+0, 2.16032e+0, 0.00000e+0, 1.83922e+4, 0.00000e+0, 9.23278e+2, 0.00000e+0, 2.20080e+0, 0.00000e+0, 9.40577e+2, 0.00000e+0, 4.81303e+2, 0.00000e+0, 3.15957e+1, 0.00000e+0, 3.26986e+1, 0.00000e+0, 3.80061e+0, 0.00000e+0, 3.28207e+0, 0.00000e+0, 2.00000e+1, 0.00000e+0, 2.00000e+1, 0.00000e+0, 3, 1, 
06/14/2023 13:06:53.352, 06/14/2023 13:06:53.275, 4.15912e+0, 0.00000e+0, 9.80837e+1, 0.00000e+0, 2.16240e+0, 0.00000e+0, 1.83827e+4, 0.00000e+0, 9.23386e+2, 0.00000e+0, 2.20289e+0, 0.00000e+0, 9.40679e+2, 0.00000e+0, 4.81137e+2, 0.00000e+0, 3.15961e+1, 0.00000e+0, 3.26821e+1, 0.00000e+0, 3.80100e+0, 0.00000e+0, 3.28211e+0, 0.00000e+0, 2.00000e+1, 0.00000e+0, 2.00000e+1, 0.00000e+0, 3, 1, 
06/14/2023 13:06:54.339, 06/14/2023 13:06:54.269, 4.15914e+0, 0.00000e+0, 9.80859e+1, 0.00000e+0, 2.15837e+0, 0.00000e+0, 1.85083e+4, 0.00000e+0, 9.22337e+2, 0.00000e+0, 2.19907e+0, 0.00000e+0, 9.39730e+2, 0.00000e+0, 4.81312e+2, 0.00000e+0, 3.15965e+1, 0.00000e+0, 3.26746e+1, 0.00000e+0, 3.80086e+0, 0.00000e+0, 3.28142e+0, 0.00000e+0, 2.00000e+1, 0.00000e+0, 2.00000e+1, 0.00000e+0, 3, 1, 
06/14/2023 13:06:55.337, 06/14/2023 13:06:55.264, 4.15919e+0, 0.00000e+0, 9.80943e+1, 0.00000e+0, 2.15743e+0, 0.00000e+0, 1.84385e+4, 0.00000e+0, 9.22729e+2, 0.00000e+0, 2.19796e+0, 0.00000e+0, 9.40062e+2, 0.00000e+0, 4.81380e+2, 0.00000e+0, 3.15994e+1, 0.00000e+0, 3.26618e+1, 0.00000e+0, 3.80162e+0, 0.00000e+0, 3.28156e+0, 0.00000e+0, 2.00000e+1, 0.00000e+0, 2.00000e+1, 0.00000e+0, 3, 1, 
06/14/2023 13:06:56.318, 06/14/2023 13:06:56.259, 4.15930e+0, 0.00000e+0, 9.81108e+1, 0.00000e+0, 2.15970e+0, 0.00000e+0, 1.84622e+4, 0.00000e+0, 9.22160e+2, 0.00000e+0, 2.20032e+0, 0.00000e+0, 9.39505e+2, 0.00000e+0, 4.81399e+2, 0.00000e+0, 3.16079e+1, 0.00000e+0, 3.26727e+1, 0.00000e+0, 3.80079e+0, 0.00000e+0, 3.28205e+0, 0.00000e+0, 2.00000e+1, 0.00000e+0, 2.00000e+1, 0.00000e+0, 3, 1, 
06/14/2023 13:06:57.313, 06/14/2023 13:06:57.254, 4.15933e+0, 0.00000e+0, 9.81140e+1, 0.00000e+0, 2.15950e+0, 0.00000e+0, 1.85828e+4, 0.00000e+0, 9.23875e+2, 0.00000e+0, 2.20039e+0, 0.00000e+0, 9.41368e+2, 0.00000e+0, 4.81323e+2, 0.00000e+0, 3.15953e+1, 0.00000e+0, 3.26620e+1, 0.00000e+0, 3.80095e+0, 0.00000e+0, 3.28136e+0, 0.00000e+0, 2.00000e+1, 0.00000e+0, 2.00000e+1, 0.00000e+0, 3, 1, 
06/14/2023 13:06:58.298, 06/14/2023 13:06:58.249, 4.15945e+0, 0.00000e+0, 9.81327e+1, 0.00000e+0, 2.16034e+0, 0.00000e+0, 1.86245e+4, 0.00000e+0, 9.24214e+2, 0.00000e+0, 2.20134e+0, 0.00000e+0, 9.41754e+2, 0.00000e+0, 4.81347e+2, 0.00000e+0, 3.15993e+1, 0.00000e+0, 3.26751e+1, 0.00000e+0, 3.80073e+0, 0.00000e+0, 3.28195e+0, 0.00000e+0, 2.00000e+1, 0.00000e+0, 2.00000e+1, 0.00000e+0, 3, 1, 
06/14/2023 13:06:59.303, 06/14/2023 13:06:59.242, 4.15934e+0, 0.00000e+0, 9.81162e+1, 0.00000e+0, 2.16154e+0, 0.00000e+0, 1.84850e+4, 0.00000e+0, 9.25071e+2, 0.00000e+0, 2.20225e+0, 0.00000e+0, 9.42493e+2, 0.00000e+0, 4.81361e+2, 0.00000e+0, 3.15935e+1, 0.00000e+0, 3.26849e+1, 0.00000e+0, 3.80067e+0, 0.00000e+0, 3.28160e+0, 0.00000e+0, 2.00000e+1, 0.00000e+0, 2.00000e+1, 0.00000e+0, 3, 1, 
06/14/2023 13:07:00.297, 06/14/2023 13:07:00.238, 4.15932e+0, 0.00000e+0, 9.81128e+1, 0.00000e+0, 2.16149e+0, 0.00000e+0, 1.84175e+4, 0.00000e+0, 9.25632e+2, 0.00000e+0, 2.20205e+0, 0.00000e+0, 9.43000e+2, 0.00000e+0, 4.81385e+2, 0.00000e+0, 3.15916e+1, 0.00000e+0, 3.26696e+1, 0.00000e+0, 3.80060e+0, 0.00000e+0, 3.28194e+0, 0.00000e+0, 2.00000e+1, 0.00000e+0, 2.00000e+1, 0.00000e+0, 3, 1, 
06/14/2023 13:07:01.290, 06/14/2023 13:07:01.231, 4.15921e+0, 0.00000e+0, 9.80963e+1, 0.00000e+0, 2.16082e+0, 0.00000e+0, 1.85943e+4, 0.00000e+0, 9.24733e+2, 0.00000e+0, 2.20176e+0, 0.00000e+0, 9.42253e+2, 0.00000e+0, 4.81635e+2, 0.00000e+0, 3.15925e+1, 0.00000e+0, 3.26560e+1, 0.00000e+0, 3.80057e+0, 0.00000e+0, 3.28133e+0, 0.00000e+0, 2.00000e+1, 0.00000e+0, 2.00000e+1, 0.00000e+0, 3, 1, 
06/14/2023 13:07:02.283, 06/14/2023 13:07:02.227, 4.15927e+0, 0.00000e+0, 9.81053e+1, 0.00000e+0, 2.16054e+0, 0.00000e+0, 1.83673e+4, 0.00000e+0, 9.27327e+2, 0.00000e+0, 2.20097e+0, 0.00000e+0, 9.44678e+2, 0.00000e+0, 4.81686e+2, 0.00000e+0, 3.15845e+1, 0.00000e+0, 3.26757e+1, 0.00000e+0, 3.80090e+0, 0.00000e+0, 3.28187e+0, 0.00000e+0, 2.00000e+1, 0.00000e+0, 2.00000e+1, 0.00000e+0, 3, 1, 
06/14/2023 13:07:03.275, 06/14/2023 13:07:03.221, 4.15924e+0, 0.00000e+0, 9.81009e+1, 0.00000e+0, 2.15947e+0, 0.00000e+0, 1.85078e+4, 0.00000e+0, 9.26355e+2, 0.00000e+0, 2.20019e+0, 0.00000e+0, 9.43823e+2, 0.00000e+0, 4.81771e+2, 0.00000e+0, 3.15821e+1, 0.00000e+0, 3.26718e+1, 0.00000e+0, 3.80064e+0, 0.00000e+0, 3.28134e+0, 0.00000e+0, 2.00000e+1, 0.00000e+0, 2.00000e+1, 0.00000e+0, 3, 1, 
06/14/2023 13:07:04.270, 06/14/2023 13:07:04.215, 4.15932e+0, 0.00000e+0, 9.81125e+1, 0.00000e+0, 2.15921e+0, 0.00000e+0, 1.85475e+4, 0.00000e+0, 9.26980e+2, 0.00000e+0, 2.20001e+0, 0.00000e+0, 9.44498e+2, 0.00000e+0, 4.81858e+2, 0.00000e+0, 3.15811e+1, 0.00000e+0, 3.26772e+1, 0.00000e+0, 3.80025e+0, 0.00000e+0, 3.28124e+0, 0.00000e+0, 2.00000e+1, 0.00000e+0, 2.00000e+1, 0.00000e+0, 3, 1, 
06/14/2023 13:07:05.266, 06/14/2023 13:07:05.211, 4.15939e+0, 0.00000e+0, 9.81242e+1, 0.00000e+0, 2.16097e+0, 0.00000e+0, 1.85424e+4, 0.00000e+0, 9.28003e+2, 0.00000e+0, 2.20180e+0, 0.00000e+0, 9.45536e+2, 0.00000e+0, 4.81811e+2, 0.00000e+0, 3.15831e+1, 0.00000e+0, 3.26752e+1, 0.00000e+0, 3.80114e+0, 0.00000e+0, 3.28163e+0, 0.00000e+0, 2.00000e+1, 0.00000e+0, 2.00000e+1, 0.00000e+0, 3, 1, 
06/14/2023 13:07:06.262, 06/14/2023 13:07:06.204, 4.15948e+0, 0.00000e+0, 9.81376e+1, 0.00000e+0, 2.15810e+0, 0.00000e+0, 1.84803e+4, 0.00000e+0, 9.26066e+2, 0.00000e+0, 2.19873e+0, 0.00000e+0, 9.43502e+2, 0.00000e+0, 4.81960e+2, 0.00000e+0, 3.15937e+1, 0.00000e+0, 3.26670e+1, 0.00000e+0, 3.80094e+0, 0.00000e+0, 3.28103e+0, 0.00000e+0, 2.00000e+1, 0.00000e+0, 2.00000e+1, 0.00000e+0, 3, 1, 
06/14/2023 13:07:07.259, 06/14/2023 13:07:07.199, 4.15941e+0, 0.00000e+0, 9.81268e+1, 0.00000e+0, 2.16014e+0, 0.00000e+0, 1.85243e+4, 0.00000e+0, 9.26209e+2, 0.00000e+0, 2.20091e+0, 0.00000e+0, 9.43690e+2, 0.00000e+0, 4.81996e+2, 0.00000e+0, 3.15947e+1, 0.00000e+0, 3.26680e+1, 0.00000e+0, 3.80075e+0, 0.00000e+0, 3.28160e+0, 0.00000e+0, 2.00000e+1, 0.00000e+0, 2.00000e+1, 0.00000e+0, 3, 1, 
06/14/2023 13:07:08.250, 06/14/2023 13:07:08.193, 4.15936e+0, 0.00000e+0, 9.81186e+1, 0.00000e+0, 2.15755e+0, 0.00000e+0, 1.85729e+4, 0.00000e+0, 9.27284e+2, 0.00000e+0, 2.19838e+0, 0.00000e+0, 9.44832e+2, 0.00000e+0, 4.81984e+2, 0.00000e+0, 3.15928e+1, 0.00000e+0, 3.26659e+1, 0.00000e+0, 3.80163e+0, 0.00000e+0, 3.28116e+0, 0.00000e+0, 2.00000e+1, 0.00000e+0, 2.00000e+1, 0.00000e+0, 3, 1, 
06/14/2023 13:07:09.244, 06/14/2023 13:07:09.189, 4.15929e+0, 0.00000e+0, 9.81090e+1, 0.00000e+0, 2.16241e+0, 0.00000e+0, 1.85430e+4, 0.00000e+0, 9.26904e+2, 0.00000e+0, 2.20327e+0, 0.00000e+0, 9.44416e+2, 0.00000e+0, 4.81840e+2, 0.00000e+0, 3.15969e+1, 0.00000e+0, 3.26633e+1, 0.00000e+0, 3.80113e+0, 0.00000e+0, 3.28120e+0, 0.00000e+0, 2.00000e+1, 0.00000e+0, 2.00000e+1, 0.00000e+0, 3, 1, 
06/14/2023 13:07:10.247, 06/14/2023 13:07:10.182, 4.15918e+0, 0.00000e+0, 9.80922e+1, 0.00000e+0, 2.16184e+0, 0.00000e+0, 1.84913e+4, 0.00000e+0, 9.24756e+2, 0.00000e+0, 2.20257e+0, 0.00000e+0, 9.42179e+2, 0.00000e+0, 4.82023e+2, 0.00000e+0, 3.15943e+1, 0.00000e+0, 3.26591e+1, 0.00000e+0, 3.79970e+0, 0.00000e+0, 3.28061e+0, 0.00000e+0, 2.00000e+1, 0.00000e+0, 2.00000e+1, 0.00000e+0, 3, 1, 
06/14/2023 13:07:11.249, 06/14/2023 13:07:11.176, 4.15949e+0, 0.00000e+0, 9.81391e+1, 0.00000e+0, 2.16275e+0, 0.00000e+0, 1.86287e+4, 0.00000e+0, 9.25907e+2, 0.00000e+0, 2.20380e+0, 0.00000e+0, 9.43483e+2, 0.00000e+0, 4.82164e+2, 0.00000e+0, 3.15921e+1, 0.00000e+0, 3.26680e+1, 0.00000e+0, 3.80075e+0, 0.00000e+0, 3.28111e+0, 0.00000e+0, 2.00000e+1, 0.00000e+0, 2.00000e+1, 0.00000e+0, 3, 1, 
06/14/2023 13:07:12.244, 06/14/2023 13:07:12.171, 4.15919e+0, 0.00000e+0, 9.80933e+1, 0.00000e+0, 2.16514e+0, 0.00000e+0, 1.84674e+4, 0.00000e+0, 9.31210e+2, 0.00000e+0, 2.20587e+0, 0.00000e+0, 9.48731e+2, 0.00000e+0, 4.82131e+2, 0.00000e+0, 3.15926e+1, 0.00000e+0, 3.26628e+1, 0.00000e+0, 3.80097e+0, 0.00000e+0, 3.28128e+0, 0.00000e+0, 2.00000e+1, 0.00000e+0, 2.00000e+1, 0.00000e+0, 3, 1, 
06/14/2023 13:07:13.235, 06/14/2023 13:07:13.166, 4.15946e+0, 0.00000e+0, 9.81340e+1, 0.00000e+0, 2.16663e+0, 0.00000e+0, 1.84875e+4, 0.00000e+0, 9.32985e+2, 0.00000e+0, 2.20744e+0, 0.00000e+0, 9.50558e+2, 0.00000e+0, 4.82039e+2, 0.00000e+0, 3.15930e+1, 0.00000e+0, 3.26557e+1, 0.00000e+0, 3.80160e+0, 0.00000e+0, 3.28085e+0, 0.00000e+0, 2.00000e+1, 0.00000e+0, 2.00000e+1, 0.00000e+0, 3, 1, 
06/14/2023 13:07:14.220, 06/14/2023 13:07:14.160, 4.15939e+0, 0.00000e+0, 9.81230e+1, 0.00000e+0, 2.16223e+0, 0.00000e+0, 1.82366e+4, 0.00000e+0, 9.32000e+2, 0.00000e+0, 2.20239e+0, 0.00000e+0, 9.49312e+2, 0.00000e+0, 4.82025e+2, 0.00000e+0, 3.15900e+1, 0.00000e+0, 3.26505e+1, 0.00000e+0, 3.80084e+0, 0.00000e+0, 3.28097e+0, 0.00000e+0, 2.00000e+1, 0.00000e+0, 2.00000e+1, 0.00000e+0, 3, 1, 
06/14/2023 13:07:15.214, 06/14/2023 13:07:15.155, 4.15936e+0, 0.00000e+0, 9.81192e+1, 0.00000e+0, 2.16037e+0, 0.00000e+0, 1.85117e+4, 0.00000e+0, 9.29975e+2, 0.00000e+0, 2.20112e+0, 0.00000e+0, 9.47516e+2, 0.00000e+0, 4.82075e+2, 0.00000e+0, 3.15911e+1, 0.00000e+0, 3.26504e+1, 0.00000e+0, 3.80079e+0, 0.00000e+0, 3.28093e+0, 0.00000e+0, 2.00000e+1, 0.00000e+0, 2.00000e+1, 0.00000e+0, 3, 1, 
06/14/2023 13:07:16.210, 06/14/2023 13:07:16.150, 4.15926e+0, 0.00000e+0, 9.81037e+1, 0.00000e+0, 2.15938e+0, 0.00000e+0, 1.86016e+4, 0.00000e+0, 9.28546e+2, 0.00000e+0, 2.20031e+0, 0.00000e+0, 9.46146e+2, 0.00000e+0, 4.82130e+2, 0.00000e+0, 3.15897e+1, 0.00000e+0, 3.26489e+1, 0.00000e+0, 3.80099e+0, 0.00000e+0, 3.28051e+0, 0.00000e+0, 2.00000e+1, 0.00000e+0, 2.00000e+1, 0.00000e+0, 3, 1, 
06/14/2023 13:07:17.202, 06/14/2023 13:07:17.144, 4.15939e+0, 0.00000e+0, 9.81232e+1, 0.00000e+0, 2.15810e+0, 0.00000e+0, 1.86706e+4, 0.00000e+0, 9.28076e+2, 0.00000e+0, 2.19916e+0, 0.00000e+0, 9.45733e+2, 0.00000e+0, 4.82197e+2, 0.00000e+0, 3.15873e+1, 0.00000e+0, 3.26441e+1, 0.00000e+0, 3.80135e+0, 0.00000e+0, 3.28188e+0, 0.00000e+0, 2.00000e+1, 0.00000e+0, 2.00000e+1, 0.00000e+0, 3, 1, 
06/14/2023 13:07:18.202, 06/14/2023 13:07:18.138, 4.15927e+0, 0.00000e+0, 9.81058e+1, 0.00000e+0, 2.15919e+0, 0.00000e+0, 1.85536e+4, 0.00000e+0, 9.25894e+2, 0.00000e+0, 2.20000e+0, 0.00000e+0, 9.43397e+2, 0.00000e+0, 4.82241e+2, 0.00000e+0, 3.15834e+1, 0.00000e+0, 3.26447e+1, 0.00000e+0, 3.79992e+0, 0.00000e+0, 3.28175e+0, 0.00000e+0, 2.00000e+1, 0.00000e+0, 2.00000e+1, 0.00000e+0, 3, 1, 
06/14/2023 13:07:19.187, 06/14/2023 13:07:19.133, 4.15905e+0, 0.00000e+0, 9.80723e+1, 0.00000e+0, 2.15927e+0, 0.00000e+0, 1.85673e+4, 0.00000e+0, 9.26126e+2, 0.00000e+0, 2.20012e+0, 0.00000e+0, 9.43647e+2, 0.00000e+0, 4.82019e+2, 0.00000e+0, 3.16125e+1, 0.00000e+0, 3.26432e+1, 0.00000e+0, 3.80106e+0, 0.00000e+0, 3.28173e+0, 0.00000e+0, 2.00000e+1, 0.00000e+0, 2.00000e+1, 0.00000e+0, 3, 1, 
06/14/2023 13:07:20.203, 06/14/2023 13:07:20.129, 4.15928e+0, 0.00000e+0, 9.81069e+1, 0.00000e+0, 2.15627e+0, 0.00000e+0, 1.82495e+4, 0.00000e+0, 9.25909e+2, 0.00000e+0, 2.19635e+0, 0.00000e+0, 9.43120e+2, 0.00000e+0, 4.82067e+2, 0.00000e+0, 3.15810e+1, 0.00000e+0, 3.26411e+1, 0.00000e+0, 3.80131e+0, 0.00000e+0, 3.28149e+0, 0.00000e+0, 2.00000e+1, 0.00000e+0, 2.00000e+1, 0.00000e+0, 3, 1, 
06/14/2023 13:07:21.178, 06/14/2023 13:07:21.122, 4.15886e+0, 0.00000e+0, 9.80445e+1, 0.00000e+0, 2.15801e+0, 0.00000e+0, 1.85011e+4, 0.00000e+0, 9.28089e+2, 0.00000e+0, 2.19869e+0, 0.00000e+0, 9.45583e+2, 0.00000e+0, 4.81895e+2, 0.00000e+0, 3.16014e+1, 0.00000e+0, 3.26293e+1, 0.00000e+0, 3.79987e+0, 0.00000e+0, 3.28189e+0, 0.00000e+0, 2.00000e+1, 0.00000e+0, 2.00000e+1, 0.00000e+0, 3, 1, 
06/14/2023 13:07:22.203, 06/14/2023 13:07:22.117, 4.15934e+0, 0.00000e+0, 9.81162e+1, 0.00000e+0, 2.15872e+0, 0.00000e+0, 1.84295e+4, 0.00000e+0, 9.30712e+2, 0.00000e+0, 2.19925e+0, 0.00000e+0, 9.48187e+2, 0.00000e+0, 4.82169e+2, 0.00000e+0, 3.15875e+1, 0.00000e+0, 3.26341e+1, 0.00000e+0, 3.80115e+0, 0.00000e+0, 3.28152e+0, 0.00000e+0, 2.00000e+1, 0.00000e+0, 2.00000e+1, 0.00000e+0, 3, 1, 
06/14/2023 13:07:23.194, 06/14/2023 13:07:23.123, 4.15927e+0, 0.00000e+0, 9.81055e+1, 0.00000e+0, 2.15864e+0, 0.00000e+0, 1.83886e+4, 0.00000e+0, 9.31466e+2, 0.00000e+0, 2.19907e+0, 0.00000e+0, 9.48915e+2, 0.00000e+0, 4.82140e+2, 0.00000e+0, 3.16006e+1, 0.00000e+0, 3.26313e+1, 0.00000e+0, 3.80092e+0, 0.00000e+0, 3.28109e+0, 0.00000e+0, 2.00000e+1, 0.00000e+0, 2.00000e+1, 0.00000e+0, 3, 1, 
06/14/2023 13:07:24.162, 06/14/2023 13:07:24.106, 4.15863e+0, 0.00000e+0, 9.80110e+1, 0.00000e+0, 2.15951e+0, 0.00000e+0, 1.85230e+4, 0.00000e+0, 9.33707e+2, 0.00000e+0, 2.20026e+0, 0.00000e+0, 9.51329e+2, 0.00000e+0, 4.81851e+2, 0.00000e+0, 3.16454e+1, 0.00000e+0, 3.26234e+1, 0.00000e+0, 3.80094e+0, 0.00000e+0, 3.28167e+0, 0.00000e+0, 2.00000e+1, 0.00000e+0, 2.00000e+1, 0.00000e+0, 3, 1, 
06/14/2023 13:07:25.160, 06/14/2023 13:07:25.102, 4.15848e+0, 0.00000e+0, 9.79880e+1, 0.00000e+0, 2.15862e+0, 0.00000e+0, 1.83495e+4, 0.00000e+0, 9.33870e+2, 0.00000e+0, 2.19897e+0, 0.00000e+0, 9.51326e+2, 0.00000e+0, 4.81923e+2, 0.00000e+0, 3.16337e+1, 0.00000e+0, 3.26233e+1, 0.00000e+0, 3.80138e+0, 0.00000e+0, 3.28181e+0, 0.00000e+0, 2.00000e+1, 0.00000e+0, 2.00000e+1, 0.00000e+0, 3, 1, 
06/14/2023 13:07:26.155, 06/14/2023 13:07:26.095, 4.15847e+0, 0.00000e+0, 9.79866e+1, 0.00000e+0, 2.15761e+0, 0.00000e+0, 1.82562e+4, 0.00000e+0, 9.31397e+2, 0.00000e+0, 2.19773e+0, 0.00000e+0, 9.48717e+2, 0.00000e+0, 4.81778e+2, 0.00000e+0, 3.16350e+1, 0.00000e+0, 3.26123e+1, 0.00000e+0, 3.80156e+0, 0.00000e+0, 3.28194e+0, 0.00000e+0, 2.00000e+1, 0.00000e+0, 2.00000e+1, 0.00000e+0, 3, 1, 
06/14/2023 13:07:27.163, 06/14/2023 13:07:27.098, 4.15867e+0, 0.00000e+0, 9.80168e+1, 0.00000e+0, 2.15483e+0, 0.00000e+0, 1.84409e+4, 0.00000e+0, 9.30014e+2, 0.00000e+0, 2.19531e+0, 0.00000e+0, 9.47487e+2, 0.00000e+0, 4.81920e+2, 0.00000e+0, 3.16237e+1, 0.00000e+0, 3.26152e+1, 0.00000e+0, 3.80185e+0, 0.00000e+0, 3.28233e+0, 0.00000e+0, 2.00000e+1, 0.00000e+0, 2.00000e+1, 0.00000e+0, 3, 1, 
06/14/2023 13:07:28.149, 06/14/2023 13:07:28.084, 4.15868e+0, 0.00000e+0, 9.80182e+1, 0.00000e+0, 2.15725e+0, 0.00000e+0, 1.84135e+4, 0.00000e+0, 9.30733e+2, 0.00000e+0, 2.19772e+0, 0.00000e+0, 9.48193e+2, 0.00000e+0, 4.81960e+2, 0.00000e+0, 3.16138e+1, 0.00000e+0, 3.26166e+1, 0.00000e+0, 3.80048e+0, 0.00000e+0, 3.28232e+0, 0.00000e+0, 2.00000e+1, 0.00000e+0, 2.00000e+1, 0.00000e+0, 3, 1, 
06/14/2023 13:07:29.134, 06/14/2023 13:07:29.078, 4.15918e+0, 0.00000e+0, 9.80922e+1, 0.00000e+0, 2.15825e+0, 0.00000e+0, 1.82365e+4, 0.00000e+0, 9.30567e+2, 0.00000e+0, 2.19834e+0, 0.00000e+0, 9.47852e+2, 0.00000e+0, 4.82143e+2, 0.00000e+0, 3.15925e+1, 0.00000e+0, 3.26290e+1, 0.00000e+0, 3.80082e+0, 0.00000e+0, 3.28217e+0, 0.00000e+0, 2.00000e+1, 0.00000e+0, 2.00000e+1, 0.00000e+0, 3, 2, 
06/14/2023 13:07:30.127, 06/14/2023 13:07:30.073, 4.15923e+0, 0.00000e+0, 9.80998e+1, 0.00000e+0, 2.15454e+0, 0.00000e+0, 1.84662e+4, 0.00000e+0, 9.29098e+2, 0.00000e+0, 2.19507e+0, 0.00000e+0, 9.46578e+2, 0.00000e+0, 4.82169e+2, 0.00000e+0, 3.16055e+1, 0.00000e+0, 3.26256e+1, 0.00000e+0, 3.80159e+0, 0.00000e+0, 3.28274e+0, 0.00000e+0, 2.00000e+1, 0.00000e+0, 2.00000e+1, 0.00000e+0, 3, 2, 
06/14/2023 13:07:31.136, 06/14/2023 13:07:31.067, 4.15877e+0, 0.00000e+0, 9.80316e+1, 0.00000e+0, 2.15366e+0, 0.00000e+0, 1.83402e+4, 0.00000e+0, 9.27547e+2, 0.00000e+0, 2.19390e+0, 0.00000e+0, 9.44876e+2, 0.00000e+0, 4.82066e+2, 0.00000e+0, 3.15888e+1, 0.00000e+0, 3.26237e+1, 0.00000e+0, 3.80137e+0, 0.00000e+0, 3.28206e+0, 0.00000e+0, 2.00000e+1, 0.00000e+0, 5.00000e+0, 0.00000e+0, 3, 2, 
06/14/2023 13:07:32.118, 06/14/2023 13:07:32.062, 4.15922e+0, 0.00000e+0, 9.80980e+1, 0.00000e+0, 2.15743e+0, 0.00000e+0, 1.82823e+4, 0.00000e+0, 9.34104e+2, 0.00000e+0, 2.19760e+0, 0.00000e+0, 9.51499e+2, 0.00000e+0, 4.82228e+2, 0.00000e+0, 3.15950e+1, 0.00000e+0, 3.26351e+1, 0.00000e+0, 3.80072e+0, 0.00000e+0, 3.28243e+0, 0.00000e+0, 2.00000e+1, 0.00000e+0, 5.00000e+0, 0.00000e+0, 3, 2, 
06/14/2023 13:07:33.112, 06/14/2023 13:07:33.057, 4.15918e+0, 0.00000e+0, 9.80917e+1, 0.00000e+0, 2.16264e+0, 0.00000e+0, 1.84007e+4, 0.00000e+0, 9.36226e+2, 0.00000e+0, 2.20318e+0, 0.00000e+0, 9.53776e+2, 0.00000e+0, 4.82087e+2, 0.00000e+0, 3.16023e+1, 0.00000e+0, 3.26352e+1, 0.00000e+0, 3.80080e+0, 0.00000e+0, 3.28189e+0, 0.00000e+0, 2.00000e+1, 0.00000e+0, 5.00000e+0, 0.00000e+0, 3, 2, 
06/14/2023 13:07:34.109, 06/14/2023 13:07:34.051, 4.15933e+0, 0.00000e+0, 9.81145e+1, 0.00000e+0, 2.15386e+0, 0.00000e+0, 1.84078e+4, 0.00000e+0, 9.31107e+2, 0.00000e+0, 2.19425e+0, 0.00000e+0, 9.48568e+2, 0.00000e+0, 4.82075e+2, 0.00000e+0, 3.16080e+1, 0.00000e+0, 3.26327e+1, 0.00000e+0, 3.80127e+0, 0.00000e+0, 3.28182e+0, 0.00000e+0, 2.00000e+1, 0.00000e+0, 5.00000e+0, 0.00000e+0, 3, 2, 
06/14/2023 13:07:35.108, 06/14/2023 13:07:35.045, 4.15928e+0, 0.00000e+0, 9.81070e+1, 0.00000e+0, 2.15459e+0, 0.00000e+0, 1.85260e+4, 0.00000e+0, 9.28225e+2, 0.00000e+0, 2.19526e+0, 0.00000e+0, 9.45746e+2, 0.00000e+0, 4.82357e+2, 0.00000e+0, 3.15837e+1, 0.00000e+0, 3.26324e+1, 0.00000e+0, 3.80079e+0, 0.00000e+0, 3.28225e+0, 0.00000e+0, 2.00000e+1, 0.00000e+0, 5.00000e+0, 0.00000e+0, 3, 2, 
06/14/2023 13:07:36.096, 06/14/2023 13:07:36.040, 4.15923e+0, 0.00000e+0, 9.80990e+1, 0.00000e+0, 2.15386e+0, 0.00000e+0, 1.81548e+4, 0.00000e+0, 9.28889e+2, 0.00000e+0, 2.19369e+0, 0.00000e+0, 9.46065e+2, 0.00000e+0, 4.82350e+2, 0.00000e+0, 3.15824e+1, 0.00000e+0, 3.26322e+1, 0.00000e+0, 3.80043e+0, 0.00000e+0, 3.28170e+0, 0.00000e+0, 2.00000e+1, 0.00000e+0, 5.00000e+0, 0.00000e+0, 3, 2, 
06/14/2023 13:07:37.091, 06/14/2023 13:07:37.035, 4.15928e+0, 0.00000e+0, 9.81074e+1, 0.00000e+0, 2.15398e+0, 0.00000e+0, 1.84367e+4, 0.00000e+0, 9.28181e+2, 0.00000e+0, 2.19444e+0, 0.00000e+0, 9.45615e+2, 0.00000e+0, 4.82400e+2, 0.00000e+0, 3.15661e+1, 0.00000e+0, 3.26252e+1, 0.00000e+0, 3.80150e+0, 0.00000e+0, 3.28166e+0, 0.00000e+0, 2.00000e+1, 0.00000e+0, 5.00000e+0, 0.00000e+0, 3, 2, 
06/14/2023 13:07:38.083, 06/14/2023 13:07:38.029, 4.15936e+0, 0.00000e+0, 9.81187e+1, 0.00000e+0, 2.15528e+0, 0.00000e+0, 1.83136e+4, 0.00000e+0, 9.28859e+2, 0.00000e+0, 2.19549e+0, 0.00000e+0, 9.46187e+2, 0.00000e+0, 4.82263e+2, 0.00000e+0, 3.15796e+1, 0.00000e+0, 3.26204e+1, 0.00000e+0, 3.80087e+0, 0.00000e+0, 3.28161e+0, 0.00000e+0, 2.00000e+1, 0.00000e+0, 5.00000e+0, 0.00000e+0, 3, 2, 
06/14/2023 13:07:39.082, 06/14/2023 13:07:39.024, 4.15946e+0, 0.00000e+0, 9.81336e+1, 0.00000e+0, 2.15483e+0, 0.00000e+0, 1.84870e+4, 0.00000e+0, 9.31093e+2, 0.00000e+0, 2.19541e+0, 0.00000e+0, 9.48631e+2, 0.00000e+0, 4.82329e+2, 0.00000e+0, 3.15747e+1, 0.00000e+0, 3.26264e+1, 0.00000e+0, 3.80101e+0, 0.00000e+0, 3.28158e+0, 0.00000e+0, 2.00000e+1, 0.00000e+0, 5.00000e+0, 0.00000e+0, 3, 2, 
06/14/2023 13:07:40.081, 06/14/2023 13:07:40.018, 4.15940e+0, 0.00000e+0, 9.81247e+1, 0.00000e+0, 2.15602e+0, 0.00000e+0, 1.81482e+4, 0.00000e+0, 9.31613e+2, 0.00000e+0, 2.19587e+0, 0.00000e+0, 9.48832e+2, 0.00000e+0, 4.82375e+2, 0.00000e+0, 3.15667e+1, 0.00000e+0, 3.26306e+1, 0.00000e+0, 3.80109e+0, 0.00000e+0, 3.28175e+0, 0.00000e+0, 2.00000e+1, 0.00000e+0, 5.00000e+0, 0.00000e+0, 3, 2, 
06/14/2023 13:07:41.075, 06/14/2023 13:07:41.013, 4.15915e+0, 0.00000e+0, 9.80877e+1, 0.00000e+0, 2.15503e+0, 0.00000e+0, 1.84723e+4, 0.00000e+0, 9.33232e+2, 0.00000e+0, 2.19559e+0, 0.00000e+0, 9.50795e+2, 0.00000e+0, 4.82231e+2, 0.00000e+0, 3.16145e+1, 0.00000e+0, 3.26215e+1, 0.00000e+0, 3.80204e+0, 0.00000e+0, 3.28204e+0, 0.00000e+0, 2.00000e+1, 0.00000e+0, 5.00000e+0, 0.00000e+0, 3, 2, 
06/14/2023 13:07:42.066, 06/14/2023 13:07:42.008, 4.15936e+0, 0.00000e+0, 9.81194e+1, 0.00000e+0, 2.15483e+0, 0.00000e+0, 1.84656e+4, 0.00000e+0, 9.32818e+2, 0.00000e+0, 2.19537e+0, 0.00000e+0, 9.50367e+2, 0.00000e+0, 4.82466e+2, 0.00000e+0, 3.15748e+1, 0.00000e+0, 3.26173e+1, 0.00000e+0, 3.80168e+0, 0.00000e+0, 3.28234e+0, 0.00000e+0, 2.00000e+1, 0.00000e+0, 5.00000e+0, 0.00000e+0, 3, 2, 
06/14/2023 13:07:43.065, 06/14/2023 13:07:43.002, 4.15965e+0, 0.00000e+0, 9.81623e+1, 0.00000e+0, 2.15892e+0, 0.00000e+0, 1.84144e+4, 0.00000e+0, 9.32921e+2, 0.00000e+0, 2.19942e+0, 0.00000e+0, 9.50423e+2, 0.00000e+0, 4.82447e+2, 0.00000e+0, 3.16176e+1, 0.00000e+0, 3.26312e+1, 0.00000e+0, 3.80033e+0, 0.00000e+0, 3.28215e+0, 0.00000e+0, 2.00000e+1, 0.00000e+0, 5.00000e+0, 0.00000e+0, 3, 2, 
06/14/2023 13:07:44.051, 06/14/2023 13:07:43.997, 4.15964e+0, 0.00000e+0, 9.81613e+1, 0.00000e+0, 2.15700e+0, 0.00000e+0, 1.82001e+4, 0.00000e+0, 9.32653e+2, 0.00000e+0, 2.19699e+0, 0.00000e+0, 9.49942e+2, 0.00000e+0, 4.82471e+2, 0.00000e+0, 3.16281e+1, 0.00000e+0, 3.26404e+1, 0.00000e+0, 3.80049e+0, 0.00000e+0, 3.28214e+0, 0.00000e+0, 2.00000e+1, 0.00000e+0, 5.00000e+0, 0.00000e+0, 3, 2, 
06/14/2023 13:07:45.050, 06/14/2023 13:07:44.992, 4.15833e+0, 0.00000e+0, 9.79656e+1, 0.00000e+0, 2.15646e+0, 0.00000e+0, 1.80226e+4, 0.00000e+0, 9.31008e+2, 0.00000e+0, 2.19604e+0, 0.00000e+0, 9.48095e+2, 0.00000e+0, 4.82045e+2, 0.00000e+0, 3.17083e+1, 0.00000e+0, 3.26070e+1, 0.00000e+0, 3.80123e+0, 0.00000e+0, 3.28256e+0, 0.00000e+0, 2.00000e+1, 0.00000e+0, 5.00000e+0, 0.00000e+0, 3, 2, 
06/14/2023 13:07:46.039, 06/14/2023 13:07:45.985, 4.15885e+0, 0.00000e+0, 9.80427e+1, 0.00000e+0, 2.15680e+0, 0.00000e+0, 1.82277e+4, 0.00000e+0, 9.30058e+2, 0.00000e+0, 2.19685e+0, 0.00000e+0, 9.47326e+2, 0.00000e+0, 4.82270e+2, 0.00000e+0, 3.15960e+1, 0.00000e+0, 3.26180e+1, 0.00000e+0, 3.80098e+0, 0.00000e+0, 3.28238e+0, 0.00000e+0, 2.00000e+1, 0.00000e+0, 5.00000e+0, 0.00000e+0, 3, 2, 
06/14/2023 13:07:47.039, 06/14/2023 13:07:46.980, 4.15910e+0, 0.00000e+0, 9.80801e+1, 0.00000e+0, 2.15473e+0, 0.00000e+0, 1.83057e+4, 0.00000e+0, 9.33653e+2, 0.00000e+0, 2.19491e+0, 0.00000e+0, 9.51062e+2, 0.00000e+0, 4.82398e+2, 0.00000e+0, 3.15692e+1, 0.00000e+0, 3.26064e+1, 0.00000e+0, 3.80044e+0, 0.00000e+0, 3.28232e+0, 0.00000e+0, 2.00000e+1, 0.00000e+0, 5.00000e+0, 0.00000e+0, 3, 2, 
06/14/2023 13:07:48.032, 06/14/2023 13:07:47.975, 4.15908e+0, 0.00000e+0, 9.80769e+1, 0.00000e+0, 2.15426e+0, 0.00000e+0, 1.83296e+4, 0.00000e+0, 9.35935e+2, 0.00000e+0, 2.19449e+0, 0.00000e+0, 9.53411e+2, 0.00000e+0, 4.82281e+2, 0.00000e+0, 3.15854e+1, 0.00000e+0, 3.26009e+1, 0.00000e+0, 3.80035e+0, 0.00000e+0, 3.28269e+0, 0.00000e+0, 2.00000e+1, 0.00000e+0, 5.00000e+0, 0.00000e+0, 3, 2, 
06/14/2023 13:07:49.023, 06/14/2023 13:07:48.969, 4.15916e+0, 0.00000e+0, 9.80897e+1, 0.00000e+0, 2.15562e+0, 0.00000e+0, 1.83957e+4, 0.00000e+0, 9.36377e+2, 0.00000e+0, 2.19602e+0, 0.00000e+0, 9.53925e+2, 0.00000e+0, 4.82302e+2, 0.00000e+0, 3.15588e+1, 0.00000e+0, 3.26041e+1, 0.00000e+0, 3.80152e+0, 0.00000e+0, 3.28236e+0, 0.00000e+0, 2.00000e+1, 0.00000e+0, 5.00000e+0, 0.00000e+0, 3, 2, 
06/14/2023 13:07:50.027, 06/14/2023 13:07:49.964, 4.15919e+0, 0.00000e+0, 9.80931e+1, 0.00000e+0, 2.15455e+0, 0.00000e+0, 1.84400e+4, 0.00000e+0, 9.34712e+2, 0.00000e+0, 2.19502e+0, 0.00000e+0, 9.52271e+2, 0.00000e+0, 4.82314e+2, 0.00000e+0, 3.15642e+1, 0.00000e+0, 3.26017e+1, 0.00000e+0, 3.80099e+0, 0.00000e+0, 3.28263e+0, 0.00000e+0, 2.00000e+1, 0.00000e+0, 5.00000e+0, 0.00000e+0, 3, 2, 
06/14/2023 13:07:51.019, 06/14/2023 13:07:50.959, 4.15901e+0, 0.00000e+0, 9.80675e+1, 0.00000e+0, 2.15709e+0, 0.00000e+0, 1.83100e+4, 0.00000e+0, 9.34882e+2, 0.00000e+0, 2.19732e+0, 0.00000e+0, 9.52319e+2, 0.00000e+0, 4.82301e+2, 0.00000e+0, 3.15758e+1, 0.00000e+0, 3.26014e+1, 0.00000e+0, 3.80163e+0, 0.00000e+0, 3.28296e+0, 0.00000e+0, 2.00000e+1, 0.00000e+0, 5.00000e+0, 0.00000e+0, 3, 2, 
06/14/2023 13:07:52.010, 06/14/2023 13:07:51.954, 4.15909e+0, 0.00000e+0, 9.80794e+1, 0.00000e+0, 2.15713e+0, 0.00000e+0, 1.82352e+4, 0.00000e+0, 9.38408e+2, 0.00000e+0, 2.19720e+0, 0.00000e+0, 9.55838e+2, 0.00000e+0, 4.82497e+2, 0.00000e+0, 3.15785e+1, 0.00000e+0, 3.26014e+1, 0.00000e+0, 3.80181e+0, 0.00000e+0, 3.28191e+0, 0.00000e+0, 2.00000e+1, 0.00000e+0, 5.00000e+0, 0.00000e+0, 3, 2, 
06/14/2023 13:07:52.998, 06/14/2023 13:07:52.948, 4.15890e+0, 0.00000e+0, 9.80511e+1, 0.00000e+0, 2.15856e+0, 0.00000e+0, 1.83478e+4, 0.00000e+0, 9.41399e+2, 0.00000e+0, 2.19891e+0, 0.00000e+0, 9.58994e+2, 0.00000e+0, 4.82307e+2, 0.00000e+0, 3.15669e+1, 0.00000e+0, 3.25955e+1, 0.00000e+0, 3.80124e+0, 0.00000e+0, 3.28104e+0, 0.00000e+0, 2.00000e+1, 0.00000e+0, 5.00000e+0, 0.00000e+0, 3, 2, 
06/14/2023 13:07:53.999, 06/14/2023 13:07:53.942, 4.15893e+0, 0.00000e+0, 9.80547e+1, 0.00000e+0, 2.15770e+0, 0.00000e+0, 1.81610e+4, 0.00000e+0, 9.39894e+2, 0.00000e+0, 2.19761e+0, 0.00000e+0, 9.57279e+2, 0.00000e+0, 4.82292e+2, 0.00000e+0, 3.15765e+1, 0.00000e+0, 3.25989e+1, 0.00000e+0, 3.80157e+0, 0.00000e+0, 3.28173e+0, 0.00000e+0, 2.00000e+1, 0.00000e+0, 5.00000e+0, 0.00000e+0, 3, 2, 
06/14/2023 13:07:54.989, 06/14/2023 13:07:54.937, 4.15921e+0, 0.00000e+0, 9.80964e+1, 0.00000e+0, 2.15627e+0, 0.00000e+0, 1.82515e+4, 0.00000e+0, 9.41561e+2, 0.00000e+0, 2.19636e+0, 0.00000e+0, 9.59066e+2, 0.00000e+0, 4.82312e+2, 0.00000e+0, 3.15578e+1, 0.00000e+0, 3.25959e+1, 0.00000e+0, 3.80108e+0, 0.00000e+0, 3.28212e+0, 0.00000e+0, 2.00000e+1, 0.00000e+0, 5.00000e+0, 0.00000e+0, 3, 2, 
06/14/2023 13:07:55.991, 06/14/2023 13:07:55.931, 4.15913e+0, 0.00000e+0, 9.80845e+1, 0.00000e+0, 2.15914e+0, 0.00000e+0, 1.83593e+4, 0.00000e+0, 9.41442e+2, 0.00000e+0, 2.19952e+0, 0.00000e+0, 9.59049e+2, 0.00000e+0, 4.82476e+2, 0.00000e+0, 3.15580e+1, 0.00000e+0, 3.26033e+1, 0.00000e+0, 3.80084e+0, 0.00000e+0, 3.28177e+0, 0.00000e+0, 2.00000e+1, 0.00000e+0, 5.00000e+0, 0.00000e+0, 3, 2, 
06/14/2023 13:07:56.985, 06/14/2023 13:07:56.925, 4.15901e+0, 0.00000e+0, 9.80674e+1, 0.00000e+0, 2.15677e+0, 0.00000e+0, 1.82720e+4, 0.00000e+0, 9.38610e+2, 0.00000e+0, 2.19691e+0, 0.00000e+0, 9.56079e+2, 0.00000e+0, 4.82466e+2, 0.00000e+0, 3.15574e+1, 0.00000e+0, 3.26029e+1, 0.00000e+0, 3.80126e+0, 0.00000e+0, 3.28202e+0, 0.00000e+0, 2.00000e+1, 0.00000e+0, 5.00000e+0, 0.00000e+0, 3, 2, 
06/14/2023 13:07:57.980, 06/14/2023 13:07:57.921, 4.15893e+0, 0.00000e+0, 9.80551e+1, 0.00000e+0, 2.15664e+0, 0.00000e+0, 1.80192e+4, 0.00000e+0, 9.37481e+2, 0.00000e+0, 2.19621e+0, 0.00000e+0, 9.54684e+2, 0.00000e+0, 4.82442e+2, 0.00000e+0, 3.15563e+1, 0.00000e+0, 3.26010e+1, 0.00000e+0, 3.80151e+0, 0.00000e+0, 3.28098e+0, 0.00000e+0, 2.00000e+1, 0.00000e+0, 5.00000e+0, 0.00000e+0, 3, 2, 
06/14/2023 13:07:58.972, 06/14/2023 13:07:58.914, 4.15909e+0, 0.00000e+0, 9.80795e+1, 0.00000e+0, 2.15383e+0, 0.00000e+0, 1.81815e+4, 0.00000e+0, 9.35391e+2, 0.00000e+0, 2.19371e+0, 0.00000e+0, 9.52713e+2, 0.00000e+0, 4.82477e+2, 0.00000e+0, 3.15495e+1, 0.00000e+0, 3.25962e+1, 0.00000e+0, 3.80118e+0, 0.00000e+0, 3.28179e+0, 0.00000e+0, 2.00000e+1, 0.00000e+0, 5.00000e+0, 0.00000e+0, 3, 2, 
06/14/2023 13:07:59.966, 06/14/2023 13:07:59.910, 4.15907e+0, 0.00000e+0, 9.80759e+1, 0.00000e+0, 2.15487e+0, 0.00000e+0, 1.81651e+4, 0.00000e+0, 9.33565e+2, 0.00000e+0, 2.19474e+0, 0.00000e+0, 9.50837e+2, 0.00000e+0, 4.82288e+2, 0.00000e+0, 3.15578e+1, 0.00000e+0, 3.25878e+1, 0.00000e+0, 3.80123e+0, 0.00000e+0, 3.28092e+0, 0.00000e+0, 2.00000e+1, 0.00000e+0, 5.00000e+0, 0.00000e+0, 3, 2, 
06/14/2023 13:08:00.959, 06/14/2023 13:08:00.904, 4.15912e+0, 0.00000e+0, 9.80839e+1, 0.00000e+0, 2.15554e+0, 0.00000e+0, 1.83825e+4, 0.00000e+0, 9.34755e+2, 0.00000e+0, 2.19590e+0, 0.00000e+0, 9.52259e+2, 0.00000e+0, 4.82468e+2, 0.00000e+0, 3.15548e+1, 0.00000e+0, 3.25871e+1, 0.00000e+0, 3.80148e+0, 0.00000e+0, 3.28157e+0, 0.00000e+0, 2.00000e+1, 0.00000e+0, 5.00000e+0, 0.00000e+0, 3, 2, 
06/14/2023 13:08:01.952, 06/14/2023 13:08:01.899, 4.15935e+0, 0.00000e+0, 9.81173e+1, 0.00000e+0, 2.15714e+0, 0.00000e+0, 1.81755e+4, 0.00000e+0, 9.35788e+2, 0.00000e+0, 2.19707e+0, 0.00000e+0, 9.53111e+2, 0.00000e+0, 4.82523e+2, 0.00000e+0, 3.15516e+1, 0.00000e+0, 3.25937e+1, 0.00000e+0, 3.80099e+0, 0.00000e+0, 3.28149e+0, 0.00000e+0, 2.00000e+1, 0.00000e+0, 5.00000e+0, 0.00000e+0, 3, 2, 
06/14/2023 13:08:02.947, 06/14/2023 13:08:02.893, 4.15913e+0, 0.00000e+0, 9.80845e+1, 0.00000e+0, 2.15687e+0, 0.00000e+0, 1.82540e+4, 0.00000e+0, 9.37424e+2, 0.00000e+0, 2.19698e+0, 0.00000e+0, 9.54854e+2, 0.00000e+0, 4.82519e+2, 0.00000e+0, 3.15538e+1, 0.00000e+0, 3.25976e+1, 0.00000e+0, 3.80089e+0, 0.00000e+0, 3.28147e+0, 0.00000e+0, 2.00000e+1, 0.00000e+0, 5.00000e+0, 0.00000e+0, 3, 2, 
06/14/2023 13:08:03.944, 06/14/2023 13:08:03.888, 4.15916e+0, 0.00000e+0, 9.80888e+1, 0.00000e+0, 2.15718e+0, 0.00000e+0, 1.82656e+4, 0.00000e+0, 9.37044e+2, 0.00000e+0, 2.19732e+0, 0.00000e+0, 9.54478e+2, 0.00000e+0, 4.82440e+2, 0.00000e+0, 3.15553e+1, 0.00000e+0, 3.25989e+1, 0.00000e+0, 3.80171e+0, 0.00000e+0, 3.28139e+0, 0.00000e+0, 2.00000e+1, 0.00000e+0, 5.00000e+0, 0.00000e+0, 3, 2, 
06/14/2023 13:08:04.951, 06/14/2023 13:08:04.882, 4.15923e+0, 0.00000e+0, 9.81002e+1, 0.00000e+0, 2.15143e+0, 0.00000e+0, 1.80984e+4, 0.00000e+0, 9.34309e+2, 0.00000e+0, 2.19109e+0, 0.00000e+0, 9.51530e+2, 0.00000e+0, 4.82456e+2, 0.00000e+0, 3.15523e+1, 0.00000e+0, 3.25840e+1, 0.00000e+0, 3.80103e+0, 0.00000e+0, 3.28096e+0, 0.00000e+0, 2.00000e+1, 0.00000e+0, 5.00000e+0, 0.00000e+0, 3, 2, 
06/14/2023 13:08:05.937, 06/14/2023 13:08:05.876, 4.15919e+0, 0.00000e+0, 9.80940e+1, 0.00000e+0, 2.15186e+0, 0.00000e+0, 1.83328e+4, 0.00000e+0, 9.33119e+2, 0.00000e+0, 2.19204e+0, 0.00000e+0, 9.50545e+2, 0.00000e+0, 4.82372e+2, 0.00000e+0, 3.15488e+1, 0.00000e+0, 3.25852e+1, 0.00000e+0, 3.80130e+0, 0.00000e+0, 3.28125e+0, 0.00000e+0, 2.00000e+1, 0.00000e+0, 5.00000e+0, 0.00000e+0, 3, 2, 
06/14/2023 13:08:06.933, 06/14/2023 13:08:06.871, 4.15929e+0, 0.00000e+0, 9.81088e+1, 0.00000e+0, 2.15237e+0, 0.00000e+0, 1.80678e+4, 0.00000e+0, 9.35413e+2, 0.00000e+0, 2.19198e+0, 0.00000e+0, 9.52625e+2, 0.00000e+0, 4.82605e+2, 0.00000e+0, 3.15578e+1, 0.00000e+0, 3.25770e+1, 0.00000e+0, 3.80047e+0, 0.00000e+0, 3.28107e+0, 0.00000e+0, 2.00000e+1, 0.00000e+0, 5.00000e+0, 0.00000e+0, 3, 2, 
06/14/2023 13:08:07.928, 06/14/2023 13:08:07.876, 4.15875e+0, 0.00000e+0, 9.80288e+1, 0.00000e+0, 2.15557e+0, 0.00000e+0, 1.81208e+4, 0.00000e+0, 9.36828e+2, 0.00000e+0, 2.19535e+0, 0.00000e+0, 9.54117e+2, 0.00000e+0, 4.82524e+2, 0.00000e+0, 3.15545e+1, 0.00000e+0, 3.25754e+1, 0.00000e+0, 3.80097e+0, 0.00000e+0, 3.28117e+0, 0.00000e+0, 2.00000e+1, 0.00000e+0, 5.00000e+0, 0.00000e+0, 3, 2, 
06/14/2023 13:08:08.939, 06/14/2023 13:08:08.889, 4.15867e+0, 0.00000e+0, 9.80163e+1, 0.00000e+0, 2.15862e+0, 0.00000e+0, 1.82693e+4, 0.00000e+0, 9.39488e+2, 0.00000e+0, 2.19879e+0, 0.00000e+0, 9.56972e+2, 0.00000e+0, 4.82257e+2, 0.00000e+0, 3.15598e+1, 0.00000e+0, 3.25765e+1, 0.00000e+0, 3.79984e+0, 0.00000e+0, 3.28079e+0, 0.00000e+0, 2.00000e+1, 0.00000e+0, 5.00000e+0, 0.00000e+0, 3, 2, 
06/14/2023 13:08:09.914, 06/14/2023 13:08:09.856, 4.15884e+0, 0.00000e+0, 9.80410e+1, 0.00000e+0, 2.15089e+0, 0.00000e+0, 1.80903e+4, 0.00000e+0, 9.36309e+2, 0.00000e+0, 2.19052e+0, 0.00000e+0, 9.53559e+2, 0.00000e+0, 4.82168e+2, 0.00000e+0, 3.15651e+1, 0.00000e+0, 3.25914e+1, 0.00000e+0, 3.80106e+0, 0.00000e+0, 3.28151e+0, 0.00000e+0, 2.00000e+1, 0.00000e+0, 5.00000e+0, 0.00000e+0, 3, 2, 
06/14/2023 13:08:10.904, 06/14/2023 13:08:10.850, 4.15857e+0, 0.00000e+0, 9.80008e+1, 0.00000e+0, 2.15313e+0, 0.00000e+0, 1.80050e+4, 0.00000e+0, 9.36880e+2, 0.00000e+0, 2.19261e+0, 0.00000e+0, 9.54058e+2, 0.00000e+0, 4.82395e+2, 0.00000e+0, 3.15678e+1, 0.00000e+0, 3.25930e+1, 0.00000e+0, 3.80070e+0, 0.00000e+0, 3.28152e+0, 0.00000e+0, 2.00000e+1, 0.00000e+0, 5.00000e+0, 0.00000e+0, 3, 2, 
06/14/2023 13:08:11.908, 06/14/2023 13:08:11.849, 4.15881e+0, 0.00000e+0, 9.80370e+1, 0.00000e+0, 2.15715e+0, 0.00000e+0, 1.80453e+4, 0.00000e+0, 9.37087e+2, 0.00000e+0, 2.19679e+0, 0.00000e+0, 9.54307e+2, 0.00000e+0, 4.82485e+2, 0.00000e+0, 3.15664e+1, 0.00000e+0, 3.25973e+1, 0.00000e+0, 3.80033e+0, 0.00000e+0, 3.28059e+0, 0.00000e+0, 2.00000e+1, 0.00000e+0, 5.00000e+0, 0.00000e+0, 3, 2, 
06/14/2023 13:08:12.889, 06/14/2023 13:08:12.838, 4.15867e+0, 0.00000e+0, 9.80161e+1, 0.00000e+0, 2.15526e+0, 0.00000e+0, 1.81431e+4, 0.00000e+0, 9.37947e+2, 0.00000e+0, 2.19508e+0, 0.00000e+0, 9.55279e+2, 0.00000e+0, 4.82400e+2, 0.00000e+0, 3.15996e+1, 0.00000e+0, 3.26017e+1, 0.00000e+0, 3.80054e+0, 0.00000e+0, 3.28071e+0, 0.00000e+0, 2.00000e+1, 0.00000e+0, 5.00000e+0, 0.00000e+0, 3, 2, 
06/14/2023 13:08:13.894, 06/14/2023 13:08:13.833, 4.15828e+0, 0.00000e+0, 9.79588e+1, 0.00000e+0, 2.15554e+0, 0.00000e+0, 1.80931e+4, 0.00000e+0, 9.37806e+2, 0.00000e+0, 2.19526e+0, 0.00000e+0, 9.55087e+2, 0.00000e+0, 4.82101e+2, 0.00000e+0, 3.16264e+1, 0.00000e+0, 3.25886e+1, 0.00000e+0, 3.80050e+0, 0.00000e+0, 3.28113e+0, 0.00000e+0, 2.00000e+1, 0.00000e+0, 5.00000e+0, 0.00000e+0, 3, 2, 
06/14/2023 13:08:14.887, 06/14/2023 13:08:14.827, 4.15869e+0, 0.00000e+0, 9.80194e+1, 0.00000e+0, 2.15545e+0, 0.00000e+0, 1.81004e+4, 0.00000e+0, 9.36834e+2, 0.00000e+0, 2.19518e+0, 0.00000e+0, 9.54104e+2, 0.00000e+0, 4.82256e+2, 0.00000e+0, 3.16255e+1, 0.00000e+0, 3.25835e+1, 0.00000e+0, 3.80020e+0, 0.00000e+0, 3.28144e+0, 0.00000e+0, 2.00000e+1, 0.00000e+0, 5.00000e+0, 0.00000e+0, 3, 2, 
06/14/2023 13:08:15.878, 06/14/2023 13:08:15.821, 4.15858e+0, 0.00000e+0, 9.80023e+1, 0.00000e+0, 2.15443e+0, 0.00000e+0, 1.81194e+4, 0.00000e+0, 9.40185e+2, 0.00000e+0, 2.19419e+0, 0.00000e+0, 9.57535e+2, 0.00000e+0, 4.82241e+2, 0.00000e+0, 3.16264e+1, 0.00000e+0, 3.25909e+1, 0.00000e+0, 3.80080e+0, 0.00000e+0, 3.28137e+0, 0.00000e+0, 2.00000e+1, 0.00000e+0, 5.00000e+0, 0.00000e+0, 3, 2, 
06/14/2023 13:08:16.873, 06/14/2023 13:08:16.817, 4.15865e+0, 0.00000e+0, 9.80135e+1, 0.00000e+0, 2.15574e+0, 0.00000e+0, 1.80985e+4, 0.00000e+0, 9.41618e+2, 0.00000e+0, 2.19547e+0, 0.00000e+0, 9.58974e+2, 0.00000e+0, 4.82404e+2, 0.00000e+0, 3.16030e+1, 0.00000e+0, 3.25883e+1, 0.00000e+0, 3.80078e+0, 0.00000e+0, 3.28196e+0, 0.00000e+0, 2.00000e+1, 0.00000e+0, 5.00000e+0, 0.00000e+0, 3, 2, 
06/14/2023 13:08:17.877, 06/14/2023 13:08:17.811, 4.15831e+0, 0.00000e+0, 9.79631e+1, 0.00000e+0, 2.15765e+0, 0.00000e+0, 1.80769e+4, 0.00000e+0, 9.42613e+2, 0.00000e+0, 2.19737e+0, 0.00000e+0, 9.59967e+2, 0.00000e+0, 4.82274e+2, 0.00000e+0, 3.16249e+1, 0.00000e+0, 3.25938e+1, 0.00000e+0, 3.80048e+0, 0.00000e+0, 3.28161e+0, 0.00000e+0, 2.00000e+1, 0.00000e+0, 5.00000e+0, 0.00000e+0, 3, 2, 
06/14/2023 13:08:18.869, 06/14/2023 13:08:18.805, 4.15914e+0, 0.00000e+0, 9.80856e+1, 0.00000e+0, 2.15636e+0, 0.00000e+0, 1.80141e+4, 0.00000e+0, 9.43837e+2, 0.00000e+0, 2.19592e+0, 0.00000e+0, 9.61151e+2, 0.00000e+0, 4.82493e+2, 0.00000e+0, 3.15799e+1, 0.00000e+0, 3.25981e+1, 0.00000e+0, 3.80128e+0, 0.00000e+0, 3.28144e+0, 0.00000e+0, 2.00000e+1, 0.00000e+0, 5.00000e+0, 0.00000e+0, 3, 2, 
06/14/2023 13:08:19.855, 06/14/2023 13:08:19.801, 4.15889e+0, 0.00000e+0, 9.80485e+1, 0.00000e+0, 2.15947e+0, 0.00000e+0, 1.81949e+4, 0.00000e+0, 9.48700e+2, 0.00000e+0, 2.19949e+0, 0.00000e+0, 9.66281e+2, 0.00000e+0, 4.82386e+2, 0.00000e+0, 3.16213e+1, 0.00000e+0, 3.25872e+1, 0.00000e+0, 3.79953e+0, 0.00000e+0, 3.28110e+0, 0.00000e+0, 2.00000e+1, 0.00000e+0, 5.00000e+0, 0.00000e+0, 3, 2, 
06/14/2023 13:08:20.859, 06/14/2023 13:08:20.802, 4.15935e+0, 0.00000e+0, 9.81176e+1, 0.00000e+0, 2.16211e+0, 0.00000e+0, 1.80936e+4, 0.00000e+0, 9.50965e+2, 0.00000e+0, 2.20195e+0, 0.00000e+0, 9.68489e+2, 0.00000e+0, 4.82647e+2, 0.00000e+0, 3.15543e+1, 0.00000e+0, 3.25922e+1, 0.00000e+0, 3.80003e+0, 0.00000e+0, 3.28220e+0, 0.00000e+0, 2.00000e+1, 0.00000e+0, 5.00000e+0, 0.00000e+0, 3, 2, 
06/14/2023 13:08:21.853, 06/14/2023 13:08:21.796, 4.15895e+0, 0.00000e+0, 9.80582e+1, 0.00000e+0, 2.16181e+0, 0.00000e+0, 1.80336e+4, 0.00000e+0, 9.52394e+2, 0.00000e+0, 2.20151e+0, 0.00000e+0, 9.69885e+2, 0.00000e+0, 4.82558e+2, 0.00000e+0, 3.15624e+1, 0.00000e+0, 3.25834e+1, 0.00000e+0, 3.80017e+0, 0.00000e+0, 3.28070e+0, 0.00000e+0, 2.00000e+1, 0.00000e+0, 5.00000e+0, 0.00000e+0, 3, 2, 
06/14/2023 13:08:22.849, 06/14/2023 13:08:22.790, 4.15938e+0, 0.00000e+0, 9.81216e+1, 0.00000e+0, 2.16017e+0, 0.00000e+0, 1.81938e+4, 0.00000e+0, 9.51629e+2, 0.00000e+0, 2.20020e+0, 0.00000e+0, 9.69264e+2, 0.00000e+0, 4.82650e+2, 0.00000e+0, 3.15446e+1, 0.00000e+0, 3.25838e+1, 0.00000e+0, 3.80167e+0, 0.00000e+0, 3.28141e+0, 0.00000e+0, 2.00000e+1, 0.00000e+0, 5.00000e+0, 0.00000e+0, 3, 2, 
06/14/2023 13:08:23.839, 06/14/2023 13:08:23.785, 4.16014e+0, 0.00000e+0, 9.82346e+1, 0.00000e+0, 2.16236e+0, 0.00000e+0, 1.80593e+4, 0.00000e+0, 9.55633e+2, 0.00000e+0, 2.20213e+0, 0.00000e+0, 9.73208e+2, 0.00000e+0, 4.82860e+2, 0.00000e+0, 3.15501e+1, 0.00000e+0, 3.25891e+1, 0.00000e+0, 3.80048e+0, 0.00000e+0, 3.28101e+0, 0.00000e+0, 2.00000e+1, 0.00000e+0, 5.00000e+0, 0.00000e+0, 3, 2, 
06/14/2023 13:08:24.844, 06/14/2023 13:08:24.779, 4.16021e+0, 0.00000e+0, 9.82448e+1, 0.00000e+0, 2.16639e+0, 0.00000e+0, 1.80674e+4, 0.00000e+0, 9.63205e+2, 0.00000e+0, 2.20626e+0, 0.00000e+0, 9.80928e+2, 0.00000e+0, 4.82985e+2, 0.00000e+0, 3.15505e+1, 0.00000e+0, 3.25927e+1, 0.00000e+0, 3.80100e+0, 0.00000e+0, 3.28085e+0, 0.00000e+0, 2.00000e+1, 0.00000e+0, 5.00000e+0, 0.00000e+0, 3, 2, 
06/14/2023 13:08:25.839, 06/14/2023 13:08:25.774, 4.15939e+0, 0.00000e+0, 9.81233e+1, 0.00000e+0, 2.16674e+0, 0.00000e+0, 1.81972e+4, 0.00000e+0, 9.63940e+2, 0.00000e+0, 2.20690e+0, 0.00000e+0, 9.81807e+2, 0.00000e+0, 4.82739e+2, 0.00000e+0, 3.16152e+1, 0.00000e+0, 3.25809e+1, 0.00000e+0, 3.80018e+0, 0.00000e+0, 3.28097e+0, 0.00000e+0, 2.00000e+1, 0.00000e+0, 5.00000e+0, 0.00000e+0, 3, 2, 
06/14/2023 13:08:26.831, 06/14/2023 13:08:26.769, 4.16016e+0, 0.00000e+0, 9.82386e+1, 0.00000e+0, 2.16728e+0, 0.00000e+0, 1.81062e+4, 0.00000e+0, 9.68439e+2, 0.00000e+0, 2.20724e+0, 0.00000e+0, 9.86298e+2, 0.00000e+0, 4.83003e+2, 0.00000e+0, 3.15501e+1, 0.00000e+0, 3.25917e+1, 0.00000e+0, 3.80058e+0, 0.00000e+0, 3.28105e+0, 0.00000e+0, 2.00000e+1, 0.00000e+0, 5.00000e+0, 0.00000e+0, 3, 2, 
06/14/2023 13:08:27.832, 06/14/2023 13:08:27.763, 4.16003e+0, 0.00000e+0, 9.82181e+1, 0.00000e+0, 2.16978e+0, 0.00000e+0, 1.81831e+4, 0.00000e+0, 9.70682e+2, 0.00000e+0, 2.20996e+0, 0.00000e+0, 9.88659e+2, 0.00000e+0, 4.83018e+2, 0.00000e+0, 3.15801e+1, 0.00000e+0, 3.25977e+1, 0.00000e+0, 3.79965e+0, 0.00000e+0, 3.28061e+0, 0.00000e+0, 2.00000e+1, 0.00000e+0, 5.00000e+0, 0.00000e+0, 3, 2, 
06/14/2023 13:08:28.821, 06/14/2023 13:08:28.757, 4.16024e+0, 0.00000e+0, 9.82505e+1, 0.00000e+0, 2.16773e+0, 0.00000e+0, 1.80864e+4, 0.00000e+0, 9.68700e+2, 0.00000e+0, 2.20766e+0, 0.00000e+0, 9.86543e+2, 0.00000e+0, 4.83033e+2, 0.00000e+0, 3.15720e+1, 0.00000e+0, 3.25994e+1, 0.00000e+0, 3.80004e+0, 0.00000e+0, 3.28077e+0, 0.00000e+0, 2.00000e+1, 0.00000e+0, 5.00000e+0, 0.00000e+0, 3, 2, 
06/14/2023 13:08:29.814, 06/14/2023 13:08:29.752, 4.16028e+0, 0.00000e+0, 9.82557e+1, 0.00000e+0, 2.16793e+0, 0.00000e+0, 1.80461e+4, 0.00000e+0, 9.67477e+2, 0.00000e+0, 2.20777e+0, 0.00000e+0, 9.85257e+2, 0.00000e+0, 4.83068e+2, 0.00000e+0, 3.15392e+1, 0.00000e+0, 3.25868e+1, 0.00000e+0, 3.79926e+0, 0.00000e+0, 3.28080e+0, 0.00000e+0, 2.00000e+1, 0.00000e+0, 5.00000e+0, 0.00000e+0, 3, 1, 
06/14/2023 13:08:30.802, 06/14/2023 13:08:30.747, 4.16037e+0, 0.00000e+0, 9.82690e+1, 0.00000e+0, 2.16810e+0, 0.00000e+0, 1.81043e+4, 0.00000e+0, 9.67017e+2, 0.00000e+0, 2.20807e+0, 0.00000e+0, 9.84847e+2, 0.00000e+0, 4.83116e+2, 0.00000e+0, 3.15424e+1, 0.00000e+0, 3.25838e+1, 0.00000e+0, 3.80038e+0, 0.00000e+0, 3.28061e+0, 0.00000e+0, 2.00000e+1, 0.00000e+0, 5.00000e+0, 0.00000e+0, 3, 1, 
06/14/2023 13:08:31.795, 06/14/2023 13:08:31.741, 4.16023e+0, 0.00000e+0, 9.82479e+1, 0.00000e+0, 2.16549e+0, 0.00000e+0, 1.80340e+4, 0.00000e+0, 9.66366e+2, 0.00000e+0, 2.20526e+0, 0.00000e+0, 9.84114e+2, 0.00000e+0, 4.83092e+2, 0.00000e+0, 3.15433e+1, 0.00000e+0, 3.25821e+1, 0.00000e+0, 3.80035e+0, 0.00000e+0, 3.28042e+0, 0.00000e+0, 2.00000e+1, 0.00000e+0, 5.00000e+0, 0.00000e+0, 3, 1, 
06/14/2023 13:08:32.791, 06/14/2023 13:08:32.737, 4.16042e+0, 0.00000e+0, 9.82768e+1, 0.00000e+0, 2.16630e+0, 0.00000e+0, 1.79942e+4, 0.00000e+0, 9.69090e+2, 0.00000e+0, 2.20599e+0, 0.00000e+0, 9.86847e+2, 0.00000e+0, 4.83075e+2, 0.00000e+0, 3.15415e+1, 0.00000e+0, 3.25885e+1, 0.00000e+0, 3.80019e+0, 0.00000e+0, 3.28047e+0, 0.00000e+0, 2.00000e+1, 0.00000e+0, 5.00000e+0, 0.00000e+0, 3, 1, 
06/14/2023 13:08:33.786, 06/14/2023 13:08:33.730, 4.16029e+0, 0.00000e+0, 9.82574e+1, 0.00000e+0, 2.16778e+0, 0.00000e+0, 1.80417e+4, 0.00000e+0, 9.71321e+2, 0.00000e+0, 2.20761e+0, 0.00000e+0, 9.89167e+2, 0.00000e+0, 4.83095e+2, 0.00000e+0, 3.15409e+1, 0.00000e+0, 3.25813e+1, 0.00000e+0, 3.79991e+0, 0.00000e+0, 3.28094e+0, 0.00000e+0, 2.00000e+1, 0.00000e+0, 5.00000e+0, 0.00000e+0, 3, 1, 
06/14/2023 13:08:34.779, 06/14/2023 13:08:34.726, 4.16028e+0, 0.00000e+0, 9.82563e+1, 0.00000e+0, 2.16994e+0, 0.00000e+0, 1.80309e+4, 0.00000e+0, 9.74807e+2, 0.00000e+0, 2.20979e+0, 0.00000e+0, 9.92707e+2, 0.00000e+0, 4.83125e+2, 0.00000e+0, 3.15429e+1, 0.00000e+0, 3.25787e+1, 0.00000e+0, 3.79973e+0, 0.00000e+0, 3.28014e+0, 0.00000e+0, 2.00000e+1, 0.00000e+0, 5.00000e+0, 0.00000e+0, 3, 1, 
06/14/2023 13:08:35.782, 06/14/2023 13:08:35.719, 4.16015e+0, 0.00000e+0, 9.82365e+1, 0.00000e+0, 2.16894e+0, 0.00000e+0, 1.80591e+4, 0.00000e+0, 9.84167e+2, 0.00000e+0, 2.20883e+0, 0.00000e+0, 1.00227e+3, 0.00000e+0, 4.83087e+2, 0.00000e+0, 3.15393e+1, 0.00000e+0, 3.25686e+1, 0.00000e+0, 3.80052e+0, 0.00000e+0, 3.28011e+0, 0.00000e+0, 2.00000e+1, 0.00000e+0, 5.00000e+0, 0.00000e+0, 3, 1, 
06/14/2023 13:08:36.786, 06/14/2023 13:08:36.715, 4.16025e+0, 0.00000e+0, 9.82521e+1, 0.00000e+0, 2.17218e+0, 0.00000e+0, 1.79423e+4, 0.00000e+0, 9.84467e+2, 0.00000e+0, 2.21186e+0, 0.00000e+0, 1.00245e+3, 0.00000e+0, 4.83108e+2, 0.00000e+0, 3.15506e+1, 0.00000e+0, 3.25550e+1, 0.00000e+0, 3.79978e+0, 0.00000e+0, 3.28074e+0, 0.00000e+0, 2.00000e+1, 0.00000e+0, 5.00000e+0, 0.00000e+0, 3, 1, 
06/14/2023 13:08:37.778, 06/14/2023 13:08:37.708, 4.16000e+0, 0.00000e+0, 9.82143e+1, 0.00000e+0, 2.17576e+0, 0.00000e+0, 1.78157e+4, 0.00000e+0, 9.88018e+2, 0.00000e+0, 2.21523e+0, 0.00000e+0, 1.00594e+3, 0.00000e+0, 4.83093e+2, 0.00000e+0, 3.15741e+1, 0.00000e+0, 3.25465e+1, 0.00000e+0, 3.80009e+0, 0.00000e+0, 3.28032e+0, 0.00000e+0, 2.00000e+1, 0.00000e+0, 5.00000e+0, 0.00000e+0, 3, 1, 
06/14/2023 13:08:38.774, 06/14/2023 13:08:38.704, 4.16009e+0, 0.00000e+0, 9.82271e+1, 0.00000e+0, 2.17811e+0, 0.00000e+0, 1.79423e+4, 0.00000e+0, 9.94085e+2, 0.00000e+0, 2.21790e+0, 0.00000e+0, 1.01225e+3, 0.00000e+0, 4.82909e+2, 0.00000e+0, 3.15878e+1, 0.00000e+0, 3.25604e+1, 0.00000e+0, 3.80036e+0, 0.00000e+0, 3.28086e+0, 0.00000e+0, 2.00000e+1, 0.00000e+0, 5.00000e+0, 0.00000e+0, 3, 1, 
06/14/2023 13:08:39.767, 06/14/2023 13:08:39.697, 4.16015e+0, 0.00000e+0, 9.82369e+1, 0.00000e+0, 2.18064e+0, 0.00000e+0, 1.80371e+4, 0.00000e+0, 9.99628e+2, 0.00000e+0, 2.22070e+0, 0.00000e+0, 1.01799e+3, 0.00000e+0, 4.82948e+2, 0.00000e+0, 3.15566e+1, 0.00000e+0, 3.25756e+1, 0.00000e+0, 3.80001e+0, 0.00000e+0, 3.28160e+0, 0.00000e+0, 2.00000e+1, 0.00000e+0, 5.00000e+0, 0.00000e+0, 3, 1, 
06/14/2023 13:08:40.765, 06/14/2023 13:08:40.692, 4.16031e+0, 0.00000e+0, 9.82607e+1, 0.00000e+0, 2.18329e+0, 0.00000e+0, 1.80195e+4, 0.00000e+0, 1.00044e+3, 0.00000e+0, 2.22335e+0, 0.00000e+0, 1.01879e+3, 0.00000e+0, 4.83103e+2, 0.00000e+0, 3.15523e+1, 0.00000e+0, 3.25642e+1, 0.00000e+0, 3.80049e+0, 0.00000e+0, 3.28065e+0, 0.00000e+0, 2.00000e+1, 0.00000e+0, 5.00000e+0, 0.00000e+0, 3, 1, 
06/14/2023 13:08:41.740, 06/14/2023 13:08:41.687, 4.16024e+0, 0.00000e+0, 9.82502e+1, 0.00000e+0, 2.17683e+0, 0.00000e+0, 1.79366e+4, 0.00000e+0, 9.95010e+2, 0.00000e+0, 2.21658e+0, 0.00000e+0, 1.01318e+3, 0.00000e+0, 4.83185e+2, 0.00000e+0, 3.15653e+1, 0.00000e+0, 3.25763e+1, 0.00000e+0, 3.80105e+0, 0.00000e+0, 3.28116e+0, 0.00000e+0, 2.00000e+1, 0.00000e+0, 5.00000e+0, 0.00000e+0, 3, 1, 
06/14/2023 13:08:42.738, 06/14/2023 13:08:42.682, 4.16008e+0, 0.00000e+0, 9.82262e+1, 0.00000e+0, 2.17908e+0, 0.00000e+0, 1.78893e+4, 0.00000e+0, 9.94788e+2, 0.00000e+0, 2.21877e+0, 0.00000e+0, 1.01291e+3, 0.00000e+0, 4.83007e+2, 0.00000e+0, 3.15738e+1, 0.00000e+0, 3.25774e+1, 0.00000e+0, 3.80025e+0, 0.00000e+0, 3.28050e+0, 0.00000e+0, 2.00000e+1, 0.00000e+0, 5.00000e+0, 0.00000e+0, 3, 1, 
06/14/2023 13:08:43.733, 06/14/2023 13:08:43.677, 4.16022e+0, 0.00000e+0, 9.82466e+1, 0.00000e+0, 2.17774e+0, 0.00000e+0, 1.78939e+4, 0.00000e+0, 9.97625e+2, 0.00000e+0, 2.21742e+0, 0.00000e+0, 1.01580e+3, 0.00000e+0, 4.83025e+2, 0.00000e+0, 3.15547e+1, 0.00000e+0, 3.25765e+1, 0.00000e+0, 3.80166e+0, 0.00000e+0, 3.28072e+0, 0.00000e+0, 2.00000e+1, 0.00000e+0, 5.00000e+0, 0.00000e+0, 3, 1, 
06/14/2023 13:08:44.741, 06/14/2023 13:08:44.670, 4.15951e+0, 0.00000e+0, 9.81408e+1, 0.00000e+0, 2.17933e+0, 0.00000e+0, 1.80318e+4, 0.00000e+0, 9.98883e+2, 0.00000e+0, 2.21935e+0, 0.00000e+0, 1.01723e+3, 0.00000e+0, 4.82885e+2, 0.00000e+0, 3.15589e+1, 0.00000e+0, 3.25668e+1, 0.00000e+0, 3.80077e+0, 0.00000e+0, 3.28075e+0, 0.00000e+0, 2.00000e+1, 0.00000e+0, 5.00000e+0, 0.00000e+0, 3, 1, 
06/14/2023 13:08:45.754, 06/14/2023 13:08:45.664, 4.15931e+0, 0.00000e+0, 9.81122e+1, 0.00000e+0, 2.17745e+0, 0.00000e+0, 1.78159e+4, 0.00000e+0, 9.94188e+2, 0.00000e+0, 2.21694e+0, 0.00000e+0, 1.01222e+3, 0.00000e+0, 4.82780e+2, 0.00000e+0, 3.15653e+1, 0.00000e+0, 3.25732e+1, 0.00000e+0, 3.80026e+0, 0.00000e+0, 3.28100e+0, 0.00000e+0, 2.00000e+1, 0.00000e+0, 5.00000e+0, 0.00000e+0, 3, 1, 
06/14/2023 13:08:46.718, 06/14/2023 13:08:46.659, 4.15907e+0, 0.00000e+0, 9.80766e+1, 0.00000e+0, 2.17328e+0, 0.00000e+0, 1.79147e+4, 0.00000e+0, 9.90308e+2, 0.00000e+0, 2.21293e+0, 0.00000e+0, 1.00837e+3, 0.00000e+0, 4.82633e+2, 0.00000e+0, 3.15525e+1, 0.00000e+0, 3.25556e+1, 0.00000e+0, 3.80088e+0, 0.00000e+0, 3.28090e+0, 0.00000e+0, 2.00000e+1, 0.00000e+0, 5.00000e+0, 0.00000e+0, 3, 1, 
06/14/2023 13:08:47.712, 06/14/2023 13:08:47.654, 4.15864e+0, 0.00000e+0, 9.80122e+1, 0.00000e+0, 2.17099e+0, 0.00000e+0, 1.78140e+4, 0.00000e+0, 9.87392e+2, 0.00000e+0, 2.21037e+0, 0.00000e+0, 1.00530e+3, 0.00000e+0, 4.82558e+2, 0.00000e+0, 3.15906e+1, 0.00000e+0, 3.25503e+1, 0.00000e+0, 3.79994e+0, 0.00000e+0, 3.28027e+0, 0.00000e+0, 2.00000e+1, 0.00000e+0, 5.00000e+0, 0.00000e+0, 3, 1, 
06/14/2023 13:08:48.705, 06/14/2023 13:08:48.649, 4.15927e+0, 0.00000e+0, 9.81062e+1, 0.00000e+0, 2.16667e+0, 0.00000e+0, 1.79108e+4, 0.00000e+0, 9.79623e+2, 0.00000e+0, 2.20618e+0, 0.00000e+0, 9.97489e+2, 0.00000e+0, 4.82741e+2, 0.00000e+0, 3.15612e+1, 0.00000e+0, 3.25519e+1, 0.00000e+0, 3.80091e+0, 0.00000e+0, 3.28127e+0, 0.00000e+0, 2.00000e+1, 0.00000e+0, 5.00000e+0, 0.00000e+0, 3, 1, 
06/14/2023 13:08:49.700, 06/14/2023 13:08:49.643, 4.15926e+0, 0.00000e+0, 9.81041e+1, 0.00000e+0, 2.16636e+0, 0.00000e+0, 1.81082e+4, 0.00000e+0, 9.78684e+2, 0.00000e+0, 2.20631e+0, 0.00000e+0, 9.96733e+2, 0.00000e+0, 4.82788e+2, 0.00000e+0, 3.15662e+1, 0.00000e+0, 3.25586e+1, 0.00000e+0, 3.80050e+0, 0.00000e+0, 3.28072e+0, 0.00000e+0, 2.00000e+1, 0.00000e+0, 5.00000e+0, 0.00000e+0, 3, 1, 
06/14/2023 13:08:50.698, 06/14/2023 13:08:50.639, 4.15926e+0, 0.00000e+0, 9.81047e+1, 0.00000e+0, 2.17034e+0, 0.00000e+0, 1.79735e+4, 0.00000e+0, 9.82957e+2, 0.00000e+0, 2.21007e+0, 0.00000e+0, 1.00095e+3, 0.00000e+0, 4.82752e+2, 0.00000e+0, 3.15754e+1, 0.00000e+0, 3.25473e+1, 0.00000e+0, 3.79962e+0, 0.00000e+0, 3.28091e+0, 0.00000e+0, 2.00000e+1, 0.00000e+0, 5.00000e+0, 0.00000e+0, 3, 1, 
06/14/2023 13:08:51.690, 06/14/2023 13:08:51.632, 4.15940e+0, 0.00000e+0, 9.81245e+1, 0.00000e+0, 2.17211e+0, 0.00000e+0, 1.77570e+4, 0.00000e+0, 9.84698e+2, 0.00000e+0, 2.21138e+0, 0.00000e+0, 1.00250e+3, 0.00000e+0, 4.82893e+2, 0.00000e+0, 3.15412e+1, 0.00000e+0, 3.25413e+1, 0.00000e+0, 3.79989e+0, 0.00000e+0, 3.28079e+0, 0.00000e+0, 2.00000e+1, 0.00000e+0, 5.00000e+0, 0.00000e+0, 3, 1, 
06/14/2023 13:08:52.707, 06/14/2023 13:08:52.628, 4.15937e+0, 0.00000e+0, 9.81205e+1, 0.00000e+0, 2.17050e+0, 0.00000e+0, 1.77595e+4, 0.00000e+0, 9.85476e+2, 0.00000e+0, 2.20974e+0, 0.00000e+0, 1.00329e+3, 0.00000e+0, 4.82794e+2, 0.00000e+0, 3.15661e+1, 0.00000e+0, 3.25419e+1, 0.00000e+0, 3.80062e+0, 0.00000e+0, 3.28081e+0, 0.00000e+0, 2.00000e+1, 0.00000e+0, 5.00000e+0, 0.00000e+0, 3, 1, 
06/14/2023 13:08:53.684, 06/14/2023 13:08:53.621, 4.15935e+0, 0.00000e+0, 9.81180e+1, 0.00000e+0, 2.16868e+0, 0.00000e+0, 1.79388e+4, 0.00000e+0, 9.80016e+2, 0.00000e+0, 2.20829e+0, 0.00000e+0, 9.97918e+2, 0.00000e+0, 4.82797e+2, 0.00000e+0, 3.15467e+1, 0.00000e+0, 3.25390e+1, 0.00000e+0, 3.80053e+0, 0.00000e+0, 3.28108e+0, 0.00000e+0, 2.00000e+1, 0.00000e+0, 5.00000e+0, 0.00000e+0, 3, 1, 
06/14/2023 13:08:54.705, 06/14/2023 13:08:54.616, 4.15895e+0, 0.00000e+0, 9.80582e+1, 0.00000e+0, 2.16752e+0, 0.00000e+0, 1.78601e+4, 0.00000e+0, 9.76112e+2, 0.00000e+0, 2.20693e+0, 0.00000e+0, 9.93863e+2, 0.00000e+0, 4.82757e+2, 0.00000e+0, 3.15790e+1, 0.00000e+0, 3.25391e+1, 0.00000e+0, 3.79994e+0, 0.00000e+0, 3.28133e+0, 0.00000e+0, 2.00000e+1, 0.00000e+0, 5.00000e+0, 0.00000e+0, 3, 1, 
06/14/2023 13:08:55.665, 06/14/2023 13:08:55.610, 4.15921e+0, 0.00000e+0, 9.80962e+1, 0.00000e+0, 2.16528e+0, 0.00000e+0, 1.78391e+4, 0.00000e+0, 9.73488e+2, 0.00000e+0, 2.20460e+0, 0.00000e+0, 9.91169e+2, 0.00000e+0, 4.82878e+2, 0.00000e+0, 3.15402e+1, 0.00000e+0, 3.25371e+1, 0.00000e+0, 3.80028e+0, 0.00000e+0, 3.28062e+0, 0.00000e+0, 2.00000e+1, 0.00000e+0, 5.00000e+0, 0.00000e+0, 3, 1, 
06/14/2023 13:08:56.667, 06/14/2023 13:08:56.605, 4.15935e+0, 0.00000e+0, 9.81179e+1, 0.00000e+0, 2.16404e+0, 0.00000e+0, 1.78183e+4, 0.00000e+0, 9.73328e+2, 0.00000e+0, 2.20330e+0, 0.00000e+0, 9.90986e+2, 0.00000e+0, 4.82927e+2, 0.00000e+0, 3.15555e+1, 0.00000e+0, 3.25485e+1, 0.00000e+0, 3.79932e+0, 0.00000e+0, 3.28056e+0, 0.00000e+0, 2.00000e+1, 0.00000e+0, 5.00000e+0, 0.00000e+0, 3, 1, 
06/14/2023 13:08:57.654, 06/14/2023 13:08:57.600, 4.15909e+0, 0.00000e+0, 9.80795e+1, 0.00000e+0, 2.16171e+0, 0.00000e+0, 1.78268e+4, 0.00000e+0, 9.71733e+2, 0.00000e+0, 2.20094e+0, 0.00000e+0, 9.89371e+2, 0.00000e+0, 4.82896e+2, 0.00000e+0, 3.15709e+1, 0.00000e+0, 3.25530e+1, 0.00000e+0, 3.79978e+0, 0.00000e+0, 3.28088e+0, 0.00000e+0, 2.00000e+1, 0.00000e+0, 5.00000e+0, 0.00000e+0, 3, 1, 
06/14/2023 13:08:58.653, 06/14/2023 13:08:58.594, 4.15847e+0, 0.00000e+0, 9.79861e+1, 0.00000e+0, 2.16196e+0, 0.00000e+0, 1.79645e+4, 0.00000e+0, 9.66588e+2, 0.00000e+0, 2.20151e+0, 0.00000e+0, 9.84270e+2, 0.00000e+0, 4.82505e+2, 0.00000e+0, 3.15760e+1, 0.00000e+0, 3.25426e+1, 0.00000e+0, 3.80013e+0, 0.00000e+0, 3.28144e+0, 0.00000e+0, 2.00000e+1, 0.00000e+0, 5.00000e+0, 0.00000e+0, 3, 1, 
06/14/2023 13:08:59.648, 06/14/2023 13:08:59.588, 4.15862e+0, 0.00000e+0, 9.80084e+1, 0.00000e+0, 2.15970e+0, 0.00000e+0, 1.79675e+4, 0.00000e+0, 9.65879e+2, 0.00000e+0, 2.19921e+0, 0.00000e+0, 9.83551e+2, 0.00000e+0, 4.82488e+2, 0.00000e+0, 3.16167e+1, 0.00000e+0, 3.25444e+1, 0.00000e+0, 3.80036e+0, 0.00000e+0, 3.28137e+0, 0.00000e+0, 2.00000e+1, 0.00000e+0, 5.00000e+0, 0.00000e+0, 3, 1, 
06/14/2023 13:09:00.646, 06/14/2023 13:09:00.583, 4.15849e+0, 0.00000e+0, 9.79899e+1, 0.00000e+0, 2.16224e+0, 0.00000e+0, 1.77152e+4, 0.00000e+0, 9.66357e+2, 0.00000e+0, 2.20124e+0, 0.00000e+0, 9.83785e+2, 0.00000e+0, 4.82567e+2, 0.00000e+0, 3.16203e+1, 0.00000e+0, 3.25383e+1, 0.00000e+0, 3.79970e+0, 0.00000e+0, 3.28137e+0, 0.00000e+0, 2.00000e+1, 0.00000e+0, 5.00000e+0, 0.00000e+0, 3, 1, 
06/14/2023 13:09:01.636, 06/14/2023 13:09:01.578, 4.15839e+0, 0.00000e+0, 9.79747e+1, 0.00000e+0, 2.16192e+0, 0.00000e+0, 1.78283e+4, 0.00000e+0, 9.64902e+2, 0.00000e+0, 2.20117e+0, 0.00000e+0, 9.82416e+2, 0.00000e+0, 4.82533e+2, 0.00000e+0, 3.16501e+1, 0.00000e+0, 3.25406e+1, 0.00000e+0, 3.80050e+0, 0.00000e+0, 3.28106e+0, 0.00000e+0, 2.00000e+1, 0.00000e+0, 5.00000e+0, 0.00000e+0, 3, 1, 
06/14/2023 13:09:02.639, 06/14/2023 13:09:02.572, 4.15777e+0, 0.00000e+0, 9.78827e+1, 0.00000e+0, 2.15874e+0, 0.00000e+0, 1.78743e+4, 0.00000e+0, 9.66327e+2, 0.00000e+0, 2.19803e+0, 0.00000e+0, 9.83914e+2, 0.00000e+0, 4.82223e+2, 0.00000e+0, 3.16113e+1, 0.00000e+0, 3.25342e+1, 0.00000e+0, 3.80020e+0, 0.00000e+0, 3.28110e+0, 0.00000e+0, 2.00000e+1, 0.00000e+0, 5.00000e+0, 0.00000e+0, 3, 1, 
06/14/2023 13:09:03.623, 06/14/2023 13:09:03.567, 4.15877e+0, 0.00000e+0, 9.80306e+1, 0.00000e+0, 2.15710e+0, 0.00000e+0, 1.78841e+4, 0.00000e+0, 9.61736e+2, 0.00000e+0, 2.19638e+0, 0.00000e+0, 9.79248e+2, 0.00000e+0, 4.82646e+2, 0.00000e+0, 3.15449e+1, 0.00000e+0, 3.25522e+1, 0.00000e+0, 3.79938e+0, 0.00000e+0, 3.28097e+0, 0.00000e+0, 2.00000e+1, 0.00000e+0, 5.00000e+0, 0.00000e+0, 3, 1, 
06/14/2023 13:09:04.622, 06/14/2023 13:09:04.562, 4.15891e+0, 0.00000e+0, 9.80516e+1, 0.00000e+0, 2.15884e+0, 0.00000e+0, 1.79147e+4, 0.00000e+0, 9.60665e+2, 0.00000e+0, 2.19822e+0, 0.00000e+0, 9.78189e+2, 0.00000e+0, 4.82780e+2, 0.00000e+0, 3.15731e+1, 0.00000e+0, 3.25529e+1, 0.00000e+0, 3.79894e+0, 0.00000e+0, 3.28051e+0, 0.00000e+0, 2.00000e+1, 0.00000e+0, 5.00000e+0, 0.00000e+0, 3, 1, 
06/14/2023 13:09:05.612, 06/14/2023 13:09:05.555, 4.15934e+0, 0.00000e+0, 9.81155e+1, 0.00000e+0, 2.15822e+0, 0.00000e+0, 1.78735e+4, 0.00000e+0, 9.62077e+2, 0.00000e+0, 2.19750e+0, 0.00000e+0, 9.79585e+2, 0.00000e+0, 4.82860e+2, 0.00000e+0, 3.15607e+1, 0.00000e+0, 3.25507e+1, 0.00000e+0, 3.79999e+0, 0.00000e+0, 3.28071e+0, 0.00000e+0, 2.00000e+1, 0.00000e+0, 5.00000e+0, 0.00000e+0, 3, 1, 
06/14/2023 13:09:06.605, 06/14/2023 13:09:06.551, 4.15931e+0, 0.00000e+0, 9.81117e+1, 0.00000e+0, 2.15659e+0, 0.00000e+0, 1.78066e+4, 0.00000e+0, 9.61069e+2, 0.00000e+0, 2.19569e+0, 0.00000e+0, 9.78493e+2, 0.00000e+0, 4.83021e+2, 0.00000e+0, 3.15495e+1, 0.00000e+0, 3.25278e+1, 0.00000e+0, 3.79966e+0, 0.00000e+0, 3.28115e+0, 0.00000e+0, 2.00000e+1, 0.00000e+0, 5.00000e+0, 0.00000e+0, 3, 1, 
06/14/2023 13:09:07.626, 06/14/2023 13:09:07.572, 4.15870e+0, 0.00000e+0, 9.80212e+1, 0.00000e+0, 2.15574e+0, 0.00000e+0, 1.79165e+4, 0.00000e+0, 9.58943e+2, 0.00000e+0, 2.19507e+0, 0.00000e+0, 9.76438e+2, 0.00000e+0, 4.82693e+2, 0.00000e+0, 3.15762e+1, 0.00000e+0, 3.25176e+1, 0.00000e+0, 3.80055e+0, 0.00000e+0, 3.28075e+0, 0.00000e+0, 2.00000e+1, 0.00000e+0, 5.00000e+0, 0.00000e+0, 3, 1, 
06/14/2023 13:09:08.601, 06/14/2023 13:09:08.539, 4.15886e+0, 0.00000e+0, 9.80452e+1, 0.00000e+0, 2.15813e+0, 0.00000e+0, 1.77383e+4, 0.00000e+0, 9.59661e+2, 0.00000e+0, 2.19710e+0, 0.00000e+0, 9.76991e+2, 0.00000e+0, 4.82787e+2, 0.00000e+0, 3.15846e+1, 0.00000e+0, 3.25198e+1, 0.00000e+0, 3.79963e+0, 0.00000e+0, 3.28081e+0, 0.00000e+0, 2.00000e+1, 0.00000e+0, 5.00000e+0, 0.00000e+0, 3, 1, 
06/14/2023 13:09:09.591, 06/14/2023 13:09:09.534, 4.15875e+0, 0.00000e+0, 9.80279e+1, 0.00000e+0, 2.15820e+0, 0.00000e+0, 1.78094e+4, 0.00000e+0, 9.59977e+2, 0.00000e+0, 2.19733e+0, 0.00000e+0, 9.77384e+2, 0.00000e+0, 4.82654e+2, 0.00000e+0, 3.16171e+1, 0.00000e+0, 3.25104e+1, 0.00000e+0, 3.80062e+0, 0.00000e+0, 3.28155e+0, 0.00000e+0, 2.00000e+1, 0.00000e+0, 5.00000e+0, 0.00000e+0, 3, 1, 
06/14/2023 13:09:10.586, 06/14/2023 13:09:10.529, 4.15839e+0, 0.00000e+0, 9.79743e+1, 0.00000e+0, 2.15715e+0, 0.00000e+0, 1.77981e+4, 0.00000e+0, 9.59034e+2, 0.00000e+0, 2.19624e+0, 0.00000e+0, 9.76412e+2, 0.00000e+0, 4.82537e+2, 0.00000e+0, 3.16279e+1, 0.00000e+0, 3.25033e+1, 0.00000e+0, 3.80051e+0, 0.00000e+0, 3.28145e+0, 0.00000e+0, 2.00000e+1, 0.00000e+0, 5.00000e+0, 0.00000e+0, 3, 1, 
06/14/2023 13:09:11.578, 06/14/2023 13:09:11.522, 4.15840e+0, 0.00000e+0, 9.79763e+1, 0.00000e+0, 2.15648e+0, 0.00000e+0, 1.78743e+4, 0.00000e+0, 9.59284e+2, 0.00000e+0, 2.19573e+0, 0.00000e+0, 9.76742e+2, 0.00000e+0, 4.82554e+2, 0.00000e+0, 3.16540e+1, 0.00000e+0, 3.25198e+1, 0.00000e+0, 3.80013e+0, 0.00000e+0, 3.28137e+0, 0.00000e+0, 2.00000e+1, 0.00000e+0, 5.00000e+0, 0.00000e+0, 3, 1, 
