SN:3K60180500001583 BD:Jul 23 2018 VC:834b9c1 MD5:48f99e4865ed8b810be1bb0eaaabf929
SysTime,                      Time,         Batt_v,      Batt_v_sd,   BATT_PERCENT,BATT_PERCENT_sd,      [CH4]_ppm,   [CH4]_ppm_sd,      [H2O]_ppm,   [H2O]_ppm_sd,      [CO2]_ppm,   [CO2]_ppm_sd,     [CH4]d_ppm,  [CH4]d_ppm_sd,     [CO2]d_ppm,  [CO2]d_ppm_sd,      GasP_torr,   GasP_torr_sd,         GasT_C,      GasT_C_sd,         AmbT_C,      AmbT_C_sd,         RD0_us,      RD0_us_sd,         RD1_us,      RD1_us_sd, Temp_Status_mA,Temp_Status_mA_sd,Analyzer_Status_mA,Analyzer_Status_mA_sd,       Fit_Flag,      MIU_VALVE,       MIU_DESC
08/25/2020 17:56:51.003, 08/25/2020 17:56:50.945, 3.84990e+0, 0.00000e+0, -2.32308e+2, 0.00000e+0, 2.00510e+0, 0.00000e+0, 1.73304e+4, 0.00000e+0, 5.98728e+2, 0.00000e+0, 1.02023e+0, 0.00000e+0, 3.04643e+2, 0.00000e+0, 5.01363e+2, 0.00000e+0, 3.16724e+1, 0.00000e+0, 2.93407e+1, 0.00000e+0, 3.58121e+0, 0.00000e+0, 3.17707e+0, 0.00000e+0, 2.00000e+1, 0.00000e+0, 1.65000e+1, 0.00000e+0, 2, 1, 
08/25/2020 17:56:51.994, 08/25/2020 17:56:51.939, 3.84642e+0, 0.00000e+0, 5.10950e+1, 0.00000e+0, 2.01941e+0, 0.00000e+0, 1.91323e+4, 0.00000e+0, 6.01968e+2, 0.00000e+0, 2.05880e+0, 0.00000e+0, 6.13709e+2, 0.00000e+0, 5.01229e+2, 0.00000e+0, 3.16613e+1, 0.00000e+0, 2.93213e+1, 0.00000e+0, 3.58036e+0, 0.00000e+0, 3.17726e+0, 0.00000e+0, 2.00000e+1, 0.00000e+0, 2.00000e+1, 0.00000e+0, 2, 1, 
08/25/2020 17:56:53.003, 08/25/2020 17:56:52.933, 3.84628e+0, 0.00000e+0, 5.10733e+1, 0.00000e+0, 2.01614e+0, 0.00000e+0, 1.93404e+4, 0.00000e+0, 6.00124e+2, 0.00000e+0, 2.05590e+0, 0.00000e+0, 6.11959e+2, 0.00000e+0, 5.01444e+2, 0.00000e+0, 3.16419e+1, 0.00000e+0, 2.93191e+1, 0.00000e+0, 3.58249e+0, 0.00000e+0, 3.17763e+0, 0.00000e+0, 2.00000e+1, 0.00000e+0, 2.00000e+1, 0.00000e+0, 2, 1, 
08/25/2020 17:56:53.983, 08/25/2020 17:56:53.928, 3.84816e+0, 0.00000e+0, 5.13503e+1, 0.00000e+0, 2.02582e+0, 0.00000e+0, 1.95267e+4, 0.00000e+0, 5.97757e+2, 0.00000e+0, 2.06616e+0, 0.00000e+0, 6.09661e+2, 0.00000e+0, 5.01419e+2, 0.00000e+0, 3.16742e+1, 0.00000e+0, 2.93209e+1, 0.00000e+0, 3.58372e+0, 0.00000e+0, 3.17561e+0, 0.00000e+0, 2.00000e+1, 0.00000e+0, 2.00000e+1, 0.00000e+0, 2, 1, 
08/25/2020 17:56:55.049, 08/25/2020 17:56:54.995, 3.84898e+0, 0.00000e+0, 5.14713e+1, 0.00000e+0, 2.01726e+0, 0.00000e+0, 1.96922e+4, 0.00000e+0, 5.99219e+2, 0.00000e+0, 2.05778e+0, 0.00000e+0, 6.11256e+2, 0.00000e+0, 5.01270e+2, 0.00000e+0, 3.16596e+1, 0.00000e+0, 2.93220e+1, 0.00000e+0, 3.58288e+0, 0.00000e+0, 3.17733e+0, 0.00000e+0, 2.00000e+1, 0.00000e+0, 2.00000e+1, 0.00000e+0, 2, 1, 
08/25/2020 17:56:55.968, 08/25/2020 17:56:55.917, 3.84912e+0, 0.00000e+0, 5.14924e+1, 0.00000e+0, 2.01711e+0, 0.00000e+0, 1.99412e+4, 0.00000e+0, 5.96101e+2, 0.00000e+0, 2.05815e+0, 0.00000e+0, 6.08230e+2, 0.00000e+0, 5.01478e+2, 0.00000e+0, 3.16593e+1, 0.00000e+0, 2.93284e+1, 0.00000e+0, 3.58324e+0, 0.00000e+0, 3.17558e+0, 0.00000e+0, 2.00000e+1, 0.00000e+0, 2.00000e+1, 0.00000e+0, 2, 1, 
08/25/2020 17:56:56.991, 08/25/2020 17:56:56.911, 3.85053e+0, 0.00000e+0, 5.17010e+1, 0.00000e+0, 2.02148e+0, 0.00000e+0, 2.02985e+4, 0.00000e+0, 5.96759e+2, 0.00000e+0, 2.06337e+0, 0.00000e+0, 6.09123e+2, 0.00000e+0, 5.01347e+2, 0.00000e+0, 3.16573e+1, 0.00000e+0, 2.93272e+1, 0.00000e+0, 3.58387e+0, 0.00000e+0, 3.17422e+0, 0.00000e+0, 2.00000e+1, 0.00000e+0, 2.00000e+1, 0.00000e+0, 2, 1, 
08/25/2020 17:56:57.963, 08/25/2020 17:56:57.906, 3.84298e+0, 0.00000e+0, 5.05865e+1, 0.00000e+0, 2.01523e+0, 0.00000e+0, 1.99957e+4, 0.00000e+0, 5.97163e+2, 0.00000e+0, 2.05635e+0, 0.00000e+0, 6.09347e+2, 0.00000e+0, 5.01472e+2, 0.00000e+0, 3.17103e+1, 0.00000e+0, 2.92949e+1, 0.00000e+0, 3.58383e+0, 0.00000e+0, 3.17248e+0, 0.00000e+0, 2.00000e+1, 0.00000e+0, 2.00000e+1, 0.00000e+0, 2, 1, 
08/25/2020 17:56:58.979, 08/25/2020 17:56:58.901, 3.85001e+0, 0.00000e+0, 5.16233e+1, 0.00000e+0, 2.02242e+0, 0.00000e+0, 2.02845e+4, 0.00000e+0, 5.91248e+2, 0.00000e+0, 2.06429e+0, 0.00000e+0, 6.03489e+2, 0.00000e+0, 5.01339e+2, 0.00000e+0, 3.16573e+1, 0.00000e+0, 2.93178e+1, 0.00000e+0, 3.58277e+0, 0.00000e+0, 3.17861e+0, 0.00000e+0, 2.00000e+1, 0.00000e+0, 2.00000e+1, 0.00000e+0, 2, 1, 
08/25/2020 17:56:59.971, 08/25/2020 17:56:59.896, 3.84984e+0, 0.00000e+0, 5.15982e+1, 0.00000e+0, 2.01588e+0, 0.00000e+0, 2.04451e+4, 0.00000e+0, 5.93866e+2, 0.00000e+0, 2.05795e+0, 0.00000e+0, 6.06261e+2, 0.00000e+0, 5.01373e+2, 0.00000e+0, 3.16627e+1, 0.00000e+0, 2.93092e+1, 0.00000e+0, 3.58155e+0, 0.00000e+0, 3.17444e+0, 0.00000e+0, 2.00000e+1, 0.00000e+0, 2.00000e+1, 0.00000e+0, 2, 1, 
08/25/2020 17:57:00.948, 08/25/2020 17:57:00.889, 3.85032e+0, 0.00000e+0, 5.16690e+1, 0.00000e+0, 2.02525e+0, 0.00000e+0, 2.06274e+4, 0.00000e+0, 5.92513e+2, 0.00000e+0, 2.06791e+0, 0.00000e+0, 6.04993e+2, 0.00000e+0, 5.01347e+2, 0.00000e+0, 3.16488e+1, 0.00000e+0, 2.93099e+1, 0.00000e+0, 3.58188e+0, 0.00000e+0, 3.17747e+0, 0.00000e+0, 2.00000e+1, 0.00000e+0, 2.00000e+1, 0.00000e+0, 2, 1, 
08/25/2020 17:57:01.947, 08/25/2020 17:57:01.884, 3.84957e+0, 0.00000e+0, 5.15584e+1, 0.00000e+0, 2.02487e+0, 0.00000e+0, 2.07142e+4, 0.00000e+0, 5.95175e+2, 0.00000e+0, 2.06770e+0, 0.00000e+0, 6.07764e+2, 0.00000e+0, 5.01402e+2, 0.00000e+0, 3.16471e+1, 0.00000e+0, 2.93042e+1, 0.00000e+0, 3.58018e+0, 0.00000e+0, 3.17442e+0, 0.00000e+0, 2.00000e+1, 0.00000e+0, 2.00000e+1, 0.00000e+0, 2, 1, 
08/25/2020 17:57:02.930, 08/25/2020 17:57:02.878, 3.84957e+0, 0.00000e+0, 5.15589e+1, 0.00000e+0, 2.01963e+0, 0.00000e+0, 2.07497e+4, 0.00000e+0, 5.93194e+2, 0.00000e+0, 2.06243e+0, 0.00000e+0, 6.05764e+2, 0.00000e+0, 5.01352e+2, 0.00000e+0, 3.16458e+1, 0.00000e+0, 2.92979e+1, 0.00000e+0, 3.58271e+0, 0.00000e+0, 3.17234e+0, 0.00000e+0, 2.00000e+1, 0.00000e+0, 2.00000e+1, 0.00000e+0, 2, 1, 
08/25/2020 17:57:03.967, 08/25/2020 17:57:03.873, 3.85019e+0, 0.00000e+0, 5.16501e+1, 0.00000e+0, 2.02403e+0, 0.00000e+0, 2.10723e+4, 0.00000e+0, 5.93196e+2, 0.00000e+0, 2.06760e+0, 0.00000e+0, 6.05966e+2, 0.00000e+0, 5.01356e+2, 0.00000e+0, 3.16432e+1, 0.00000e+0, 2.92980e+1, 0.00000e+0, 3.58286e+0, 0.00000e+0, 3.17473e+0, 0.00000e+0, 2.00000e+1, 0.00000e+0, 2.00000e+1, 0.00000e+0, 3, 1, 
08/25/2020 17:57:04.954, 08/25/2020 17:57:04.868, 3.84842e+0, 0.00000e+0, 5.13891e+1, 0.00000e+0, 2.02468e+0, 0.00000e+0, 2.07484e+4, 0.00000e+0, 5.93542e+2, 0.00000e+0, 2.06758e+0, 0.00000e+0, 6.06117e+2, 0.00000e+0, 5.01393e+2, 0.00000e+0, 3.16559e+1, 0.00000e+0, 2.92895e+1, 0.00000e+0, 3.58197e+0, 0.00000e+0, 3.17285e+0, 0.00000e+0, 2.00000e+1, 0.00000e+0, 2.00000e+1, 0.00000e+0, 3, 1, 
08/25/2020 17:57:05.939, 08/25/2020 17:57:05.862, 3.84833e+0, 0.00000e+0, 5.13758e+1, 0.00000e+0, 2.02284e+0, 0.00000e+0, 2.09266e+4, 0.00000e+0, 5.93984e+2, 0.00000e+0, 2.06608e+0, 0.00000e+0, 6.06680e+2, 0.00000e+0, 5.01371e+2, 0.00000e+0, 3.16456e+1, 0.00000e+0, 2.92848e+1, 0.00000e+0, 3.58339e+0, 0.00000e+0, 3.16978e+0, 0.00000e+0, 2.00000e+1, 0.00000e+0, 2.00000e+1, 0.00000e+0, 3, 1, 
08/25/2020 17:57:06.943, 08/25/2020 17:57:06.857, 3.84794e+0, 0.00000e+0, 5.13180e+1, 0.00000e+0, 2.01644e+0, 0.00000e+0, 2.10135e+4, 0.00000e+0, 5.96223e+2, 0.00000e+0, 2.05972e+0, 0.00000e+0, 6.09021e+2, 0.00000e+0, 5.01349e+2, 0.00000e+0, 3.16448e+1, 0.00000e+0, 2.92830e+1, 0.00000e+0, 3.58384e+0, 0.00000e+0, 3.17202e+0, 0.00000e+0, 2.00000e+1, 0.00000e+0, 2.00000e+1, 0.00000e+0, 3, 1, 
08/25/2020 17:57:07.912, 08/25/2020 17:57:07.852, 3.84915e+0, 0.00000e+0, 5.14978e+1, 0.00000e+0, 2.02413e+0, 0.00000e+0, 2.09220e+4, 0.00000e+0, 5.92200e+2, 0.00000e+0, 2.06738e+0, 0.00000e+0, 6.04855e+2, 0.00000e+0, 5.01353e+2, 0.00000e+0, 3.16394e+1, 0.00000e+0, 2.92809e+1, 0.00000e+0, 3.58334e+0, 0.00000e+0, 3.17172e+0, 0.00000e+0, 2.00000e+1, 0.00000e+0, 2.00000e+1, 0.00000e+0, 3, 1, 
08/25/2020 17:57:08.905, 08/25/2020 17:57:08.846, 3.84748e+0, 0.00000e+0, 5.12511e+1, 0.00000e+0, 2.01823e+0, 0.00000e+0, 2.12799e+4, 0.00000e+0, 5.96082e+2, 0.00000e+0, 2.06211e+0, 0.00000e+0, 6.09043e+2, 0.00000e+0, 5.01325e+2, 0.00000e+0, 3.16291e+1, 0.00000e+0, 2.92827e+1, 0.00000e+0, 3.58151e+0, 0.00000e+0, 3.17218e+0, 0.00000e+0, 2.00000e+1, 0.00000e+0, 2.00000e+1, 0.00000e+0, 3, 1, 
08/25/2020 17:57:09.898, 08/25/2020 17:57:09.841, 3.84797e+0, 0.00000e+0, 5.13237e+1, 0.00000e+0, 2.02375e+0, 0.00000e+0, 2.11050e+4, 0.00000e+0, 5.96065e+2, 0.00000e+0, 2.06738e+0, 0.00000e+0, 6.08916e+2, 0.00000e+0, 5.01353e+2, 0.00000e+0, 3.16363e+1, 0.00000e+0, 2.92732e+1, 0.00000e+0, 3.58197e+0, 0.00000e+0, 3.17360e+0, 0.00000e+0, 2.00000e+1, 0.00000e+0, 2.00000e+1, 0.00000e+0, 3, 1, 
08/25/2020 17:57:10.908, 08/25/2020 17:57:10.836, 3.84731e+0, 0.00000e+0, 5.12262e+1, 0.00000e+0, 2.02334e+0, 0.00000e+0, 2.13996e+4, 0.00000e+0, 5.93157e+2, 0.00000e+0, 2.06759e+0, 0.00000e+0, 6.06128e+2, 0.00000e+0, 5.01323e+2, 0.00000e+0, 3.16233e+1, 0.00000e+0, 2.92797e+1, 0.00000e+0, 3.58231e+0, 0.00000e+0, 3.17350e+0, 0.00000e+0, 2.00000e+1, 0.00000e+0, 2.00000e+1, 0.00000e+0, 3, 1, 
08/25/2020 17:57:11.904, 08/25/2020 17:57:11.830, 3.84787e+0, 0.00000e+0, 5.13084e+1, 0.00000e+0, 2.02459e+0, 0.00000e+0, 2.11206e+4, 0.00000e+0, 5.95496e+2, 0.00000e+0, 2.06827e+0, 0.00000e+0, 6.08345e+2, 0.00000e+0, 5.01339e+2, 0.00000e+0, 3.16454e+1, 0.00000e+0, 2.92825e+1, 0.00000e+0, 3.58353e+0, 0.00000e+0, 3.17407e+0, 0.00000e+0, 2.00000e+1, 0.00000e+0, 2.00000e+1, 0.00000e+0, 3, 2, 
08/25/2020 17:57:12.886, 08/25/2020 17:57:12.824, 3.84603e+0, 0.00000e+0, 5.10364e+1, 0.00000e+0, 2.01995e+0, 0.00000e+0, 2.13301e+4, 0.00000e+0, 5.95521e+2, 0.00000e+0, 2.06397e+0, 0.00000e+0, 6.08500e+2, 0.00000e+0, 5.01343e+2, 0.00000e+0, 3.16486e+1, 0.00000e+0, 2.92807e+1, 0.00000e+0, 3.58488e+0, 0.00000e+0, 3.17590e+0, 0.00000e+0, 2.00000e+1, 0.00000e+0, 2.00000e+1, 0.00000e+0, 3, 2, 
08/25/2020 17:57:13.884, 08/25/2020 17:57:13.818, 3.84703e+0, 0.00000e+0, 5.11844e+1, 0.00000e+0, 2.02529e+0, 0.00000e+0, 2.11007e+4, 0.00000e+0, 6.02099e+2, 0.00000e+0, 2.06895e+0, 0.00000e+0, 6.15077e+2, 0.00000e+0, 5.01348e+2, 0.00000e+0, 3.16409e+1, 0.00000e+0, 2.92831e+1, 0.00000e+0, 3.58368e+0, 0.00000e+0, 3.17548e+0, 0.00000e+0, 2.00000e+1, 0.00000e+0, 2.00000e+1, 0.00000e+0, 3, 2, 
08/25/2020 17:57:14.872, 08/25/2020 17:57:14.813, 3.84554e+0, 0.00000e+0, 5.09643e+1, 0.00000e+0, 2.01889e+0, 0.00000e+0, 2.11543e+4, 0.00000e+0, 6.11519e+2, 0.00000e+0, 2.06252e+0, 0.00000e+0, 6.24735e+2, 0.00000e+0, 5.01327e+2, 0.00000e+0, 3.16414e+1, 0.00000e+0, 2.92829e+1, 0.00000e+0, 3.58525e+0, 0.00000e+0, 3.17616e+0, 0.00000e+0, 2.00000e+1, 0.00000e+0, 2.00000e+1, 0.00000e+0, 3, 2, 
08/25/2020 17:57:15.877, 08/25/2020 17:57:15.807, 3.84761e+0, 0.00000e+0, 5.12706e+1, 0.00000e+0, 2.02805e+0, 0.00000e+0, 2.16759e+4, 0.00000e+0, 6.21309e+2, 0.00000e+0, 2.07298e+0, 0.00000e+0, 6.35074e+2, 0.00000e+0, 5.01364e+2, 0.00000e+0, 3.16382e+1, 0.00000e+0, 2.92851e+1, 0.00000e+0, 3.58329e+0, 0.00000e+0, 3.17626e+0, 0.00000e+0, 2.00000e+1, 0.00000e+0, 2.00000e+1, 0.00000e+0, 3, 2, 
08/25/2020 17:57:16.859, 08/25/2020 17:57:16.803, 3.84602e+0, 0.00000e+0, 5.10350e+1, 0.00000e+0, 2.02406e+0, 0.00000e+0, 2.14776e+4, 0.00000e+0, 6.25616e+2, 0.00000e+0, 2.06849e+0, 0.00000e+0, 6.39348e+2, 0.00000e+0, 5.01338e+2, 0.00000e+0, 3.16351e+1, 0.00000e+0, 2.92784e+1, 0.00000e+0, 3.58210e+0, 0.00000e+0, 3.17704e+0, 0.00000e+0, 2.00000e+1, 0.00000e+0, 2.00000e+1, 0.00000e+0, 3, 2, 
08/25/2020 17:57:17.851, 08/25/2020 17:57:17.797, 3.84602e+0, 0.00000e+0, 5.10347e+1, 0.00000e+0, 2.02491e+0, 0.00000e+0, 2.15397e+4, 0.00000e+0, 6.30510e+2, 0.00000e+0, 2.06949e+0, 0.00000e+0, 6.44390e+2, 0.00000e+0, 5.01335e+2, 0.00000e+0, 3.16439e+1, 0.00000e+0, 2.92759e+1, 0.00000e+0, 3.58186e+0, 0.00000e+0, 3.17790e+0, 0.00000e+0, 2.00000e+1, 0.00000e+0, 2.00000e+1, 0.00000e+0, 3, 2, 
08/25/2020 17:57:18.866, 08/25/2020 17:57:18.791, 3.84577e+0, 0.00000e+0, 5.09979e+1, 0.00000e+0, 2.02732e+0, 0.00000e+0, 2.15479e+4, 0.00000e+0, 6.26867e+2, 0.00000e+0, 2.07197e+0, 0.00000e+0, 6.40672e+2, 0.00000e+0, 5.01347e+2, 0.00000e+0, 3.16271e+1, 0.00000e+0, 2.92724e+1, 0.00000e+0, 3.58261e+0, 0.00000e+0, 3.17936e+0, 0.00000e+0, 2.00000e+1, 0.00000e+0, 2.00000e+1, 0.00000e+0, 3, 2, 
08/25/2020 17:57:19.866, 08/25/2020 17:57:19.786, 3.84622e+0, 0.00000e+0, 5.10654e+1, 0.00000e+0, 2.02450e+0, 0.00000e+0, 2.14966e+4, 0.00000e+0, 6.28087e+2, 0.00000e+0, 2.06898e+0, 0.00000e+0, 6.41886e+2, 0.00000e+0, 5.01346e+2, 0.00000e+0, 3.16325e+1, 0.00000e+0, 2.92765e+1, 0.00000e+0, 3.57983e+0, 0.00000e+0, 3.17674e+0, 0.00000e+0, 2.00000e+1, 0.00000e+0, 2.00000e+1, 0.00000e+0, 3, 2, 
08/25/2020 17:57:20.874, 08/25/2020 17:57:20.781, 3.84564e+0, 0.00000e+0, 5.09786e+1, 0.00000e+0, 2.02955e+0, 0.00000e+0, 2.15907e+4, 0.00000e+0, 6.19871e+2, 0.00000e+0, 2.07433e+0, 0.00000e+0, 6.33550e+2, 0.00000e+0, 5.01346e+2, 0.00000e+0, 3.16296e+1, 0.00000e+0, 2.92766e+1, 0.00000e+0, 3.57917e+0, 0.00000e+0, 3.17840e+0, 0.00000e+0, 2.00000e+1, 0.00000e+0, 2.00000e+1, 0.00000e+0, 3, 2, 
08/25/2020 17:57:21.831, 08/25/2020 17:57:21.775, 3.84552e+0, 0.00000e+0, 5.09613e+1, 0.00000e+0, 2.02221e+0, 0.00000e+0, 2.16850e+4, 0.00000e+0, 6.17169e+2, 0.00000e+0, 2.06704e+0, 0.00000e+0, 6.30849e+2, 0.00000e+0, 5.01358e+2, 0.00000e+0, 3.16291e+1, 0.00000e+0, 2.92734e+1, 0.00000e+0, 3.58099e+0, 0.00000e+0, 3.17925e+0, 0.00000e+0, 2.00000e+1, 0.00000e+0, 2.00000e+1, 0.00000e+0, 3, 2, 
08/25/2020 17:57:22.830, 08/25/2020 17:57:22.769, 3.84526e+0, 0.00000e+0, 5.09230e+1, 0.00000e+0, 2.02429e+0, 0.00000e+0, 2.17857e+4, 0.00000e+0, 6.11719e+2, 0.00000e+0, 2.06938e+0, 0.00000e+0, 6.25342e+2, 0.00000e+0, 5.01290e+2, 0.00000e+0, 3.16315e+1, 0.00000e+0, 2.92685e+1, 0.00000e+0, 3.58011e+0, 0.00000e+0, 3.17997e+0, 0.00000e+0, 2.00000e+1, 0.00000e+0, 2.00000e+1, 0.00000e+0, 3, 2, 
08/25/2020 17:57:23.839, 08/25/2020 17:57:23.764, 3.84529e+0, 0.00000e+0, 5.09281e+1, 0.00000e+0, 2.02884e+0, 0.00000e+0, 2.17480e+4, 0.00000e+0, 6.04759e+2, 0.00000e+0, 2.07395e+0, 0.00000e+0, 6.18203e+2, 0.00000e+0, 5.01334e+2, 0.00000e+0, 3.16463e+1, 0.00000e+0, 2.92700e+1, 0.00000e+0, 3.58037e+0, 0.00000e+0, 3.17936e+0, 0.00000e+0, 2.00000e+1, 0.00000e+0, 2.00000e+1, 0.00000e+0, 3, 2, 
08/25/2020 17:57:24.814, 08/25/2020 17:57:24.759, 3.84511e+0, 0.00000e+0, 5.09014e+1, 0.00000e+0, 2.02477e+0, 0.00000e+0, 2.15156e+4, 0.00000e+0, 6.06157e+2, 0.00000e+0, 2.06930e+0, 0.00000e+0, 6.19486e+2, 0.00000e+0, 5.01312e+2, 0.00000e+0, 3.16273e+1, 0.00000e+0, 2.92640e+1, 0.00000e+0, 3.57960e+0, 0.00000e+0, 3.17932e+0, 0.00000e+0, 2.00000e+1, 0.00000e+0, 2.00000e+1, 0.00000e+0, 3, 2, 
08/25/2020 17:57:25.817, 08/25/2020 17:57:25.759, 3.84496e+0, 0.00000e+0, 5.08795e+1, 0.00000e+0, 2.02667e+0, 0.00000e+0, 2.15117e+4, 0.00000e+0, 6.00592e+2, 0.00000e+0, 2.07123e+0, 0.00000e+0, 6.13796e+2, 0.00000e+0, 5.01338e+2, 0.00000e+0, 3.16266e+1, 0.00000e+0, 2.92660e+1, 0.00000e+0, 3.57906e+0, 0.00000e+0, 3.17938e+0, 0.00000e+0, 2.00000e+1, 0.00000e+0, 2.00000e+1, 0.00000e+0, 3, 2, 
08/25/2020 17:57:26.831, 08/25/2020 17:57:26.754, 3.84473e+0, 0.00000e+0, 5.08456e+1, 0.00000e+0, 2.02482e+0, 0.00000e+0, 2.18532e+4, 0.00000e+0, 5.97544e+2, 0.00000e+0, 2.07005e+0, 0.00000e+0, 6.10894e+2, 0.00000e+0, 5.01323e+2, 0.00000e+0, 3.16085e+1, 0.00000e+0, 2.92634e+1, 0.00000e+0, 3.58216e+0, 0.00000e+0, 3.17972e+0, 0.00000e+0, 2.00000e+1, 0.00000e+0, 2.00000e+1, 0.00000e+0, 3, 2, 
08/25/2020 17:57:27.809, 08/25/2020 17:57:27.749, 3.84270e+0, 0.00000e+0, 5.05460e+1, 0.00000e+0, 2.02672e+0, 0.00000e+0, 2.18435e+4, 0.00000e+0, 5.98556e+2, 0.00000e+0, 2.07198e+0, 0.00000e+0, 6.11923e+2, 0.00000e+0, 5.01343e+2, 0.00000e+0, 3.16216e+1, 0.00000e+0, 2.92641e+1, 0.00000e+0, 3.58287e+0, 0.00000e+0, 3.17850e+0, 0.00000e+0, 2.00000e+1, 0.00000e+0, 2.00000e+1, 0.00000e+0, 3, 2, 
08/25/2020 17:57:28.817, 08/25/2020 17:57:28.744, 3.84467e+0, 0.00000e+0, 5.08357e+1, 0.00000e+0, 2.02619e+0, 0.00000e+0, 2.17251e+4, 0.00000e+0, 5.92874e+2, 0.00000e+0, 2.07118e+0, 0.00000e+0, 6.06040e+2, 0.00000e+0, 5.01347e+2, 0.00000e+0, 3.16165e+1, 0.00000e+0, 2.92629e+1, 0.00000e+0, 3.58230e+0, 0.00000e+0, 3.17883e+0, 0.00000e+0, 2.00000e+1, 0.00000e+0, 2.00000e+1, 0.00000e+0, 3, 2, 
08/25/2020 17:57:29.826, 08/25/2020 17:57:29.738, 3.84334e+0, 0.00000e+0, 5.06405e+1, 0.00000e+0, 2.02410e+0, 0.00000e+0, 2.16905e+4, 0.00000e+0, 5.94603e+2, 0.00000e+0, 2.06898e+0, 0.00000e+0, 6.07787e+2, 0.00000e+0, 5.01314e+2, 0.00000e+0, 3.16227e+1, 0.00000e+0, 2.92612e+1, 0.00000e+0, 3.58260e+0, 0.00000e+0, 3.17754e+0, 0.00000e+0, 2.00000e+1, 0.00000e+0, 2.00000e+1, 0.00000e+0, 3, 2, 
08/25/2020 17:57:30.826, 08/25/2020 17:57:30.733, 3.84433e+0, 0.00000e+0, 5.07858e+1, 0.00000e+0, 2.03029e+0, 0.00000e+0, 2.14550e+4, 0.00000e+0, 5.93085e+2, 0.00000e+0, 2.07481e+0, 0.00000e+0, 6.06088e+2, 0.00000e+0, 5.01321e+2, 0.00000e+0, 3.16310e+1, 0.00000e+0, 2.92585e+1, 0.00000e+0, 3.58347e+0, 0.00000e+0, 3.17613e+0, 0.00000e+0, 2.00000e+1, 0.00000e+0, 2.00000e+1, 0.00000e+0, 3, 2, 
08/25/2020 17:57:31.781, 08/25/2020 17:57:31.726, 3.84222e+0, 0.00000e+0, 5.04745e+1, 0.00000e+0, 2.02399e+0, 0.00000e+0, 2.17605e+4, 0.00000e+0, 5.92260e+2, 0.00000e+0, 2.06902e+0, 0.00000e+0, 6.05435e+2, 0.00000e+0, 5.01316e+2, 0.00000e+0, 3.16229e+1, 0.00000e+0, 2.92553e+1, 0.00000e+0, 3.58406e+0, 0.00000e+0, 3.17426e+0, 0.00000e+0, 2.00000e+1, 0.00000e+0, 2.00000e+1, 0.00000e+0, 3, 2, 
08/25/2020 17:57:32.776, 08/25/2020 17:57:32.722, 3.84229e+0, 0.00000e+0, 5.04851e+1, 0.00000e+0, 2.02622e+0, 0.00000e+0, 2.18483e+4, 0.00000e+0, 5.93360e+2, 0.00000e+0, 2.07147e+0, 0.00000e+0, 6.06614e+2, 0.00000e+0, 5.01341e+2, 0.00000e+0, 3.16324e+1, 0.00000e+0, 2.92513e+1, 0.00000e+0, 3.58086e+0, 0.00000e+0, 3.17665e+0, 0.00000e+0, 2.00000e+1, 0.00000e+0, 2.00000e+1, 0.00000e+0, 3, 2, 
08/25/2020 17:57:33.793, 08/25/2020 17:57:33.716, 3.84292e+0, 0.00000e+0, 5.05784e+1, 0.00000e+0, 2.02919e+0, 0.00000e+0, 2.16575e+4, 0.00000e+0, 5.91120e+2, 0.00000e+0, 2.07411e+0, 0.00000e+0, 6.04205e+2, 0.00000e+0, 5.01307e+2, 0.00000e+0, 3.16164e+1, 0.00000e+0, 2.92539e+1, 0.00000e+0, 3.58270e+0, 0.00000e+0, 3.17380e+0, 0.00000e+0, 2.00000e+1, 0.00000e+0, 2.00000e+1, 0.00000e+0, 3, 2, 
08/25/2020 17:57:34.775, 08/25/2020 17:57:34.718, 3.84134e+0, 0.00000e+0, 5.03451e+1, 0.00000e+0, 2.02252e+0, 0.00000e+0, 2.19063e+4, 0.00000e+0, 5.91599e+2, 0.00000e+0, 2.06782e+0, 0.00000e+0, 6.04849e+2, 0.00000e+0, 5.01327e+2, 0.00000e+0, 3.16183e+1, 0.00000e+0, 2.92426e+1, 0.00000e+0, 3.58507e+0, 0.00000e+0, 3.17282e+0, 0.00000e+0, 2.00000e+1, 0.00000e+0, 2.00000e+1, 0.00000e+0, 3, 2, 
08/25/2020 17:57:35.793, 08/25/2020 17:57:35.712, 3.84007e+0, 0.00000e+0, 5.01572e+1, 0.00000e+0, 2.02643e+0, 0.00000e+0, 2.17038e+4, 0.00000e+0, 5.95423e+2, 0.00000e+0, 2.07138e+0, 0.00000e+0, 6.08632e+2, 0.00000e+0, 5.01291e+2, 0.00000e+0, 3.16240e+1, 0.00000e+0, 2.92437e+1, 0.00000e+0, 3.58356e+0, 0.00000e+0, 3.17599e+0, 0.00000e+0, 2.00000e+1, 0.00000e+0, 2.00000e+1, 0.00000e+0, 3, 2, 
08/25/2020 17:57:36.761, 08/25/2020 17:57:36.707, 3.84115e+0, 0.00000e+0, 5.03167e+1, 0.00000e+0, 2.02768e+0, 0.00000e+0, 2.17614e+4, 0.00000e+0, 6.02007e+2, 0.00000e+0, 2.07278e+0, 0.00000e+0, 6.15399e+2, 0.00000e+0, 5.01338e+2, 0.00000e+0, 3.16257e+1, 0.00000e+0, 2.92458e+1, 0.00000e+0, 3.58292e+0, 0.00000e+0, 3.17375e+0, 0.00000e+0, 2.00000e+1, 0.00000e+0, 2.00000e+1, 0.00000e+0, 3, 2, 
08/25/2020 17:57:37.754, 08/25/2020 17:57:37.701, 3.84056e+0, 0.00000e+0, 5.02307e+1, 0.00000e+0, 2.02441e+0, 0.00000e+0, 2.14581e+4, 0.00000e+0, 6.05493e+2, 0.00000e+0, 2.06881e+0, 0.00000e+0, 6.18771e+2, 0.00000e+0, 5.01342e+2, 0.00000e+0, 3.16179e+1, 0.00000e+0, 2.92477e+1, 0.00000e+0, 3.58221e+0, 0.00000e+0, 3.17473e+0, 0.00000e+0, 2.00000e+1, 0.00000e+0, 2.00000e+1, 0.00000e+0, 3, 2, 
08/25/2020 17:57:38.786, 08/25/2020 17:57:38.712, 3.83322e+0, 0.00000e+0, 4.91470e+1, 0.00000e+0, 2.02640e+0, 0.00000e+0, 2.16802e+4, 0.00000e+0, 6.06286e+2, 0.00000e+0, 2.07131e+0, 0.00000e+0, 6.19721e+2, 0.00000e+0, 5.01293e+2, 0.00000e+0, 3.16691e+1, 0.00000e+0, 2.92113e+1, 0.00000e+0, 3.58163e+0, 0.00000e+0, 3.17284e+0, 0.00000e+0, 2.00000e+1, 0.00000e+0, 2.00000e+1, 0.00000e+0, 3, 2, 
08/25/2020 17:57:39.787, 08/25/2020 17:57:39.699, 3.82446e+0, 0.00000e+0, 4.78551e+1, 0.00000e+0, 2.02994e+0, 0.00000e+0, 2.17025e+4, 0.00000e+0, 6.07287e+2, 0.00000e+0, 2.07497e+0, 0.00000e+0, 6.20759e+2, 0.00000e+0, 5.01439e+2, 0.00000e+0, 3.16849e+1, 0.00000e+0, 2.91835e+1, 0.00000e+0, 3.58342e+0, 0.00000e+0, 3.17666e+0, 0.00000e+0, 2.00000e+1, 0.00000e+0, 2.00000e+1, 0.00000e+0, 3, 2, 
08/25/2020 17:57:40.772, 08/25/2020 17:57:40.684, 3.81920e+0, 0.00000e+0, 4.70797e+1, 0.00000e+0, 2.02891e+0, 0.00000e+0, 2.18111e+4, 0.00000e+0, 6.07387e+2, 0.00000e+0, 2.07415e+0, 0.00000e+0, 6.20930e+2, 0.00000e+0, 5.01369e+2, 0.00000e+0, 3.16684e+1, 0.00000e+0, 2.91572e+1, 0.00000e+0, 3.58246e+0, 0.00000e+0, 3.17625e+0, 0.00000e+0, 2.00000e+1, 0.00000e+0, 2.00000e+1, 0.00000e+0, 3, 2, 
08/25/2020 17:57:41.854, 08/25/2020 17:57:41.767, 3.81854e+0, 0.00000e+0, 4.69824e+1, 0.00000e+0, 2.03144e+0, 0.00000e+0, 2.23023e+4, 0.00000e+0, 6.08662e+2, 0.00000e+0, 2.07778e+0, 0.00000e+0, 6.22546e+2, 0.00000e+0, 5.01422e+2, 0.00000e+0, 3.16869e+1, 0.00000e+0, 2.91700e+1, 0.00000e+0, 3.58190e+0, 0.00000e+0, 3.17902e+0, 0.00000e+0, 2.00000e+1, 0.00000e+0, 2.00000e+1, 0.00000e+0, 3, 3, 
08/25/2020 17:57:42.727, 08/25/2020 17:57:42.673, 3.83860e+0, 0.00000e+0, 4.99405e+1, 0.00000e+0, 2.02472e+0, 0.00000e+0, 2.19806e+4, 0.00000e+0, 6.13182e+2, 0.00000e+0, 2.07023e+0, 0.00000e+0, 6.26963e+2, 0.00000e+0, 5.01404e+2, 0.00000e+0, 3.16204e+1, 0.00000e+0, 2.92425e+1, 0.00000e+0, 3.58475e+0, 0.00000e+0, 3.17794e+0, 0.00000e+0, 2.00000e+1, 0.00000e+0, 2.00000e+1, 0.00000e+0, 3, 3, 
08/25/2020 17:57:43.727, 08/25/2020 17:57:43.668, 3.84002e+0, 0.00000e+0, 5.01509e+1, 0.00000e+0, 2.02666e+0, 0.00000e+0, 2.19958e+4, 0.00000e+0, 6.16317e+2, 0.00000e+0, 2.07224e+0, 0.00000e+0, 6.30178e+2, 0.00000e+0, 5.01292e+2, 0.00000e+0, 3.15952e+1, 0.00000e+0, 2.92518e+1, 0.00000e+0, 3.58060e+0, 0.00000e+0, 3.17242e+0, 0.00000e+0, 2.00000e+1, 0.00000e+0, 2.00000e+1, 0.00000e+0, 3, 3, 
08/25/2020 17:57:44.716, 08/25/2020 17:57:44.662, 3.83933e+0, 0.00000e+0, 5.00487e+1, 0.00000e+0, 2.02498e+0, 0.00000e+0, 2.21086e+4, 0.00000e+0, 6.16598e+2, 0.00000e+0, 2.07076e+0, 0.00000e+0, 6.30539e+2, 0.00000e+0, 5.01326e+2, 0.00000e+0, 3.15948e+1, 0.00000e+0, 2.92449e+1, 0.00000e+0, 3.58417e+0, 0.00000e+0, 3.17445e+0, 0.00000e+0, 2.00000e+1, 0.00000e+0, 2.00000e+1, 0.00000e+0, 3, 3, 
08/25/2020 17:57:45.713, 08/25/2020 17:57:45.657, 3.83787e+0, 0.00000e+0, 4.98336e+1, 0.00000e+0, 2.02295e+0, 0.00000e+0, 2.20026e+4, 0.00000e+0, 6.22027e+2, 0.00000e+0, 2.06846e+0, 0.00000e+0, 6.36021e+2, 0.00000e+0, 5.01327e+2, 0.00000e+0, 3.15883e+1, 0.00000e+0, 2.92498e+1, 0.00000e+0, 3.58236e+0, 0.00000e+0, 3.17409e+0, 0.00000e+0, 2.00000e+1, 0.00000e+0, 2.00000e+1, 0.00000e+0, 3, 3, 
08/25/2020 17:57:46.727, 08/25/2020 17:57:46.652, 3.83913e+0, 0.00000e+0, 5.00186e+1, 0.00000e+0, 2.02539e+0, 0.00000e+0, 2.21514e+4, 0.00000e+0, 6.22924e+2, 0.00000e+0, 2.07128e+0, 0.00000e+0, 6.37036e+2, 0.00000e+0, 5.01334e+2, 0.00000e+0, 3.15981e+1, 0.00000e+0, 2.92458e+1, 0.00000e+0, 3.58391e+0, 0.00000e+0, 3.17388e+0, 0.00000e+0, 2.00000e+1, 0.00000e+0, 2.00000e+1, 0.00000e+0, 3, 3, 
08/25/2020 17:57:47.737, 08/25/2020 17:57:47.646, 3.83779e+0, 0.00000e+0, 4.98215e+1, 0.00000e+0, 2.03262e+0, 0.00000e+0, 2.19952e+4, 0.00000e+0, 6.24893e+2, 0.00000e+0, 2.07833e+0, 0.00000e+0, 6.38946e+2, 0.00000e+0, 5.01322e+2, 0.00000e+0, 3.15995e+1, 0.00000e+0, 2.92457e+1, 0.00000e+0, 3.58046e+0, 0.00000e+0, 3.17550e+0, 0.00000e+0, 2.00000e+1, 0.00000e+0, 2.00000e+1, 0.00000e+0, 3, 3, 
08/25/2020 17:57:48.698, 08/25/2020 17:57:48.641, 3.83703e+0, 0.00000e+0, 4.97091e+1, 0.00000e+0, 2.02766e+0, 0.00000e+0, 2.20806e+4, 0.00000e+0, 6.26813e+2, 0.00000e+0, 2.07344e+0, 0.00000e+0, 6.40966e+2, 0.00000e+0, 5.01285e+2, 0.00000e+0, 3.15979e+1, 0.00000e+0, 2.92344e+1, 0.00000e+0, 3.58171e+0, 0.00000e+0, 3.17330e+0, 0.00000e+0, 2.00000e+1, 0.00000e+0, 2.00000e+1, 0.00000e+0, 3, 3, 
08/25/2020 17:57:49.697, 08/25/2020 17:57:49.635, 3.83156e+0, 0.00000e+0, 4.89029e+1, 0.00000e+0, 2.02156e+0, 0.00000e+0, 2.20221e+4, 0.00000e+0, 6.24804e+2, 0.00000e+0, 2.06708e+0, 0.00000e+0, 6.38873e+2, 0.00000e+0, 5.01367e+2, 0.00000e+0, 3.15949e+1, 0.00000e+0, 2.92127e+1, 0.00000e+0, 3.58143e+0, 0.00000e+0, 3.17310e+0, 0.00000e+0, 2.00000e+1, 0.00000e+0, 2.00000e+1, 0.00000e+0, 3, 3, 
08/25/2020 17:57:50.691, 08/25/2020 17:57:50.629, 3.83826e+0, 0.00000e+0, 4.98905e+1, 0.00000e+0, 2.02918e+0, 0.00000e+0, 2.23427e+4, 0.00000e+0, 6.27059e+2, 0.00000e+0, 2.07555e+0, 0.00000e+0, 6.41389e+2, 0.00000e+0, 5.01292e+2, 0.00000e+0, 3.15950e+1, 0.00000e+0, 2.92380e+1, 0.00000e+0, 3.58097e+0, 0.00000e+0, 3.17366e+0, 0.00000e+0, 2.00000e+1, 0.00000e+0, 2.00000e+1, 0.00000e+0, 3, 3, 
08/25/2020 17:57:51.680, 08/25/2020 17:57:51.624, 3.82847e+0, 0.00000e+0, 4.84474e+1, 0.00000e+0, 2.02611e+0, 0.00000e+0, 2.22441e+4, 0.00000e+0, 6.26286e+2, 0.00000e+0, 2.07220e+0, 0.00000e+0, 6.40534e+2, 0.00000e+0, 5.01332e+2, 0.00000e+0, 3.16548e+1, 0.00000e+0, 2.91983e+1, 0.00000e+0, 3.58172e+0, 0.00000e+0, 3.17313e+0, 0.00000e+0, 2.00000e+1, 0.00000e+0, 2.00000e+1, 0.00000e+0, 3, 3, 
08/25/2020 17:57:52.793, 08/25/2020 17:57:52.712, 3.82131e+0, 0.00000e+0, 4.73912e+1, 0.00000e+0, 2.02585e+0, 0.00000e+0, 2.21432e+4, 0.00000e+0, 6.25202e+2, 0.00000e+0, 2.07172e+0, 0.00000e+0, 6.39360e+2, 0.00000e+0, 5.01199e+2, 0.00000e+0, 3.16322e+1, 0.00000e+0, 2.91675e+1, 0.00000e+0, 3.58266e+0, 0.00000e+0, 3.17442e+0, 0.00000e+0, 2.00000e+1, 0.00000e+0, 2.00000e+1, 0.00000e+0, 3, 3, 
08/25/2020 17:57:53.695, 08/25/2020 17:57:53.620, 3.82938e+0, 0.00000e+0, 4.85808e+1, 0.00000e+0, 2.02735e+0, 0.00000e+0, 2.24506e+4, 0.00000e+0, 6.26082e+2, 0.00000e+0, 2.07391e+0, 0.00000e+0, 6.40461e+2, 0.00000e+0, 5.01796e+2, 0.00000e+0, 3.16328e+1, 0.00000e+0, 2.92119e+1, 0.00000e+0, 3.58030e+0, 0.00000e+0, 3.17358e+0, 0.00000e+0, 2.00000e+1, 0.00000e+0, 2.00000e+1, 0.00000e+0, 3, 3, 
08/25/2020 17:57:54.692, 08/25/2020 17:57:54.616, 3.83396e+0, 0.00000e+0, 4.92570e+1, 0.00000e+0, 2.03116e+0, 0.00000e+0, 2.23084e+4, 0.00000e+0, 6.22914e+2, 0.00000e+0, 2.07751e+0, 0.00000e+0, 6.37128e+2, 0.00000e+0, 5.01165e+2, 0.00000e+0, 3.15955e+1, 0.00000e+0, 2.92214e+1, 0.00000e+0, 3.58057e+0, 0.00000e+0, 3.17421e+0, 0.00000e+0, 2.00000e+1, 0.00000e+0, 2.00000e+1, 0.00000e+0, 3, 3, 
08/25/2020 17:57:55.697, 08/25/2020 17:57:55.609, 3.83524e+0, 0.00000e+0, 4.94448e+1, 0.00000e+0, 2.02385e+0, 0.00000e+0, 2.25797e+4, 0.00000e+0, 6.19005e+2, 0.00000e+0, 2.07060e+0, 0.00000e+0, 6.33305e+2, 0.00000e+0, 5.01381e+2, 0.00000e+0, 3.15871e+1, 0.00000e+0, 2.92333e+1, 0.00000e+0, 3.58000e+0, 0.00000e+0, 3.17509e+0, 0.00000e+0, 2.00000e+1, 0.00000e+0, 2.00000e+1, 0.00000e+0, 3, 3, 
08/25/2020 17:57:56.695, 08/25/2020 17:57:56.643, 3.83533e+0, 0.00000e+0, 4.94590e+1, 0.00000e+0, 2.02521e+0, 0.00000e+0, 2.23372e+4, 0.00000e+0, 6.21677e+2, 0.00000e+0, 2.07149e+0, 0.00000e+0, 6.35881e+2, 0.00000e+0, 5.01265e+2, 0.00000e+0, 3.15723e+1, 0.00000e+0, 2.92283e+1, 0.00000e+0, 3.58406e+0, 0.00000e+0, 3.17483e+0, 0.00000e+0, 2.00000e+1, 0.00000e+0, 2.00000e+1, 0.00000e+0, 3, 3, 
08/25/2020 17:57:57.673, 08/25/2020 17:57:57.598, 3.83487e+0, 0.00000e+0, 4.93901e+1, 0.00000e+0, 2.02840e+0, 0.00000e+0, 2.22807e+4, 0.00000e+0, 6.19054e+2, 0.00000e+0, 2.07462e+0, 0.00000e+0, 6.33161e+2, 0.00000e+0, 5.01426e+2, 0.00000e+0, 3.15831e+1, 0.00000e+0, 2.92325e+1, 0.00000e+0, 3.57966e+0, 0.00000e+0, 3.17659e+0, 0.00000e+0, 2.00000e+1, 0.00000e+0, 2.00000e+1, 0.00000e+0, 3, 3, 
08/25/2020 17:57:58.777, 08/25/2020 17:57:58.660, 3.82198e+0, 0.00000e+0, 4.74899e+1, 0.00000e+0, 2.02069e+0, 0.00000e+0, 2.23395e+4, 0.00000e+0, 6.20472e+2, 0.00000e+0, 2.06686e+0, 0.00000e+0, 6.34649e+2, 0.00000e+0, 5.01327e+2, 0.00000e+0, 3.16356e+1, 0.00000e+0, 2.91758e+1, 0.00000e+0, 3.58424e+0, 0.00000e+0, 3.17507e+0, 0.00000e+0, 2.00000e+1, 0.00000e+0, 2.00000e+1, 0.00000e+0, 3, 3, 
08/25/2020 17:57:59.714, 08/25/2020 17:57:59.594, 3.81199e+0, 0.00000e+0, 4.60165e+1, 0.00000e+0, 2.03024e+0, 0.00000e+0, 2.25874e+4, 0.00000e+0, 6.19643e+2, 0.00000e+0, 2.07715e+0, 0.00000e+0, 6.33962e+2, 0.00000e+0, 5.01276e+2, 0.00000e+0, 3.16385e+1, 0.00000e+0, 2.91321e+1, 0.00000e+0, 3.58418e+0, 0.00000e+0, 3.17729e+0, 0.00000e+0, 2.00000e+1, 0.00000e+0, 2.00000e+1, 0.00000e+0, 3, 3, 
08/25/2020 17:58:00.669, 08/25/2020 17:58:00.589, 3.81684e+0, 0.00000e+0, 4.67317e+1, 0.00000e+0, 2.02154e+0, 0.00000e+0, 2.25702e+4, 0.00000e+0, 6.17423e+2, 0.00000e+0, 2.06822e+0, 0.00000e+0, 6.31680e+2, 0.00000e+0, 5.01691e+2, 0.00000e+0, 3.16207e+1, 0.00000e+0, 2.91619e+1, 0.00000e+0, 3.57807e+0, 0.00000e+0, 3.17363e+0, 0.00000e+0, 2.00000e+1, 0.00000e+0, 2.00000e+1, 0.00000e+0, 3, 3, 
08/25/2020 17:58:01.659, 08/25/2020 17:58:01.582, 3.83375e+0, 0.00000e+0, 4.92252e+1, 0.00000e+0, 2.03226e+0, 0.00000e+0, 2.25244e+4, 0.00000e+0, 6.21645e+2, 0.00000e+0, 2.07909e+0, 0.00000e+0, 6.35970e+2, 0.00000e+0, 5.01202e+2, 0.00000e+0, 3.15731e+1, 0.00000e+0, 2.92292e+1, 0.00000e+0, 3.57840e+0, 0.00000e+0, 3.17273e+0, 0.00000e+0, 2.00000e+1, 0.00000e+0, 2.00000e+1, 0.00000e+0, 3, 3, 
08/25/2020 17:58:02.635, 08/25/2020 17:58:02.577, 3.83573e+0, 0.00000e+0, 4.95181e+1, 0.00000e+0, 2.02490e+0, 0.00000e+0, 2.24528e+4, 0.00000e+0, 6.16456e+2, 0.00000e+0, 2.07141e+0, 0.00000e+0, 6.30615e+2, 0.00000e+0, 5.01295e+2, 0.00000e+0, 3.15589e+1, 0.00000e+0, 2.92399e+1, 0.00000e+0, 3.58071e+0, 0.00000e+0, 3.18002e+0, 0.00000e+0, 2.00000e+1, 0.00000e+0, 2.00000e+1, 0.00000e+0, 3, 3, 
08/25/2020 17:58:03.639, 08/25/2020 17:58:03.578, 3.83475e+0, 0.00000e+0, 4.93729e+1, 0.00000e+0, 2.02687e+0, 0.00000e+0, 2.26178e+4, 0.00000e+0, 6.16536e+2, 0.00000e+0, 2.07377e+0, 0.00000e+0, 6.30804e+2, 0.00000e+0, 5.01378e+2, 0.00000e+0, 3.15665e+1, 0.00000e+0, 2.92388e+1, 0.00000e+0, 3.57886e+0, 0.00000e+0, 3.17881e+0, 0.00000e+0, 2.00000e+1, 0.00000e+0, 2.00000e+1, 0.00000e+0, 3, 3, 
08/25/2020 17:58:04.630, 08/25/2020 17:58:04.573, 3.83436e+0, 0.00000e+0, 4.93150e+1, 0.00000e+0, 2.03319e+0, 0.00000e+0, 2.24982e+4, 0.00000e+0, 6.17462e+2, 0.00000e+0, 2.07999e+0, 0.00000e+0, 6.31674e+2, 0.00000e+0, 5.01330e+2, 0.00000e+0, 3.15679e+1, 0.00000e+0, 2.92376e+1, 0.00000e+0, 3.58159e+0, 0.00000e+0, 3.17893e+0, 0.00000e+0, 2.00000e+1, 0.00000e+0, 2.00000e+1, 0.00000e+0, 3, 3, 
08/25/2020 17:58:05.622, 08/25/2020 17:58:05.568, 3.83268e+0, 0.00000e+0, 4.90675e+1, 0.00000e+0, 2.02960e+0, 0.00000e+0, 2.26207e+4, 0.00000e+0, 6.13963e+2, 0.00000e+0, 2.07657e+0, 0.00000e+0, 6.28172e+2, 0.00000e+0, 5.01381e+2, 0.00000e+0, 3.15707e+1, 0.00000e+0, 2.92298e+1, 0.00000e+0, 3.57857e+0, 0.00000e+0, 3.18042e+0, 0.00000e+0, 2.00000e+1, 0.00000e+0, 2.00000e+1, 0.00000e+0, 3, 3, 
08/25/2020 17:58:06.620, 08/25/2020 17:58:06.561, 3.83451e+0, 0.00000e+0, 4.93378e+1, 0.00000e+0, 2.02330e+0, 0.00000e+0, 2.25946e+4, 0.00000e+0, 6.15154e+2, 0.00000e+0, 2.07007e+0, 0.00000e+0, 6.29375e+2, 0.00000e+0, 5.01309e+2, 0.00000e+0, 3.15567e+1, 0.00000e+0, 2.92379e+1, 0.00000e+0, 3.57810e+0, 0.00000e+0, 3.18066e+0, 0.00000e+0, 2.00000e+1, 0.00000e+0, 2.00000e+1, 0.00000e+0, 3, 3, 
08/25/2020 17:58:07.606, 08/25/2020 17:58:07.556, 3.82897e+0, 0.00000e+0, 4.85205e+1, 0.00000e+0, 2.02783e+0, 0.00000e+0, 2.24544e+4, 0.00000e+0, 6.13653e+2, 0.00000e+0, 2.07441e+0, 0.00000e+0, 6.27749e+2, 0.00000e+0, 5.01256e+2, 0.00000e+0, 3.15702e+1, 0.00000e+0, 2.92196e+1, 0.00000e+0, 3.57799e+0, 0.00000e+0, 3.18222e+0, 0.00000e+0, 2.00000e+1, 0.00000e+0, 2.00000e+1, 0.00000e+0, 3, 3, 
08/25/2020 17:58:08.609, 08/25/2020 17:58:08.551, 3.83018e+0, 0.00000e+0, 4.86992e+1, 0.00000e+0, 2.02490e+0, 0.00000e+0, 2.27120e+4, 0.00000e+0, 6.13554e+2, 0.00000e+0, 2.07196e+0, 0.00000e+0, 6.27812e+2, 0.00000e+0, 5.01372e+2, 0.00000e+0, 3.15615e+1, 0.00000e+0, 2.92190e+1, 0.00000e+0, 3.58095e+0, 0.00000e+0, 3.18143e+0, 0.00000e+0, 2.00000e+1, 0.00000e+0, 2.00000e+1, 0.00000e+0, 3, 3, 
08/25/2020 17:58:09.606, 08/25/2020 17:58:09.557, 3.83066e+0, 0.00000e+0, 4.87700e+1, 0.00000e+0, 2.02803e+0, 0.00000e+0, 2.25504e+4, 0.00000e+0, 6.11461e+2, 0.00000e+0, 2.07482e+0, 0.00000e+0, 6.25567e+2, 0.00000e+0, 5.01243e+2, 0.00000e+0, 3.15748e+1, 0.00000e+0, 2.92294e+1, 0.00000e+0, 3.58176e+0, 0.00000e+0, 3.18244e+0, 0.00000e+0, 2.00000e+1, 0.00000e+0, 2.00000e+1, 0.00000e+0, 3, 3, 
08/25/2020 17:58:10.622, 08/25/2020 17:58:10.540, 3.81888e+0, 0.00000e+0, 4.70331e+1, 0.00000e+0, 2.02590e+0, 0.00000e+0, 2.29370e+4, 0.00000e+0, 6.12638e+2, 0.00000e+0, 2.07346e+0, 0.00000e+0, 6.27020e+2, 0.00000e+0, 5.01520e+2, 0.00000e+0, 3.16491e+1, 0.00000e+0, 2.91891e+1, 0.00000e+0, 3.57823e+0, 0.00000e+0, 3.18229e+0, 0.00000e+0, 2.00000e+1, 0.00000e+0, 2.00000e+1, 0.00000e+0, 3, 3, 
08/25/2020 17:58:11.620, 08/25/2020 17:58:11.535, 3.81425e+0, 0.00000e+0, 4.63494e+1, 0.00000e+0, 2.02260e+0, 0.00000e+0, 2.28250e+4, 0.00000e+0, 6.14248e+2, 0.00000e+0, 2.06985e+0, 0.00000e+0, 6.28596e+2, 0.00000e+0, 5.01189e+2, 0.00000e+0, 3.16064e+1, 0.00000e+0, 2.91637e+1, 0.00000e+0, 3.58359e+0, 0.00000e+0, 3.18015e+0, 0.00000e+0, 2.00000e+1, 0.00000e+0, 2.00000e+1, 0.00000e+0, 3, 4, 
08/25/2020 17:58:12.592, 08/25/2020 17:58:12.529, 3.81181e+0, 0.00000e+0, 4.59895e+1, 0.00000e+0, 2.02527e+0, 0.00000e+0, 2.29084e+4, 0.00000e+0, 6.15840e+2, 0.00000e+0, 2.07276e+0, 0.00000e+0, 6.30279e+2, 0.00000e+0, 5.01621e+2, 0.00000e+0, 3.16287e+1, 0.00000e+0, 2.91618e+1, 0.00000e+0, 3.57730e+0, 0.00000e+0, 3.18118e+0, 0.00000e+0, 2.00000e+1, 0.00000e+0, 2.00000e+1, 0.00000e+0, 3, 4, 
08/25/2020 17:58:13.576, 08/25/2020 17:58:13.524, 3.83191e+0, 0.00000e+0, 4.89536e+1, 0.00000e+0, 2.03180e+0, 0.00000e+0, 2.24941e+4, 0.00000e+0, 6.16197e+2, 0.00000e+0, 2.07855e+0, 0.00000e+0, 6.30377e+2, 0.00000e+0, 5.01251e+2, 0.00000e+0, 3.15582e+1, 0.00000e+0, 2.92411e+1, 0.00000e+0, 3.58039e+0, 0.00000e+0, 3.17682e+0, 0.00000e+0, 2.00000e+1, 0.00000e+0, 2.00000e+1, 0.00000e+0, 3, 4, 
08/25/2020 17:58:14.590, 08/25/2020 17:58:14.519, 3.83293e+0, 0.00000e+0, 4.91051e+1, 0.00000e+0, 2.02285e+0, 0.00000e+0, 2.25313e+4, 0.00000e+0, 6.17612e+2, 0.00000e+0, 2.06948e+0, 0.00000e+0, 6.31849e+2, 0.00000e+0, 5.01263e+2, 0.00000e+0, 3.15537e+1, 0.00000e+0, 2.92461e+1, 0.00000e+0, 3.58389e+0, 0.00000e+0, 3.17867e+0, 0.00000e+0, 2.00000e+1, 0.00000e+0, 2.00000e+1, 0.00000e+0, 3, 4, 
08/25/2020 17:58:15.571, 08/25/2020 17:58:15.513, 3.83358e+0, 0.00000e+0, 4.92004e+1, 0.00000e+0, 2.02576e+0, 0.00000e+0, 2.29574e+4, 0.00000e+0, 6.15300e+2, 0.00000e+0, 2.07336e+0, 0.00000e+0, 6.29758e+2, 0.00000e+0, 5.01268e+2, 0.00000e+0, 3.15531e+1, 0.00000e+0, 2.92389e+1, 0.00000e+0, 3.57896e+0, 0.00000e+0, 3.18193e+0, 0.00000e+0, 2.00000e+1, 0.00000e+0, 2.00000e+1, 0.00000e+0, 3, 4, 
08/25/2020 17:58:16.587, 08/25/2020 17:58:16.507, 3.83205e+0, 0.00000e+0, 4.89749e+1, 0.00000e+0, 2.02684e+0, 0.00000e+0, 2.26615e+4, 0.00000e+0, 6.14457e+2, 0.00000e+0, 2.07383e+0, 0.00000e+0, 6.28704e+2, 0.00000e+0, 5.01285e+2, 0.00000e+0, 3.15601e+1, 0.00000e+0, 2.92426e+1, 0.00000e+0, 3.57877e+0, 0.00000e+0, 3.18130e+0, 0.00000e+0, 2.00000e+1, 0.00000e+0, 2.00000e+1, 0.00000e+0, 3, 4, 
08/25/2020 17:58:17.559, 08/25/2020 17:58:17.502, 3.83195e+0, 0.00000e+0, 4.89605e+1, 0.00000e+0, 2.02415e+0, 0.00000e+0, 2.27946e+4, 0.00000e+0, 6.16766e+2, 0.00000e+0, 2.07137e+0, 0.00000e+0, 6.31153e+2, 0.00000e+0, 5.01316e+2, 0.00000e+0, 3.15685e+1, 0.00000e+0, 2.92363e+1, 0.00000e+0, 3.58307e+0, 0.00000e+0, 3.18066e+0, 0.00000e+0, 2.00000e+1, 0.00000e+0, 2.00000e+1, 0.00000e+0, 3, 4, 
08/25/2020 17:58:18.555, 08/25/2020 17:58:18.497, 3.83128e+0, 0.00000e+0, 4.88612e+1, 0.00000e+0, 2.02330e+0, 0.00000e+0, 2.30970e+4, 0.00000e+0, 6.16653e+2, 0.00000e+0, 2.07114e+0, 0.00000e+0, 6.31232e+2, 0.00000e+0, 5.01214e+2, 0.00000e+0, 3.15660e+1, 0.00000e+0, 2.92375e+1, 0.00000e+0, 3.58164e+0, 0.00000e+0, 3.18058e+0, 0.00000e+0, 2.00000e+1, 0.00000e+0, 2.00000e+1, 0.00000e+0, 3, 4, 
08/25/2020 17:58:19.552, 08/25/2020 17:58:19.492, 3.83302e+0, 0.00000e+0, 4.91175e+1, 0.00000e+0, 2.02567e+0, 0.00000e+0, 2.30778e+4, 0.00000e+0, 6.14972e+2, 0.00000e+0, 2.07352e+0, 0.00000e+0, 6.29500e+2, 0.00000e+0, 5.01313e+2, 0.00000e+0, 3.15614e+1, 0.00000e+0, 2.92381e+1, 0.00000e+0, 3.58177e+0, 0.00000e+0, 3.17884e+0, 0.00000e+0, 2.00000e+1, 0.00000e+0, 2.00000e+1, 0.00000e+0, 3, 4, 
08/25/2020 17:58:20.548, 08/25/2020 17:58:20.485, 3.83017e+0, 0.00000e+0, 4.86981e+1, 0.00000e+0, 2.02302e+0, 0.00000e+0, 2.26500e+4, 0.00000e+0, 6.15417e+2, 0.00000e+0, 2.06991e+0, 0.00000e+0, 6.29679e+2, 0.00000e+0, 5.01298e+2, 0.00000e+0, 3.15646e+1, 0.00000e+0, 2.92332e+1, 0.00000e+0, 3.58125e+0, 0.00000e+0, 3.17943e+0, 0.00000e+0, 2.00000e+1, 0.00000e+0, 2.00000e+1, 0.00000e+0, 3, 4, 
08/25/2020 17:58:21.533, 08/25/2020 17:58:21.480, 3.82973e+0, 0.00000e+0, 4.86323e+1, 0.00000e+0, 2.02527e+0, 0.00000e+0, 2.28469e+4, 0.00000e+0, 6.17021e+2, 0.00000e+0, 2.07263e+0, 0.00000e+0, 6.31447e+2, 0.00000e+0, 5.01284e+2, 0.00000e+0, 3.15765e+1, 0.00000e+0, 2.92372e+1, 0.00000e+0, 3.58328e+0, 0.00000e+0, 3.17904e+0, 0.00000e+0, 2.00000e+1, 0.00000e+0, 2.00000e+1, 0.00000e+0, 3, 4, 
08/25/2020 17:58:22.542, 08/25/2020 17:58:22.475, 3.83119e+0, 0.00000e+0, 4.88477e+1, 0.00000e+0, 2.01981e+0, 0.00000e+0, 2.29316e+4, 0.00000e+0, 6.16045e+2, 0.00000e+0, 2.06722e+0, 0.00000e+0, 6.30504e+2, 0.00000e+0, 5.01315e+2, 0.00000e+0, 3.15578e+1, 0.00000e+0, 2.92426e+1, 0.00000e+0, 3.58293e+0, 0.00000e+0, 3.17941e+0, 0.00000e+0, 2.00000e+1, 0.00000e+0, 2.00000e+1, 0.00000e+0, 3, 4, 
08/25/2020 17:58:23.523, 08/25/2020 17:58:23.469, 3.83095e+0, 0.00000e+0, 4.88123e+1, 0.00000e+0, 2.02105e+0, 0.00000e+0, 2.28914e+4, 0.00000e+0, 6.15692e+2, 0.00000e+0, 2.06840e+0, 0.00000e+0, 6.30117e+2, 0.00000e+0, 5.01296e+2, 0.00000e+0, 3.15730e+1, 0.00000e+0, 2.92471e+1, 0.00000e+0, 3.58254e+0, 0.00000e+0, 3.17867e+0, 0.00000e+0, 2.00000e+1, 0.00000e+0, 2.00000e+1, 0.00000e+0, 3, 4, 
08/25/2020 17:58:24.519, 08/25/2020 17:58:24.465, 3.83158e+0, 0.00000e+0, 4.89051e+1, 0.00000e+0, 2.01602e+0, 0.00000e+0, 2.30403e+4, 0.00000e+0, 6.14858e+2, 0.00000e+0, 2.06357e+0, 0.00000e+0, 6.29358e+2, 0.00000e+0, 5.01274e+2, 0.00000e+0, 3.15678e+1, 0.00000e+0, 2.92476e+1, 0.00000e+0, 3.58526e+0, 0.00000e+0, 3.17640e+0, 0.00000e+0, 2.00000e+1, 0.00000e+0, 2.00000e+1, 0.00000e+0, 3, 4, 
08/25/2020 17:58:25.517, 08/25/2020 17:58:25.458, 3.82994e+0, 0.00000e+0, 4.86632e+1, 0.00000e+0, 2.02075e+0, 0.00000e+0, 2.29886e+4, 0.00000e+0, 6.14474e+2, 0.00000e+0, 2.06830e+0, 0.00000e+0, 6.28932e+2, 0.00000e+0, 5.01276e+2, 0.00000e+0, 3.15614e+1, 0.00000e+0, 2.92449e+1, 0.00000e+0, 3.58455e+0, 0.00000e+0, 3.17693e+0, 0.00000e+0, 2.00000e+1, 0.00000e+0, 2.00000e+1, 0.00000e+0, 3, 4, 
08/25/2020 17:58:26.513, 08/25/2020 17:58:26.453, 3.82727e+0, 0.00000e+0, 4.82701e+1, 0.00000e+0, 2.02327e+0, 0.00000e+0, 2.31629e+4, 0.00000e+0, 6.17907e+2, 0.00000e+0, 2.07125e+0, 0.00000e+0, 6.32559e+2, 0.00000e+0, 5.01267e+2, 0.00000e+0, 3.15756e+1, 0.00000e+0, 2.92304e+1, 0.00000e+0, 3.58571e+0, 0.00000e+0, 3.17731e+0, 0.00000e+0, 2.00000e+1, 0.00000e+0, 2.00000e+1, 0.00000e+0, 3, 4, 
08/25/2020 17:58:27.501, 08/25/2020 17:58:27.447, 3.82953e+0, 0.00000e+0, 4.86035e+1, 0.00000e+0, 2.02254e+0, 0.00000e+0, 2.29662e+4, 0.00000e+0, 6.16557e+2, 0.00000e+0, 2.07008e+0, 0.00000e+0, 6.31050e+2, 0.00000e+0, 5.01268e+2, 0.00000e+0, 3.15734e+1, 0.00000e+0, 2.92476e+1, 0.00000e+0, 3.58103e+0, 0.00000e+0, 3.17774e+0, 0.00000e+0, 2.00000e+1, 0.00000e+0, 2.00000e+1, 0.00000e+0, 3, 4, 
08/25/2020 17:58:28.555, 08/25/2020 17:58:28.480, 3.82032e+0, 0.00000e+0, 4.72441e+1, 0.00000e+0, 2.02224e+0, 0.00000e+0, 2.29142e+4, 0.00000e+0, 6.17779e+2, 0.00000e+0, 2.06966e+0, 0.00000e+0, 6.32267e+2, 0.00000e+0, 5.01289e+2, 0.00000e+0, 3.16523e+1, 0.00000e+0, 2.92076e+1, 0.00000e+0, 3.58153e+0, 0.00000e+0, 3.17584e+0, 0.00000e+0, 2.00000e+1, 0.00000e+0, 2.00000e+1, 0.00000e+0, 3, 4, 
08/25/2020 17:58:29.522, 08/25/2020 17:58:29.450, 3.81827e+0, 0.00000e+0, 4.69418e+1, 0.00000e+0, 2.03195e+0, 0.00000e+0, 2.29680e+4, 0.00000e+0, 6.18200e+2, 0.00000e+0, 2.07972e+0, 0.00000e+0, 6.32733e+2, 0.00000e+0, 5.01429e+2, 0.00000e+0, 3.16268e+1, 0.00000e+0, 2.92037e+1, 0.00000e+0, 3.58364e+0, 0.00000e+0, 3.18147e+0, 0.00000e+0, 2.00000e+1, 0.00000e+0, 2.00000e+1, 0.00000e+0, 3, 4, 
08/25/2020 17:58:30.498, 08/25/2020 17:58:30.430, 3.81612e+0, 0.00000e+0, 4.66253e+1, 0.00000e+0, 2.02939e+0, 0.00000e+0, 2.30534e+4, 0.00000e+0, 6.19489e+2, 0.00000e+0, 2.07727e+0, 0.00000e+0, 6.34107e+2, 0.00000e+0, 5.01108e+2, 0.00000e+0, 3.16014e+1, 0.00000e+0, 2.92018e+1, 0.00000e+0, 3.58091e+0, 0.00000e+0, 3.18305e+0, 0.00000e+0, 2.00000e+1, 0.00000e+0, 2.00000e+1, 0.00000e+0, 3, 4, 
08/25/2020 17:58:31.506, 08/25/2020 17:58:31.426, 3.81281e+0, 0.00000e+0, 4.61368e+1, 0.00000e+0, 2.02630e+0, 0.00000e+0, 2.29047e+4, 0.00000e+0, 6.18511e+2, 0.00000e+0, 2.07380e+0, 0.00000e+0, 6.33009e+2, 0.00000e+0, 5.01595e+2, 0.00000e+0, 3.16335e+1, 0.00000e+0, 2.91906e+1, 0.00000e+0, 3.58340e+0, 0.00000e+0, 3.18079e+0, 0.00000e+0, 2.00000e+1, 0.00000e+0, 2.00000e+1, 0.00000e+0, 3, 4, 
08/25/2020 17:58:32.502, 08/25/2020 17:58:32.419, 3.82713e+0, 0.00000e+0, 4.82493e+1, 0.00000e+0, 2.02216e+0, 0.00000e+0, 2.32387e+4, 0.00000e+0, 6.16022e+2, 0.00000e+0, 2.07027e+0, 0.00000e+0, 6.30678e+2, 0.00000e+0, 5.01070e+2, 0.00000e+0, 3.15705e+1, 0.00000e+0, 2.92504e+1, 0.00000e+0, 3.58473e+0, 0.00000e+0, 3.18262e+0, 0.00000e+0, 2.00000e+1, 0.00000e+0, 2.00000e+1, 0.00000e+0, 3, 4, 
08/25/2020 17:58:33.473, 08/25/2020 17:58:33.415, 3.82770e+0, 0.00000e+0, 4.83339e+1, 0.00000e+0, 2.02125e+0, 0.00000e+0, 2.31852e+4, 0.00000e+0, 6.18208e+2, 0.00000e+0, 2.06922e+0, 0.00000e+0, 6.32882e+2, 0.00000e+0, 5.01377e+2, 0.00000e+0, 3.15911e+1, 0.00000e+0, 2.92585e+1, 0.00000e+0, 3.58447e+0, 0.00000e+0, 3.17658e+0, 0.00000e+0, 2.00000e+1, 0.00000e+0, 2.00000e+1, 0.00000e+0, 3, 4, 
08/25/2020 17:58:34.471, 08/25/2020 17:58:34.409, 3.82938e+0, 0.00000e+0, 4.85816e+1, 0.00000e+0, 2.01962e+0, 0.00000e+0, 2.33015e+4, 0.00000e+0, 6.17670e+2, 0.00000e+0, 2.06780e+0, 0.00000e+0, 6.32406e+2, 0.00000e+0, 5.01230e+2, 0.00000e+0, 3.15722e+1, 0.00000e+0, 2.92570e+1, 0.00000e+0, 3.58469e+0, 0.00000e+0, 3.17886e+0, 0.00000e+0, 2.00000e+1, 0.00000e+0, 2.00000e+1, 0.00000e+0, 3, 4, 
08/25/2020 17:58:35.480, 08/25/2020 17:58:35.405, 3.82719e+0, 0.00000e+0, 4.82577e+1, 0.00000e+0, 2.02384e+0, 0.00000e+0, 2.31795e+4, 0.00000e+0, 6.16435e+2, 0.00000e+0, 2.07186e+0, 0.00000e+0, 6.31063e+2, 0.00000e+0, 5.01292e+2, 0.00000e+0, 3.15799e+1, 0.00000e+0, 2.92494e+1, 0.00000e+0, 3.58253e+0, 0.00000e+0, 3.17812e+0, 0.00000e+0, 2.00000e+1, 0.00000e+0, 2.00000e+1, 0.00000e+0, 3, 4, 
08/25/2020 17:58:36.478, 08/25/2020 17:58:36.399, 3.82830e+0, 0.00000e+0, 4.84212e+1, 0.00000e+0, 2.02870e+0, 0.00000e+0, 2.32337e+4, 0.00000e+0, 6.14297e+2, 0.00000e+0, 2.07695e+0, 0.00000e+0, 6.28909e+2, 0.00000e+0, 5.01268e+2, 0.00000e+0, 3.15660e+1, 0.00000e+0, 2.92518e+1, 0.00000e+0, 3.58152e+0, 0.00000e+0, 3.17660e+0, 0.00000e+0, 2.00000e+1, 0.00000e+0, 2.00000e+1, 0.00000e+0, 3, 4, 
08/25/2020 17:58:37.448, 08/25/2020 17:58:37.392, 3.82632e+0, 0.00000e+0, 4.81292e+1, 0.00000e+0, 2.02655e+0, 0.00000e+0, 2.33506e+4, 0.00000e+0, 6.15430e+2, 0.00000e+0, 2.07500e+0, 0.00000e+0, 6.30145e+2, 0.00000e+0, 5.01274e+2, 0.00000e+0, 3.15765e+1, 0.00000e+0, 2.92459e+1, 0.00000e+0, 3.58022e+0, 0.00000e+0, 3.17595e+0, 0.00000e+0, 2.00000e+1, 0.00000e+0, 2.00000e+1, 0.00000e+0, 3, 4, 
08/25/2020 17:58:38.443, 08/25/2020 17:58:38.387, 3.82768e+0, 0.00000e+0, 4.83297e+1, 0.00000e+0, 2.02135e+0, 0.00000e+0, 2.29822e+4, 0.00000e+0, 6.12298e+2, 0.00000e+0, 2.06890e+0, 0.00000e+0, 6.26701e+2, 0.00000e+0, 5.01219e+2, 0.00000e+0, 3.15765e+1, 0.00000e+0, 2.92563e+1, 0.00000e+0, 3.58361e+0, 0.00000e+0, 3.17710e+0, 0.00000e+0, 2.00000e+1, 0.00000e+0, 2.00000e+1, 0.00000e+0, 3, 4, 
08/25/2020 17:58:39.454, 08/25/2020 17:58:39.381, 3.82588e+0, 0.00000e+0, 4.80648e+1, 0.00000e+0, 2.02477e+0, 0.00000e+0, 2.31798e+4, 0.00000e+0, 6.13566e+2, 0.00000e+0, 2.07282e+0, 0.00000e+0, 6.28126e+2, 0.00000e+0, 5.01300e+2, 0.00000e+0, 3.15609e+1, 0.00000e+0, 2.92464e+1, 0.00000e+0, 3.58304e+0, 0.00000e+0, 3.17486e+0, 0.00000e+0, 2.00000e+1, 0.00000e+0, 2.00000e+1, 0.00000e+0, 3, 4, 
08/25/2020 17:58:40.456, 08/25/2020 17:58:40.377, 3.82137e+0, 0.00000e+0, 4.73993e+1, 0.00000e+0, 2.02483e+0, 0.00000e+0, 2.32585e+4, 0.00000e+0, 6.13856e+2, 0.00000e+0, 2.07304e+0, 0.00000e+0, 6.28474e+2, 0.00000e+0, 5.01341e+2, 0.00000e+0, 3.15894e+1, 0.00000e+0, 2.92399e+1, 0.00000e+0, 3.58477e+0, 0.00000e+0, 3.17824e+0, 0.00000e+0, 2.00000e+1, 0.00000e+0, 2.00000e+1, 0.00000e+0, 3, 4, 
08/25/2020 17:58:41.450, 08/25/2020 17:58:41.370, 3.82544e+0, 0.00000e+0, 4.80003e+1, 0.00000e+0, 2.02098e+0, 0.00000e+0, 2.33056e+4, 0.00000e+0, 6.12219e+2, 0.00000e+0, 2.06921e+0, 0.00000e+0, 6.26828e+2, 0.00000e+0, 5.01251e+2, 0.00000e+0, 3.15956e+1, 0.00000e+0, 2.92546e+1, 0.00000e+0, 3.58568e+0, 0.00000e+0, 3.17841e+0, 0.00000e+0, 2.00000e+1, 0.00000e+0, 2.00000e+1, 0.00000e+0, 3, 5, 
08/25/2020 17:58:42.443, 08/25/2020 17:58:42.366, 3.82425e+0, 0.00000e+0, 4.78238e+1, 0.00000e+0, 2.02500e+0, 0.00000e+0, 2.33076e+4, 0.00000e+0, 6.12785e+2, 0.00000e+0, 2.07332e+0, 0.00000e+0, 6.27408e+2, 0.00000e+0, 5.01196e+2, 0.00000e+0, 3.15945e+1, 0.00000e+0, 2.92534e+1, 0.00000e+0, 3.58177e+0, 0.00000e+0, 3.17729e+0, 0.00000e+0, 2.00000e+1, 0.00000e+0, 2.00000e+1, 0.00000e+0, 3, 5, 
08/25/2020 17:58:43.418, 08/25/2020 17:58:43.360, 3.82658e+0, 0.00000e+0, 4.81684e+1, 0.00000e+0, 2.01812e+0, 0.00000e+0, 2.31776e+4, 0.00000e+0, 6.11077e+2, 0.00000e+0, 2.06601e+0, 0.00000e+0, 6.25577e+2, 0.00000e+0, 5.01371e+2, 0.00000e+0, 3.15708e+1, 0.00000e+0, 2.92679e+1, 0.00000e+0, 3.58659e+0, 0.00000e+0, 3.17676e+0, 0.00000e+0, 2.00000e+1, 0.00000e+0, 2.00000e+1, 0.00000e+0, 3, 5, 
08/25/2020 17:58:44.427, 08/25/2020 17:58:44.376, 3.82571e+0, 0.00000e+0, 4.80394e+1, 0.00000e+0, 2.02163e+0, 0.00000e+0, 2.31089e+4, 0.00000e+0, 6.09640e+2, 0.00000e+0, 2.06945e+0, 0.00000e+0, 6.24061e+2, 0.00000e+0, 5.01167e+2, 0.00000e+0, 3.15572e+1, 0.00000e+0, 2.92600e+1, 0.00000e+0, 3.58327e+0, 0.00000e+0, 3.17618e+0, 0.00000e+0, 2.00000e+1, 0.00000e+0, 2.00000e+1, 0.00000e+0, 3, 5, 
08/25/2020 17:58:45.420, 08/25/2020 17:58:45.349, 3.82597e+0, 0.00000e+0, 4.80780e+1, 0.00000e+0, 2.01980e+0, 0.00000e+0, 2.33487e+4, 0.00000e+0, 6.11101e+2, 0.00000e+0, 2.06809e+0, 0.00000e+0, 6.25710e+2, 0.00000e+0, 5.01364e+2, 0.00000e+0, 3.15636e+1, 0.00000e+0, 2.92656e+1, 0.00000e+0, 3.58522e+0, 0.00000e+0, 3.17727e+0, 0.00000e+0, 2.00000e+1, 0.00000e+0, 2.00000e+1, 0.00000e+0, 3, 5, 
08/25/2020 17:58:46.415, 08/25/2020 17:58:46.343, 3.82759e+0, 0.00000e+0, 4.83177e+1, 0.00000e+0, 2.02701e+0, 0.00000e+0, 2.34368e+4, 0.00000e+0, 6.08879e+2, 0.00000e+0, 2.07565e+0, 0.00000e+0, 6.23491e+2, 0.00000e+0, 5.01232e+2, 0.00000e+0, 3.15413e+1, 0.00000e+0, 2.92672e+1, 0.00000e+0, 3.58037e+0, 0.00000e+0, 3.17711e+0, 0.00000e+0, 2.00000e+1, 0.00000e+0, 2.00000e+1, 0.00000e+0, 3, 5, 
08/25/2020 17:58:47.413, 08/25/2020 17:58:47.338, 3.82374e+0, 0.00000e+0, 4.77490e+1, 0.00000e+0, 2.02675e+0, 0.00000e+0, 2.34372e+4, 0.00000e+0, 6.10541e+2, 0.00000e+0, 2.07539e+0, 0.00000e+0, 6.25194e+2, 0.00000e+0, 5.01262e+2, 0.00000e+0, 3.15472e+1, 0.00000e+0, 2.92585e+1, 0.00000e+0, 3.58103e+0, 0.00000e+0, 3.17542e+0, 0.00000e+0, 2.00000e+1, 0.00000e+0, 2.00000e+1, 0.00000e+0, 3, 5, 
08/25/2020 17:58:48.601, 08/25/2020 17:58:48.550, 3.82051e+0, 0.00000e+0, 4.72723e+1, 0.00000e+0, 2.02418e+0, 0.00000e+0, 2.32248e+4, 0.00000e+0, 6.12172e+2, 0.00000e+0, 2.07231e+0, 0.00000e+0, 6.26728e+2, 0.00000e+0, 5.01185e+2, 0.00000e+0, 3.15560e+1, 0.00000e+0, 2.92455e+1, 0.00000e+0, 3.58297e+0, 0.00000e+0, 3.17598e+0, 0.00000e+0, 2.00000e+1, 0.00000e+0, 2.00000e+1, 0.00000e+0, 3, 5, 
08/25/2020 17:58:49.396, 08/25/2020 17:58:49.327, 3.82103e+0, 0.00000e+0, 4.73498e+1, 0.00000e+0, 2.02358e+0, 0.00000e+0, 2.33887e+4, 0.00000e+0, 6.09155e+2, 0.00000e+0, 2.07204e+0, 0.00000e+0, 6.23743e+2, 0.00000e+0, 5.01384e+2, 0.00000e+0, 3.15564e+1, 0.00000e+0, 2.92517e+1, 0.00000e+0, 3.58442e+0, 0.00000e+0, 3.17750e+0, 0.00000e+0, 2.00000e+1, 0.00000e+0, 2.00000e+1, 0.00000e+0, 3, 5, 
08/25/2020 17:58:50.403, 08/25/2020 17:58:50.321, 3.82320e+0, 0.00000e+0, 4.76691e+1, 0.00000e+0, 2.02477e+0, 0.00000e+0, 2.35043e+4, 0.00000e+0, 6.10243e+2, 0.00000e+0, 2.07350e+0, 0.00000e+0, 6.24932e+2, 0.00000e+0, 5.01236e+2, 0.00000e+0, 3.15520e+1, 0.00000e+0, 2.92630e+1, 0.00000e+0, 3.58129e+0, 0.00000e+0, 3.17741e+0, 0.00000e+0, 2.00000e+1, 0.00000e+0, 2.00000e+1, 0.00000e+0, 3, 5, 
08/25/2020 17:58:51.394, 08/25/2020 17:58:51.316, 3.82513e+0, 0.00000e+0, 4.79541e+1, 0.00000e+0, 2.01968e+0, 0.00000e+0, 2.33809e+4, 0.00000e+0, 6.09407e+2, 0.00000e+0, 2.06803e+0, 0.00000e+0, 6.23996e+2, 0.00000e+0, 5.01269e+2, 0.00000e+0, 3.15652e+1, 0.00000e+0, 2.92755e+1, 0.00000e+0, 3.58097e+0, 0.00000e+0, 3.17550e+0, 0.00000e+0, 2.00000e+1, 0.00000e+0, 2.00000e+1, 0.00000e+0, 3, 5, 
08/25/2020 17:58:52.426, 08/25/2020 17:58:52.374, 3.82141e+0, 0.00000e+0, 4.74057e+1, 0.00000e+0, 2.02533e+0, 0.00000e+0, 2.32755e+4, 0.00000e+0, 6.07488e+2, 0.00000e+0, 2.07360e+0, 0.00000e+0, 6.21964e+2, 0.00000e+0, 5.01173e+2, 0.00000e+0, 3.15753e+1, 0.00000e+0, 2.92612e+1, 0.00000e+0, 3.58085e+0, 0.00000e+0, 3.17638e+0, 0.00000e+0, 2.00000e+1, 0.00000e+0, 2.00000e+1, 0.00000e+0, 3, 5, 
08/25/2020 17:58:53.398, 08/25/2020 17:58:53.343, 3.81106e+0, 0.00000e+0, 4.58785e+1, 0.00000e+0, 2.02170e+0, 0.00000e+0, 2.33502e+4, 0.00000e+0, 6.08881e+2, 0.00000e+0, 2.07003e+0, 0.00000e+0, 6.23439e+2, 0.00000e+0, 5.01448e+2, 0.00000e+0, 3.16389e+1, 0.00000e+0, 2.92333e+1, 0.00000e+0, 3.58177e+0, 0.00000e+0, 3.17811e+0, 0.00000e+0, 2.00000e+1, 0.00000e+0, 2.00000e+1, 0.00000e+0, 3, 5, 
08/25/2020 17:58:54.383, 08/25/2020 17:58:54.300, 3.81604e+0, 0.00000e+0, 4.66129e+1, 0.00000e+0, 2.02194e+0, 0.00000e+0, 2.34069e+4, 0.00000e+0, 6.07720e+2, 0.00000e+0, 2.07040e+0, 0.00000e+0, 6.22286e+2, 0.00000e+0, 5.01498e+2, 0.00000e+0, 3.15947e+1, 0.00000e+0, 2.92562e+1, 0.00000e+0, 3.58854e+0, 0.00000e+0, 3.18055e+0, 0.00000e+0, 2.00000e+1, 0.00000e+0, 2.00000e+1, 0.00000e+0, 3, 5, 
08/25/2020 17:58:55.367, 08/25/2020 17:58:55.294, 3.81449e+0, 0.00000e+0, 4.63848e+1, 0.00000e+0, 2.03109e+0, 0.00000e+0, 2.36494e+4, 0.00000e+0, 6.09425e+2, 0.00000e+0, 2.08028e+0, 0.00000e+0, 6.24187e+2, 0.00000e+0, 5.01010e+2, 0.00000e+0, 3.15681e+1, 0.00000e+0, 2.92403e+1, 0.00000e+0, 3.58064e+0, 0.00000e+0, 3.17831e+0, 0.00000e+0, 2.00000e+1, 0.00000e+0, 2.00000e+1, 0.00000e+0, 3, 5, 
08/25/2020 17:58:56.365, 08/25/2020 17:58:56.288, 3.80299e+0, 0.00000e+0, 4.46888e+1, 0.00000e+0, 2.02651e+0, 0.00000e+0, 2.34785e+4, 0.00000e+0, 6.11221e+2, 0.00000e+0, 2.07524e+0, 0.00000e+0, 6.25916e+2, 0.00000e+0, 5.01391e+2, 0.00000e+0, 3.16402e+1, 0.00000e+0, 2.92057e+1, 0.00000e+0, 3.58441e+0, 0.00000e+0, 3.17779e+0, 0.00000e+0, 2.00000e+1, 0.00000e+0, 2.00000e+1, 0.00000e+0, 3, 5, 
08/25/2020 17:58:57.346, 08/25/2020 17:58:57.283, 3.80409e+0, 0.00000e+0, 4.48515e+1, 0.00000e+0, 2.02944e+0, 0.00000e+0, 2.31750e+4, 0.00000e+0, 6.12463e+2, 0.00000e+0, 2.07758e+0, 0.00000e+0, 6.26993e+2, 0.00000e+0, 5.01430e+2, 0.00000e+0, 3.16270e+1, 0.00000e+0, 2.92074e+1, 0.00000e+0, 3.58423e+0, 0.00000e+0, 3.18060e+0, 0.00000e+0, 2.00000e+1, 0.00000e+0, 2.00000e+1, 0.00000e+0, 3, 5, 
08/25/2020 17:58:58.385, 08/25/2020 17:58:58.286, 3.80165e+0, 0.00000e+0, 4.44915e+1, 0.00000e+0, 2.02434e+0, 0.00000e+0, 2.36895e+4, 0.00000e+0, 6.15888e+2, 0.00000e+0, 2.07346e+0, 0.00000e+0, 6.30832e+2, 0.00000e+0, 5.01374e+2, 0.00000e+0, 3.16459e+1, 0.00000e+0, 2.92029e+1, 0.00000e+0, 3.58235e+0, 0.00000e+0, 3.17894e+0, 0.00000e+0, 2.00000e+1, 0.00000e+0, 2.00000e+1, 0.00000e+0, 3, 5, 
08/25/2020 17:58:59.351, 08/25/2020 17:58:59.272, 3.80850e+0, 0.00000e+0, 4.55021e+1, 0.00000e+0, 2.02110e+0, 0.00000e+0, 2.33571e+4, 0.00000e+0, 6.20523e+2, 0.00000e+0, 2.06944e+0, 0.00000e+0, 6.35363e+2, 0.00000e+0, 5.01445e+2, 0.00000e+0, 3.16036e+1, 0.00000e+0, 2.92424e+1, 0.00000e+0, 3.58266e+0, 0.00000e+0, 3.18040e+0, 0.00000e+0, 2.00000e+1, 0.00000e+0, 2.00000e+1, 0.00000e+0, 3, 5, 
08/25/2020 17:59:00.322, 08/25/2020 17:59:00.266, 3.82350e+0, 0.00000e+0, 4.77144e+1, 0.00000e+0, 2.02165e+0, 0.00000e+0, 2.37444e+4, 0.00000e+0, 6.27366e+2, 0.00000e+0, 2.07082e+0, 0.00000e+0, 6.42624e+2, 0.00000e+0, 5.01193e+2, 0.00000e+0, 3.15489e+1, 0.00000e+0, 2.93021e+1, 0.00000e+0, 3.58074e+0, 0.00000e+0, 3.17764e+0, 0.00000e+0, 2.00000e+1, 0.00000e+0, 2.00000e+1, 0.00000e+0, 3, 5, 
08/25/2020 17:59:01.338, 08/25/2020 17:59:01.262, 3.82098e+0, 0.00000e+0, 4.73419e+1, 0.00000e+0, 2.02694e+0, 0.00000e+0, 2.35984e+4, 0.00000e+0, 6.35751e+2, 0.00000e+0, 2.07593e+0, 0.00000e+0, 6.51116e+2, 0.00000e+0, 5.01309e+2, 0.00000e+0, 3.15645e+1, 0.00000e+0, 2.92924e+1, 0.00000e+0, 3.57868e+0, 0.00000e+0, 3.17313e+0, 0.00000e+0, 2.00000e+1, 0.00000e+0, 2.00000e+1, 0.00000e+0, 3, 5, 
08/25/2020 17:59:02.335, 08/25/2020 17:59:02.256, 3.82074e+0, 0.00000e+0, 4.73067e+1, 0.00000e+0, 2.02184e+0, 0.00000e+0, 2.35133e+4, 0.00000e+0, 6.42431e+2, 0.00000e+0, 2.07052e+0, 0.00000e+0, 6.57901e+2, 0.00000e+0, 5.01320e+2, 0.00000e+0, 3.15639e+1, 0.00000e+0, 2.92924e+1, 0.00000e+0, 3.58582e+0, 0.00000e+0, 3.17761e+0, 0.00000e+0, 2.00000e+1, 0.00000e+0, 2.00000e+1, 0.00000e+0, 3, 5, 
08/25/2020 17:59:03.327, 08/25/2020 17:59:03.250, 3.82445e+0, 0.00000e+0, 4.78542e+1, 0.00000e+0, 2.02969e+0, 0.00000e+0, 2.35933e+4, 0.00000e+0, 6.44071e+2, 0.00000e+0, 2.07873e+0, 0.00000e+0, 6.59633e+2, 0.00000e+0, 5.01215e+2, 0.00000e+0, 3.15390e+1, 0.00000e+0, 2.93064e+1, 0.00000e+0, 3.58504e+0, 0.00000e+0, 3.17623e+0, 0.00000e+0, 2.00000e+1, 0.00000e+0, 2.00000e+1, 0.00000e+0, 3, 5, 
08/25/2020 17:59:04.331, 08/25/2020 17:59:04.246, 3.81710e+0, 0.00000e+0, 4.67700e+1, 0.00000e+0, 2.02151e+0, 0.00000e+0, 2.36110e+4, 0.00000e+0, 6.41799e+2, 0.00000e+0, 2.07040e+0, 0.00000e+0, 6.57319e+2, 0.00000e+0, 5.01236e+2, 0.00000e+0, 3.15769e+1, 0.00000e+0, 2.92848e+1, 0.00000e+0, 3.58277e+0, 0.00000e+0, 3.17434e+0, 0.00000e+0, 2.00000e+1, 0.00000e+0, 2.00000e+1, 0.00000e+0, 3, 5, 
08/25/2020 17:59:05.313, 08/25/2020 17:59:05.240, 3.82324e+0, 0.00000e+0, 4.76754e+1, 0.00000e+0, 2.02496e+0, 0.00000e+0, 2.37811e+4, 0.00000e+0, 6.39483e+2, 0.00000e+0, 2.07429e+0, 0.00000e+0, 6.55061e+2, 0.00000e+0, 5.01312e+2, 0.00000e+0, 3.15349e+1, 0.00000e+0, 2.93063e+1, 0.00000e+0, 3.58360e+0, 0.00000e+0, 3.17814e+0, 0.00000e+0, 2.00000e+1, 0.00000e+0, 2.00000e+1, 0.00000e+0, 3, 5, 
08/25/2020 17:59:06.319, 08/25/2020 17:59:06.234, 3.82028e+0, 0.00000e+0, 4.72388e+1, 0.00000e+0, 2.01654e+0, 0.00000e+0, 2.35300e+4, 0.00000e+0, 6.34877e+2, 0.00000e+0, 2.06513e+0, 0.00000e+0, 6.50175e+2, 0.00000e+0, 5.01254e+2, 0.00000e+0, 3.15402e+1, 0.00000e+0, 2.92953e+1, 0.00000e+0, 3.58347e+0, 0.00000e+0, 3.17624e+0, 0.00000e+0, 2.00000e+1, 0.00000e+0, 2.00000e+1, 0.00000e+0, 3, 5, 
08/25/2020 17:59:07.311, 08/25/2020 17:59:07.229, 3.81908e+0, 0.00000e+0, 4.70612e+1, 0.00000e+0, 2.02518e+0, 0.00000e+0, 2.37632e+4, 0.00000e+0, 6.33596e+2, 0.00000e+0, 2.07448e+0, 0.00000e+0, 6.49019e+2, 0.00000e+0, 5.01263e+2, 0.00000e+0, 3.15467e+1, 0.00000e+0, 2.92994e+1, 0.00000e+0, 3.58652e+0, 0.00000e+0, 3.17540e+0, 0.00000e+0, 2.00000e+1, 0.00000e+0, 2.00000e+1, 0.00000e+0, 3, 5, 
08/25/2020 17:59:08.304, 08/25/2020 17:59:08.223, 3.82341e+0, 0.00000e+0, 4.76999e+1, 0.00000e+0, 2.02073e+0, 0.00000e+0, 2.35646e+4, 0.00000e+0, 6.31243e+2, 0.00000e+0, 2.06950e+0, 0.00000e+0, 6.46477e+2, 0.00000e+0, 5.01264e+2, 0.00000e+0, 3.15454e+1, 0.00000e+0, 2.93151e+1, 0.00000e+0, 3.58337e+0, 0.00000e+0, 3.17496e+0, 0.00000e+0, 2.00000e+1, 0.00000e+0, 2.00000e+1, 0.00000e+0, 3, 5, 
08/25/2020 17:59:09.297, 08/25/2020 17:59:09.217, 3.82087e+0, 0.00000e+0, 4.73254e+1, 0.00000e+0, 2.01783e+0, 0.00000e+0, 2.40338e+4, 0.00000e+0, 6.24933e+2, 0.00000e+0, 2.06752e+0, 0.00000e+0, 6.40322e+2, 0.00000e+0, 5.01275e+2, 0.00000e+0, 3.15555e+1, 0.00000e+0, 2.93055e+1, 0.00000e+0, 3.58188e+0, 0.00000e+0, 3.17563e+0, 0.00000e+0, 2.00000e+1, 0.00000e+0, 2.00000e+1, 0.00000e+0, 3, 5, 
08/25/2020 17:59:10.286, 08/25/2020 17:59:10.212, 3.82004e+0, 0.00000e+0, 4.72032e+1, 0.00000e+0, 2.02236e+0, 0.00000e+0, 2.36689e+4, 0.00000e+0, 6.23536e+2, 0.00000e+0, 2.07139e+0, 0.00000e+0, 6.38653e+2, 0.00000e+0, 5.01234e+2, 0.00000e+0, 3.15622e+1, 0.00000e+0, 2.93090e+1, 0.00000e+0, 3.58480e+0, 0.00000e+0, 3.17650e+0, 0.00000e+0, 2.00000e+1, 0.00000e+0, 2.00000e+1, 0.00000e+0, 3, 5, 
08/25/2020 17:59:11.263, 08/25/2020 17:59:11.207, 3.82245e+0, 0.00000e+0, 4.75594e+1, 0.00000e+0, 2.02393e+0, 0.00000e+0, 2.34310e+4, 0.00000e+0, 6.20768e+2, 0.00000e+0, 2.07249e+0, 0.00000e+0, 6.35662e+2, 0.00000e+0, 5.01349e+2, 0.00000e+0, 3.15403e+1, 0.00000e+0, 2.93141e+1, 0.00000e+0, 3.58495e+0, 0.00000e+0, 3.17454e+0, 0.00000e+0, 2.00000e+1, 0.00000e+0, 2.00000e+1, 0.00000e+0, 3, 6, 
08/25/2020 17:59:12.259, 08/25/2020 17:59:12.202, 3.82327e+0, 0.00000e+0, 4.76804e+1, 0.00000e+0, 2.02203e+0, 0.00000e+0, 2.35188e+4, 0.00000e+0, 6.16831e+2, 0.00000e+0, 2.07073e+0, 0.00000e+0, 6.31687e+2, 0.00000e+0, 5.01234e+2, 0.00000e+0, 3.15378e+1, 0.00000e+0, 2.93151e+1, 0.00000e+0, 3.58175e+0, 0.00000e+0, 3.17624e+0, 0.00000e+0, 2.00000e+1, 0.00000e+0, 2.00000e+1, 0.00000e+0, 3, 6, 
08/25/2020 17:59:13.278, 08/25/2020 17:59:13.195, 3.82207e+0, 0.00000e+0, 4.75024e+1, 0.00000e+0, 2.01818e+0, 0.00000e+0, 2.37127e+4, 0.00000e+0, 6.17110e+2, 0.00000e+0, 2.06720e+0, 0.00000e+0, 6.32098e+2, 0.00000e+0, 5.01288e+2, 0.00000e+0, 3.15450e+1, 0.00000e+0, 2.93147e+1, 0.00000e+0, 3.58555e+0, 0.00000e+0, 3.17524e+0, 0.00000e+0, 2.00000e+1, 0.00000e+0, 2.00000e+1, 0.00000e+0, 3, 6, 
08/25/2020 17:59:14.246, 08/25/2020 17:59:14.190, 3.82006e+0, 0.00000e+0, 4.72069e+1, 0.00000e+0, 2.02530e+0, 0.00000e+0, 2.37047e+4, 0.00000e+0, 6.14748e+2, 0.00000e+0, 2.07448e+0, 0.00000e+0, 6.29674e+2, 0.00000e+0, 5.01252e+2, 0.00000e+0, 3.15458e+1, 0.00000e+0, 2.93046e+1, 0.00000e+0, 3.58491e+0, 0.00000e+0, 3.17632e+0, 0.00000e+0, 2.00000e+1, 0.00000e+0, 2.00000e+1, 0.00000e+0, 3, 6, 
08/25/2020 17:59:15.241, 08/25/2020 17:59:15.185, 3.81848e+0, 0.00000e+0, 4.69730e+1, 0.00000e+0, 2.02003e+0, 0.00000e+0, 2.39135e+4, 0.00000e+0, 6.10293e+2, 0.00000e+0, 2.06952e+0, 0.00000e+0, 6.25245e+2, 0.00000e+0, 5.01255e+2, 0.00000e+0, 3.15425e+1, 0.00000e+0, 2.93045e+1, 0.00000e+0, 3.58586e+0, 0.00000e+0, 3.17525e+0, 0.00000e+0, 2.00000e+1, 0.00000e+0, 2.00000e+1, 0.00000e+0, 3, 6, 
08/25/2020 17:59:16.250, 08/25/2020 17:59:16.179, 3.80088e+0, 0.00000e+0, 4.43770e+1, 0.00000e+0, 2.02378e+0, 0.00000e+0, 2.36371e+4, 0.00000e+0, 6.10560e+2, 0.00000e+0, 2.07278e+0, 0.00000e+0, 6.25342e+2, 0.00000e+0, 5.01496e+2, 0.00000e+0, 3.16153e+1, 0.00000e+0, 2.92553e+1, 0.00000e+0, 3.58561e+0, 0.00000e+0, 3.17550e+0, 0.00000e+0, 2.00000e+1, 0.00000e+0, 2.00000e+1, 0.00000e+0, 3, 6, 
08/25/2020 17:59:17.248, 08/25/2020 17:59:17.174, 3.80754e+0, 0.00000e+0, 4.53605e+1, 0.00000e+0, 2.02161e+0, 0.00000e+0, 2.39559e+4, 0.00000e+0, 6.13027e+2, 0.00000e+0, 2.07123e+0, 0.00000e+0, 6.28073e+2, 0.00000e+0, 5.01246e+2, 0.00000e+0, 3.16518e+1, 0.00000e+0, 2.92631e+1, 0.00000e+0, 3.58335e+0, 0.00000e+0, 3.17811e+0, 0.00000e+0, 2.00000e+1, 0.00000e+0, 2.00000e+1, 0.00000e+0, 3, 6, 
08/25/2020 17:59:18.244, 08/25/2020 17:59:18.168, 3.81990e+0, 0.00000e+0, 4.71822e+1, 0.00000e+0, 2.02218e+0, 0.00000e+0, 2.40206e+4, 0.00000e+0, 6.08946e+2, 0.00000e+0, 2.07195e+0, 0.00000e+0, 6.23933e+2, 0.00000e+0, 5.01372e+2, 0.00000e+0, 3.15450e+1, 0.00000e+0, 2.93199e+1, 0.00000e+0, 3.58505e+0, 0.00000e+0, 3.17863e+0, 0.00000e+0, 2.00000e+1, 0.00000e+0, 2.00000e+1, 0.00000e+0, 3, 6, 
08/25/2020 17:59:19.224, 08/25/2020 17:59:19.164, 3.81961e+0, 0.00000e+0, 4.71399e+1, 0.00000e+0, 2.02561e+0, 0.00000e+0, 2.39788e+4, 0.00000e+0, 6.08197e+2, 0.00000e+0, 2.07538e+0, 0.00000e+0, 6.23139e+2, 0.00000e+0, 5.01258e+2, 0.00000e+0, 3.15360e+1, 0.00000e+0, 2.93263e+1, 0.00000e+0, 3.58049e+0, 0.00000e+0, 3.17921e+0, 0.00000e+0, 2.00000e+1, 0.00000e+0, 2.00000e+1, 0.00000e+0, 3, 6, 
08/25/2020 17:59:20.236, 08/25/2020 17:59:20.158, 3.82028e+0, 0.00000e+0, 4.72396e+1, 0.00000e+0, 2.02211e+0, 0.00000e+0, 2.36905e+4, 0.00000e+0, 6.06145e+2, 0.00000e+0, 2.07117e+0, 0.00000e+0, 6.20854e+2, 0.00000e+0, 5.01259e+2, 0.00000e+0, 3.15391e+1, 0.00000e+0, 2.93268e+1, 0.00000e+0, 3.58499e+0, 0.00000e+0, 3.17620e+0, 0.00000e+0, 2.00000e+1, 0.00000e+0, 2.00000e+1, 0.00000e+0, 3, 6, 
08/25/2020 17:59:21.225, 08/25/2020 17:59:21.152, 3.80692e+0, 0.00000e+0, 4.52684e+1, 0.00000e+0, 2.02315e+0, 0.00000e+0, 2.40715e+4, 0.00000e+0, 6.07125e+2, 0.00000e+0, 2.07305e+0, 0.00000e+0, 6.22100e+2, 0.00000e+0, 5.01140e+2, 0.00000e+0, 3.15742e+1, 0.00000e+0, 2.92691e+1, 0.00000e+0, 3.58424e+0, 0.00000e+0, 3.17577e+0, 0.00000e+0, 2.00000e+1, 0.00000e+0, 2.00000e+1, 0.00000e+0, 3, 6, 

-----BEGIN PGP MESSAGE-----
Version: GnuPG v1

jA0EAwMCZMreemkGAUFgye3VFbUHu7CXgS0feWN/rtitLdRxN+Z00I6waGTnhWzv
JQzLofw86Lfaw184XXiIAtWcNMxPEDEslIPRxZw6X0X73x8mbX31cr/RNJKrDdbz
vyQ/3A2EkaF6BTTZY/+McCSFNhTiNV0W4AUtdIYf/P0TmxnLuQVveJiDd8pdS0Kf
CqBQ4OVMbqa8q+gnVIReUawKYOZFq8VURIAf7Nbune2vqqQ0C8+obURRNRCxv9O0
f8gwv2pUfyOZO7HH8nzRsEYqVcKACdhjD4vYk8wzzYJgU44TczMYvBKFon9AgiTv
FouCkjq/+2MljVebWpimnD3XvzZ9Z9bzL5UdiyIlkt60KEofHITNPu0Rxh9kyA2B
sv5okbTJIl9V2CeaAjWL8PeGaGLSH+AfR9QiTYdXKx7rMUS+P6jBlj/KDpLjdWD9
lJapiWRSzA36Kc+Rxcjw39+nBOQd6OdROrzHOxTyF7vfEIRk4KovSmhXclqWpvE8
VVGBcoKtlxqSMGKju5Yf/3L7plauqN9hOz9qceBiIAVLiAMeUlb3js4OV0TiLGl4
j6qOhPRcWNqx8Xi5kcO1Z1g/xPhzcIOe92VJsV5sSB38dAXE8JzfkQntfa8ATBvU
JM3jkUry+LF0tl2h4oj6+XIOFaFU9C6Y3E+Qc82u1m+50c9v9kE5pPVnvH2Iec/1
HzJmz6fyIGErvHKlqVE61/N6sRBp9S+bprXJ3jmHGmegKUq5BuzO1kJ20WAw3Kd/
mEQXqbhH/ICsqfdzDZIQKEf9GIOBH+W4SD/j+HE56lo/tw5S+dBY7LjJlBO0kp0B
/tBhXXr7TYaSjnzgIB9USKFX7HG8wZzLwMZesux6HnYjiTH7MInH67ukYHpIu5ew
qTZOuVPqqUurtUEFRAOOmcnO9q1vUi33Ciw33qfNwMiqKH03ufkdLfB3vpNMk9Hc
hZllEaPmbbV/05CI2gPFrryod1u9ve3hfJqeGDMQ2+YPRCqSZqcHTFmuXUFDS8La
TNUXKcZ6dYG0oDQ2pP+sji2EKQd6s4rU/A5MpET8GWZ0h+xjtcj4MLRrM9ZyvWJj
++1eUZke4PDRaSXEH1SKZMSP2DT9/EJZy4s0SDhMjMHv1LfB6RnuI12NrcOJMeZ1
GZh1dXnSoEOkh58gqpzDEn+MGBgb8ADOdJ9H5GLlcQ3f9sOIgKtVfE235yvX/VP6
MYeCbrEWX5DQbk9F9+D1GeoKOX2aispS13nvfAiLq0CjO15lXoNRRms26o5aMaod
yoyP3G/nA2CH9npBTXbYBpvpKJsz3r//CX35TyD88vLtkn2UNuFrahR8XrCkLHr4
SgN2gMqEl3gSeKwnzYkAqjXg0v322yU8mwJXyEGO3WGTASlk8rTQJcod9eec24q2
5v25cRViRGOFLldPiKdsd47Xmcy+IZT/XDVeUsONbgMm3Tbdxqm3wGNv09lWLZWi
dl08pYToreALPtsp0xtRxZeoNW/RHZHwP3Cxa1kzWVwiWHOW1eivwu05P9Fgmmc4
HKhiyrfW8JltzhZQ5D75Sz5AKAf1NbKZjpxMO9z7Pey7dFKqjmnwzPpjmk5lr7yf
DHDapfeZeloGzLts/spz7rXn+SzjOCFwS8xgCw+pNAp31GbexE4+wR/PMB5L+OtU
JK0cO9EwJMFyOXaa5D8Gsx1BQdCzT0c9T6d+P2kdnn2dKqBR3BMqYIU8QPJv/Gwx
kqyt7DpLhQAamDT25FG52W+FfsWl56Y5ptzux03kpL1fTNpPiZMALPyRDi8B9fo5
e+dOKQdY7iCz+WeWR3BsAMgb2w9ocpIespRT3v7ZvFHkatEMAZveAwMsdqekk9Lv
V8/RMju6z4+74PwD0bD1pk8y2hW9Z3RXgasxXXanMSYUlA8Ple/KjbawcRYHEv//
qdozq34e5882GmDvoqkTxh+6JcpTXI84svr3ml3zBAkbGzsf0APvEP3kt27jIXMK
9K/VOehLO+v+RZ1BIzNI+QXW5ZlPqcziKYrTC0+p2Qt18lmit5SJrolN0wJ0f6T9
kTalE3Ls51Herd55T+ZH9ho/XnsJmYReNIaxhyeaOGnussTUHpPn3PNJek9xVbPF
neT8liJF+WAaLME4ixKMuqmbVjk43iAt1F2fbVJa9Qp7YuH/8Et9W2jE0lcopx8L
sLWyWwHCNpeJKET/U1NjZOxITseFhEoP5PTbQWyPmQW7PK2cVXPwY+YH6GklTmce
27L+a7vHwhE8CcVt6vh6Sux/UNfzMrrXJ1usDCeSYfZaWOkzWlOXIsvnkGPzka9s
peQJ/DtzD6u6183liEeKz0njn7aFgmhcIGaphVpG2qaR4WhzStzX0WSZbUQ+lT7v
Hm31eOsfNtMPRgcbi04U4j5GiiPPNbgKLm+1o3dBX0g4omaHGUoEKOzowdqOxnc/
XQxgAz9Np4DarozQhsOrrzBJLKPoRSZCHAqwcqppUgaZwzW0SKu1q9xFyBd1bTrb
RyYKIJFmk93L044DIexa3UV57+zjzUvjHpAUsBJ4poXAsY5XXLKqUmVL+A8423zU
PTxQF0jAvknb4IwfCbCOdVbOz7xZC9pYYdMRMHBL5FrgliJGVsHH5kn1SglTmMTa
iThtNkesq+N80tJIX5ANnxTq8ol+4eaXYcQWLkDX2nS4gWRZIppTYedgISqGDrBW
TeFCoi4QtS1/t4I59IFzdmY9jMx2JPgJrCZSJ9MeQ8w7x8nw2o4HEXzERIlQbRoG
yshV1XxDpKNC9QnEz/y+dbSeUpySQ3LYX1Kvmr/HK9vgILQJ6R61wM0yYuneYlQC
7mCVyOHg4PihxSYsH0F0ieVlIIo7vPnsqBosMeLsEH8lYQ5T5XDoONG1Haf+AdQo
Q+1PRzICnsvMO1HUoUVrLgQXVTfVqFi83GxDuwrRgK+q1nttlUkMYlqy0uG4yOw2
61aPBxKiZcH/8oZmjFumYKTN+KPYCB5+MiCUs2xSKLIB+zNFCo3yMd7tZA1bhqaL
6Oucn5bkigenwHlJQqbx7SRuUBSVfAVsz3ke0lEAsZ9x7uM7PpzBUGLeommDeWPj
pvNAr2jCBZPsIVe2dCH9YEJ8lNhr1GRTZY8QnT8MKqwewWavEERDz2xibHbMq1Vv
a0TTdFrpi0L0NzN1648VD0IoOID8cEEVcLf0afcpDNWVKK21a+8Fyjaksz03WLy7
Sc0LYdthyd4+IZ+RTbPB+ABZ2ztDaBftqRWx2W0fqb5qL9LYqY8tGPWqAVo0s7ec
msxLLg0GTWJ2SUOD60P3Z6Jc2dqkIlhPDJ5us1blqGyN2/cxGVMCjPC21jxmW6a7
kJy/HJBl3ibhh2IOTumClF0oUTK1L1FD3/y91CtAkM8owrGAYvESL9MzoIqEtqE0
XWGyAjdQjQpT9OOLOKoKyy4vZxQzMQOCsd4H1dZB1KZ8sX8UbxzrrfRAV7bKqnGY
rsFgimRSoivFS6AG1iKyWMmR/Nqk55mlha57tTxXZM6fISVV8dEybsQabRfM29fu
1Bnads5ZLVLXtvc0hS4/CTyvRytVuuY6q7/6i67q4gPyWweqZDpzi19OwzdPjfcs
WBc74wUGcpXpo26u7vTM6FYZJaP8CTV22n1C5P2ZyIyb5k0Cz91/bpLnBc5QAIKy
V2v2D2tGS5Aey5IqvjnlQewPfNYIDS0zTh3I6i3Ts183EvfawNyrSLxc/2Btuyj7
VQAmMvap80sAuEwvd24Vj3oXzIolDQX1hTA0S/86CUjYngWyw2SbSLJ/GP6ovIbh
fQ63BLuK59tYrPXjcRruzJ95n7m/8q3YTSWcFFhZEqYskE5XHC7aaHlspg1YxHeA
OdqXXEImPBzVpXyGMOj8Y+QUBIZ8KoFDgb13S2kEsqAzMVzltrcGfeAo1WTOWCYB
OjyT/FZtkElctPIWVE7fx6pf2xMvKhETEgOF+td1WGeqZ9zW9rfHF5z/YiKzVNWj
a1XYP6+YI6cLpAV/Hj428JgRUKgdP2OdhwizdweYmNH8rpX5P3ayBc+gWLAAi9zs
KsQBaWpIE86a0PKC3gl5cpN63GsSHKih4IINJKq/UZVVxCOWIezA0DGifKGkLe52
OiaWJmwQqREqbMUZH8ujLPtkquyyK6goCtpKkKTHvoOxlSvopPIDkp/CFiP22NDx
v9eMp25qOvVrmnJIDu+Y5qmkdmmrUr4Lsa84Q7mn1nPz620OJWYKujMHrR2N2601
8QaRfyOrIgTehCjKNWUkwD5/XE22THN7++CBaYdm8TDkm0zdXUQHdLlel5xmQMsx
xFLg5ncOHl6HkZzwdCIVfzMZMk3Jv2lzj9+GwkARX58F/TFOECoaKTQrxue+LyJd
g9J6Jl0J2NMynw7txo5GJeEErp3EmImhKRns4tqioionjhusFpaQdWp6q2PYRg8p
rdUFjPu9cIMR5lS3NnETFtLeZ5mCBJjUr2CYMig1KhhjloIhDQqF8a8k44/n/Kgs
N72jL/4iARCd/gtgTtkKj3BO0K7bQz7Djzye4+Rn9z8fFexTBXd+fXdP46EKD894
CGfcWVhTmtOC24eV1jBMs2NbnxvIwbvN3U33lqu3Zn+wvzLdyQpyZB6sUknaXEPf
NE3afOSxsqyk+ABcoQYkb9h0pIzkbMEgcrIFv37tpeF+eSJ0ALiesOsS8crLHoj4
cq3TOtvFpqsUgj2kaEzNUxs6oOFoSPXBbWc/sNhC+IYVyMsccVgy/EWDGVlojHSC
rO2cpirnPyFHtPp0lhjN1Qa6JIfDDRbSQhsji1blyitFYLb6BR1YIdRjsn+Zhal4
HK+7iWjb/AceH9Yx+MMGnoDnoQu3tJiYlOFre3mNi0S7jwywkAb4+p9sqebL174V
XIroH5iYGkQDjBZOLuXu8mNIZM0MnyNihOE2VYjCyglhqmkKfJ7fWA+WtCzc9dzU
KyB+h6YxMlCZIiCtWLyAiNk22P8C9nl9LMxnsQGxs74oRk0zaES4FZlmelDT07Nf
C88YUhRts3mt7L1lEoBgFI8XYhXFMD3rQLY1cuU2xPidh9ocoxX43DuK/Cy8BiDE
MxUExtr8m9eOxEcKI7QYdgXuFxAu7Y04Q0SDiRXrYzgNsxOvXxRKlSImTgU6um5m
qZTCcydZPfq7/ZhwCVo920nNUP9DtTdoktJW+l/HHpg7SiAt3jVp+7WgbSq93/MF
sYMOE3pq7dhqxGy7jwn+Bocbfx8rb59gLIwOSQuHIC/DhIgyL7jue8a0qRb98NUn
yFQpqytHB1NW3VR4w5ZcVIzyhB3VYBMbjoRjPNi753Dblc/37LS33aF00NNX7ieR
AwPKxysf2zBU8XNz1ZMW8Xhsxvz5wxaa3tV3/D87AJPQkm1j6/1n50nzvwmeHppp
dOTDmDLVOPUJsyTwBxRZf5xgQwFQ5ipeXvoVMeqNuJKImEdGo77h7BteOU2FXA0h
wXkvCwL76CXkxLpqMoDF7Flk5hliVi8MtURrWaK+IWGJhPkU6avlONQrWUdaKpqu
vheb6StYZ5JC4KQSL5uNui84tSNHkEoOI7hTGHh1vcSJf+pJh9H5LS2wh1xc5r/u
I4poP8NaCBQKuIWgDJ8YD6CkcKFOQmjcKGzjhsvScI4UH2XGhuiRvKckN7KB0GpK
bi/n26QgjwOkI0ARqx5ERN1TYbkAA8O0KlmHwGZEzi1noFU7l0FvcGjanzJstQqU
dXO3Hann2Pl0KFtB/dAAWUOIg9kuPh6s/I14tyST5NUj2aI/oEpWbXQhh9vIqRzJ
qoSKGsD1m4ZEBjrUkSMNXZFxUZG1qdoUQBk+TSUjp8aJOfIfNtKFPdo/3FaNRHsV
wkn+6gbGZe8mxrzyXf78cq9ry+uqZhgu/atFXAW8Z3tBAUI3gork9475Fqc/8//h
bjlsJXU2O/uwaKzD+S40mF+5dOx7o4h16I2tMBu9W1fkLljs/VuLVZvD/2xRl1Dj
BOZMB5JHkVBwfkLHtM85WW4ZLUDAPgE5KbZpNgtouzrRv0UQ4WmrQD7f826QY/oj
3myqEIceFIRLHzsv63fmQg33uK5QiyOz/RNy1Qu4isJ9ZNneoyp/3SRiSrVwKDqi
KRXLGsTa+NDEUC/PN7MtU6UOKli5nZ/d8vA2yFwlNt1kZfxXI2VPmyVEw8299O+L
jA25U/gPAGZ1/1BH1KZZq2aVyoGaADf2HJk4X6dkEr1iBFGVoSM4G4Op34Ip/Tqz
K4l2lfrf+UyQyFfiWmNOIh1BZaVQ+ZtPGeVc6BZZVMUOTjDTVObiU0ypW6CmQNqo
zeHPUu/A1bXJhbolX376s0CApW9GMMlGT5SkLmgszWqsBKzch5T+irRmGHlQ38C2
AhWxz4Xv+EKiHz9tSLb+X5QyWRKhzo+0nVW3Q6YP0UnGEJNpG7VKrvw/yepdy0bl
8Hz6LpIx716c+OVX2mz2KBBC37PYy5ESDBKZ1moX/aQwt87g3Eu9MO/uVFJvD+1Q
WHY3v7HI4UQy5Zz1V6kyo+aEJsKhwwgFq5Sk0MUOr6cSz8pkNyAdrz3uF1+rif7t
J8fMIqm7WlWkZLpsuFWanzG8SnvYc7e25KEbhEys6zfSI/FgVqabgKYM6y4dABI1
XD/gztQD8ggWGl9rxdYrfgVCtt7h1SKRANDVylj/mtYmJPWJ2nFcfIDwQXz5SM2L
GLR+DETh0ngBXst4IxxrJ8Wu8guVtIBK85G/t5guEARSCkAOSzjw1YW8OenEo+4J
MTGqL3NBoabWV8HQtc1R7lRfJjsh1vn1sEhcZzqV+BhcjBsyImXBB5CzU0eYGdZ6
fkQgXzq5g78nRUZS1qJjpoa+LSSzRFfVM4XwYKlNB0dyJWIA0XCSDc5ixqPkiHvY
epPk5GfuMZSdCpF5ypJauyEaeJME6UrmCCRBgHXOtdiHMOagJ2YCSUagAIAX5Zdp
IbTdcGOvUvIQuE97tfa9rgQ898oCDbP/fz4W19S/WoFGOXVdu1Wb0QRj5gwHNPaU
dBmKqd5r8+w4HwwomazDE5G8yrALm1YeP6cKkIHM2SGbx4hoUiCPywj1UQjcgJlI
tPDGwni04neTyLAm06LTG+1BEcG+UZK7ZrKnivscN6r1o7jU0r5r0vkyADJJKB2b
sLvrlDxGeZkZOUW7VKbQVSRGoxy/kxyx+XfVoJi5PGHvnbecHWJPKj2P2bUl8B3H
3WOPjLYID3qSZbLx25pqanPwECVqmU5gFfpnzgxbX521cQEnLKSLEISURSOikBPK
YL3rysKqCXQIY3Falwyj1AMw2yuU5IyffMqxcq4mesdwI1N99Rk+9wjIXKVmQq2A
0wEsj1n38ZX27tZgA1JA8/cxsMCKZ1va/pqWALGMoSwbWM3pOvjwUx8TSczH+ABA
oO24ufwHmtV65zsRijOcy2AAGnGSNKLXaoplt8MD41ZoDUvZb03GbWzbj35WgM9H
3/HwuWipl3fBpBJf1cYwMNaLGQk8KYGONGbSDyjkTSfcRtkjHu916AKEyaK2m9ed
Zk4IbVvSq8gP74mu+ymtLzBPp84Celw/m+beI2pX1amqqxOgTUpGAUZXbiJsc97O
5g9boeD07/6/jPTTBry6KSBC17C78kM0DkhFviIYckKR+VHav8WpDJOtQzZzryDA
YIv0098/1KBozE1E+5vDoeJnPhv3LoW2KHkhfBTM6jWmm5mciDCul4mT94BSYpRN
f1wCaq1udHG/CaBnv0qvVYaJw5tax7fkBqvvE1cG/OCW2gCiAxHaDOMoX6eQ1whU
MwGH8rBeKa4DMxglbeM+UAeogKtBik+zrS+RSDAQsgIQBya9Ontvu8vkWyqNbddc
5Em/YjqNVYxTtPVSl3JERfU7pOB+ZYEkGeqaLnEl2qiiiMoEqnOg/4DWrJkPBlph
04RPIcu9+xiqWX+xOMOqBP0+rJ8YXpvgxB6gqfwvnkxjQpKLOOBghb8EMWLQHFVE
VcaoBNDwPQqDlj+ePxsXhjix17IPZD1bXjF4NfrAYS1xP3Vs3/Pye7wvUjaobmwh
a5w1AokeFZzy/TkxygNRGhShF7FBEtaz6G3PD2fVIf3+noBof67TubKfFvrIr64I
vnerJKKN0a5+bpJchSyF62OWoxlF4PujRfwteii4mESr6I0IWlrY4VHBUsNJshzW
MKu76TE4ojVsyiMWa+d8nah1B+nofDgcMkzgM9fvqAKX4MkQtx5xuQvElKPU0/p7
tYMrzFJa4IPOMkAL6SowIo7irJu2sEQu3CXlqnu1OC7NKGeauM0hzgOmsqAkidDC
eW84cTnDRMqS8VIk3IChWBfhvU+08kWcUTxUyNnB/2PGTdgXgr+SlbvJ6OwtXqvR
xKL2INg8S5ttVRYgcZAmUqLqiM0nC/9FsPyMTNhjKoGeY5B3PkEzzwxxi7ECgUrG
5Cohb2jVIx9/CcYAHS1MtV3AwwEiGdi0ku6Q39OzJo67oDpxSkR0zKrcWVlHVuXN
Pq4aGbum6dSUuMdPrc/rBN1OGn74VUNmdcVhVya8xV60s6+yx838wx9xaSr4TR+h
2h94u1IIZLTGbou2h7FHAFHJDhOnbJ6tzEMUGIQnIoL0vhZTel90KVqhQ19i84cq
ic0quhPCYFzpP8pUbmRNq2qUGkpAdsjMymVTJxMQRkvsb5FH8BU0OtSlLXRuWt+M
VbMisvLWzA4yUcxqWoXgTaAhYcyWE9WjwX+Fdp2vG3Ur1DVU9yyMGDrPA26qROpT
Erj0suXJoTT7r3HwG0ix7fc3IMT8jAuMZrolk3TDbu2/rkO5eQSJUdtnv8heZpMc
uzY1nyfaRukjwHTRAm0l7DNRN0aeJJ7kzfr1uoSx1jyusVtyjelT4Us4005InUkZ
5VKh5ub/OSJJeNaeP6GwLO2zwx2vvkj6gEjuIbydspAEkOECJBRCEpeUfa/sisuV
lPFtYzHTi5zVczrbv6ABoHN5BI+enLgZyD7xgusXdHHcGJMewcyBPbn/XHH6HBx1
lCjyOPt9O0rD0c7tZzJVCQEki8WbgG4wrYl8nwXJGt2eydpTElinyBxqHs9tu63J
+p5Wri42iLbMQQzEazqe3IicO2lC++oMDdcMs6Juj0AP3Q8yQpvU9ZdM3z2mLZPm
8F5MNKXrWdu7aE+6U7AzE8tzjCMT3NqK3CELDpMkxEIqLM2LDvT9l8eq84lb4FbS
Mc41l5cysbrnvbZrx6eyqU4g0psTcmGkGCwpSwjmaxdRUSrMtx7Ljby82raVrdu+
wCJlnfwc19MLry8J0vdLBFTKVlYFVYFaglMHy0QUdLBAhj80GonqA4XRwNWjCR2d
AHvzGx+xJ4odMa9lGCGOjpNdKI6dFMc9MCPhdS/QwTJ1Z2pVWYfR4AxYnSmwRq/F
QN0XzkF5FiilrYU1RA+uJYz16QY/NRq+w1J+Fib9RYHc4x0yU9QFYhNqPVywHfKs
aRZJ3R0lW+V5QiInChzGo5Sul7i36mYe5nE91WGmGayZ37DEYKxPxkCKhHCixA8O
+AfQ8BrIAMUzEEaZRnXRlCYjaaa+5CbiMwhHGwTvoNb6gpcsYWyaO7ycCGMyvmn7
i3Q/movOPJ1iV4zWMwYUdyTaGG1QDlBmRBoSXGywRniZL6apFt8aQp39Jo2+vxDe
MuZIPqjvdku4GgG33W7tmF6xxHJkTHowrpeU/bEkakZ/T777OgE49Ilxwjwh0/ZV
RZRzhAeiZvT7qtaarhFLDXezUMYXjJx/bSvKTEfFHAlOsP8iUb4lCCVkPOQi3pBN
wQJGlFT6f0os1rdXlXCHO16W5rhuYMsbtdzRIJokxnznl7FIU1nCQzWz4gW4teBY
Emkh/EtlAhLL7ACBfA3T73423YkYXvqahbg0vtOSnoqGOiJjg7GAQv17WMn/XA1s
BAr15+2r+wvd7s6DFBdJud+H/HLKI4k0Bzt2H0cllb8ueoVLOVcZIWyJJpw8tPQT
H+tjnJy3dUAj2NOFLRXrY4l59e7w9SFLcCMZHWex3EyGXVi+HBDYG1jDlsOfSQ49
oL+yUrEvTBW/CeeqJig/orYn5CwfxKqouaqEtxYoMSghtz0a1cKf6ZbTLCWT4Il3
j/+PMrfEymaI7QJF2PesKcedqYnRkBBBLZ1sJJSbrI4rmKig30wKfI1U1YmiQD9H
6FFoUNrf1f4vv4V0vTnP5mX+B8vCe4/UADeJLPln+SDm0L+8btx2u2yDoGML0xUo
atpFuykGldQtNFdYrrD2uvIP4uF6z+Q4u1FgZx09il2DkIIMDhRqquyZ6WPPXG9p
B0FCLPyYONfTGLQiz15J73ikBnnRMkYDZRWTbzs4pInEQ+lpbiStekBpPDeoSwo2
fvie1HC5QpnwlG5kkHqrHJgMrRIxXESeNSvOt9A/rlsHj6j+6/JKt0lIg16XNweI
SEYzn4CqIUwF26gE8aycI+MoO38l+yvP4IWUiYTf6Z2vp3Hab0ssz6l0EFQc1fXh
jko9K+b/EDddipFh8/ob88wkSQJWLq01te4ZmwClMwBwKoPzNpvq3VSeDGMa8Fu0
1jWEfHsg/vtR1JHDC8eX4bzv1AP1qKR/3QaSlbY5N8bnNqqYyMcecvt2bQ7VxDa5
KZiGOsFmO/HvKysxU3XNeeF5UVrMoZ5yx0z9yQkc8WoV781djdKo7D4cbAYOvGRZ
6QKk6Gj64wwFPgPuvr8L2mZrLTuD//Vf7UOmqWrjMnhgEL7jdnYbbNoqj4BbkwzZ
myUpGKNwtBQWcPiH+V4H0kUVSE2dGrGxiAgUlXtwdc+gtdLHAMDMq/3zimn0ndCI
w4PDrbIJTdXl1rqEe4FXsdAz3rcRN7pYWwMpNfzb8Fegy6up7L1RcusuTyIOePzk
fzjLICFN2p9PL081tdkQ1QiH4RPgyLHdQotNarjhonxcIEidlWRXpvLJaOPVPou7
X768w3eNDvGyXjqJS8rxLU23ai0HT2slJ8nIwDT9ua/7Bbr7+2NHwXI7vLFxvU/o
w+2zGjAoaNc2GLjD09bp2ToYCVN/sgad/efVB5rk5toVIy7pEtZWUqLO38lNRd1g
NgyLwAOrgX77u1zvNq2nwGRF8YPdXSWkZm5mvlou4B3BPnLZQtolOvrdftcitDYv
5bOeP4AjuhILTIYobztfQ4gfw2SjinobrG1feiZzznCrVOpPL8/d6VHYIV0CqTb2
hraJbTgGcVgtnJtkk7vFR12tRqkNfs4Q9ipL4/NTrYkj7tE/mwfkwDB5sfYQy4+b
vOIqBFJiyokvfuuAq080ZEondrlnmdNAwMl7vbjX7dNmzJ1r3itOgfeWggKUpnLM
I9xJ8J55rAZWRboVM2l32lNr6njeqXulLyWK96HDdmYDgKfwrVtyeZWEE5Uve6aA
AZ3tYS+JSca9AF1oIZRPErVul4ei17Z8wIcSGzxLOE0yP2IwxgCCSIIOy12Hpi2v
NunYUZZV+j2RHw/0Qwp4MtGdKwRZvGpGKDM3YjRI/o6UMA+qZL+ahz6Y3C7YR3aT
o0/eq3YtL0g6H8spK8mwL7bepRLds1Kh9T1ti4nirTBjVqGzPSMQfs7jk3nwGSCs
gTwtsc7Hdi+5PpPLDrNjDvA8KN+31fCCosj2Y1EiPdSNxyobC97rWasJkkmYaysk
jq82nHK/rOFviHVK9dbfe/IvkBk1EN0/g9z5qtRtNFkqoENXZjef7aj+DTL8ANYx
QncL8W10ZTW6/8HhAEGn8eFuoWJrvBdBsD/UQtVH0TPCd21/vDsb6zOqOkeVG9Di
0YXd6oNmzcvxpsCcbKUWC/E3c/YEOvtZhkVvODQRN6ezH2n25dF3unO5b5CueEJE
FedohCRvfGG2M/hpf0nTgxlPrFq1ErAU4TJ7WH3DC2aIcVryuRuVvWtAamrHxaLV
dEc3h9Td6FhQc186hJ1wkFyA1hkOX3vQb8diA9oPQ0kl0HbkPtVeKMH8JtaVaQPr
iAmVAm/6yCJSU1RdRjxtb0MQNiMJuedjnoHAOrQcMiCH2jGMQAQmBuFzi7IBrHGh
7Z+LzY3Vao9RBcajjytkP2o9J9Cw/FppAnm/kN6bYpDj6PExxERZF2V+T9NlzRX1
wqZ3AgH+K47pMAolzQsGPfoPVIxkjcQuuXQnhP0wunu+Rt1vLv7D/8ME6JLVLx43
LVOemYlmLHafeS9K7thdFuVkp/htiYQ7v2WmuQnBN2Q3+8ES4l1eoffEWJexJO2U
5m8nRVXYYT5kzVfauzJJltyATeZ/X8qOtYpkiaoH7dRdO+qomswSyIrsxHUTEPYA
6usITQ6uOMbPy/LS/47vVvhgTHnMXlXF+h1D0tlHlyp/uDKNqlU92CpeMPmY89n3
6VRdTBtcdnlq3BDiCHaNaQ6bewg3/5qKe4cH3TLP/URBHOBfobI7u6E3K91SjXCm
vwKwhPR0DWmQu8J09NAE2wOO3oE/Fgnflz0cAl1BKfWjHEwSSmXQrwvaTuFDSPgj
748T8mHSPUTVW8qdsxAgwF6Xn8rT76m/13V8/8r09IjDlO8feMTjwImWfT6U1DEQ
3FFSRCP4hfyC+Wi0xW8C+P2XE06TP6+p3cIV81QtqmdlBEROIpfYjFqpGsVrz4kn
9rKtoRNN5uVzyJhhyIORRGHD8p6e2rS+JOMLV3bJUpQN2clvM/Mmof9Cr24r8NeX
fKMQ1bNyHjHv6tsEW2GUGJJ+fdxvj2SnOKEGZN/BtroIvgbKsVRxAn2R3dWjx8lQ
VfnuivYFal/M2Cs481Cpe1NpU1YCD8AdRTIspLofIhajtfuhG/HgMxfIC7m3AH1J
yllxlYWz94XAC0SuCwalA5zyJYmldWCAK335F1GORfI3RU5rklurlG6er19mj/wB
JJZZ+LMYe9faw2i7DZeWWBc05tFPbYN8P5XmprG81da7G6dEBDGUOVw9nfK5PqZo
5464UFbDD35TupTZlh1m+1BLb5mwelUKC4uLuugypD9VVWh1/CIrwov/d9Y3UNtw
GfIQTIHXC3f6QJl1A5zvDSMhaGe0J+VTyvnz6W7ALWBb+5DbJZ5O/xdOU5SsdDCY
tzgrmV9PDDJqtsM43zAKEkqUR/fYes18uPNDD+iUJGmUbgcQ7uClcqm75WAsX2XN
3PghD9vQfakMmVIe52gXeQFRYcoA4pPwRCdsA1wkqcfOFT1nonXpG3qEmqKq/mlt
UaZWbJMa9WSe/MAeBJvv49aTUYCsQqAdkk4Hkmw6FzWFb4HVXmPHXrLrOmc9jTX5
M0OeiIhpHFrQKyg1aAiONz2FGza4djcFHC/4Ok+/4FDoaLoN1FRMoac8p5WmFeAP
kqlU5AEyIvBuzHb5lmAbXKp4HMDeoDW8xHT0bf2jD/3VRU5NmtNmUFgIMAVgekzY
hwXf7T92rNAbz3CIvAAHWIcH780W5nnCWhWroNavKW5sGfXB4LU+8KuS3o3WYOWi
UYE/P+FJqFw3d4nqZq+ekaLA17Ezw/EpCv9uJQSktkrggCI995VIefN8j2zWGh3Z
y75w2edOPe5Wzltc4Ug9xGjmPInAP2i4lNcfvm+a5WMl/3G1tJK0vZ6EHxGlz7Gh
5eYsVIB7hUBzGyD0gqsiXJ84b3N8uf/AbeQFAJMcN16b241/tIA1yl043HqFhIVB
V0SOLaFGvSHfl02rXLUEu3SnhU5xhsG28OwlK68aLoi+7DKOffxdFY93tX7VuYPZ
XVZXmUBL8ipObA17nBftAj4KFDt9ZRnNiZL5+hbPS70n7eHGX6V7vN7uxmjMbeJG
tC+8R38LzjmGpjsnWo9gGS5tEnzNihSfNK/twKNJZZdQn9pu8OaznoIZ29PHvCDp
/8un9QtR6Xae8cbeOYjKK5k1cBHwc2dl9Doxspm7ag3bfrm/Gc97SajaSR/NEIoJ
AioUVZcycSJ8bwe5my6Gjt8IB+/U/S/aFfo45wi/+ogj2pRRUZzz55DgtMCkc21U
HrJfTdJR3p1PyhjG8sMrvQ8bCQD0wFlPPONBu+gGnI7CV0ca1s9aAFzDcWi2nbba
tvBdh5cPAMtRwvdaqk57+0oHIfe9hCISnxusA5nwA+bDIhSUMYQENCHTzHm+4pk0
0E4i9hNFxdQ7nEUSjuJgkwfb9Rfh7KGgi9OBnyTxqV3/UEitU9PVHmimJpn19IEd
UxBxrQfDek0bYNPr5qta2StZgGD0bZ0vaC92hzSL899EGWcrTJ3XPox4p9tRmSGt
qzQXEC+/6MC0oYWa1nYRzH6tTJUVmLKjjRi0DM2qXKYrXIz4il72qfSwIeP5spOA
stzpbgWsCTPc7SeW4Ea2hqufcgXYCx5ew49VomPtR5PizRzLfX1WEe84eOC98O0x
VRisN8kQ0XJ2yWza3Qasm3LODMrlZ7GlJBg7XrAhEYqxO0meJJL6pp2yfAiQmWVm
6y5PtFZGdgURh0godA9qUJk7r+CBB2JkbOXJu49qXVrSgrSuVT4JzhcwlYNvRoOv
u3qFcfpjuvue0ZEedN2e0f+sw1upAnaVVW08Am4oS7rkMGIanFk9WOY/JSLTGHWE
XrDQaUiSDewcDalEQMLWoD0QWo6sBpwjbSg2G0Nh3drbHOV1+iNUNnBN1gNImhdw
qXxtoXsHe4hJvk7/WQqjy5hH3UmKTFPJBWpExBnD0W1Jj/4kcqMBDhaIZcZxUPRE
Oqx0DhWwTLzewT1mBvNhySoFzO1HYd+zNAKuEA63Fph/qwlvPJDAfJbOFuPGuaNm
jDJBw4FZ+JKxcvGDTkVlNZ+3LJZNLLesZkMIlhTM9fGcViWLrXLtk8mgwhcypp7U
p5GAovIDKs0vNm9JyAe49s9ICTYxgsH4v5J61neZQYvWuNxStIYPlKwl5xF6xAdz
OSbcQQ5rHhAJwDCSTto+AUtHWbOg7TZluXwP11Fk7qF1DJzFG3XSDvgT18pkudNB
mlU4//TIaEOj4YcgkxWXNBWX9pWAx/7V0JXqqi+M0Y/oE7P0ckOaHMWmcu4jjk7g
0VZcoJv3E4uIBpdZDH2vaQGxhVYfuy9VplckbBLtwIRljXcmv32DppofIJA/mAep
8pm9GuJe3F+xmPbUEve3zbZi/Dhq1iY4cbnHvlz+WhjogCR3NZ1YDNTzdDqN/+DV
EVQwVJiVl9aVIDpleaBDte75n6YQd1pDZkD3kkOncYFhur+IXH0Cc08P70+MTYmF
jV5CGzXGKEKfNPnXfntLbfji8DCZUzSEflMMS/ywWjPxN78QGHkh2jtZ1EqQZqMj
vY/S5UFLxUtIvsL9JgJyzTaenS8/TaQRJyngaWoMiqE1cqylelCR4Y2shO733xJU
FnjkXr1lvXbTSEqcdMQfvtlp26isWTdNbhhnEjRpyBfH6rITXoRsUmVv4mIj0jKX
4X3V4pdXb3KNGFjBY93OdKq990a/qScrLcrG9lmsD8cF/RQHMPejmZ8o27Pxe78I
oynsU2l4TBecYlU3dxuqulgdvH6/P86cv0E1uRvB2wJdX0R3rZKuLJKlyVc73ql2
+I/klzHJSkLwVBrUGeP+Wq3qtB1gtVIjF6FXCIat4HZpEXvwhdsFxF5Kix4EwjcU
WAB5nAOGrtw/WIOCZ+/5DXxdz+162zpIc6RVzJ9M2J+8QfWhuggFpGSgsyv1KtPr
E2GDpPWiqIOUZJVxQP6WlqUCr0Py/RUJtU4mtgv/O08rKaA2NkW+/AlWv7c2TlyE
eEBEb335Go9iuPEjHPXQQzAzCFM4PthxnWC4sw04svMgf0u00vWGe4v4S5dyjzy7
MKVyl9UW2gRdq58yrxRaaIK7oOOKiyzOgVz8mlLtjsgw580fShPbvj/KMAulsvGe
Ews6qIpPtgtJfY6xAfkt0KE5ElO2nuCxtya8CJLhETg4cTQ80p3vCXhZkFBxao/S
W48LK4fcepd94ky+agRrpXKD0Ch+07eakbDDdwbpequ+n9Wf7yQ2iqrO9E1hnUvO
HS2f+jY5AOejY1+yTnQ+rEeLdA+OTiL2cxb2YVHR1HZ7kVJpjge1jAkqPl6R/quw
5uIBafdM1VbbvUNl4kKeAUx61UQbeuOM+D5Mc1CGtzsXuH+ov5d3hUNdq0lvXcrT
CtvXZ2jjNme1YI2b99gsEG0ziuKuu8HmAk9yYf68r5Ev//8iqmYoHTG6D9MsgRXW
d9qKfsY3ZXMC7cE//FtmKx67g7Y4ARWmzHziXmD32TRBSnl9grrctpYpFrowI40a
KkSia1CXKjUN50gcHra3qUYO1Tr1UsVHXNV30sueOLJiAn+xi2d0n5z4mHf3PGNf
Y9+24daruUM8dJ8SOvewR3WpnYee26QKR2gyQHbuocPq28JHPxpd2+ujul2L+bas
466n0XSK7BvG5NZL8DgU4DGz6hLM/PELkXSF0ZpgZfPVhJ8zxSmdDIrvDsGFwZ5a
5EysLeVvgAvN1GreAtnPlbogO8z5RRzGip/kPf70iMEspkc3Exvls3gY6grQiJPC
Ol5475v2ef6JN+TlOFgOyg5MDbmzSz5ysL+DYxjBlTbLDwY+hCWsZ6cnk8M4Lk2U
1ILzXVumg3GSDI+mcQBe48uWsxpPUNdEof0W9WLrqKrAm0k636vsUEtGy/UgsaPZ
Kl865uZ2g060i1th0MA+ls/aFdmb3MjTvveKttGQGORY4gRQAEyes9AxZRnE0/6E
coJLwqeSImS3VuIEctaTp4DBcEDi6cw+nzubbj0fyrlSqFjlLQ11uMuC1i7uNM84
Yiood5Sjn5P86yaG2ewHg9steA+1kebsPmih1hHhlBOGGhub4Wh1HawNiLJBT5j8
EQfgm+926TYf6rNsxsRdQEakeMsi7qUAO2V0VxwWwTxgEZgtpymqJNmF8lZmPllu
dIBnAoiqFkgZa6D4r2eFYbg+u0R5DVpgXl1FY+BHFo6wuCGojhAlUxbklxK8QvRE
GsabUctYAlAz8v2cqiyUUCCH+G0yW+1VlFFc1wwU1j3CBp5pOqmGN38r2zo1R+Uv
cRyuFOJb/Mn89TjLibQFB5WDnHZAkd85E0I5lrFv02NTJMo4YrGuL1vNv1xQc3st
B064r2OjfX2iUZrjiXPf1rB8M6HyUT2tUcXx3XeTFKxLH4w/Gqodp6BslwPvjdL4
Nxgg+1pyjbJu2C9KLukVv15mLIsXaE0qMHCLE+yCMf+SQbx97PEHiQYWQd2eHNaw
+ySkc6S2VVfN92zPsko2y1UPtVgPgnSvapFvG2Bq6bNd6EAC/ZvAOxPGFeuIeEMO
3jQJX7LbJshDOAaf9vl2iTrDV9/WDrdDNR2szxzvC10IgqJzsuVOib6H/wApVno2
JlzSlMrrJAXGrtL2a9Myhc0DpFDPM0cSbdYBP1qP11NV4G0T6vEw6vhAqgrGSPzX
ZnOyZegcRLZvaeOI6yq8KZ6JW+of7J8/ow78wCS9Yi7h2oKSqy9jEKMdgARQGSRH
QLrkPHP6/+5+l1Ommh2b/EKqZIqGoQJ4a8c5ZapV4nETJ3VPmngDICujjgVe6wZx
RM+hWadt2KAMoCD2qWLeLSv0MLgDCoUFkR4jIHCq7170zTcDjyvq8H6kgcG9CkbY
o7bcxp84jJvUyYMk2ID/lwifdXJ0b7LcBWFAClH2kEbysX6swBZ8Lgrlv49R3ocu
DrWEM+QzDU7bqAUL5f/mvL/QDM8+JPe5hVemS0QIusWoRyyFXtqm8UL4YdX55/Ce
HpqC9AFpBNNkxsTr6Iom+0kNWX9XjUEq0VctUDjUn8BL2cTWFREXfCrwdaMD5OY8
VkHUnKDBroGpEJDzioAtAqy3/qC9t46o60ucfTi/RqSQhWLeEyVbkft4GmXTZFTm
2MsFXFfgbEFhAA+QQ+7mn1fxO7+jr4HV18GwgRoGTEhD2I56Ju67+Ya5gzI8xWA9
Q4nCCG7/aN9BS7TRNfNtZeFr5TaWwVjSo5Ez4kar6iIVwHtyY0evJpD1ph6F7ZEU
krNpiu+MMtajqRyjTIWZwQG/N5Uf54b1zXH6dEIUUG/ZM5P2KeFgj0gyZa6SKRYS
t6N7uMMiTpGM56wVh0Rlq1m5Prf3jk8e/t6tKWNjBCAzuL/aa+7zk7aSKf+l+Qse
0JhQOMbSoamRMJuD4ZyFgh/LY3Lkg1RmZqhEHgKPgAB2f3KA6rwZkfowZ1DhtdgF
B8KsPL7T5NTjSh+9NlKWtVIOtFDH9lFmbPkMX3I4nAra7ouWw8E+qayPE7MQoQLs
jt51hTz5tzLy/szVKX6qsfoGpA2WYPcMfad7MFT/Q6LKG9yGlvJkheFnxHd2gqAj
WbfN8u7zBy2H+M11HZ0fTtmaZc41j8H644CaNaxKWhK2KRT46zE71BWLFhFoKrtA
iVSitWgqTv+209PC/vdWdfPZA7DduWltAzkaNBxm/72rg9lyUNAxHfixGkYiiN0+
lh7pY7rh8ugW6KFkG4JiqjjgOfq1V0WgUDeh3+7+1c87EsJpCCGicJ/XcKS2HNNL
VQfygH6vuoIuOlBY/ZBmQ3IBF9+rRerA21igSE8g1B3oPfz5GZnXRA0R72pTEcMO
1+Vd319GOyTMLW8kHb/I6F5RNw2UYDIaHcAyfsN3zpIXC5P11ZOHFstdZiFwoJUR
eHYDHgZColu3YD48erRHIauBe5t+mTPp/fJnLwobPNxv7LSLr4dZVhP4gl/G4Jtj
tvHLSlfyHud78SquRnYBsoUxjJHHJ10HLryYR1pqKj0WmdPViSsKP35n1/Y426R4
0ZqaFquAdtp2XKBVv9LlcyKam3ePXWH0p4UFUBpHS429AWqFEumGBb+Cbhj3aTKu
UipL8f7X0I6knDeE66ffBTmUpGcUKAcaW+wixFReE3Rs/5/yBU2xk1eufLi6DkkO
xTqzdpNoVVFBWYpKi4wluVAO5BrJAsKGn2hJ/Cbp1E2z/BM6ZA6TdzHjCjsttb6j
gf3DHSEyX6C9E0Td5V/Qn3uv2M1L37jpYakkg4IopA5TqrjpcaSJXyIOq1PVAq0x
H4ua68KK6+Cx5lHh4ReJScBibL2yQfbHui0+I9VxU6nXYEfR10LpMEfsDJ2Zpplo
0jUXfTh7Dxc7Xr23DaJAEFrs2+7ptc97Y98ekWDAkhDvKi0OYl5oxn0e21fNelW8
Q6hDQ+yoaXOc9ItFKz3o+oMwcQ6Oi7Qm0mfRoVt062TMxYGrUew2BfyfmibGCb7F
2e73zwUJqsUYy1/zsobbsmPKlz3+f+XGttgOOoU/PBFJ2Fl160vwBLtqPTigU4+A
2TzWjFt4mM0IvEcVDTWTmtAbSb1CuysGiut13xwqxtnL7TXrkqg1RP+VM8+xzXRB
CSJ0Pqd+bQCurA/Jfyubpalnm3g+Q6r2xLloPrS6hjKv9/b1m4Cx6nthXh/1bPZc
ZZ4+5GCaEmemjqkoq/Wo60b/OuxEg+oGcwYkgrpoejlF1QIjuvbtgJxdhRX1Y+J9
gvONtbTkFORl7lEvH31jaiSxRcnNoi+uMfVIvgW6GP/XW2G9WsNPLxsWkPIRJM64
Xdjqh5M0w/MglNY32p1aslBPhdSk951zWvlhaCPhPbb/uZbvmj8CsjsVHPMy2lYW
kMXIGP8XIELkFh/cyd2aFbJtJd+el7RLdsgUtl0CpYCoLQeiRHLo0BbbR4rlUeW1
z0HeURZS0zFggWi99d0jZZrcAKPLOQLN72GtOQSvG7xo3hVcsAT9CS/Dlfvgxz54
Yh25qxHdXPn5Arph7T2uWjfrt74JTCwxzBOx7nEIVWX1GcPNw4L24YyIqJIikAmt
oVU8ndWJsx+4vRmd8OxWHqssGOMlKgVrMtnzsB1Ns18BcjnZxbdtGO6eS9CesFZB
L4sugPPqNjqlu8hHRUOyJURIuP9LGwFQTxTb7lQUoVrgbBkWz8DT2rjkSzT9/CZq
j4nW+K5DCFVHcUZs9DRE0Pv9woG8a1EdBo8rcR5VVJuaKVHCdz6iO43NPX/5udSE
JGcsZjovVIjdB+buIqsuU4RzYiXFxlJ8R1oETU4WyVsX6XKTU1csL+b0qhulWSZa
hL9CQKcdYlr5+7qblzVukPh7bnCS94e7R4l94+SWlqt8jgi7PtJfZQImvHqeUCFa
hlPpRxlHEntvzCGUoUEQX6aaWiya8KxovpqxyAgQnY0LkKPpoh75rSasNTbQDT9V
m2iOqVvd4sC2+JOW94P8jhplQ77sNUE0+ETvnc7Hq3YYSiLx6FavNvWo7aP1ur6q
QEk6YwMGZMisenc/EigcmoXA6qhx/s/gLhw3IjY5n57WLUY9sUEFCRtZ6g9B2kP+
FYNBBjNx6yzsBlgTpSE+SI60Uy2NfRHiqMBBoKb0gHe659vDWpPCJ2Y+NzP05sJn
lKk2WXjDfPXzWBFlP/gOBWPoRA7G+2mbG6ousJlwzgg/gii9ZUFKsYInyokZc4hN
SwmMKozyB65r/y4TCtTDwRuFSlPVNXmFWBcMeA1NzA6cqwQfPnDpJDUzNxKSZ2Oa
tVbTJKesQKkJimybihSduuwDeh2BlVlyTOCr7N2kivV4mGaCBFooLsrg6JgMb1nw
wVm0EBmTssvRHqM/84iNNKlFWde642KC+eQ2uT46mAaK2pQg1FarHuoI13fDS5MK
x38YPvesIZsVbJlOk4J3fSk0mbKRcAbH4cT6R55kVnEE0FRZjkR62eFdEIDrdsYD
50wa5hM7Ry18E/EZHW1qTZLbFW+jkLVNbxLtTf8divT2N5EbEhxcHPmrMCMKGjPF
35qilpOCxBGJrHHRNzvnZHsdhY+ojlTmFc4T81cwYpw1cGJfGrwrIvJ7LeQ9/7Yh
9Ru525SWkJFZEdjHv4KVvjhFCU0+2smfcjMUfVkk6rB9j6749Zf2k6cWZIFxjuYx
MlY8BNUk/9MSIGiuvoBWIa1n0AHnuF39/uuUhQtBcJDGaBY6WYKEOK5MmEJU8XzY
V1hl+0q59f2VbpsN18C1ePmOht/oo7dqAktzWFKF36en2At4oW8WBf9pUlhegzlS
v2SUV4LcgEzbe1oVPsVJ9kCvFMp0pZk6ae4U/Himh0IAdFib5Qbd4H16YmktnWTA
h5P/w5Y2/MuCVhLiUz9sSX/8mD/kMDIGq6UZntfZPPrFNk+aBl4W6cJZMB+jkVDd
/gSwkdiD4b9WKp5m8XI4OjyhgPTK/5HeFL/X9ttG/TryZFk4L5wv8wiyj24LXkus
Jr5SHoUixQbFkCRvgxU0i7hKr+IXmeYCRGa17qJvOT4jJuJ7o/cq7RvEBnQCml3c
X/cjtoy1oL8/Q5Xdhz7KeRY+hvi+kFT0EQwzUXQ9BKTtJ7ef9cTWm7BKexa1oODY
bv1GRnw5Ynx2LAZIfMxIoGIAj9c7UaFz7Xx5M02fsPsT0LUxNGS0EW/A4mww/vCX
8KlKYq+9qnEO6Rs33lEoU/03kMIIQN6LpptoLBa5JLGxMrPlEysbJYfsFYlmAjet
fQOv5pYv8zXBlVpdAY0PQ6G96wLd1jfJsMT6ZGu3srFBsqWW0VmwXQjBJ+3bLjrJ
W0LoDS0EB0wVGIszV7gveuwObdf7BqLejf4L9AICKG5EpS9Zb39oxW4jpbf04liR
Bqa69dJF0K5EQDIc7Q8cUm19wFEGhTPs6MIRD88e/+zPAlIBojCo/CQKC1EljpA+
OBMTwGx3CJMWoVawDQ+I2IjA3wEjR+8/kzy+yHg2uJC4tphs5miu1XQlxFj0bqkS
5B4Fvn3zno0EZUXTrRdt0YnlKj53dz8WbxiYIdv94Y/dOgorTRG2UemmHJvaW504
WA57PTeYWC5s+/88ipOvqXlaT2OrzZSqo6TYwp41yy6YNp2OLgbMcqdCJLImq2wA
kYNIwYVWJ/+E+72d95OkXd6yuRlYcNZ/V42B///sQevMH4xj2BecRY51QGbZdp0V
x2Mjpf0RAU0h46ruGqd0NL/BB5fVsAMaNppUOHo6cfEzq4mXKuH7oBN/lyw96ttt
LUgtYz9gCd8zGtslCh4SX9MiYr6p683l4Du6EU5LZuojn+0efsVgin6vQsw6raT/
CXaBY0xPxlJnIB3YmGzY3xo+lodKTl9GKeNQQLHKmE/naLxmY7gyWAOz0xxLhkOW
0ikBsnjxBZFMz8w4C9+XG6tu7wBO9Ru1vgIkUltDhfc/AQ0Rc3B5Xb1aD6e57aTK
vwusQoBrMAbyjJwuiw5O75W3cgOz8vg/TJ381R2xsQugQpat18uBzyVl1uO73y9k
Z7ihXXH5SDHfCarTCMgxIUSG6w8ULgjlLrqyx0AD7fUX0AR6KYND5MIVX8D1jWjH
CusxBq17P3ZOjsnSBqludIj0uf/QZMZ3SSIcW/pqV2QepXYkKq2S6EC0va8bn/IN
XXQ8UeH6bwWIOsh0sV4YFatK7n6cbgG9yOKA38ss7cxPfg8sW0nFOc3f5YgcTJe1
H5coebMXc7W3rfKng9AzMn9Kj+B/9ruogN+JkXnJr6mokpE8gFVAtnQ7hcM7wCHj
07HrJenncGwPEp8pf/wbpKC0eSUbCCQsSyTE1L4UBijnhTD46Y6THZQZlRAs5zqt
XeAABfR2LNeqOy4i6Xx7ps0qtTEUIM7D2eAHEQHUl0fmofo8bA3cO6WmeI/9ue7A
0DQs2KN509n9TBDyRQYdHDagfbbPRhkFPmRbD4jtcXeRAjo/oI5soRIzjfndINiN
Yjt27ySA+J8R5qdYft28ocSNI8ij2H+3LAO6UyVAe9FJ88ZXFFvJ+DOQjDxXDHYj
K1slBtLkYT6Sqne2cZmnKqUbWPQWP/Spuy2AgcBQ9VVpjnlSKN0WF4nVWIsYsa+i
AAyU6PPmzMTQ38a7hI4G0JiJSmS2IhMzjKwtVbJcoi+KQvdbVH+fXoklYUMDJya0
yyPdPe0lP7b3mYI9wTR6vRlpQwv+1kBre6m56XWpOMv+yPWKaSEOJl2oBqZr8NZH
XtA1kBceNKCZ+zVGUHOgYeKjuYLC78wVM/lGqL6zBD/mfZky70T3KQkiIu0dHl3S
/B4116MuTdhQvQwVWq2dlxk1n2amyqN29rMJ3r1Uz/P1r2jkNSFmlQ8X0TGU22r0
zlndozXZdMU/XxfVzxwAe41d/I/68ppicnD+3GAslAZRc+gI5RCzp0WWA3r2FOEB
x/e3iYX7UsCFgwYXpaJKKbwM3QIO6OxQR8C5gqqCBuFqHuv6keKtCPxKHWUdKFT6
i3pIM/f+mUtxmlOh8f8cKfUoaq1TUJ8Vh17RRxm7WR4Stq8ibgLE8nnuzQqr1bkx
Nt/Z23p/XTeioXkg7KMecbbxbKJ2Y6FnCkIG2/tx6ibiKayMgyspcIy7Cug7X7nH
nAkTlLOnXbGC1yH4VlhxAJS47gs8hGBhJtx0C2a/uY+526B811+cnaVeZPbGgGgT
RIVNxE9lHvtthj3BNRIaI62RQPMLQ4eyCScNFuHNalJZ8DksAkCI2fBXt4mGJ3ga
DQEA5UlYonLMKMUYKZG/eseQqRHx8tlIU9dGHRTCRLhXERMo8frgFjKdTKndJll5
ywlRq+EbVzTClstIRC9Q31WJ01lzHKMQRPg94WDlxQgNQY2U0FFH9V1WTXODK0So
UwMg/oMjlYiSkjK0BBK089+fITgbobMZgWB3wmJAhicLh6YFD11FXRALSI17yO6l
ZX+5gDSNIwtlLVyqGdNDaD4Du+IHnxPM9n6/O3ANYwyPdLQBTqmZQWRynyi5FSEZ
pSVyKMIT5CBcMygjwUbCcNeH6vQyp2Rsg09sQdCwbLxbs++N5Ites4pPOoiDcvgj
WGG8mfe9gfE1+8bDhyzu0bJl/vMyEeU/UBm1fLt6emxdZwVK+vKYTcTktGGyjg0m
wZSBzfL3tK856C+mKsAJYadJJV4Ni2PQUe69tnKZPSTtOFYYlB1BYHzrP5AdHAq6
pSeirK8KwGHJDRDncnjjmGnt2bCg+OeFezSSCt9Urt/S/X4Bv84DnruTp6dL0B6t
TwjESr0QdvkKjS8qGdTUo5KqysUq0CuJ0n4vn0nwyzZ9ygRnnuAyeIn1GBrQo4iE
Xs6xDxyOGF4HjTgVYXj92/OfWAlDwPtud5y+tFaWGEx7FGuvDyHCvW+DdtBrYaYa
rcJnDgtsVieyx50gdwwubHMkyiyTOrUu+w6jAUbI01SaZiQ5k/YxRWc2V2yVozN7
Npw8gBRd2UiE1ZyKif0c/YuVCQ1eJi2ar+Y8/OlcYkeddlzh+rG9f2prWS1rJ2PI
wG67HXNMoIZicLKodfIcfCGOL3qYVg02LrTEJKT+AJ8aoJ67tioDwBHl5Xk0NjPG
Agn8BQPjREXlQcQEitrOD1afcdJKhZjdrBk4Im+jvGw3hnOS50fg2oV/B31oYsmK
rDKs7BtE4DpWQkRMzAx0lneXBhjm2ZSw3JnrcWb+rfD7y/wj5FqiHxI/KpsEWmk7
aCyFFb/9FoQQ25Q3OgyfEuitlg4oGFPngDKOlAbPzM1gt7qgk0eIjl1UZaBHG4zX
vae71T88sHvXraCtXR/I5IzANEzmvvxkVzypUMwfdOsQ/AKre9KRACwlMcPzE/Ea
Y30DZnEkHIP0busSjePVWS+3T8A/ct5E4LhD94bW9srKU95Mb+F5FeOo44NxBLrf
ppSu9ARrhmPk4h2RbBA++60/xxE6ljriegPTGpeSx1VDrFf0q0UdduwMXXAytrbP
uzrzxOoV4SfNYnvNOQasVzfgGafqNEwZEkTXkHh8/gNan8OXGv4pdAM8hPt261tf
VJMPDbY2yd6Myf7elQ6ECZIyiG5JtXRXt2D3Fg0TqQWsODW1lLfqPtDNSOpbLbW1
X18G0nrDbWMSS/GoIDfRQKIiRUhsBtj2u4x8b5c13VEQy5FWMj5v4pPsin98eyUo
K66DJFOv2piqcNBfm45pgLclFi2AEdtQ92Bu9B+c+z1Xx0mJkqfP6NiTZw1XL+07
s1qtuAy1eZWtEvrnO3taasJYH1QdthNaeelkF06oO/lCg1dtDNJhjpQa6D/3i7kQ
HvfxsKBQlBV9+/AzLLRMAtkqEolpurtjZ+FRUwSz64+khHZ2Y/yeoNHvxatNWo/7
CQoVd8QoS9FIX4fIRL3QloWh2Wmbq8EyMdZw0tLtjf73WthQfuP1Wz5hFOxwIZYL
PEsTI9ke0XqNy12vEy8vX6kmHUlZHbYrqWYenoHLPIww2XzHrSNze24yIDC76IaW
Bl00ykTC5UsIxHlkoUpPtLcLXpmf8yQdeG7+og6krjrLe2AoiGf8xCAadTbsreQe
TQOuXJo+czE6MKplmKJxSgRPzyE2Q8DSUvHYd8i5QTi2+iPwNHW5Az7FUbqTZB53
+d6yQbQOCN+Lvh0Fbv80vD05yu3wTuh+mY5sHcQP/qhvJllAnBLBcXvv+KpxMNq2
pClNWgUuakLm1jAhvJL4y52uZ+D4wnst1Q0taYqe8VDeIqDe9E736eN0LWWJJSww
6XGA+SX5dlGW5HjVsmlt3jD7hvc6QFC9LE19c1irOM/8zPQoLl0Dyx0S//C2OEFg
q/uhGQe++MJf0kJ6yIv4sLEZiqZwFpkTY7Z/3xoxApDHuewW/21pNu2koBjSXyF+
6PokxBXGty3eyPF3cYxusDi1oMu3Mw+hGF1tNaGWNEN6yYM9UZg1GzwBkkliqvAL
3+xoMOtBr28iVVpBbfS0pN8bVEWeV0HpNElqpFV0Z6kZ8i3yL144OPg3x1BD+v+8
tb7KbAmxT/EBFVXe5s1pOYFzQPDpp2iMFj4/NX+7b9EQ369oOFUAP0jbnfWPyi30
F1pKZbJScgyL1RJ5MNsXdTEbJrv12JAoqZGCA7FtTBf0b17BLdXggiFyHpOQrXxD
Pj1A5zJGfNDKuw2iWk+LlMhlQvlG/16uXbiqpWZEj3RqmT1xnZ8iw8QmEh+yHJkN
VXccYACX8ASY8NgXE7LhIOnSk4nlUgwaSyoOgizoRqGg62DPl5yeESkocPNqi329
NE41OhrbFzDJ+JPpxlcF+21/oqrjPL6+HPs4ho+gSkD3hiVHAkoWZEApCjdLCAIV
PcadzVxZ/mnF/myz5Zo9i2NR1VK3dDctkeUC6Mq2WP3SdIk7+EHz2WfoAqdIsgic
t/S0gD3Bjnn4vy6/O4IhjZuNstQMqjcyBw3iaLWf+yPBY7FGglKKegYpFE/bIBx1
32I2B/7HGtwHX4vAlDUNt2z7gM2J9UUkufOqmMIt7PHtZNlN7d6Fa+TK2XIbif9U
RTwKzB2bxVZxb5Keu6nji8hHSL0LacNdHC20i2+26sfY/OvsqggSJ6R4Pm4PwvDP
oa0a0+IHbY+et2eRf8dXdVbw1OVjUthxDJUpIMH7uiwuouZp2+Rh4e1tHxAzuGv7
fQ9Um6gM790DNETifG+6u9acV1F6JgkTQlgz2GB5rc6vlEkl7cqQ4kS2dmEay48j
atY0tAEC9T09v56RyopZSHxCtZpe7E7vhy2O/kDrqDa6qcd1MuPEj8vhlU/cuLOc
h7VliGdEroCkOw6hMLrvtKlw+EJ5AXAUQrU4N/V+G2Mms86KS6OrHSq1jLgpRuAZ
P3psOh07Z2xQdi4aRWMOvq9jSpeCWZIk5ctg6ULxIjrjRoE27Z6ZQ8THA5W1DtsJ
4NHDbL41IDWIHdexA9c2niQpmoqCm6OIqviF43w9QUH7W80zSuhA0K6I7UqCl0wk
5+IZD6rnWC2rHVN9ztBGLLkErnvowgx8QXWl2dTRm3bwNakN6qvYPjrJGRF7zSxc
0jkTxohy0dsJ5LYSOq8q/YW3Da0d37CFuhILMPzTqwsFowikCzqbaW38YEnc5V8w
QHDKC0ZoHMZnh4e4RQf/Nll9tW/3AG53XBSXxDUL6FO6rnB8cGrl7EwrZvgAZhx0
Fxk8U1RzVtJeVJl9r5cBliBJSmLJQcnmKhPlVVX5vQjyOLD5+xp8DdPOgprcMe3d
6TGxncFTuIjN+Y/ix8ov26H7Okb4u3JLBw7gA9P9//HCwLUFAGDu4AcMBFxMMira
6x5NifMWpGuWgF3W7eXLmyDB4WT6+j7WqoVJCf7BYg6TLreNTyzWZEoV2rw/j1gE
vl0VTaUgQDNaLGf7nvF7bG17vbnMiR/7IIo/Y9AFLBpcHGBuXDAO0mXZQ73+N2hl
81B6g54MmQ363YUnM+rtN2yNDuyQ+tfJMEdQR9OjFpTxMl6IwoOgNZpY+T60B+fs
FkBspN7dpETwgDTSO1Q9lEUOOGoLy8b7UUsNJIAYOylltDSyXg6UXTfLHtzb2k0j
Vd1/IFAOaD9Bfl1qRomn4FLQ4lxR7mEt63UCD8M5EqW5xLYkBSvompnWbhXvuN0M
biVnZDXGxAP/CyEK5/T0j5hhVXPtsxz414irEdca+U17FkzTCvd2AiCwsJSAo+Fo
9r/nJuxAf8hSwEo8I/9uUBUfk/d48/WeeLkzeA6n3K9TYcJZY7wVWH3byE80kEyj
cjrWvpFrkstLXiA7ilG4NnxTMajyLP408DJD1tSwbR7jxxGqzHNiCY8iNRA56Jo6
tgZyS0Kypczeo3GzysN/vrcaV3St3UG0R/l3TV1YzAN+9Zd3Iv88klWMg65klBjF
MFyyZPXt5fyF0ekxKM/6g1ZRpnud2LP2SOrdG0EOpOAgDGdS6QBe2UK2DMIpLvhb
5AcccvlTzH7BEpyDXI+klnfojiaj3qWtUcmb7VZrZN/N5JHdOMK+VbRdMQtve8ym
VhMlb1aM/dJBgrRa4Z0IKzvjGFZWBqb8VkL3Uaqvipf2ZIY6YVWz2adYcsLTjj3u
nIp1whP7jM/0RIQtLS3GPqbjR9mWu7pDeDsXUGaPgxyh+pAKMdQZZqk8BSW3UyfH
nYCVrorCZxIIPivo3ChYi7Knt2tkcb7AUAFNkmNbiJNZiJvwuubIWt/9jA/LVBX6
Bs1+ZtjXtkEd46a/y7oeqv8Bmx/elAnhSSCWGtMnV5FcP+8p5jtgjzKARWXjQJ7U
RJW2LSG0vfCm/J/7ubsgRtXieAqCeF4oxt+Mxsg4xoEVeoZVG2hqcXdiCg3HXoTB
1dvRpe8DcF/c+nrJbmid+wMTTQ51ZZP3UI3Odh+LU0Un+7Lj5vwWBnrVWh7Q2biH
WjRl1a9cjpyUmNMbqI/EEPbce8MGkJNxs8t2J10kRhSZYQ2dBG2sJGfR0yVuujXo
ovvRoMZG/Gdqrvc2/+sEJ/SrU2zKSKfZi7g8q7JpEPpcOerTk3cCd8NBv6lmNFH0
Iu/CIzfn2lgVzqBQmPHN/atoEUKms5QASe7pEvGc8jp6wq1y+QnOC/wEl1rQaz1e
pU0HY5g+JklvbwQxrGZTMu6SiI/7udlHfMX9CLV9gUkGxod84Rw23mvs+BZ5vtmS
mSiq80SspuurdwNW4ubI9+EA0beMgXWwkHmnWkVT754q3hfUwpAGS5grgBcA2SFK
gi3LCYPLz0Nr3OG3YlRB/5a8Z8Y2BLxASmRhwE9hdhSCVlNOxPGjsl5aUZTgqYu4
g8jSqVyeihLAISNhBbQPhaiTACDbaddsEAeQNWl2Qk5tu8F51MmjCBJj+5QcuT4R
BKRPQYhF/c5ZbcKAC1TC+S9u/XSgtMY7AFg7OCksNQATcbjUFEi0XuHCGlw3FzLS
arzyK68p7gZWCzE5wUuYZh8DbCGr9VsHkQCrU9BJJ81MZvfQh1QUpsPqytt/0qM1
KoBSqAEgTquP93zfAsGms3eQ/UkM+g1SNhw7oWO0y83DDG9ztT0E41ZIq56y9qo1
1IAdRATrrRR6oc5WakjwnfdeZgvEq1Yzi7uSF5rXjCJgjB0v2RZ53+P2eyGzOYJS
gJynndcEdcnYQZiBxwmcDqd1xmASEoTzujbx9rHp7wdGBsvSAOfiVXrT3uoHRO4w
IfWusFvo6bVJVoGXYK4VVHFzWcNiCAMYVsx9jNXxBSYJ0p9VZba5nUWJTISwJm6A
wihybUFGul91Ab75LrANzPV1oECPyGBZKkoP5tTZuXYu+F2UKQUYcAtPXQtYxrFQ
gkWMvNrU8COdfPo90mthSE/DOCv48NKTIJiWTtFIIo6AsejaeLZ36Q/uMeQMDqDO
lwKqHV3qK1o+A51yqFbor8WCbbuhk1uMOQqO/zNx0JAYWkQaQN/L3mAuzYheQ4/b
PaXG9gbByiruHa0Jxti/yY1EnWD5rv97cqq20jhgJpoPnDKaX4cV9rWGBDDVVsU9
eR6bF1SnMf0Wp/RC9lRBAQuvEy7luP8oM44G3sKA2Iesgk3v/w0dADsZW142DpXB
MboWzAUCm5dVVDGj3lCPHBjLbiI1QbUpkps3TL/wxd+M5IBPVixLkcY8ILmPKPPk
O9+oUyi0ekjCjKpVNhVlxQxk67XE72WbpitUHQYnaH8iqzd1X5vJW8jjTbOCukcM
2VWYYhDga2l4Rjwto+rEpAlSJ0ayLScbeuQZ6GhGTZnH73++9wyEHdnvNtpUAA2K
J9KWg6zQptNG1MqPmjbRrMA6mCvJjdDdfqE00kI9/YnYIFSSVnhsYYUYzDk4SEZr
QBjjWm+IlP3SseeI48cUQGTb9EUgp3mLOTPRsxkhWYfx5IcLmSfsXmItj2XLzUQ9
I1H9Yx/KZdVu6ffEk3SQSpwTvDO4EueldqFhiUglbbU3VPlmpLe956i8Yd/FKPfL
DHuPMV24A6DPJN/CmrkXQBWzIL2dVnxb5Bq6MTAV6to61yEI2EJgiTB/3jazU4sP
MIoGF1EYwCKJnkUC86BVuJnzUoNpS+rhwo76tvCHkknOCVTYjekQtSqyTpUx8yJG
1E50AdNHZnvAhUBB9P6eOGLJ17h2iSvwzrq3Va80FEfX1bBKMZA7HAid1b3VQG2K
in5x2ae/3+IsnpqHeYFST7DEvWDlgKbBYlZp091+JaPeat3/rsVH4J0dvqt17FNj
FOTsfrtRTBnuRFWuEnrsEBUp6e9hBhAOdBw25BOKqTddCk+Sq5HwjDyffKTEhNgk
CaMwktnyckC843Z5uD7cM16L0wZhUcDsVkkoYfhUXJwAYHKRezmzsF36Cx0PM50u
vegPfaasFxCAAu/WqceDlVsru5CrqR6d+DV1unVQ14MFICEq7EbUVahOyQ6YAQNt
F/o46FIxchSoR9LAOrvoaFPiSV77FpvEW6+XdRZuE0eQ7R7f7KHAz/+R3t07bolR
Y7XYOK/2s0o8P6ndGnV1OPIrkHrA58ecuOi1uMQylBXiy4K984ryJmMxUfUSPp8C
ikjWyhok3q58Z0rGWU24w848Amlx3e94TdQmNgIbRS7tOnrUW+D2nNn3T4z+QbcB
k2MKJoXj9ZO+TAxR3VgB1WWISCAN6gz2U7jEdWzoa9/ZIhP7R1RX1dEGeqgvAFUV
38L51LCl+LcQoh57FN1S4E67YarY9cVf6IYGh72RwDNzjANyYOZ/MsvNcevvFyJt
UnjY7xG0raxx076AM7Cw785PF+ArKjcWerAV+MaEo1ukqVDB9VkxhCeZ2leIZiDw
6lTbTwdCKY9PAuda/Oard0oqE9FP+VkagYP8o4yCxKDg81VhzJH5i6VQ1KGnr5l9
ps3ujGOImbVpuME7ABmVi/NlldL56cHYOiB+fPanTYSALS5U7NWGmDT/bQ++Khl6
vtLLLWX98nKvxwUje35WcjiNOJVq17MV6GQy6NKjgLirLH7zuutZhWSIrsOKV8zM
4pWC448nPjxMljTTlZCbRpyDgQvvLbquIRi271NKEY93M71yab++VzFsCwYCZHq8
qdggkfHuyxfA0exzcTXQ4wqxv4GFtxozhH5zFfnDT6EQijF6Zh1tLV7H4Uw3U0gX
Oez4Geubgy9Ac6NSBXnsMni2u7duMun5BxbQHZ5w9HaISD5OeBnBoM8YkiInnlYC
r3dB2Mzb/XAECdDY3/bndLKotnn1XEM4ZNPZhF56U4247BbZh22xloMqHD6rSM8r
1o2ohc0w4gRKxx+hbrQwMd5pDB2sowINVBCw1kQxc+L72cmlFv64TrFHSeveigo5
BsvVEnsHt7TB+gXD+owT6QoogPT9/0H5+W/qv5qRP9c8C3KZwM7x4NbExPtwDqlr
NY6r8QF2g75AqxUVShdI8Z3vv+eWcxWh07/GkHQD1f5TtltruJ1kQwgwoQv1hinj
y43ygwX5K+jAE+YHsEpNZO/rx+qSOMl2ElHdlZLOEeEThXSoLopbeEAyHlcM+12p
J/oJkxjzyhsFpzsZ4foGEz+2Zq+gTzoNoFfqDjPc5wCk/Q9z+WmswBYHTWQ32EZA
R8UQe/5AI4fhaeWgIXt9S9pkoMDN2MdF8UzmTeVHHiVGv9hSD84mVXZcL3ijoZ13
vt13y9hLW72snliRANnAfycDJfbVxpt5V9pQmO6HYZ5qggaFAJ5k4tK23P0L5jyf
/uVuRHIMSXxM39aenTi72qD0Nqxy7JYBAlNTOH8L0vN0yzbj3Y07umvcDcb9W6Dm
Cy9yTHAyYU+UPkFS8XZTifHCTWRxmJxo4M23eD4YepITC0iSYCNU62/+p+Um4guF
pxSkRPbnuTnnopElsLvG7UV4VarAy/y1gAScOmScoIfwrL8sJghA6eIbgr1rmq0x
lagGuPvwBn5a2v5ZEcVCMPt56AiYYarfiTox3dWVdABuPrD3Q5KwCglmvRI7KVaJ
cPd9YrUPS7B1MAoL4OO1YGtSvL3YGHhWVIyu5hV/hKmVtm2rqgT6cYdg1Ho81nLL
8UvuLInSfKwoAP+Z4375+pj0Ka7SDucQ3xn7HV4tIk4XknbZxV4i4usVcVrm7w/H
6JCgi5E7pJW16+LLXtALe0dDmZ2zxYI9U9SG5ezqDAt+L4DQu7Una6wtfA4KcvYP
K5iLsBskOZJS73peqGMnlt9F0Gah6l8ZJ+NQlBYf3ouBF8Pgbgn9hGxaxHu/+7JA
CHzeBXTDm+nPG1P1jxMk6F/sxhwarV2YTF5dfIL4oFeQ+LUNr5DhYnfeoEyuE86i
hYZI64tKqC4UwaXnY6xwCNSLOpJHsNH5z/EpEtmILbBpcHiDheDi6dXoOFPmRv0K
w1ip3lRrjvURigAoGinCNLylINe5uMYjUz7F3NQKZoVkIRfZIBoW+1QxRo7cjPns
GWL7tLfZuBZd3GAGCIKnYCObGqyAGwyVmhy3M4wNZRzfsHGHREzBEkFf8m697EB/
gBQ6zDP9h/pYPZT17xMHjI5AAeeXdrcFLspgeCZcGSR3xYV6OleQIVZY7h1sKCdT
1Ose4eK9GAUwxzvnuTHP0ILX2C7lpfmL+1yju1cv/tE83si8VxLFI/XpDcAR1Nu5
K5TreR65LPX2r62jVemTHNXgndHbovcu49PFIo+FLfap6bpmXGLi86K5XJLZci7Q
vk6Bn+YsyV2abjisFj9M5zhACWHDj3NR08cHAv4ZL1dMngt2WfiOH7mXZXtQV7/u
qdfedaf0f0J/FOsgW+TPCyWSxjL0Cf5McD7WIGNkOZ8fp4aHo6jdsXUry1tY9ROb
90jREDERh/3u7AfRERkFaEgOkY8/f1h6ECEC2FkUe+womF4OsFK7hikkFl6e6271
ZAMjiyIG1Sin9ir3bSQy7YqfBMcWZDxeMAb1Wog75m4Lz5MIpsR7Qlz8vnYM4UPA
XOdc5uxvw8YTpB5OO+HkP8e91PDxMVugdVP2UffaQq6mYShd/JUF2RFi9FXfzT4e
NQKYm/4KGLeyl6g42oO4icelDpQUI15/bEeBqxSn3tia1uiUR3Qu2y35Zl0OcsN5
GG74KzSJttA6reH9zTNd0IErpgPZExE2Ej7ecAgvQcrF440+uRmA5/CQZy2l2qEd
5KVNM8x3jwG7OuHedP/p9huqnwXFUzIHlpPcH26Q/zdbEezURhf76mlX5a6jHSEt
3y7dDuJvkqDMC4qfncnLvCR8WJf6uM1vpMq1x83xoxdUM+5mgkvRIOFeOR2xY549
tTTwqDTGWSY8qaEWapGpiqrifRyv1GnmM+0Vb/LK2n206k4LeojR2ETz9PxHjZ7v
Ga3JLJUE5dQD5coZldU7HBY3u+yurZS9bbRPc36nScQ1guZmbBnnfEczdLfftX0p
RRKDZrd1lsUtZEeC9hXWjANpm2MR72ow10zHEdQP8O56lV5PEA1W4OklG7aT9LXB
kXwD15/1n9NDHHCuiHATIXNkbb77zqn1GvICXRpFFyr8k27Jh6/5nVtnMv19DQPq
YDcTXm/a8/kQzHc3vyNj0Fv+g4b93axJuZowGVqNQAhPEbZ47uGfvNB4FyGaEOJq
yPEodAtujojkC2mXGq62pC2vl1I17F4fkz/yazmA0wy0cRd5tJMvDhc+tjCrIo+m
cqmxDyZFaFOTW8Ut/5IaYBTUIWVbwCnIMi/s7jKt+EhoMIEN5e+QPLwSALT/sKjw
Te4osIHbZYTEFws5rDVFLdKwlpWhIFqzuGH5+woKJZWDKZVL6NajeE8srDo1QRU1
738CvIDwBHBnq/de/UD5k2v5FYABN9xgPG2JFfjew2nHYXPWOohOqQ/yZK4rMYFZ
0ze14mclrQata6VhTSsPPP+qJlPPaMlrg1VW8bhYUDNw9cq3G8k+DiKfrkeNtfj5
6HJCg0Tvj9oeHsDvNoHx+guEaHg45fCTPjNqvlbfHTxrS+qrV3Pum0yY5fxJlmQg
AO4YrKJcgprCsvpHgsHYKo3GZ4bncd962agHYmRfbuSQ8rAbL4JuJ5cSYbmNE6nx
vpVudYP2PkuPCxgMNc28vufBk1nMyy0WmPPkCkM5gdnNUD52ds85u7j2W+pQ5j9G
I9b12pPlThDNxR9vmnIIyQ3ZHBrsw8+1kiVjAiPo9t+9gaL+1lhr3mVS3m466T1G
IffGbT+ey0K7uvUuB6XB16GuxlWhnjSd8Sb440ln3d6CJMu7EJ5itCAdtAU5cquM
sun7C5ZRFNfTQF5j35CyFgntNlHvowvrK97mkrZx7us7GWgboroTirN2p7EvHXWT
vnlBZ47wq2VieD8+bcjuMgnpi07bnRMAL11FJaBvxBnGqnbhQbecMXGL7TM+SFhq
m3dQBW4/4HYIHciqtYvltv5oI598KckGUpmlWltg+e8Fp9W6kG1NBLm9GqVwc2Rp
Hj6gSkG402Tlqf0wFQoSX3L2KYxGvzt/lThFZFsczYoUlQ9bj7vopPofmpa2jLQG
x0289lAUaAerA5ILo24DSvRi1qi98H52aTeSDf+lMHUQ+mL3wt2Vf4MLD1/bgDfr
IXTs2EzUMXYNiKoA57+KSHIghSR6+VxxqEUrCUzMTPLPs+s1OXlasE/5Y8xoD6Sk
4V1pad/dFNFWMzwHv8VgrcqZyhrpyFn4WpVViCMHnrd19Z/pPY17K9olf9idnGTO
p0VB3eE+IXnOA6nUXAHST4Q7Vwezj50f61Zx60NjK3T4OnAQEcnktzbrydMyWcsC
brwbjOywTVAUITVwS2QM/60ISul1Eebd34tVtz5dJ7fakW5+Ex6elwTWDdNSILBh
cA3sgiUxAxOeQrUBK59DVuIFCBLwvlLff0jkAUo6DeiFbgIbpUIs+Gdye+5JNU73
SpXLs/p210tTURoBW2pfInbEzIH1FRmLt7pHNr5GIf8dfUQm8H2V4A0OHqzhNK/t
5d0UGY2ciyXywg54jfs2nhJXMvADRvI+5EBleyTb64wIy8Sk4MddQpmD730JnM7L
aB1DdRRgqfuO9Bqv+Yg1yA5FruMfQGx7jmEt63DtJ5+YoS2kQaNViyMACwTiKMir
CRBVhWEsX8wDTYXjSFTyAByeePEsm+G2lR0xtt2mToP0tPdQQFrDbQHih1wrxWY3
g87icq07xmez0iSVzyzuIcN4YFc5CGi+UKcLRjtr5ouSYqfMgrDkRfatvKqbxo09
CAp9RGTvjCoMd+7iuN8xa27G3eoc7/fYr/KE0O120nFN1ZnQFr3ZkpIjmwXyAXdA
eT58PEl7irT82ov8T7eWTgLxTMXpT05uOzL41jlN+DLZNcgeWGw9VP+IHdsVNtQc
xINnjaijXj+//hUFMl/NlG5dHAM1p1Fh19MRl2uHphJhiX3GghfRlvVFAM5E595V
Fu9NLR20otCcMBrHnqpWTMqfV9QIekxYaT7g1lE1aZ4DNM5E+Lc6wcUX3r4iw0OZ
Jl11tv/40smZljDNIK59V4Q232BA+mCX9iLCA+SLd5MRAQ7yrm7OL0iujq2s5YWZ
iOKY5KaAGvUKB+l+BXVuiu/PVq9H03gYP6QtTlwYUFXwuHxQCLsI4WbD3pUzbJm7
mQoVYRd22FNVg7/1rfUYt2VXwQ367UpW3TGXT4dY8nDPtwmze1Fd9gL7bSV3l2Ym
k/DoDZIH/s3BYaJMeeb9OZj8sKt2RpB2ZJWa5r8xfEPx9wUua1lJQK5Zy017az4M
Np48kTt1mizJxMdBFACrc8HeECFRp5nnj0AL69t8R7VX5x5+SPULbtI/Dzkf9OTf
rDe9r6+VJrB9eoKXywlu6t55PaShA/O65Dn2eNiZGHAt0M8n/8LrtKmMtUNqZp1P
KDGqfrtGg5trabLOIz5mDkclACwCoOyQQmr89hLqf0iFpJUcp8Qp5cba8Ylhpwgb
gDDewZHLjsRoQW9tDrSL6VJxRWd5BAj2izOCP4kt8RoZOCfKgNn47JKmNbRh0Cp/
i5a6K/91QdmT7T89SiTngbIqN/qJxgL99gfAoQYrcSQFWsIY+fhb+rOAyPOozvDW
sb1bc+jAfgdVqbFgiZj2baQTP7f+Km7NXkCab6O19oUjhSWD3v7QU+crb+/hiTZO
a2hfsn5jw0Z7bIexrAoPnc6vo3iGVPE1EnQYHl+bA50snsxgVGRm1Jth1KqiR0rs
PNIaRvlmXwEzEm9cYZ5uksShIsviNBOceNFUMHC3FoYwrAkuSEzqybCkxpFTXp2V
QrsdxctDdpHjPL0VXSqzy6FMljgMFp5YccssngIlLQoky8QHWDFU6Pv0vSjREciy
p0ND6oKtOf5LMkUPfv+JtcJ7mqMT3WCAi5FwUoF9D3O0m+M9B55koYz9HGjgyajv
PBTGd4TyFcbmWa87Nhn0CvCS4BQ/ko5qM+PhiTf14vja1i1HpzKsYg6wGCrCJv9G
Y9HUWbh5Y7BFTn6m80ixD3G9meT0AtWFD4LLlC2Ewa40C9XP05kXImWLHidOlEbn
wO5CVXMoNyAsE8jSyyjJVFW2eDAIE8Ivdmi6aqMmOPeSXZgdVnswG5Xsfmtax/QJ
ph3ImWZmqSQ7vDO2X9gGYJNfF5YCd5rSbequkdag3VcrNI+t3UbGA3oqlAIRx2VU
dqIx+apOb+rryu2SN/gKhsCYvEQ6cGEGho7imZmF3NOHivAgpNkSSwqhWMIO9CvD
/mdMfvs2RjCiqvtvm5XYEIrKeYw7bojsB6UGf1+28XxfdEPpy1Hk6uMPZ5XnF49F
If52AQtwn/JQAjabl2lBq/1zGxMciwilwt//pmwa9qYczWMd7OBPwQD7DJcQ+4+B
Sc6RbJSMAfE18GAtIi7TasxAJJ38QYgmlnXPVFLvG4eUE2hWy7Arw5F2QIv2/1OF
URI2T7q3gIJrZ5RxWAExQeMGbZ3q1+ZRd1yyoQ0O5mYXsIlAzZgGfkEV18JaPsoo
nN8OpqS78BXESkCB3Ek5gJKKo0VSqZtokLqa/+J76DfM7gO5Luu1Am+RLT6PKpsm
H59uY42yxsyNVWHxSJiofmYKpa4Q1JM4k7dqp9LrxE53KLXojgyJ6Ub93deap5jj
bw3yhkdcF/5qs5/0I2ItfaDzDwIpt9HCKROzzKKRUpqt03s5QRNZpeh5z1Tqv9gS
IYoR3Ij1Oh0R7LF62raROkCsC5sMoy4kFPVOUbDy8e7VRCsoUOHG66tyuWHD7fIS
d4I+sPNWzZtkrEPEahfLHqfxGasIJTdi9INScWChS2FJWoEs/I5oIw70+KawQM1I
Zow20dToUY86K77EUf51rtJRjvdp+ditBS/XHpWXpXs5Wux7zGPxe+PtptCkaeFO
KbKk8IlJnhCIpFGH0ctZIS3TOdLBKoVEO0ns2MOJLkCOVe4MccyiomaZuPyjxgzQ
NuzOE9VSIgNqOWwSPTHZDII9QyUgn4ORZ1OZEpzvw7ee+ZK22ZXgzZ+3wrI8IRgk
A+UTpWHtfMZywv1zccNOtN2E9VuLI+1d+qINYMIVIOd/0tsNInjbPywOUvI7gCPc
hrngoiTSJ+Q7Ysit2OAAfXCBeOpex2v0uwhXc8lV+IctWoXT1Em6KMF9LzKLqZy2
BjJ5vDBqpIt3l6nBfbxX16J4FdMK84j3ROzVURcKN3cmeZP15mh8oOu5uM07DoMj
VKfRypplTp8Nkxetn/02qI7KD5oWBpCChR/6zVu4AftLXIfUt7+K07MTFpD6V9kB
WE+esY6mmPr5Bi8OM3dKuZscbjmBbVQRpuUnM/Czp5WPBBwYMVtcLtI+6gDz6qh6
N2IJgH/eOk8pBwcjqsmmXKRCM9xgBPg/GxBKDsmg8A7KOS0VWc2lyqVwmKm9CBr1
KFZ6eWYHuaMH6xMl7K0PajHMAeLVCEnS1uykFXX88uy2Sf0cZu73a1fKGP33KJH6
YlcB6r2/sqN+bZoFvDcGjOjd/jN6pH7X/Qr/ue/iS4dmvPw3DnbBDtQW3kaBXGbh
CHkfJfGssZCygzXlR7kKqe9AscFwqZew8GtZIP34TyRzzxqF7BTre0cMO9SqVpFN
9BtYDbOPykOmMOr6PA18xJwWWvt2FW/+ec7pgA6Do0JviRSM1v85MDFb2gGVCgz9
etJDTd/HgWg9rPPv7EXlnd7pURc5+lEleoAmf8kE7IQx9vezfx32kkvGm/lAT1Mq
KlNgLWvdt64vvb4W7xTHzCNl4GQ1JF6jlWLkocvYaY6ZKSAoBbfabZEX10j3iK2r
azS1gzoTRwQXa2ZdDJrqWD8DLTK1jGkqSDKKvt0ZPW1maWA6G8KdjASrutBdNXpK
pJWo6yiFSDFP+4bCGXs2C3fXr8PU6jmWpp1SP8aUNG9hmINbumT/hqdXduN0sIXf
FStOrLgwIfQZcu5RUDO8Qmz/X3hn7rQOS8dFQ0eu/fLzJF8SUJUe11M93fyA5eSR
96mlp2F3clrvvcbL2cILeszZPW17tJnTvOkAD+sOMRe4ua6oY8xN+muT1HNmWaUi
oH2V7m6prfT/mrnHj9Icicxlh8kMwfgTkMsjxJb7cG3taIEcbIAQesuelqYiHVvt
ZbndNojd/+KjdRP+wxKHSvAvjNj7LnRtzZ+7uQisYbcp71lToPk8Sst4rrJNpC0z
0E4RXORk0q8KPYuOshc2lGc26T6DOSzUZlX8+LXBcbTzxrKzu9hFq43VS3dk99CU
rDjTZu/llQKiRibN6h5cs7YKDtvJGIbmBXXSs3CjQMvtCfVOiJcFY3xUVTUrZZgk
v1vMgiggWxbZbWSqafdFLAuRXE/6eicdEpLQIB6r7Xn6NN0ZMZVc3Ki+8MMMhmQx
rSep+q7DVz+F+wyj3AaFsxOJ0nePZetsJS6w1COr5HXxRCLqD8vkYHaAZVJ6Kkwr
hbnxXQ==
=tT+m
-----END PGP MESSAGE-----
