SN:3K60180500001583 BD:Jul 23 2018 VC:834b9c1 MD5:48f99e4865ed8b810be1bb0eaaabf929
SysTime,                      Time,         Batt_v,      Batt_v_sd,   BATT_PERCENT,BATT_PERCENT_sd,      [CH4]_ppm,   [CH4]_ppm_sd,      [H2O]_ppm,   [H2O]_ppm_sd,      [CO2]_ppm,   [CO2]_ppm_sd,     [CH4]d_ppm,  [CH4]d_ppm_sd,     [CO2]d_ppm,  [CO2]d_ppm_sd,      GasP_torr,   GasP_torr_sd,         GasT_C,      GasT_C_sd,         AmbT_C,      AmbT_C_sd,         RD0_us,      RD0_us_sd,         RD1_us,      RD1_us_sd, Temp_Status_mA,Temp_Status_mA_sd,Analyzer_Status_mA,Analyzer_Status_mA_sd,       Fit_Flag,      MIU_VALVE,       MIU_DESC
08/25/2020 14:40:52.184, 08/25/2020 14:40:52.127, 4.12653e+0, 0.00000e+0, 9.24083e+1, 0.00000e+0, 1.97783e+0, 0.00000e+0, 2.21055e+4, 0.00000e+0, 4.12685e+2, 0.00000e+0, 2.02254e+0, 0.00000e+0, 4.22014e+2, 0.00000e+0, 5.00916e+2, 0.00000e+0, 3.56446e+1, 0.00000e+0, 3.37236e+1, 0.00000e+0, 3.58947e+0, 0.00000e+0, 3.16785e+0, 0.00000e+0, 2.00000e+1, 0.00000e+0, 2.00000e+1, 0.00000e+0, 3, 5, 
08/25/2020 14:40:52.327, 08/25/2020 14:40:52.247, 4.12618e+0, 0.00000e+0, 9.23569e+1, 0.00000e+0, 1.98132e+0, 0.00000e+0, 2.21683e+4, 0.00000e+0, 4.13404e+2, 0.00000e+0, 2.02624e+0, 0.00000e+0, 4.22776e+2, 0.00000e+0, 5.01038e+2, 0.00000e+0, 3.56193e+1, 0.00000e+0, 3.37424e+1, 0.00000e+0, 3.59004e+0, 0.00000e+0, 3.16847e+0, 0.00000e+0, 2.00000e+1, 0.00000e+0, 2.00000e+1, 0.00000e+0, 3, 5, 
08/25/2020 14:40:53.305, 08/25/2020 14:40:53.240, 4.12736e+0, 0.00000e+0, 9.25309e+1, 0.00000e+0, 1.97904e+0, 0.00000e+0, 2.21626e+4, 0.00000e+0, 4.12632e+2, 0.00000e+0, 2.02390e+0, 0.00000e+0, 4.21984e+2, 0.00000e+0, 5.00898e+2, 0.00000e+0, 3.56422e+1, 0.00000e+0, 3.37501e+1, 0.00000e+0, 3.59022e+0, 0.00000e+0, 3.16823e+0, 0.00000e+0, 2.00000e+1, 0.00000e+0, 2.00000e+1, 0.00000e+0, 3, 5, 
08/25/2020 14:40:54.335, 08/25/2020 14:40:54.235, 4.12727e+0, 0.00000e+0, 9.25171e+1, 0.00000e+0, 1.97773e+0, 0.00000e+0, 2.20923e+4, 0.00000e+0, 4.11838e+2, 0.00000e+0, 2.02241e+0, 0.00000e+0, 4.21142e+2, 0.00000e+0, 5.00898e+2, 0.00000e+0, 3.56573e+1, 0.00000e+0, 3.37429e+1, 0.00000e+0, 3.59283e+0, 0.00000e+0, 3.16642e+0, 0.00000e+0, 2.00000e+1, 0.00000e+0, 2.00000e+1, 0.00000e+0, 3, 5, 
08/25/2020 14:40:55.312, 08/25/2020 14:40:55.231, 4.12746e+0, 0.00000e+0, 9.25463e+1, 0.00000e+0, 1.97787e+0, 0.00000e+0, 2.19991e+4, 0.00000e+0, 4.10249e+2, 0.00000e+0, 2.02236e+0, 0.00000e+0, 4.19478e+2, 0.00000e+0, 5.00971e+2, 0.00000e+0, 3.56394e+1, 0.00000e+0, 3.37429e+1, 0.00000e+0, 3.58900e+0, 0.00000e+0, 3.16730e+0, 0.00000e+0, 2.00000e+1, 0.00000e+0, 2.00000e+1, 0.00000e+0, 3, 5, 
08/25/2020 14:40:56.279, 08/25/2020 14:40:56.225, 4.12744e+0, 0.00000e+0, 9.25434e+1, 0.00000e+0, 1.97944e+0, 0.00000e+0, 2.21382e+4, 0.00000e+0, 4.08724e+2, 0.00000e+0, 2.02425e+0, 0.00000e+0, 4.17978e+2, 0.00000e+0, 5.00898e+2, 0.00000e+0, 3.56490e+1, 0.00000e+0, 3.37389e+1, 0.00000e+0, 3.58977e+0, 0.00000e+0, 3.16693e+0, 0.00000e+0, 2.00000e+1, 0.00000e+0, 2.00000e+1, 0.00000e+0, 3, 5, 
08/25/2020 14:40:57.271, 08/25/2020 14:40:57.218, 4.12754e+0, 0.00000e+0, 9.25569e+1, 0.00000e+0, 1.98016e+0, 0.00000e+0, 2.21767e+4, 0.00000e+0, 4.10387e+2, 0.00000e+0, 2.02507e+0, 0.00000e+0, 4.19695e+2, 0.00000e+0, 5.00929e+2, 0.00000e+0, 3.56446e+1, 0.00000e+0, 3.37358e+1, 0.00000e+0, 3.59167e+0, 0.00000e+0, 3.16918e+0, 0.00000e+0, 2.00000e+1, 0.00000e+0, 2.00000e+1, 0.00000e+0, 3, 5, 
08/25/2020 14:40:58.272, 08/25/2020 14:40:58.213, 4.12751e+0, 0.00000e+0, 9.25524e+1, 0.00000e+0, 1.98370e+0, 0.00000e+0, 2.23353e+4, 0.00000e+0, 4.09625e+2, 0.00000e+0, 2.02902e+0, 0.00000e+0, 4.18983e+2, 0.00000e+0, 5.00915e+2, 0.00000e+0, 3.56400e+1, 0.00000e+0, 3.37317e+1, 0.00000e+0, 3.59073e+0, 0.00000e+0, 3.16744e+0, 0.00000e+0, 2.00000e+1, 0.00000e+0, 2.00000e+1, 0.00000e+0, 3, 5, 
08/25/2020 14:40:59.265, 08/25/2020 14:40:59.207, 4.12754e+0, 0.00000e+0, 9.25569e+1, 0.00000e+0, 1.97946e+0, 0.00000e+0, 2.19077e+4, 0.00000e+0, 4.07525e+2, 0.00000e+0, 2.02380e+0, 0.00000e+0, 4.16652e+2, 0.00000e+0, 5.00887e+2, 0.00000e+0, 3.56412e+1, 0.00000e+0, 3.37336e+1, 0.00000e+0, 3.58923e+0, 0.00000e+0, 3.16830e+0, 0.00000e+0, 2.00000e+1, 0.00000e+0, 2.00000e+1, 0.00000e+0, 3, 5, 
08/25/2020 14:41:00.260, 08/25/2020 14:41:00.202, 4.12752e+0, 0.00000e+0, 9.25540e+1, 0.00000e+0, 1.97703e+0, 0.00000e+0, 2.21079e+4, 0.00000e+0, 4.09153e+2, 0.00000e+0, 2.02173e+0, 0.00000e+0, 4.18403e+2, 0.00000e+0, 5.00945e+2, 0.00000e+0, 3.56443e+1, 0.00000e+0, 3.37318e+1, 0.00000e+0, 3.58930e+0, 0.00000e+0, 3.16878e+0, 0.00000e+0, 2.00000e+1, 0.00000e+0, 2.00000e+1, 0.00000e+0, 3, 5, 
08/25/2020 14:41:01.251, 08/25/2020 14:41:01.197, 4.12752e+0, 0.00000e+0, 9.25539e+1, 0.00000e+0, 1.97952e+0, 0.00000e+0, 2.22726e+4, 0.00000e+0, 4.08706e+2, 0.00000e+0, 2.02461e+0, 0.00000e+0, 4.18016e+2, 0.00000e+0, 5.00910e+2, 0.00000e+0, 3.56509e+1, 0.00000e+0, 3.37277e+1, 0.00000e+0, 3.59062e+0, 0.00000e+0, 3.16691e+0, 0.00000e+0, 2.00000e+1, 0.00000e+0, 2.00000e+1, 0.00000e+0, 3, 5, 
08/25/2020 14:41:02.243, 08/25/2020 14:41:02.192, 4.12760e+0, 0.00000e+0, 9.25658e+1, 0.00000e+0, 1.97898e+0, 0.00000e+0, 2.21493e+4, 0.00000e+0, 4.08792e+2, 0.00000e+0, 2.02381e+0, 0.00000e+0, 4.18052e+2, 0.00000e+0, 5.00915e+2, 0.00000e+0, 3.56457e+1, 0.00000e+0, 3.37316e+1, 0.00000e+0, 3.59093e+0, 0.00000e+0, 3.16907e+0, 0.00000e+0, 2.00000e+1, 0.00000e+0, 2.00000e+1, 0.00000e+0, 3, 5, 
08/25/2020 14:41:03.233, 08/25/2020 14:41:03.187, 4.12756e+0, 0.00000e+0, 9.25608e+1, 0.00000e+0, 1.98047e+0, 0.00000e+0, 2.21057e+4, 0.00000e+0, 4.10168e+2, 0.00000e+0, 2.02524e+0, 0.00000e+0, 4.19440e+2, 0.00000e+0, 5.00913e+2, 0.00000e+0, 3.56450e+1, 0.00000e+0, 3.37253e+1, 0.00000e+0, 3.58945e+0, 0.00000e+0, 3.16947e+0, 0.00000e+0, 2.00000e+1, 0.00000e+0, 2.00000e+1, 0.00000e+0, 3, 5, 
08/25/2020 14:41:04.234, 08/25/2020 14:41:04.180, 4.12769e+0, 0.00000e+0, 9.25790e+1, 0.00000e+0, 1.97975e+0, 0.00000e+0, 2.21606e+4, 0.00000e+0, 4.08568e+2, 0.00000e+0, 2.02462e+0, 0.00000e+0, 4.17827e+2, 0.00000e+0, 5.00607e+2, 0.00000e+0, 3.56469e+1, 0.00000e+0, 3.37234e+1, 0.00000e+0, 3.58928e+0, 0.00000e+0, 3.16786e+0, 0.00000e+0, 2.00000e+1, 0.00000e+0, 2.00000e+1, 0.00000e+0, 3, 5, 
08/25/2020 14:41:05.229, 08/25/2020 14:41:05.175, 4.12762e+0, 0.00000e+0, 9.25691e+1, 0.00000e+0, 1.97539e+0, 0.00000e+0, 2.17871e+4, 0.00000e+0, 4.08303e+2, 0.00000e+0, 2.01939e+0, 0.00000e+0, 4.17397e+2, 0.00000e+0, 5.00713e+2, 0.00000e+0, 3.56530e+1, 0.00000e+0, 3.37149e+1, 0.00000e+0, 3.59077e+0, 0.00000e+0, 3.16685e+0, 0.00000e+0, 2.00000e+1, 0.00000e+0, 2.00000e+1, 0.00000e+0, 3, 5, 
08/25/2020 14:41:06.225, 08/25/2020 14:41:06.169, 4.12750e+0, 0.00000e+0, 9.25515e+1, 0.00000e+0, 1.97999e+0, 0.00000e+0, 2.21266e+4, 0.00000e+0, 4.09434e+2, 0.00000e+0, 2.02480e+0, 0.00000e+0, 4.18699e+2, 0.00000e+0, 5.01129e+2, 0.00000e+0, 3.56379e+1, 0.00000e+0, 3.36959e+1, 0.00000e+0, 3.59102e+0, 0.00000e+0, 3.16793e+0, 0.00000e+0, 2.00000e+1, 0.00000e+0, 2.00000e+1, 0.00000e+0, 3, 5, 
08/25/2020 14:41:07.221, 08/25/2020 14:41:07.171, 4.12788e+0, 0.00000e+0, 9.26083e+1, 0.00000e+0, 1.97724e+0, 0.00000e+0, 2.20734e+4, 0.00000e+0, 4.09046e+2, 0.00000e+0, 2.02187e+0, 0.00000e+0, 4.18279e+2, 0.00000e+0, 5.01253e+2, 0.00000e+0, 3.56604e+1, 0.00000e+0, 3.37167e+1, 0.00000e+0, 3.58980e+0, 0.00000e+0, 3.16672e+0, 0.00000e+0, 2.00000e+1, 0.00000e+0, 2.00000e+1, 0.00000e+0, 3, 5, 
08/25/2020 14:41:08.219, 08/25/2020 14:41:08.166, 4.12807e+0, 0.00000e+0, 9.26364e+1, 0.00000e+0, 1.98159e+0, 0.00000e+0, 2.20643e+4, 0.00000e+0, 4.08555e+2, 0.00000e+0, 2.02630e+0, 0.00000e+0, 4.17773e+2, 0.00000e+0, 5.00952e+2, 0.00000e+0, 3.56818e+1, 0.00000e+0, 3.37367e+1, 0.00000e+0, 3.58830e+0, 0.00000e+0, 3.16659e+0, 0.00000e+0, 2.00000e+1, 0.00000e+0, 2.00000e+1, 0.00000e+0, 3, 5, 
08/25/2020 14:41:09.215, 08/25/2020 14:41:09.160, 4.12773e+0, 0.00000e+0, 9.25849e+1, 0.00000e+0, 1.98068e+0, 0.00000e+0, 2.23214e+4, 0.00000e+0, 4.09255e+2, 0.00000e+0, 2.02590e+0, 0.00000e+0, 4.18599e+2, 0.00000e+0, 5.00886e+2, 0.00000e+0, 3.56723e+1, 0.00000e+0, 3.37383e+1, 0.00000e+0, 3.58925e+0, 0.00000e+0, 3.16937e+0, 0.00000e+0, 2.00000e+1, 0.00000e+0, 2.00000e+1, 0.00000e+0, 3, 5, 
08/25/2020 14:41:10.208, 08/25/2020 14:41:10.154, 4.12765e+0, 0.00000e+0, 9.25744e+1, 0.00000e+0, 1.97576e+0, 0.00000e+0, 2.20270e+4, 0.00000e+0, 4.07378e+2, 0.00000e+0, 2.02026e+0, 0.00000e+0, 4.16554e+2, 0.00000e+0, 5.00801e+2, 0.00000e+0, 3.56621e+1, 0.00000e+0, 3.37294e+1, 0.00000e+0, 3.59402e+0, 0.00000e+0, 3.16802e+0, 0.00000e+0, 2.00000e+1, 0.00000e+0, 2.00000e+1, 0.00000e+0, 3, 5, 
08/25/2020 14:41:11.206, 08/25/2020 14:41:11.156, 4.12767e+0, 0.00000e+0, 9.25762e+1, 0.00000e+0, 1.97814e+0, 0.00000e+0, 2.19958e+4, 0.00000e+0, 4.09559e+2, 0.00000e+0, 2.02263e+0, 0.00000e+0, 4.18771e+2, 0.00000e+0, 5.00950e+2, 0.00000e+0, 3.56536e+1, 0.00000e+0, 3.37428e+1, 0.00000e+0, 3.59275e+0, 0.00000e+0, 3.16763e+0, 0.00000e+0, 2.00000e+1, 0.00000e+0, 2.00000e+1, 0.00000e+0, 3, 5, 
08/25/2020 14:41:12.204, 08/25/2020 14:41:12.150, 4.12747e+0, 0.00000e+0, 9.25479e+1, 0.00000e+0, 1.98312e+0, 0.00000e+0, 2.22163e+4, 0.00000e+0, 4.09444e+2, 0.00000e+0, 2.02818e+0, 0.00000e+0, 4.18747e+2, 0.00000e+0, 5.00749e+2, 0.00000e+0, 3.56641e+1, 0.00000e+0, 3.37688e+1, 0.00000e+0, 3.58738e+0, 0.00000e+0, 3.16813e+0, 0.00000e+0, 2.00000e+1, 0.00000e+0, 2.00000e+1, 0.00000e+0, 3, 5, 
08/25/2020 14:41:13.207, 08/25/2020 14:41:13.151, 4.12756e+0, 0.00000e+0, 9.25606e+1, 0.00000e+0, 1.98116e+0, 0.00000e+0, 2.23849e+4, 0.00000e+0, 4.07927e+2, 0.00000e+0, 2.02652e+0, 0.00000e+0, 4.17267e+2, 0.00000e+0, 5.00996e+2, 0.00000e+0, 3.56572e+1, 0.00000e+0, 3.37850e+1, 0.00000e+0, 3.59173e+0, 0.00000e+0, 3.16721e+0, 0.00000e+0, 2.00000e+1, 0.00000e+0, 2.00000e+1, 0.00000e+0, 3, 5, 
08/25/2020 14:41:14.199, 08/25/2020 14:41:14.145, 4.12764e+0, 0.00000e+0, 9.25716e+1, 0.00000e+0, 1.97559e+0, 0.00000e+0, 2.21999e+4, 0.00000e+0, 4.07159e+2, 0.00000e+0, 2.02044e+0, 0.00000e+0, 4.16403e+2, 0.00000e+0, 5.00824e+2, 0.00000e+0, 3.56543e+1, 0.00000e+0, 3.37954e+1, 0.00000e+0, 3.59193e+0, 0.00000e+0, 3.16857e+0, 0.00000e+0, 2.00000e+1, 0.00000e+0, 2.00000e+1, 0.00000e+0, 3, 5, 
08/25/2020 14:41:15.192, 08/25/2020 14:41:15.141, 4.12753e+0, 0.00000e+0, 9.25564e+1, 0.00000e+0, 1.98021e+0, 0.00000e+0, 2.20685e+4, 0.00000e+0, 4.07287e+2, 0.00000e+0, 2.02490e+0, 0.00000e+0, 4.16478e+2, 0.00000e+0, 5.00925e+2, 0.00000e+0, 3.56765e+1, 0.00000e+0, 3.38035e+1, 0.00000e+0, 3.59224e+0, 0.00000e+0, 3.16934e+0, 0.00000e+0, 2.00000e+1, 0.00000e+0, 2.00000e+1, 0.00000e+0, 3, 5, 
08/25/2020 14:41:16.194, 08/25/2020 14:41:16.143, 4.12755e+0, 0.00000e+0, 9.25588e+1, 0.00000e+0, 1.97940e+0, 0.00000e+0, 2.20176e+4, 0.00000e+0, 4.05856e+2, 0.00000e+0, 2.02397e+0, 0.00000e+0, 4.14993e+2, 0.00000e+0, 5.00920e+2, 0.00000e+0, 3.56640e+1, 0.00000e+0, 3.37991e+1, 0.00000e+0, 3.59025e+0, 0.00000e+0, 3.16723e+0, 0.00000e+0, 2.00000e+1, 0.00000e+0, 2.00000e+1, 0.00000e+0, 3, 5, 
08/25/2020 14:41:17.192, 08/25/2020 14:41:17.136, 4.12769e+0, 0.00000e+0, 9.25801e+1, 0.00000e+0, 1.98125e+0, 0.00000e+0, 2.20306e+4, 0.00000e+0, 4.06882e+2, 0.00000e+0, 2.02588e+0, 0.00000e+0, 4.16048e+2, 0.00000e+0, 5.00879e+2, 0.00000e+0, 3.56548e+1, 0.00000e+0, 3.38038e+1, 0.00000e+0, 3.59071e+0, 0.00000e+0, 3.16728e+0, 0.00000e+0, 2.00000e+1, 0.00000e+0, 2.00000e+1, 0.00000e+0, 3, 5, 
08/25/2020 14:41:18.187, 08/25/2020 14:41:18.130, 4.12732e+0, 0.00000e+0, 9.25244e+1, 0.00000e+0, 1.98044e+0, 0.00000e+0, 2.19529e+4, 0.00000e+0, 4.03475e+2, 0.00000e+0, 2.02489e+0, 0.00000e+0, 4.12531e+2, 0.00000e+0, 5.00785e+2, 0.00000e+0, 3.56752e+1, 0.00000e+0, 3.37949e+1, 0.00000e+0, 3.59101e+0, 0.00000e+0, 3.16823e+0, 0.00000e+0, 2.00000e+1, 0.00000e+0, 2.00000e+1, 0.00000e+0, 3, 5, 
08/25/2020 14:41:19.179, 08/25/2020 14:41:19.125, 4.12770e+0, 0.00000e+0, 9.25807e+1, 0.00000e+0, 1.98137e+0, 0.00000e+0, 2.19563e+4, 0.00000e+0, 3.99227e+2, 0.00000e+0, 2.02585e+0, 0.00000e+0, 4.08190e+2, 0.00000e+0, 5.00941e+2, 0.00000e+0, 3.56653e+1, 0.00000e+0, 3.37973e+1, 0.00000e+0, 3.59214e+0, 0.00000e+0, 3.16862e+0, 0.00000e+0, 2.00000e+1, 0.00000e+0, 2.00000e+1, 0.00000e+0, 3, 5, 
08/25/2020 14:41:20.179, 08/25/2020 14:41:20.120, 4.12764e+0, 0.00000e+0, 9.25723e+1, 0.00000e+0, 1.98266e+0, 0.00000e+0, 2.15450e+4, 0.00000e+0, 3.94919e+2, 0.00000e+0, 2.02632e+0, 0.00000e+0, 4.03615e+2, 0.00000e+0, 5.00824e+2, 0.00000e+0, 3.56556e+1, 0.00000e+0, 3.37952e+1, 0.00000e+0, 3.59026e+0, 0.00000e+0, 3.16798e+0, 0.00000e+0, 2.00000e+1, 0.00000e+0, 2.00000e+1, 0.00000e+0, 3, 6, 
08/25/2020 14:41:21.171, 08/25/2020 14:41:21.114, 4.12756e+0, 0.00000e+0, 9.25610e+1, 0.00000e+0, 1.98464e+0, 0.00000e+0, 2.16890e+4, 0.00000e+0, 3.92884e+2, 0.00000e+0, 2.02864e+0, 0.00000e+0, 4.01594e+2, 0.00000e+0, 5.00922e+2, 0.00000e+0, 3.56656e+1, 0.00000e+0, 3.38031e+1, 0.00000e+0, 3.59350e+0, 0.00000e+0, 3.16922e+0, 0.00000e+0, 2.00000e+1, 0.00000e+0, 2.00000e+1, 0.00000e+0, 3, 6, 
08/25/2020 14:41:22.163, 08/25/2020 14:41:22.109, 4.12757e+0, 0.00000e+0, 9.25622e+1, 0.00000e+0, 1.98278e+0, 0.00000e+0, 2.17582e+4, 0.00000e+0, 4.21552e+2, 0.00000e+0, 2.02689e+0, 0.00000e+0, 4.30928e+2, 0.00000e+0, 5.00854e+2, 0.00000e+0, 3.56613e+1, 0.00000e+0, 3.37966e+1, 0.00000e+0, 3.58974e+0, 0.00000e+0, 3.17007e+0, 0.00000e+0, 2.00000e+1, 0.00000e+0, 2.00000e+1, 0.00000e+0, 3, 6, 
08/25/2020 14:41:23.155, 08/25/2020 14:41:23.103, 4.12747e+0, 0.00000e+0, 9.25465e+1, 0.00000e+0, 1.98551e+0, 0.00000e+0, 2.14904e+4, 0.00000e+0, 4.64586e+2, 0.00000e+0, 2.02911e+0, 0.00000e+0, 4.74790e+2, 0.00000e+0, 5.00834e+2, 0.00000e+0, 3.56815e+1, 0.00000e+0, 3.37885e+1, 0.00000e+0, 3.59082e+0, 0.00000e+0, 3.16888e+0, 0.00000e+0, 2.00000e+1, 0.00000e+0, 2.00000e+1, 0.00000e+0, 3, 6, 
08/25/2020 14:41:24.153, 08/25/2020 14:41:24.099, 4.12738e+0, 0.00000e+0, 9.25332e+1, 0.00000e+0, 1.98721e+0, 0.00000e+0, 2.13014e+4, 0.00000e+0, 4.65066e+2, 0.00000e+0, 2.03047e+0, 0.00000e+0, 4.75188e+2, 0.00000e+0, 5.00935e+2, 0.00000e+0, 3.56720e+1, 0.00000e+0, 3.38013e+1, 0.00000e+0, 3.59164e+0, 0.00000e+0, 3.17022e+0, 0.00000e+0, 2.00000e+1, 0.00000e+0, 2.00000e+1, 0.00000e+0, 3, 6, 
08/25/2020 14:41:25.155, 08/25/2020 14:41:25.099, 4.12745e+0, 0.00000e+0, 9.25436e+1, 0.00000e+0, 1.98483e+0, 0.00000e+0, 2.12735e+4, 0.00000e+0, 4.51385e+2, 0.00000e+0, 2.02797e+0, 0.00000e+0, 4.61197e+2, 0.00000e+0, 5.00760e+2, 0.00000e+0, 3.56594e+1, 0.00000e+0, 3.38254e+1, 0.00000e+0, 3.59064e+0, 0.00000e+0, 3.16734e+0, 0.00000e+0, 2.00000e+1, 0.00000e+0, 2.00000e+1, 0.00000e+0, 3, 6, 
08/25/2020 14:41:26.146, 08/25/2020 14:41:26.094, 4.12736e+0, 0.00000e+0, 9.25312e+1, 0.00000e+0, 1.98843e+0, 0.00000e+0, 2.09587e+4, 0.00000e+0, 4.50391e+2, 0.00000e+0, 2.03100e+0, 0.00000e+0, 4.60033e+2, 0.00000e+0, 5.00781e+2, 0.00000e+0, 3.56747e+1, 0.00000e+0, 3.38331e+1, 0.00000e+0, 3.59335e+0, 0.00000e+0, 3.16908e+0, 0.00000e+0, 2.00000e+1, 0.00000e+0, 2.00000e+1, 0.00000e+0, 3, 6, 
08/25/2020 14:41:27.152, 08/25/2020 14:41:27.105, 4.12740e+0, 0.00000e+0, 9.25374e+1, 0.00000e+0, 1.98807e+0, 0.00000e+0, 2.09938e+4, 0.00000e+0, 4.48066e+2, 0.00000e+0, 2.03070e+0, 0.00000e+0, 4.57675e+2, 0.00000e+0, 5.00895e+2, 0.00000e+0, 3.56774e+1, 0.00000e+0, 3.38291e+1, 0.00000e+0, 3.59079e+0, 0.00000e+0, 3.16825e+0, 0.00000e+0, 2.00000e+1, 0.00000e+0, 2.00000e+1, 0.00000e+0, 3, 6, 
08/25/2020 14:41:28.129, 08/25/2020 14:41:28.082, 4.12747e+0, 0.00000e+0, 9.25476e+1, 0.00000e+0, 1.99517e+0, 0.00000e+0, 2.09198e+4, 0.00000e+0, 4.38377e+2, 0.00000e+0, 2.03780e+0, 0.00000e+0, 4.47744e+2, 0.00000e+0, 5.01018e+2, 0.00000e+0, 3.56797e+1, 0.00000e+0, 3.38284e+1, 0.00000e+0, 3.58882e+0, 0.00000e+0, 3.16799e+0, 0.00000e+0, 2.00000e+1, 0.00000e+0, 2.00000e+1, 0.00000e+0, 3, 6, 
08/25/2020 14:41:29.133, 08/25/2020 14:41:29.077, 4.12779e+0, 0.00000e+0, 9.25947e+1, 0.00000e+0, 1.99125e+0, 0.00000e+0, 2.10828e+4, 0.00000e+0, 4.27006e+2, 0.00000e+0, 2.03414e+0, 0.00000e+0, 4.36202e+2, 0.00000e+0, 5.01012e+2, 0.00000e+0, 3.56731e+1, 0.00000e+0, 3.38355e+1, 0.00000e+0, 3.58979e+0, 0.00000e+0, 3.16825e+0, 0.00000e+0, 2.00000e+1, 0.00000e+0, 2.00000e+1, 0.00000e+0, 3, 6, 
08/25/2020 14:41:30.127, 08/25/2020 14:41:30.071, 4.12752e+0, 0.00000e+0, 9.25550e+1, 0.00000e+0, 1.98939e+0, 0.00000e+0, 2.08829e+4, 0.00000e+0, 4.18025e+2, 0.00000e+0, 2.03182e+0, 0.00000e+0, 4.26941e+2, 0.00000e+0, 5.00760e+2, 0.00000e+0, 3.56743e+1, 0.00000e+0, 3.38256e+1, 0.00000e+0, 3.58949e+0, 0.00000e+0, 3.16965e+0, 0.00000e+0, 2.00000e+1, 0.00000e+0, 2.00000e+1, 0.00000e+0, 3, 6, 
08/25/2020 14:41:31.123, 08/25/2020 14:41:31.068, 4.12694e+0, 0.00000e+0, 9.24689e+1, 0.00000e+0, 1.98475e+0, 0.00000e+0, 2.06705e+4, 0.00000e+0, 4.10274e+2, 0.00000e+0, 2.02664e+0, 0.00000e+0, 4.18933e+2, 0.00000e+0, 5.01011e+2, 0.00000e+0, 3.56721e+1, 0.00000e+0, 3.37996e+1, 0.00000e+0, 3.58899e+0, 0.00000e+0, 3.16833e+0, 0.00000e+0, 2.00000e+1, 0.00000e+0, 2.00000e+1, 0.00000e+0, 3, 6, 
08/25/2020 14:41:32.115, 08/25/2020 14:41:32.060, 4.12751e+0, 0.00000e+0, 9.25536e+1, 0.00000e+0, 1.98811e+0, 0.00000e+0, 2.06493e+4, 0.00000e+0, 4.05072e+2, 0.00000e+0, 2.03003e+0, 0.00000e+0, 4.13613e+2, 0.00000e+0, 5.00841e+2, 0.00000e+0, 3.56613e+1, 0.00000e+0, 3.37998e+1, 0.00000e+0, 3.58926e+0, 0.00000e+0, 3.16927e+0, 0.00000e+0, 2.00000e+1, 0.00000e+0, 2.00000e+1, 0.00000e+0, 3, 6, 
08/25/2020 14:41:33.107, 08/25/2020 14:41:33.056, 4.12770e+0, 0.00000e+0, 9.25816e+1, 0.00000e+0, 1.98795e+0, 0.00000e+0, 2.06117e+4, 0.00000e+0, 4.00809e+2, 0.00000e+0, 2.02979e+0, 0.00000e+0, 4.09244e+2, 0.00000e+0, 5.00844e+2, 0.00000e+0, 3.56593e+1, 0.00000e+0, 3.38066e+1, 0.00000e+0, 3.58805e+0, 0.00000e+0, 3.16839e+0, 0.00000e+0, 2.00000e+1, 0.00000e+0, 2.00000e+1, 0.00000e+0, 3, 6, 
08/25/2020 14:41:34.100, 08/25/2020 14:41:34.050, 4.12764e+0, 0.00000e+0, 9.25725e+1, 0.00000e+0, 1.98527e+0, 0.00000e+0, 2.07776e+4, 0.00000e+0, 4.00330e+2, 0.00000e+0, 2.02739e+0, 0.00000e+0, 4.08824e+2, 0.00000e+0, 5.00895e+2, 0.00000e+0, 3.56719e+1, 0.00000e+0, 3.38027e+1, 0.00000e+0, 3.58882e+0, 0.00000e+0, 3.17031e+0, 0.00000e+0, 2.00000e+1, 0.00000e+0, 2.00000e+1, 0.00000e+0, 3, 6, 
08/25/2020 14:41:35.097, 08/25/2020 14:41:35.044, 4.12766e+0, 0.00000e+0, 9.25758e+1, 0.00000e+0, 1.98912e+0, 0.00000e+0, 2.06420e+4, 0.00000e+0, 4.04504e+2, 0.00000e+0, 2.03104e+0, 0.00000e+0, 4.13030e+2, 0.00000e+0, 5.00829e+2, 0.00000e+0, 3.56664e+1, 0.00000e+0, 3.37996e+1, 0.00000e+0, 3.58983e+0, 0.00000e+0, 3.16913e+0, 0.00000e+0, 2.00000e+1, 0.00000e+0, 2.00000e+1, 0.00000e+0, 3, 6, 
08/25/2020 14:41:36.091, 08/25/2020 14:41:36.039, 4.12769e+0, 0.00000e+0, 9.25799e+1, 0.00000e+0, 1.98492e+0, 0.00000e+0, 2.07427e+4, 0.00000e+0, 4.51533e+2, 0.00000e+0, 2.02696e+0, 0.00000e+0, 4.61097e+2, 0.00000e+0, 5.01054e+2, 0.00000e+0, 3.56622e+1, 0.00000e+0, 3.38047e+1, 0.00000e+0, 3.59100e+0, 0.00000e+0, 3.16890e+0, 0.00000e+0, 2.00000e+1, 0.00000e+0, 2.00000e+1, 0.00000e+0, 3, 6, 
08/25/2020 14:41:37.085, 08/25/2020 14:41:37.034, 4.12777e+0, 0.00000e+0, 9.25922e+1, 0.00000e+0, 1.99221e+0, 0.00000e+0, 2.05133e+4, 0.00000e+0, 4.88731e+2, 0.00000e+0, 2.03393e+0, 0.00000e+0, 4.98966e+2, 0.00000e+0, 5.00756e+2, 0.00000e+0, 3.56630e+1, 0.00000e+0, 3.38035e+1, 0.00000e+0, 3.59014e+0, 0.00000e+0, 3.16869e+0, 0.00000e+0, 2.00000e+1, 0.00000e+0, 2.00000e+1, 0.00000e+0, 3, 6, 
08/25/2020 14:41:38.082, 08/25/2020 14:41:38.028, 4.12773e+0, 0.00000e+0, 9.25850e+1, 0.00000e+0, 1.98948e+0, 0.00000e+0, 2.07599e+4, 0.00000e+0, 4.89007e+2, 0.00000e+0, 2.03166e+0, 0.00000e+0, 4.99374e+2, 0.00000e+0, 5.00848e+2, 0.00000e+0, 3.56706e+1, 0.00000e+0, 3.38101e+1, 0.00000e+0, 3.58729e+0, 0.00000e+0, 3.16874e+0, 0.00000e+0, 2.00000e+1, 0.00000e+0, 2.00000e+1, 0.00000e+0, 3, 6, 
08/25/2020 14:41:39.078, 08/25/2020 14:41:39.023, 4.12765e+0, 0.00000e+0, 9.25737e+1, 0.00000e+0, 1.98903e+0, 0.00000e+0, 2.06756e+4, 0.00000e+0, 4.72396e+2, 0.00000e+0, 2.03102e+0, 0.00000e+0, 4.82369e+2, 0.00000e+0, 5.00901e+2, 0.00000e+0, 3.56648e+1, 0.00000e+0, 3.38129e+1, 0.00000e+0, 3.58820e+0, 0.00000e+0, 3.16819e+0, 0.00000e+0, 2.00000e+1, 0.00000e+0, 2.00000e+1, 0.00000e+0, 3, 6, 
08/25/2020 14:41:40.069, 08/25/2020 14:41:40.017, 4.12768e+0, 0.00000e+0, 9.25777e+1, 0.00000e+0, 1.98709e+0, 0.00000e+0, 2.07093e+4, 0.00000e+0, 4.53221e+2, 0.00000e+0, 2.02911e+0, 0.00000e+0, 4.62806e+2, 0.00000e+0, 5.00878e+2, 0.00000e+0, 3.56689e+1, 0.00000e+0, 3.38045e+1, 0.00000e+0, 3.59287e+0, 0.00000e+0, 3.16946e+0, 0.00000e+0, 2.00000e+1, 0.00000e+0, 2.00000e+1, 0.00000e+0, 3, 6, 
08/25/2020 14:41:41.066, 08/25/2020 14:41:41.013, 4.12771e+0, 0.00000e+0, 9.25830e+1, 0.00000e+0, 1.98204e+0, 0.00000e+0, 2.07633e+4, 0.00000e+0, 4.39718e+2, 0.00000e+0, 2.02407e+0, 0.00000e+0, 4.49041e+2, 0.00000e+0, 5.00843e+2, 0.00000e+0, 3.56559e+1, 0.00000e+0, 3.38131e+1, 0.00000e+0, 3.59421e+0, 0.00000e+0, 3.16975e+0, 0.00000e+0, 2.00000e+1, 0.00000e+0, 2.00000e+1, 0.00000e+0, 3, 6, 
08/25/2020 14:41:42.064, 08/25/2020 14:41:42.006, 4.12767e+0, 0.00000e+0, 9.25764e+1, 0.00000e+0, 1.98675e+0, 0.00000e+0, 2.07230e+4, 0.00000e+0, 4.29755e+2, 0.00000e+0, 2.02879e+0, 0.00000e+0, 4.38849e+2, 0.00000e+0, 5.00914e+2, 0.00000e+0, 3.56561e+1, 0.00000e+0, 3.38148e+1, 0.00000e+0, 3.59249e+0, 0.00000e+0, 3.16862e+0, 0.00000e+0, 2.00000e+1, 0.00000e+0, 2.00000e+1, 0.00000e+0, 3, 6, 
08/25/2020 14:41:43.053, 08/25/2020 14:41:43.000, 4.12770e+0, 0.00000e+0, 9.25814e+1, 0.00000e+0, 1.98519e+0, 0.00000e+0, 2.07214e+4, 0.00000e+0, 4.20482e+2, 0.00000e+0, 2.02719e+0, 0.00000e+0, 4.29379e+2, 0.00000e+0, 5.00875e+2, 0.00000e+0, 3.56605e+1, 0.00000e+0, 3.38174e+1, 0.00000e+0, 3.59034e+0, 0.00000e+0, 3.16842e+0, 0.00000e+0, 2.00000e+1, 0.00000e+0, 2.00000e+1, 0.00000e+0, 3, 6, 
08/25/2020 14:41:44.046, 08/25/2020 14:41:43.995, 4.12767e+0, 0.00000e+0, 9.25771e+1, 0.00000e+0, 1.98210e+0, 0.00000e+0, 2.09455e+4, 0.00000e+0, 4.16673e+2, 0.00000e+0, 2.02450e+0, 0.00000e+0, 4.25588e+2, 0.00000e+0, 5.00849e+2, 0.00000e+0, 3.56482e+1, 0.00000e+0, 3.38178e+1, 0.00000e+0, 3.59249e+0, 0.00000e+0, 3.16977e+0, 0.00000e+0, 2.00000e+1, 0.00000e+0, 2.00000e+1, 0.00000e+0, 3, 6, 
08/25/2020 14:41:45.046, 08/25/2020 14:41:44.991, 4.12750e+0, 0.00000e+0, 9.25511e+1, 0.00000e+0, 1.98145e+0, 0.00000e+0, 2.07740e+4, 0.00000e+0, 4.14301e+2, 0.00000e+0, 2.02349e+0, 0.00000e+0, 4.23090e+2, 0.00000e+0, 5.00890e+2, 0.00000e+0, 3.56604e+1, 0.00000e+0, 3.38060e+1, 0.00000e+0, 3.59303e+0, 0.00000e+0, 3.16930e+0, 0.00000e+0, 2.00000e+1, 0.00000e+0, 2.00000e+1, 0.00000e+0, 3, 6, 
08/25/2020 14:41:46.039, 08/25/2020 14:41:45.985, 4.12762e+0, 0.00000e+0, 9.25692e+1, 0.00000e+0, 1.98085e+0, 0.00000e+0, 2.10949e+4, 0.00000e+0, 4.12300e+2, 0.00000e+0, 2.02354e+0, 0.00000e+0, 4.21185e+2, 0.00000e+0, 5.00895e+2, 0.00000e+0, 3.56632e+1, 0.00000e+0, 3.38109e+1, 0.00000e+0, 3.58984e+0, 0.00000e+0, 3.16863e+0, 0.00000e+0, 2.00000e+1, 0.00000e+0, 2.00000e+1, 0.00000e+0, 3, 6, 
08/25/2020 14:41:47.034, 08/25/2020 14:41:46.978, 4.12756e+0, 0.00000e+0, 9.25602e+1, 0.00000e+0, 1.98095e+0, 0.00000e+0, 2.09821e+4, 0.00000e+0, 4.10256e+2, 0.00000e+0, 2.02340e+0, 0.00000e+0, 4.19048e+2, 0.00000e+0, 5.00855e+2, 0.00000e+0, 3.56625e+1, 0.00000e+0, 3.38203e+1, 0.00000e+0, 3.59184e+0, 0.00000e+0, 3.16990e+0, 0.00000e+0, 2.00000e+1, 0.00000e+0, 2.00000e+1, 0.00000e+0, 3, 6, 
08/25/2020 14:41:48.024, 08/25/2020 14:41:47.974, 4.12770e+0, 0.00000e+0, 9.25806e+1, 0.00000e+0, 1.97812e+0, 0.00000e+0, 2.11214e+4, 0.00000e+0, 4.12180e+2, 0.00000e+0, 2.02080e+0, 0.00000e+0, 4.21073e+2, 0.00000e+0, 5.00954e+2, 0.00000e+0, 3.56700e+1, 0.00000e+0, 3.38232e+1, 0.00000e+0, 3.59130e+0, 0.00000e+0, 3.17074e+0, 0.00000e+0, 2.00000e+1, 0.00000e+0, 2.00000e+1, 0.00000e+0, 3, 6, 
08/25/2020 14:41:49.020, 08/25/2020 14:41:48.967, 4.12758e+0, 0.00000e+0, 9.25636e+1, 0.00000e+0, 1.97900e+0, 0.00000e+0, 2.11627e+4, 0.00000e+0, 4.42612e+2, 0.00000e+0, 2.02179e+0, 0.00000e+0, 4.52181e+2, 0.00000e+0, 5.00856e+2, 0.00000e+0, 3.56658e+1, 0.00000e+0, 3.38234e+1, 0.00000e+0, 3.59082e+0, 0.00000e+0, 3.17011e+0, 0.00000e+0, 2.00000e+1, 0.00000e+0, 2.00000e+1, 0.00000e+0, 3, 6, 
08/25/2020 14:41:50.015, 08/25/2020 14:41:49.962, 4.12762e+0, 0.00000e+0, 9.25694e+1, 0.00000e+0, 1.98166e+0, 0.00000e+0, 2.11463e+4, 0.00000e+0, 4.95264e+2, 0.00000e+0, 2.02447e+0, 0.00000e+0, 5.05963e+2, 0.00000e+0, 5.00879e+2, 0.00000e+0, 3.56648e+1, 0.00000e+0, 3.38319e+1, 0.00000e+0, 3.58958e+0, 0.00000e+0, 3.17264e+0, 0.00000e+0, 2.00000e+1, 0.00000e+0, 2.00000e+1, 0.00000e+0, 3, 7, 
08/25/2020 14:41:51.009, 08/25/2020 14:41:50.958, 4.12760e+0, 0.00000e+0, 9.25671e+1, 0.00000e+0, 1.98312e+0, 0.00000e+0, 2.10704e+4, 0.00000e+0, 5.28721e+2, 0.00000e+0, 2.02580e+0, 0.00000e+0, 5.40101e+2, 0.00000e+0, 5.00919e+2, 0.00000e+0, 3.56682e+1, 0.00000e+0, 3.38300e+1, 0.00000e+0, 3.59067e+0, 0.00000e+0, 3.17083e+0, 0.00000e+0, 2.00000e+1, 0.00000e+0, 2.00000e+1, 0.00000e+0, 3, 7, 
08/25/2020 14:41:52.004, 08/25/2020 14:41:51.952, 4.12764e+0, 0.00000e+0, 9.25722e+1, 0.00000e+0, 1.98346e+0, 0.00000e+0, 2.12245e+4, 0.00000e+0, 5.22773e+2, 0.00000e+0, 2.02647e+0, 0.00000e+0, 5.34109e+2, 0.00000e+0, 5.00864e+2, 0.00000e+0, 3.56645e+1, 0.00000e+0, 3.38289e+1, 0.00000e+0, 3.59010e+0, 0.00000e+0, 3.17013e+0, 0.00000e+0, 2.00000e+1, 0.00000e+0, 2.00000e+1, 0.00000e+0, 3, 7, 
08/25/2020 14:41:52.999, 08/25/2020 14:41:52.947, 4.12756e+0, 0.00000e+0, 9.25601e+1, 0.00000e+0, 1.98209e+0, 0.00000e+0, 2.14041e+4, 0.00000e+0, 5.02061e+2, 0.00000e+0, 2.02545e+0, 0.00000e+0, 5.13042e+2, 0.00000e+0, 5.00877e+2, 0.00000e+0, 3.56645e+1, 0.00000e+0, 3.38303e+1, 0.00000e+0, 3.58939e+0, 0.00000e+0, 3.17051e+0, 0.00000e+0, 2.00000e+1, 0.00000e+0, 2.00000e+1, 0.00000e+0, 3, 7, 
08/25/2020 14:41:53.992, 08/25/2020 14:41:53.941, 4.12743e+0, 0.00000e+0, 9.25415e+1, 0.00000e+0, 1.97952e+0, 0.00000e+0, 2.12021e+4, 0.00000e+0, 4.94322e+2, 0.00000e+0, 2.02240e+0, 0.00000e+0, 5.05029e+2, 0.00000e+0, 5.00931e+2, 0.00000e+0, 3.56747e+1, 0.00000e+0, 3.38326e+1, 0.00000e+0, 3.58982e+0, 0.00000e+0, 3.17161e+0, 0.00000e+0, 2.00000e+1, 0.00000e+0, 2.00000e+1, 0.00000e+0, 3, 7, 
08/25/2020 14:41:54.991, 08/25/2020 14:41:54.936, 4.12752e+0, 0.00000e+0, 9.25543e+1, 0.00000e+0, 1.98519e+0, 0.00000e+0, 2.16403e+4, 0.00000e+0, 5.10925e+2, 0.00000e+0, 2.02910e+0, 0.00000e+0, 5.22226e+2, 0.00000e+0, 5.00870e+2, 0.00000e+0, 3.56645e+1, 0.00000e+0, 3.38421e+1, 0.00000e+0, 3.58910e+0, 0.00000e+0, 3.17206e+0, 0.00000e+0, 2.00000e+1, 0.00000e+0, 2.00000e+1, 0.00000e+0, 3, 7, 
08/25/2020 14:41:55.987, 08/25/2020 14:41:55.931, 4.12753e+0, 0.00000e+0, 9.25562e+1, 0.00000e+0, 1.98238e+0, 0.00000e+0, 2.12650e+4, 0.00000e+0, 5.47685e+2, 0.00000e+0, 2.02545e+0, 0.00000e+0, 5.59584e+2, 0.00000e+0, 5.00913e+2, 0.00000e+0, 3.56770e+1, 0.00000e+0, 3.38480e+1, 0.00000e+0, 3.58990e+0, 0.00000e+0, 3.17066e+0, 0.00000e+0, 2.00000e+1, 0.00000e+0, 2.00000e+1, 0.00000e+0, 3, 7, 
08/25/2020 14:41:56.973, 08/25/2020 14:41:56.924, 4.12747e+0, 0.00000e+0, 9.25470e+1, 0.00000e+0, 1.98647e+0, 0.00000e+0, 2.13923e+4, 0.00000e+0, 5.59816e+2, 0.00000e+0, 2.02989e+0, 0.00000e+0, 5.72054e+2, 0.00000e+0, 5.00948e+2, 0.00000e+0, 3.56697e+1, 0.00000e+0, 3.38482e+1, 0.00000e+0, 3.58885e+0, 0.00000e+0, 3.17097e+0, 0.00000e+0, 2.00000e+1, 0.00000e+0, 2.00000e+1, 0.00000e+0, 3, 7, 
08/25/2020 14:41:57.969, 08/25/2020 14:41:57.920, 4.12763e+0, 0.00000e+0, 9.25714e+1, 0.00000e+0, 1.98319e+0, 0.00000e+0, 2.13004e+4, 0.00000e+0, 5.36229e+2, 0.00000e+0, 2.02636e+0, 0.00000e+0, 5.47900e+2, 0.00000e+0, 5.00870e+2, 0.00000e+0, 3.56538e+1, 0.00000e+0, 3.38523e+1, 0.00000e+0, 3.59014e+0, 0.00000e+0, 3.17093e+0, 0.00000e+0, 2.00000e+1, 0.00000e+0, 2.00000e+1, 0.00000e+0, 3, 7, 
08/25/2020 14:41:58.966, 08/25/2020 14:41:58.914, 4.12758e+0, 0.00000e+0, 9.25633e+1, 0.00000e+0, 1.98008e+0, 0.00000e+0, 2.15515e+4, 0.00000e+0, 5.01332e+2, 0.00000e+0, 2.02369e+0, 0.00000e+0, 5.12374e+2, 0.00000e+0, 5.00933e+2, 0.00000e+0, 3.56575e+1, 0.00000e+0, 3.38558e+1, 0.00000e+0, 3.58936e+0, 0.00000e+0, 3.17201e+0, 0.00000e+0, 2.00000e+1, 0.00000e+0, 2.00000e+1, 0.00000e+0, 3, 7, 
08/25/2020 14:41:59.965, 08/25/2020 14:41:59.907, 4.12749e+0, 0.00000e+0, 9.25496e+1, 0.00000e+0, 1.98292e+0, 0.00000e+0, 2.13391e+4, 0.00000e+0, 4.74786e+2, 0.00000e+0, 2.02616e+0, 0.00000e+0, 4.85139e+2, 0.00000e+0, 5.00930e+2, 0.00000e+0, 3.56533e+1, 0.00000e+0, 3.38483e+1, 0.00000e+0, 3.59131e+0, 0.00000e+0, 3.17159e+0, 0.00000e+0, 2.00000e+1, 0.00000e+0, 2.00000e+1, 0.00000e+0, 3, 7, 
08/25/2020 14:42:00.949, 08/25/2020 14:42:00.902, 4.12766e+0, 0.00000e+0, 9.25751e+1, 0.00000e+0, 1.98403e+0, 0.00000e+0, 2.10945e+4, 0.00000e+0, 4.58728e+2, 0.00000e+0, 2.02679e+0, 0.00000e+0, 4.68613e+2, 0.00000e+0, 5.00865e+2, 0.00000e+0, 3.56559e+1, 0.00000e+0, 3.38636e+1, 0.00000e+0, 3.59004e+0, 0.00000e+0, 3.16882e+0, 0.00000e+0, 2.00000e+1, 0.00000e+0, 2.00000e+1, 0.00000e+0, 3, 7, 
08/25/2020 14:42:01.945, 08/25/2020 14:42:01.897, 4.12749e+0, 0.00000e+0, 9.25505e+1, 0.00000e+0, 1.98358e+0, 0.00000e+0, 2.11479e+4, 0.00000e+0, 4.55613e+2, 0.00000e+0, 2.02644e+0, 0.00000e+0, 4.65457e+2, 0.00000e+0, 5.00952e+2, 0.00000e+0, 3.56727e+1, 0.00000e+0, 3.38639e+1, 0.00000e+0, 3.59184e+0, 0.00000e+0, 3.16871e+0, 0.00000e+0, 2.00000e+1, 0.00000e+0, 2.00000e+1, 0.00000e+0, 3, 7, 
08/25/2020 14:42:02.952, 08/25/2020 14:42:02.899, 4.12755e+0, 0.00000e+0, 9.25591e+1, 0.00000e+0, 1.98685e+0, 0.00000e+0, 2.11619e+4, 0.00000e+0, 4.59263e+2, 0.00000e+0, 2.02981e+0, 0.00000e+0, 4.69192e+2, 0.00000e+0, 5.00904e+2, 0.00000e+0, 3.56695e+1, 0.00000e+0, 3.38663e+1, 0.00000e+0, 3.59042e+0, 0.00000e+0, 3.17080e+0, 0.00000e+0, 2.00000e+1, 0.00000e+0, 2.00000e+1, 0.00000e+0, 3, 7, 
08/25/2020 14:42:03.943, 08/25/2020 14:42:03.892, 4.12756e+0, 0.00000e+0, 9.25605e+1, 0.00000e+0, 1.98789e+0, 0.00000e+0, 2.11288e+4, 0.00000e+0, 4.69066e+2, 0.00000e+0, 2.03080e+0, 0.00000e+0, 4.79191e+2, 0.00000e+0, 5.00891e+2, 0.00000e+0, 3.56672e+1, 0.00000e+0, 3.38743e+1, 0.00000e+0, 3.59138e+0, 0.00000e+0, 3.17053e+0, 0.00000e+0, 2.00000e+1, 0.00000e+0, 2.00000e+1, 0.00000e+0, 3, 7, 
08/25/2020 14:42:04.932, 08/25/2020 14:42:04.886, 4.12752e+0, 0.00000e+0, 9.25549e+1, 0.00000e+0, 1.99099e+0, 0.00000e+0, 2.11096e+4, 0.00000e+0, 4.76697e+2, 0.00000e+0, 2.03393e+0, 0.00000e+0, 4.86977e+2, 0.00000e+0, 5.00938e+2, 0.00000e+0, 3.56683e+1, 0.00000e+0, 3.38743e+1, 0.00000e+0, 3.59137e+0, 0.00000e+0, 3.17041e+0, 0.00000e+0, 2.00000e+1, 0.00000e+0, 2.00000e+1, 0.00000e+0, 3, 7, 
08/25/2020 14:42:05.936, 08/25/2020 14:42:05.882, 4.12755e+0, 0.00000e+0, 9.25594e+1, 0.00000e+0, 1.98970e+0, 0.00000e+0, 2.11689e+4, 0.00000e+0, 4.84721e+2, 0.00000e+0, 2.03273e+0, 0.00000e+0, 4.95204e+2, 0.00000e+0, 5.00893e+2, 0.00000e+0, 3.56644e+1, 0.00000e+0, 3.38718e+1, 0.00000e+0, 3.59227e+0, 0.00000e+0, 3.16929e+0, 0.00000e+0, 2.00000e+1, 0.00000e+0, 2.00000e+1, 0.00000e+0, 3, 7, 
08/25/2020 14:42:06.935, 08/25/2020 14:42:06.877, 4.12754e+0, 0.00000e+0, 9.25579e+1, 0.00000e+0, 1.99266e+0, 0.00000e+0, 2.12763e+4, 0.00000e+0, 4.90227e+2, 0.00000e+0, 2.03598e+0, 0.00000e+0, 5.00884e+2, 0.00000e+0, 5.00952e+2, 0.00000e+0, 3.56614e+1, 0.00000e+0, 3.38784e+1, 0.00000e+0, 3.58915e+0, 0.00000e+0, 3.17053e+0, 0.00000e+0, 2.00000e+1, 0.00000e+0, 2.00000e+1, 0.00000e+0, 3, 7, 
08/25/2020 14:42:07.925, 08/25/2020 14:42:07.870, 4.12755e+0, 0.00000e+0, 9.25585e+1, 0.00000e+0, 1.99421e+0, 0.00000e+0, 2.12569e+4, 0.00000e+0, 4.93528e+2, 0.00000e+0, 2.03752e+0, 0.00000e+0, 5.04247e+2, 0.00000e+0, 5.00943e+2, 0.00000e+0, 3.56597e+1, 0.00000e+0, 3.38720e+1, 0.00000e+0, 3.59077e+0, 0.00000e+0, 3.16935e+0, 0.00000e+0, 2.00000e+1, 0.00000e+0, 2.00000e+1, 0.00000e+0, 3, 7, 
08/25/2020 14:42:08.914, 08/25/2020 14:42:08.866, 4.12746e+0, 0.00000e+0, 9.25463e+1, 0.00000e+0, 1.99522e+0, 0.00000e+0, 2.14762e+4, 0.00000e+0, 4.96409e+2, 0.00000e+0, 2.03901e+0, 0.00000e+0, 5.07304e+2, 0.00000e+0, 5.00871e+2, 0.00000e+0, 3.56656e+1, 0.00000e+0, 3.38733e+1, 0.00000e+0, 3.59026e+0, 0.00000e+0, 3.16982e+0, 0.00000e+0, 2.00000e+1, 0.00000e+0, 2.00000e+1, 0.00000e+0, 3, 7, 
08/25/2020 14:42:09.915, 08/25/2020 14:42:09.860, 4.12753e+0, 0.00000e+0, 9.25568e+1, 0.00000e+0, 1.99210e+0, 0.00000e+0, 2.14850e+4, 0.00000e+0, 5.00125e+2, 0.00000e+0, 2.03584e+0, 0.00000e+0, 5.11106e+2, 0.00000e+0, 5.00939e+2, 0.00000e+0, 3.56589e+1, 0.00000e+0, 3.38832e+1, 0.00000e+0, 3.59054e+0, 0.00000e+0, 3.17024e+0, 0.00000e+0, 2.00000e+1, 0.00000e+0, 2.00000e+1, 0.00000e+0, 3, 7, 
08/25/2020 14:42:10.910, 08/25/2020 14:42:10.854, 4.12754e+0, 0.00000e+0, 9.25574e+1, 0.00000e+0, 1.98739e+0, 0.00000e+0, 2.16350e+4, 0.00000e+0, 4.99991e+2, 0.00000e+0, 2.03134e+0, 0.00000e+0, 5.11048e+2, 0.00000e+0, 5.00881e+2, 0.00000e+0, 3.56641e+1, 0.00000e+0, 3.38786e+1, 0.00000e+0, 3.59078e+0, 0.00000e+0, 3.16998e+0, 0.00000e+0, 2.00000e+1, 0.00000e+0, 2.00000e+1, 0.00000e+0, 3, 7, 
08/25/2020 14:42:11.908, 08/25/2020 14:42:11.849, 4.12751e+0, 0.00000e+0, 9.25535e+1, 0.00000e+0, 1.99433e+0, 0.00000e+0, 2.15931e+4, 0.00000e+0, 5.01726e+2, 0.00000e+0, 2.03834e+0, 0.00000e+0, 5.12799e+2, 0.00000e+0, 5.00895e+2, 0.00000e+0, 3.56577e+1, 0.00000e+0, 3.38944e+1, 0.00000e+0, 3.59095e+0, 0.00000e+0, 3.16933e+0, 0.00000e+0, 2.00000e+1, 0.00000e+0, 2.00000e+1, 0.00000e+0, 3, 7, 
08/25/2020 14:42:12.899, 08/25/2020 14:42:12.843, 4.12757e+0, 0.00000e+0, 9.25615e+1, 0.00000e+0, 1.99495e+0, 0.00000e+0, 2.17377e+4, 0.00000e+0, 5.02934e+2, 0.00000e+0, 2.03928e+0, 0.00000e+0, 5.14110e+2, 0.00000e+0, 5.00945e+2, 0.00000e+0, 3.56587e+1, 0.00000e+0, 3.38925e+1, 0.00000e+0, 3.58996e+0, 0.00000e+0, 3.16985e+0, 0.00000e+0, 2.00000e+1, 0.00000e+0, 2.00000e+1, 0.00000e+0, 3, 7, 
08/25/2020 14:42:13.890, 08/25/2020 14:42:13.839, 4.12748e+0, 0.00000e+0, 9.25487e+1, 0.00000e+0, 1.99612e+0, 0.00000e+0, 2.17098e+4, 0.00000e+0, 5.01422e+2, 0.00000e+0, 2.04041e+0, 0.00000e+0, 5.12549e+2, 0.00000e+0, 5.00871e+2, 0.00000e+0, 3.56567e+1, 0.00000e+0, 3.38903e+1, 0.00000e+0, 3.58912e+0, 0.00000e+0, 3.16967e+0, 0.00000e+0, 2.00000e+1, 0.00000e+0, 2.00000e+1, 0.00000e+0, 3, 7, 
08/25/2020 14:42:14.884, 08/25/2020 14:42:14.832, 4.12747e+0, 0.00000e+0, 9.25470e+1, 0.00000e+0, 1.99526e+0, 0.00000e+0, 2.17617e+4, 0.00000e+0, 5.02384e+2, 0.00000e+0, 2.03964e+0, 0.00000e+0, 5.13560e+2, 0.00000e+0, 5.00931e+2, 0.00000e+0, 3.56620e+1, 0.00000e+0, 3.38986e+1, 0.00000e+0, 3.58938e+0, 0.00000e+0, 3.16970e+0, 0.00000e+0, 2.00000e+1, 0.00000e+0, 2.00000e+1, 0.00000e+0, 3, 7, 
08/25/2020 14:42:15.876, 08/25/2020 14:42:15.828, 4.12750e+0, 0.00000e+0, 9.25516e+1, 0.00000e+0, 1.99501e+0, 0.00000e+0, 2.16063e+4, 0.00000e+0, 5.05264e+2, 0.00000e+0, 2.03907e+0, 0.00000e+0, 5.16422e+2, 0.00000e+0, 5.00930e+2, 0.00000e+0, 3.56756e+1, 0.00000e+0, 3.39023e+1, 0.00000e+0, 3.59071e+0, 0.00000e+0, 3.16875e+0, 0.00000e+0, 2.00000e+1, 0.00000e+0, 2.00000e+1, 0.00000e+0, 3, 7, 
08/25/2020 14:42:16.879, 08/25/2020 14:42:16.822, 4.12757e+0, 0.00000e+0, 9.25620e+1, 0.00000e+0, 1.99124e+0, 0.00000e+0, 2.20335e+4, 0.00000e+0, 5.02700e+2, 0.00000e+0, 2.03610e+0, 0.00000e+0, 5.14026e+2, 0.00000e+0, 5.00893e+2, 0.00000e+0, 3.56729e+1, 0.00000e+0, 3.39099e+1, 0.00000e+0, 3.59076e+0, 0.00000e+0, 3.17070e+0, 0.00000e+0, 2.00000e+1, 0.00000e+0, 2.00000e+1, 0.00000e+0, 3, 7, 
08/25/2020 14:42:17.872, 08/25/2020 14:42:17.816, 4.12761e+0, 0.00000e+0, 9.25682e+1, 0.00000e+0, 1.99188e+0, 0.00000e+0, 2.18465e+4, 0.00000e+0, 5.03259e+2, 0.00000e+0, 2.03637e+0, 0.00000e+0, 5.14499e+2, 0.00000e+0, 5.00930e+2, 0.00000e+0, 3.56623e+1, 0.00000e+0, 3.39084e+1, 0.00000e+0, 3.59001e+0, 0.00000e+0, 3.17142e+0, 0.00000e+0, 2.00000e+1, 0.00000e+0, 2.00000e+1, 0.00000e+0, 3, 7, 
08/25/2020 14:42:18.863, 08/25/2020 14:42:18.810, 4.12749e+0, 0.00000e+0, 9.25509e+1, 0.00000e+0, 1.99090e+0, 0.00000e+0, 2.20421e+4, 0.00000e+0, 5.04782e+2, 0.00000e+0, 2.03577e+0, 0.00000e+0, 5.16159e+2, 0.00000e+0, 5.00887e+2, 0.00000e+0, 3.56635e+1, 0.00000e+0, 3.39025e+1, 0.00000e+0, 3.58911e+0, 0.00000e+0, 3.17021e+0, 0.00000e+0, 2.00000e+1, 0.00000e+0, 2.00000e+1, 0.00000e+0, 3, 7, 
08/25/2020 14:42:19.859, 08/25/2020 14:42:19.806, 4.12734e+0, 0.00000e+0, 9.25283e+1, 0.00000e+0, 1.99359e+0, 0.00000e+0, 2.21031e+4, 0.00000e+0, 5.05618e+2, 0.00000e+0, 2.03866e+0, 0.00000e+0, 5.17047e+2, 0.00000e+0, 5.00915e+2, 0.00000e+0, 3.56639e+1, 0.00000e+0, 3.39058e+1, 0.00000e+0, 3.59055e+0, 0.00000e+0, 3.17071e+0, 0.00000e+0, 2.00000e+1, 0.00000e+0, 2.00000e+1, 0.00000e+0, 3, 7, 
08/25/2020 14:42:20.851, 08/25/2020 14:42:20.799, 4.12746e+0, 0.00000e+0, 9.25457e+1, 0.00000e+0, 1.99742e+0, 0.00000e+0, 2.21548e+4, 0.00000e+0, 5.05587e+2, 0.00000e+0, 2.04267e+0, 0.00000e+0, 5.17042e+2, 0.00000e+0, 5.00917e+2, 0.00000e+0, 3.56640e+1, 0.00000e+0, 3.39006e+1, 0.00000e+0, 3.59006e+0, 0.00000e+0, 3.16999e+0, 0.00000e+0, 2.00000e+1, 0.00000e+0, 2.00000e+1, 0.00000e+0, 3, 8, 
08/25/2020 14:42:21.846, 08/25/2020 14:42:21.794, 4.12740e+0, 0.00000e+0, 9.25362e+1, 0.00000e+0, 1.99337e+0, 0.00000e+0, 2.21910e+4, 0.00000e+0, 5.04125e+2, 0.00000e+0, 2.03861e+0, 0.00000e+0, 5.15566e+2, 0.00000e+0, 5.00860e+2, 0.00000e+0, 3.56621e+1, 0.00000e+0, 3.39033e+1, 0.00000e+0, 3.59034e+0, 0.00000e+0, 3.16967e+0, 0.00000e+0, 2.00000e+1, 0.00000e+0, 2.00000e+1, 0.00000e+0, 3, 8, 
08/25/2020 14:42:22.839, 08/25/2020 14:42:22.789, 4.12750e+0, 0.00000e+0, 9.25511e+1, 0.00000e+0, 1.99643e+0, 0.00000e+0, 2.20571e+4, 0.00000e+0, 5.06646e+2, 0.00000e+0, 2.04146e+0, 0.00000e+0, 5.18073e+2, 0.00000e+0, 5.00946e+2, 0.00000e+0, 3.56722e+1, 0.00000e+0, 3.39182e+1, 0.00000e+0, 3.58848e+0, 0.00000e+0, 3.17042e+0, 0.00000e+0, 2.00000e+1, 0.00000e+0, 2.00000e+1, 0.00000e+0, 3, 8, 
08/25/2020 14:42:23.834, 08/25/2020 14:42:23.783, 4.12751e+0, 0.00000e+0, 9.25527e+1, 0.00000e+0, 1.99136e+0, 0.00000e+0, 2.20932e+4, 0.00000e+0, 5.05114e+2, 0.00000e+0, 2.03635e+0, 0.00000e+0, 5.16526e+2, 0.00000e+0, 5.00915e+2, 0.00000e+0, 3.56799e+1, 0.00000e+0, 3.39113e+1, 0.00000e+0, 3.58936e+0, 0.00000e+0, 3.17078e+0, 0.00000e+0, 2.00000e+1, 0.00000e+0, 2.00000e+1, 0.00000e+0, 3, 8, 
08/25/2020 14:42:24.833, 08/25/2020 14:42:24.778, 4.12751e+0, 0.00000e+0, 9.25535e+1, 0.00000e+0, 1.99885e+0, 0.00000e+0, 2.23791e+4, 0.00000e+0, 5.04335e+2, 0.00000e+0, 2.04460e+0, 0.00000e+0, 5.15880e+2, 0.00000e+0, 5.00870e+2, 0.00000e+0, 3.56721e+1, 0.00000e+0, 3.39176e+1, 0.00000e+0, 3.58752e+0, 0.00000e+0, 3.16958e+0, 0.00000e+0, 2.00000e+1, 0.00000e+0, 2.00000e+1, 0.00000e+0, 3, 8, 
08/25/2020 14:42:25.827, 08/25/2020 14:42:25.772, 4.12755e+0, 0.00000e+0, 9.25591e+1, 0.00000e+0, 2.00004e+0, 0.00000e+0, 2.22614e+4, 0.00000e+0, 5.01889e+2, 0.00000e+0, 2.04558e+0, 0.00000e+0, 5.13316e+2, 0.00000e+0, 5.00918e+2, 0.00000e+0, 3.56776e+1, 0.00000e+0, 3.39199e+1, 0.00000e+0, 3.58652e+0, 0.00000e+0, 3.16986e+0, 0.00000e+0, 2.00000e+1, 0.00000e+0, 2.00000e+1, 0.00000e+0, 3, 8, 
08/25/2020 14:42:26.819, 08/25/2020 14:42:26.767, 4.12737e+0, 0.00000e+0, 9.25328e+1, 0.00000e+0, 1.99296e+0, 0.00000e+0, 2.23812e+4, 0.00000e+0, 5.01899e+2, 0.00000e+0, 2.03859e+0, 0.00000e+0, 5.13389e+2, 0.00000e+0, 5.00864e+2, 0.00000e+0, 3.56786e+1, 0.00000e+0, 3.39146e+1, 0.00000e+0, 3.58812e+0, 0.00000e+0, 3.17079e+0, 0.00000e+0, 2.00000e+1, 0.00000e+0, 2.00000e+1, 0.00000e+0, 3, 8, 
08/25/2020 14:42:27.816, 08/25/2020 14:42:27.762, 4.12753e+0, 0.00000e+0, 9.25556e+1, 0.00000e+0, 2.00005e+0, 0.00000e+0, 2.23298e+4, 0.00000e+0, 5.00834e+2, 0.00000e+0, 2.04573e+0, 0.00000e+0, 5.12273e+2, 0.00000e+0, 5.00879e+2, 0.00000e+0, 3.56702e+1, 0.00000e+0, 3.39273e+1, 0.00000e+0, 3.58689e+0, 0.00000e+0, 3.17089e+0, 0.00000e+0, 2.00000e+1, 0.00000e+0, 2.00000e+1, 0.00000e+0, 3, 8, 
08/25/2020 14:42:28.812, 08/25/2020 14:42:28.756, 4.12751e+0, 0.00000e+0, 9.25528e+1, 0.00000e+0, 1.99788e+0, 0.00000e+0, 2.22071e+4, 0.00000e+0, 4.98982e+2, 0.00000e+0, 2.04326e+0, 0.00000e+0, 5.10314e+2, 0.00000e+0, 5.00884e+2, 0.00000e+0, 3.56765e+1, 0.00000e+0, 3.39271e+1, 0.00000e+0, 3.58723e+0, 0.00000e+0, 3.17003e+0, 0.00000e+0, 2.00000e+1, 0.00000e+0, 2.00000e+1, 0.00000e+0, 3, 8, 
08/25/2020 14:42:29.797, 08/25/2020 14:42:29.750, 4.12743e+0, 0.00000e+0, 9.25418e+1, 0.00000e+0, 1.99673e+0, 0.00000e+0, 2.22322e+4, 0.00000e+0, 4.98209e+2, 0.00000e+0, 2.04213e+0, 0.00000e+0, 5.09538e+2, 0.00000e+0, 5.00858e+2, 0.00000e+0, 3.56870e+1, 0.00000e+0, 3.39308e+1, 0.00000e+0, 3.58691e+0, 0.00000e+0, 3.17021e+0, 0.00000e+0, 2.00000e+1, 0.00000e+0, 2.00000e+1, 0.00000e+0, 3, 8, 
08/25/2020 14:42:30.801, 08/25/2020 14:42:30.745, 4.12736e+0, 0.00000e+0, 9.25313e+1, 0.00000e+0, 1.99655e+0, 0.00000e+0, 2.25019e+4, 0.00000e+0, 4.96675e+2, 0.00000e+0, 2.04251e+0, 0.00000e+0, 5.08108e+2, 0.00000e+0, 5.00932e+2, 0.00000e+0, 3.56873e+1, 0.00000e+0, 3.39372e+1, 0.00000e+0, 3.58731e+0, 0.00000e+0, 3.17077e+0, 0.00000e+0, 2.00000e+1, 0.00000e+0, 2.00000e+1, 0.00000e+0, 3, 8, 
08/25/2020 14:42:31.795, 08/25/2020 14:42:31.740, 4.12753e+0, 0.00000e+0, 9.25558e+1, 0.00000e+0, 1.99758e+0, 0.00000e+0, 2.22684e+4, 0.00000e+0, 4.94753e+2, 0.00000e+0, 2.04307e+0, 0.00000e+0, 5.06022e+2, 0.00000e+0, 5.00887e+2, 0.00000e+0, 3.56976e+1, 0.00000e+0, 3.39409e+1, 0.00000e+0, 3.58638e+0, 0.00000e+0, 3.17032e+0, 0.00000e+0, 2.00000e+1, 0.00000e+0, 2.00000e+1, 0.00000e+0, 3, 8, 
08/25/2020 14:42:32.787, 08/25/2020 14:42:32.734, 4.12742e+0, 0.00000e+0, 9.25400e+1, 0.00000e+0, 1.99522e+0, 0.00000e+0, 2.22316e+4, 0.00000e+0, 4.93900e+2, 0.00000e+0, 2.04058e+0, 0.00000e+0, 5.05130e+2, 0.00000e+0, 5.00844e+2, 0.00000e+0, 3.56923e+1, 0.00000e+0, 3.39493e+1, 0.00000e+0, 3.58826e+0, 0.00000e+0, 3.17035e+0, 0.00000e+0, 2.00000e+1, 0.00000e+0, 2.00000e+1, 0.00000e+0, 3, 8, 
08/25/2020 14:42:33.778, 08/25/2020 14:42:33.730, 4.12753e+0, 0.00000e+0, 9.25563e+1, 0.00000e+0, 2.00080e+0, 0.00000e+0, 2.21524e+4, 0.00000e+0, 4.92346e+2, 0.00000e+0, 2.04612e+0, 0.00000e+0, 5.03500e+2, 0.00000e+0, 5.00920e+2, 0.00000e+0, 3.56934e+1, 0.00000e+0, 3.39530e+1, 0.00000e+0, 3.58665e+0, 0.00000e+0, 3.16985e+0, 0.00000e+0, 2.00000e+1, 0.00000e+0, 2.00000e+1, 0.00000e+0, 3, 8, 
08/25/2020 14:42:34.780, 08/25/2020 14:42:34.723, 4.12747e+0, 0.00000e+0, 9.25465e+1, 0.00000e+0, 1.99948e+0, 0.00000e+0, 2.23663e+4, 0.00000e+0, 4.92568e+2, 0.00000e+0, 2.04522e+0, 0.00000e+0, 5.03837e+2, 0.00000e+0, 5.00863e+2, 0.00000e+0, 3.56978e+1, 0.00000e+0, 3.39499e+1, 0.00000e+0, 3.58763e+0, 0.00000e+0, 3.16924e+0, 0.00000e+0, 2.00000e+1, 0.00000e+0, 2.00000e+1, 0.00000e+0, 3, 8, 
08/25/2020 14:42:35.768, 08/25/2020 14:42:35.718, 4.12743e+0, 0.00000e+0, 9.25416e+1, 0.00000e+0, 1.99630e+0, 0.00000e+0, 2.22604e+4, 0.00000e+0, 4.92560e+2, 0.00000e+0, 2.04175e+0, 0.00000e+0, 5.03774e+2, 0.00000e+0, 5.00855e+2, 0.00000e+0, 3.56964e+1, 0.00000e+0, 3.39583e+1, 0.00000e+0, 3.58993e+0, 0.00000e+0, 3.17031e+0, 0.00000e+0, 2.00000e+1, 0.00000e+0, 2.00000e+1, 0.00000e+0, 3, 8, 
08/25/2020 14:42:36.760, 08/25/2020 14:42:36.712, 4.12745e+0, 0.00000e+0, 9.25445e+1, 0.00000e+0, 1.99626e+0, 0.00000e+0, 2.25533e+4, 0.00000e+0, 4.91765e+2, 0.00000e+0, 2.04232e+0, 0.00000e+0, 5.03112e+2, 0.00000e+0, 5.00923e+2, 0.00000e+0, 3.56932e+1, 0.00000e+0, 3.39578e+1, 0.00000e+0, 3.58672e+0, 0.00000e+0, 3.16758e+0, 0.00000e+0, 2.00000e+1, 0.00000e+0, 2.00000e+1, 0.00000e+0, 3, 8, 
08/25/2020 14:42:37.756, 08/25/2020 14:42:37.706, 4.12752e+0, 0.00000e+0, 9.25549e+1, 0.00000e+0, 1.99425e+0, 0.00000e+0, 2.23609e+4, 0.00000e+0, 4.92865e+2, 0.00000e+0, 2.03987e+0, 0.00000e+0, 5.04138e+2, 0.00000e+0, 5.00863e+2, 0.00000e+0, 3.56907e+1, 0.00000e+0, 3.39583e+1, 0.00000e+0, 3.58619e+0, 0.00000e+0, 3.16886e+0, 0.00000e+0, 2.00000e+1, 0.00000e+0, 2.00000e+1, 0.00000e+0, 3, 8, 
08/25/2020 14:42:38.755, 08/25/2020 14:42:38.702, 4.12741e+0, 0.00000e+0, 9.25384e+1, 0.00000e+0, 1.99747e+0, 0.00000e+0, 2.21674e+4, 0.00000e+0, 4.90706e+2, 0.00000e+0, 2.04276e+0, 0.00000e+0, 5.01830e+2, 0.00000e+0, 5.00845e+2, 0.00000e+0, 3.56921e+1, 0.00000e+0, 3.39622e+1, 0.00000e+0, 3.58593e+0, 0.00000e+0, 3.16768e+0, 0.00000e+0, 2.00000e+1, 0.00000e+0, 2.00000e+1, 0.00000e+0, 3, 8, 
08/25/2020 14:42:39.751, 08/25/2020 14:42:39.695, 4.12739e+0, 0.00000e+0, 9.25347e+1, 0.00000e+0, 1.99971e+0, 0.00000e+0, 2.25579e+4, 0.00000e+0, 4.91950e+2, 0.00000e+0, 2.04586e+0, 0.00000e+0, 5.03303e+2, 0.00000e+0, 5.00916e+2, 0.00000e+0, 3.56903e+1, 0.00000e+0, 3.39670e+1, 0.00000e+0, 3.58751e+0, 0.00000e+0, 3.16784e+0, 0.00000e+0, 2.00000e+1, 0.00000e+0, 2.00000e+1, 0.00000e+0, 3, 8, 
08/25/2020 14:42:40.742, 08/25/2020 14:42:40.690, 4.12749e+0, 0.00000e+0, 9.25496e+1, 0.00000e+0, 1.99831e+0, 0.00000e+0, 2.23422e+4, 0.00000e+0, 4.91504e+2, 0.00000e+0, 2.04398e+0, 0.00000e+0, 5.02736e+2, 0.00000e+0, 5.00840e+2, 0.00000e+0, 3.56978e+1, 0.00000e+0, 3.39616e+1, 0.00000e+0, 3.58745e+0, 0.00000e+0, 3.16693e+0, 0.00000e+0, 2.00000e+1, 0.00000e+0, 2.00000e+1, 0.00000e+0, 3, 8, 
08/25/2020 14:42:41.743, 08/25/2020 14:42:41.686, 4.12734e+0, 0.00000e+0, 9.25282e+1, 0.00000e+0, 1.99665e+0, 0.00000e+0, 2.23436e+4, 0.00000e+0, 4.89720e+2, 0.00000e+0, 2.04229e+0, 0.00000e+0, 5.00912e+2, 0.00000e+0, 5.00882e+2, 0.00000e+0, 3.57034e+1, 0.00000e+0, 3.39654e+1, 0.00000e+0, 3.58917e+0, 0.00000e+0, 3.16817e+0, 0.00000e+0, 2.00000e+1, 0.00000e+0, 2.00000e+1, 0.00000e+0, 3, 8, 
08/25/2020 14:42:42.735, 08/25/2020 14:42:42.680, 4.12746e+0, 0.00000e+0, 9.25452e+1, 0.00000e+0, 1.99739e+0, 0.00000e+0, 2.23605e+4, 0.00000e+0, 4.90920e+2, 0.00000e+0, 2.04308e+0, 0.00000e+0, 5.02149e+2, 0.00000e+0, 5.00907e+2, 0.00000e+0, 3.57048e+1, 0.00000e+0, 3.39669e+1, 0.00000e+0, 3.58827e+0, 0.00000e+0, 3.16715e+0, 0.00000e+0, 2.00000e+1, 0.00000e+0, 2.00000e+1, 0.00000e+0, 3, 8, 
08/25/2020 14:42:43.726, 08/25/2020 14:42:43.674, 4.12747e+0, 0.00000e+0, 9.25470e+1, 0.00000e+0, 1.99461e+0, 0.00000e+0, 2.23736e+4, 0.00000e+0, 4.92477e+2, 0.00000e+0, 2.04026e+0, 0.00000e+0, 5.03747e+2, 0.00000e+0, 5.00851e+2, 0.00000e+0, 3.57046e+1, 0.00000e+0, 3.39719e+1, 0.00000e+0, 3.58971e+0, 0.00000e+0, 3.16684e+0, 0.00000e+0, 2.00000e+1, 0.00000e+0, 2.00000e+1, 0.00000e+0, 3, 8, 
08/25/2020 14:42:44.725, 08/25/2020 14:42:44.668, 4.12733e+0, 0.00000e+0, 9.25270e+1, 0.00000e+0, 1.99512e+0, 0.00000e+0, 2.23149e+4, 0.00000e+0, 4.91731e+2, 0.00000e+0, 2.04065e+0, 0.00000e+0, 5.02954e+2, 0.00000e+0, 5.00883e+2, 0.00000e+0, 3.57038e+1, 0.00000e+0, 3.39774e+1, 0.00000e+0, 3.58907e+0, 0.00000e+0, 3.16683e+0, 0.00000e+0, 2.00000e+1, 0.00000e+0, 2.00000e+1, 0.00000e+0, 3, 8, 
08/25/2020 14:42:45.723, 08/25/2020 14:42:45.663, 4.12732e+0, 0.00000e+0, 9.25255e+1, 0.00000e+0, 1.99379e+0, 0.00000e+0, 2.25067e+4, 0.00000e+0, 4.90037e+2, 0.00000e+0, 2.03969e+0, 0.00000e+0, 5.01320e+2, 0.00000e+0, 5.00938e+2, 0.00000e+0, 3.57086e+1, 0.00000e+0, 3.39773e+1, 0.00000e+0, 3.59189e+0, 0.00000e+0, 3.16831e+0, 0.00000e+0, 2.00000e+1, 0.00000e+0, 2.00000e+1, 0.00000e+0, 3, 8, 
08/25/2020 14:42:46.712, 08/25/2020 14:42:46.658, 4.12742e+0, 0.00000e+0, 9.25398e+1, 0.00000e+0, 1.99318e+0, 0.00000e+0, 2.22846e+4, 0.00000e+0, 4.92107e+2, 0.00000e+0, 2.03861e+0, 0.00000e+0, 5.03323e+2, 0.00000e+0, 5.00837e+2, 0.00000e+0, 3.57024e+1, 0.00000e+0, 3.39850e+1, 0.00000e+0, 3.58813e+0, 0.00000e+0, 3.16586e+0, 0.00000e+0, 2.00000e+1, 0.00000e+0, 2.00000e+1, 0.00000e+0, 3, 8, 
08/25/2020 14:42:47.703, 08/25/2020 14:42:47.653, 4.12743e+0, 0.00000e+0, 9.25406e+1, 0.00000e+0, 1.99717e+0, 0.00000e+0, 2.24269e+4, 0.00000e+0, 4.92787e+2, 0.00000e+0, 2.04299e+0, 0.00000e+0, 5.04092e+2, 0.00000e+0, 5.00889e+2, 0.00000e+0, 3.56998e+1, 0.00000e+0, 3.39897e+1, 0.00000e+0, 3.59011e+0, 0.00000e+0, 3.16575e+0, 0.00000e+0, 2.00000e+1, 0.00000e+0, 2.00000e+1, 0.00000e+0, 3, 8, 
08/25/2020 14:42:48.702, 08/25/2020 14:42:48.646, 4.12735e+0, 0.00000e+0, 9.25292e+1, 0.00000e+0, 1.99894e+0, 0.00000e+0, 2.23229e+4, 0.00000e+0, 4.92449e+2, 0.00000e+0, 2.04458e+0, 0.00000e+0, 5.03693e+2, 0.00000e+0, 5.00915e+2, 0.00000e+0, 3.56965e+1, 0.00000e+0, 3.39777e+1, 0.00000e+0, 3.58851e+0, 0.00000e+0, 3.16636e+0, 0.00000e+0, 2.00000e+1, 0.00000e+0, 2.00000e+1, 0.00000e+0, 3, 8, 
08/25/2020 14:42:49.698, 08/25/2020 14:42:49.641, 4.12753e+0, 0.00000e+0, 9.25564e+1, 0.00000e+0, 1.99953e+0, 0.00000e+0, 2.24862e+4, 0.00000e+0, 4.93093e+2, 0.00000e+0, 2.04553e+0, 0.00000e+0, 5.04436e+2, 0.00000e+0, 5.00839e+2, 0.00000e+0, 3.57026e+1, 0.00000e+0, 3.39827e+1, 0.00000e+0, 3.58812e+0, 0.00000e+0, 3.16629e+0, 0.00000e+0, 2.00000e+1, 0.00000e+0, 2.00000e+1, 0.00000e+0, 3, 8, 
08/25/2020 14:42:50.690, 08/25/2020 14:42:50.635, 4.12746e+0, 0.00000e+0, 9.25455e+1, 0.00000e+0, 1.99687e+0, 0.00000e+0, 2.25895e+4, 0.00000e+0, 4.92339e+2, 0.00000e+0, 2.04302e+0, 0.00000e+0, 5.03717e+2, 0.00000e+0, 5.00891e+2, 0.00000e+0, 3.56994e+1, 0.00000e+0, 3.39908e+1, 0.00000e+0, 3.58970e+0, 0.00000e+0, 3.16617e+0, 0.00000e+0, 2.00000e+1, 0.00000e+0, 2.00000e+1, 0.00000e+0, 3, 1, 
08/25/2020 14:42:51.682, 08/25/2020 14:42:51.631, 4.12750e+0, 0.00000e+0, 9.25509e+1, 0.00000e+0, 1.99831e+0, 0.00000e+0, 2.23732e+4, 0.00000e+0, 4.96802e+2, 0.00000e+0, 2.04404e+0, 0.00000e+0, 5.08171e+2, 0.00000e+0, 5.00901e+2, 0.00000e+0, 3.57163e+1, 0.00000e+0, 3.39904e+1, 0.00000e+0, 3.58736e+0, 0.00000e+0, 3.16674e+0, 0.00000e+0, 2.00000e+1, 0.00000e+0, 2.00000e+1, 0.00000e+0, 3, 1, 
08/25/2020 14:42:52.678, 08/25/2020 14:42:52.625, 4.12741e+0, 0.00000e+0, 9.25391e+1, 0.00000e+0, 1.99561e+0, 0.00000e+0, 2.25624e+4, 0.00000e+0, 4.92824e+2, 0.00000e+0, 2.04167e+0, 0.00000e+0, 5.04200e+2, 0.00000e+0, 5.00846e+2, 0.00000e+0, 3.57107e+1, 0.00000e+0, 3.39972e+1, 0.00000e+0, 3.58900e+0, 0.00000e+0, 3.16633e+0, 0.00000e+0, 2.00000e+1, 0.00000e+0, 2.00000e+1, 0.00000e+0, 3, 1, 
08/25/2020 14:42:53.677, 08/25/2020 14:42:53.627, 4.12743e+0, 0.00000e+0, 9.25410e+1, 0.00000e+0, 1.99895e+0, 0.00000e+0, 2.24329e+4, 0.00000e+0, 4.95111e+2, 0.00000e+0, 2.04482e+0, 0.00000e+0, 5.06472e+2, 0.00000e+0, 5.00936e+2, 0.00000e+0, 3.57010e+1, 0.00000e+0, 3.40007e+1, 0.00000e+0, 3.58889e+0, 0.00000e+0, 3.16709e+0, 0.00000e+0, 2.00000e+1, 0.00000e+0, 2.00000e+1, 0.00000e+0, 3, 1, 
08/25/2020 14:42:54.675, 08/25/2020 14:42:54.620, 4.12745e+0, 0.00000e+0, 9.25438e+1, 0.00000e+0, 1.99519e+0, 0.00000e+0, 2.23578e+4, 0.00000e+0, 4.95127e+2, 0.00000e+0, 2.04082e+0, 0.00000e+0, 5.06450e+2, 0.00000e+0, 5.00881e+2, 0.00000e+0, 3.57076e+1, 0.00000e+0, 3.40001e+1, 0.00000e+0, 3.58894e+0, 0.00000e+0, 3.16645e+0, 0.00000e+0, 2.00000e+1, 0.00000e+0, 2.00000e+1, 0.00000e+0, 3, 1, 
08/25/2020 14:42:55.666, 08/25/2020 14:42:55.614, 4.12747e+0, 0.00000e+0, 9.25470e+1, 0.00000e+0, 1.99953e+0, 0.00000e+0, 2.24921e+4, 0.00000e+0, 4.96861e+2, 0.00000e+0, 2.04554e+0, 0.00000e+0, 5.08294e+2, 0.00000e+0, 5.00874e+2, 0.00000e+0, 3.57094e+1, 0.00000e+0, 3.40041e+1, 0.00000e+0, 3.58855e+0, 0.00000e+0, 3.16598e+0, 0.00000e+0, 2.00000e+1, 0.00000e+0, 2.00000e+1, 0.00000e+0, 3, 1, 
08/25/2020 14:42:56.662, 08/25/2020 14:42:56.610, 4.12726e+0, 0.00000e+0, 9.25159e+1, 0.00000e+0, 1.99913e+0, 0.00000e+0, 2.23937e+4, 0.00000e+0, 4.94095e+2, 0.00000e+0, 2.04493e+0, 0.00000e+0, 5.05413e+2, 0.00000e+0, 5.00912e+2, 0.00000e+0, 3.57060e+1, 0.00000e+0, 3.40005e+1, 0.00000e+0, 3.58892e+0, 0.00000e+0, 3.16760e+0, 0.00000e+0, 2.00000e+1, 0.00000e+0, 2.00000e+1, 0.00000e+0, 3, 1, 
08/25/2020 14:42:57.654, 08/25/2020 14:42:57.603, 4.12737e+0, 0.00000e+0, 9.25322e+1, 0.00000e+0, 1.99569e+0, 0.00000e+0, 2.24827e+4, 0.00000e+0, 4.97207e+2, 0.00000e+0, 2.04159e+0, 0.00000e+0, 5.08642e+2, 0.00000e+0, 5.00882e+2, 0.00000e+0, 3.57130e+1, 0.00000e+0, 3.40078e+1, 0.00000e+0, 3.58678e+0, 0.00000e+0, 3.16606e+0, 0.00000e+0, 2.00000e+1, 0.00000e+0, 2.00000e+1, 0.00000e+0, 3, 1, 
08/25/2020 14:42:58.650, 08/25/2020 14:42:58.599, 4.12748e+0, 0.00000e+0, 9.25483e+1, 0.00000e+0, 1.99753e+0, 0.00000e+0, 2.26450e+4, 0.00000e+0, 4.96545e+2, 0.00000e+0, 2.04382e+0, 0.00000e+0, 5.08050e+2, 0.00000e+0, 5.00866e+2, 0.00000e+0, 3.57093e+1, 0.00000e+0, 3.40207e+1, 0.00000e+0, 3.58865e+0, 0.00000e+0, 3.16876e+0, 0.00000e+0, 2.00000e+1, 0.00000e+0, 2.00000e+1, 0.00000e+0, 3, 1, 
08/25/2020 14:42:59.650, 08/25/2020 14:42:59.594, 4.12750e+0, 0.00000e+0, 9.25510e+1, 0.00000e+0, 1.99972e+0, 0.00000e+0, 2.23540e+4, 0.00000e+0, 4.95998e+2, 0.00000e+0, 2.04545e+0, 0.00000e+0, 5.07339e+2, 0.00000e+0, 5.00929e+2, 0.00000e+0, 3.57171e+1, 0.00000e+0, 3.40173e+1, 0.00000e+0, 3.58701e+0, 0.00000e+0, 3.16834e+0, 0.00000e+0, 2.00000e+1, 0.00000e+0, 2.00000e+1, 0.00000e+0, 3, 1, 
08/25/2020 14:43:00.642, 08/25/2020 14:43:00.588, 4.12739e+0, 0.00000e+0, 9.25352e+1, 0.00000e+0, 1.99894e+0, 0.00000e+0, 2.24860e+4, 0.00000e+0, 4.97134e+2, 0.00000e+0, 2.04493e+0, 0.00000e+0, 5.08569e+2, 0.00000e+0, 5.00873e+2, 0.00000e+0, 3.57063e+1, 0.00000e+0, 3.40151e+1, 0.00000e+0, 3.58829e+0, 0.00000e+0, 3.16773e+0, 0.00000e+0, 2.00000e+1, 0.00000e+0, 2.00000e+1, 0.00000e+0, 3, 1, 
08/25/2020 14:43:01.633, 08/25/2020 14:43:01.581, 4.12737e+0, 0.00000e+0, 9.25331e+1, 0.00000e+0, 1.99976e+0, 0.00000e+0, 2.25440e+4, 0.00000e+0, 4.97484e+2, 0.00000e+0, 2.04588e+0, 0.00000e+0, 5.08957e+2, 0.00000e+0, 5.00858e+2, 0.00000e+0, 3.57095e+1, 0.00000e+0, 3.40287e+1, 0.00000e+0, 3.58858e+0, 0.00000e+0, 3.16926e+0, 0.00000e+0, 2.00000e+1, 0.00000e+0, 2.00000e+1, 0.00000e+0, 3, 1, 
08/25/2020 14:43:02.628, 08/25/2020 14:43:02.577, 4.12744e+0, 0.00000e+0, 9.25429e+1, 0.00000e+0, 2.00027e+0, 0.00000e+0, 2.25902e+4, 0.00000e+0, 4.98693e+2, 0.00000e+0, 2.04650e+0, 0.00000e+0, 5.10219e+2, 0.00000e+0, 5.00910e+2, 0.00000e+0, 3.57082e+1, 0.00000e+0, 3.40308e+1, 0.00000e+0, 3.58698e+0, 0.00000e+0, 3.16816e+0, 0.00000e+0, 2.00000e+1, 0.00000e+0, 2.00000e+1, 0.00000e+0, 3, 1, 
08/25/2020 14:43:03.623, 08/25/2020 14:43:03.572, 4.12734e+0, 0.00000e+0, 9.25282e+1, 0.00000e+0, 1.99737e+0, 0.00000e+0, 2.26523e+4, 0.00000e+0, 5.00583e+2, 0.00000e+0, 2.04366e+0, 0.00000e+0, 5.12185e+2, 0.00000e+0, 5.00869e+2, 0.00000e+0, 3.57154e+1, 0.00000e+0, 3.40268e+1, 0.00000e+0, 3.58837e+0, 0.00000e+0, 3.16873e+0, 0.00000e+0, 2.00000e+1, 0.00000e+0, 2.00000e+1, 0.00000e+0, 3, 1, 
08/25/2020 14:43:04.617, 08/25/2020 14:43:04.566, 4.12737e+0, 0.00000e+0, 9.25318e+1, 0.00000e+0, 1.99979e+0, 0.00000e+0, 2.26721e+4, 0.00000e+0, 4.97520e+2, 0.00000e+0, 2.04618e+0, 0.00000e+0, 5.09061e+2, 0.00000e+0, 5.00903e+2, 0.00000e+0, 3.57258e+1, 0.00000e+0, 3.40316e+1, 0.00000e+0, 3.58680e+0, 0.00000e+0, 3.17004e+0, 0.00000e+0, 2.00000e+1, 0.00000e+0, 2.00000e+1, 0.00000e+0, 3, 1, 
08/25/2020 14:43:05.614, 08/25/2020 14:43:05.560, 4.12745e+0, 0.00000e+0, 9.25446e+1, 0.00000e+0, 1.99888e+0, 0.00000e+0, 2.24910e+4, 0.00000e+0, 4.98430e+2, 0.00000e+0, 2.04487e+0, 0.00000e+0, 5.09898e+2, 0.00000e+0, 5.00924e+2, 0.00000e+0, 3.57130e+1, 0.00000e+0, 3.40290e+1, 0.00000e+0, 3.58786e+0, 0.00000e+0, 3.17127e+0, 0.00000e+0, 2.00000e+1, 0.00000e+0, 2.00000e+1, 0.00000e+0, 3, 1, 
08/25/2020 14:43:06.610, 08/25/2020 14:43:06.556, 4.12742e+0, 0.00000e+0, 9.25404e+1, 0.00000e+0, 2.00132e+0, 0.00000e+0, 2.23257e+4, 0.00000e+0, 4.98151e+2, 0.00000e+0, 2.04702e+0, 0.00000e+0, 5.09527e+2, 0.00000e+0, 5.00860e+2, 0.00000e+0, 3.57188e+1, 0.00000e+0, 3.40334e+1, 0.00000e+0, 3.58826e+0, 0.00000e+0, 3.17042e+0, 0.00000e+0, 2.00000e+1, 0.00000e+0, 2.00000e+1, 0.00000e+0, 3, 1, 
08/25/2020 14:43:07.604, 08/25/2020 14:43:07.549, 4.12736e+0, 0.00000e+0, 9.25312e+1, 0.00000e+0, 2.00027e+0, 0.00000e+0, 2.22867e+4, 0.00000e+0, 4.98897e+2, 0.00000e+0, 2.04587e+0, 0.00000e+0, 5.10269e+2, 0.00000e+0, 5.00889e+2, 0.00000e+0, 3.57211e+1, 0.00000e+0, 3.40488e+1, 0.00000e+0, 3.58831e+0, 0.00000e+0, 3.17209e+0, 0.00000e+0, 2.00000e+1, 0.00000e+0, 2.00000e+1, 0.00000e+0, 3, 1, 
08/25/2020 14:43:08.596, 08/25/2020 14:43:08.543, 4.12744e+0, 0.00000e+0, 9.25421e+1, 0.00000e+0, 1.99739e+0, 0.00000e+0, 2.23507e+4, 0.00000e+0, 4.99590e+2, 0.00000e+0, 2.04306e+0, 0.00000e+0, 5.11012e+2, 0.00000e+0, 5.00926e+2, 0.00000e+0, 3.57127e+1, 0.00000e+0, 3.40483e+1, 0.00000e+0, 3.58954e+0, 0.00000e+0, 3.16989e+0, 0.00000e+0, 2.00000e+1, 0.00000e+0, 2.00000e+1, 0.00000e+0, 3, 1, 
08/25/2020 14:43:09.587, 08/25/2020 14:43:09.538, 4.12735e+0, 0.00000e+0, 9.25301e+1, 0.00000e+0, 1.99795e+0, 0.00000e+0, 2.25410e+4, 0.00000e+0, 4.99992e+2, 0.00000e+0, 2.04402e+0, 0.00000e+0, 5.11522e+2, 0.00000e+0, 5.00854e+2, 0.00000e+0, 3.57245e+1, 0.00000e+0, 3.40402e+1, 0.00000e+0, 3.58885e+0, 0.00000e+0, 3.17139e+0, 0.00000e+0, 2.00000e+1, 0.00000e+0, 2.00000e+1, 0.00000e+0, 3, 1, 
08/25/2020 14:43:10.587, 08/25/2020 14:43:10.534, 4.12708e+0, 0.00000e+0, 9.24894e+1, 0.00000e+0, 1.99920e+0, 0.00000e+0, 2.24641e+4, 0.00000e+0, 4.99605e+2, 0.00000e+0, 2.04514e+0, 0.00000e+0, 5.11086e+2, 0.00000e+0, 5.00983e+2, 0.00000e+0, 3.57407e+1, 0.00000e+0, 3.40364e+1, 0.00000e+0, 3.58900e+0, 0.00000e+0, 3.17206e+0, 0.00000e+0, 2.00000e+1, 0.00000e+0, 2.00000e+1, 0.00000e+0, 3, 1, 
08/25/2020 14:43:11.586, 08/25/2020 14:43:11.527, 4.12742e+0, 0.00000e+0, 9.25404e+1, 0.00000e+0, 2.00079e+0, 0.00000e+0, 2.24229e+4, 0.00000e+0, 5.00794e+2, 0.00000e+0, 2.04668e+0, 0.00000e+0, 5.12281e+2, 0.00000e+0, 5.00882e+2, 0.00000e+0, 3.57135e+1, 0.00000e+0, 3.40512e+1, 0.00000e+0, 3.58780e+0, 0.00000e+0, 3.17181e+0, 0.00000e+0, 2.00000e+1, 0.00000e+0, 2.00000e+1, 0.00000e+0, 3, 1, 
08/25/2020 14:43:12.571, 08/25/2020 14:43:12.521, 4.12740e+0, 0.00000e+0, 9.25361e+1, 0.00000e+0, 1.99563e+0, 0.00000e+0, 2.23449e+4, 0.00000e+0, 5.01926e+2, 0.00000e+0, 2.04124e+0, 0.00000e+0, 5.13398e+2, 0.00000e+0, 5.00846e+2, 0.00000e+0, 3.57200e+1, 0.00000e+0, 3.40489e+1, 0.00000e+0, 3.58707e+0, 0.00000e+0, 3.17183e+0, 0.00000e+0, 2.00000e+1, 0.00000e+0, 2.00000e+1, 0.00000e+0, 3, 1, 
08/25/2020 14:43:13.577, 08/25/2020 14:43:13.516, 4.12731e+0, 0.00000e+0, 9.25238e+1, 0.00000e+0, 1.99511e+0, 0.00000e+0, 2.25035e+4, 0.00000e+0, 5.00676e+2, 0.00000e+0, 2.04104e+0, 0.00000e+0, 5.12203e+2, 0.00000e+0, 5.00907e+2, 0.00000e+0, 3.57287e+1, 0.00000e+0, 3.40567e+1, 0.00000e+0, 3.59083e+0, 0.00000e+0, 3.17196e+0, 0.00000e+0, 2.00000e+1, 0.00000e+0, 2.00000e+1, 0.00000e+0, 3, 1, 
08/25/2020 14:43:14.562, 08/25/2020 14:43:14.510, 4.12747e+0, 0.00000e+0, 9.25477e+1, 0.00000e+0, 2.00086e+0, 0.00000e+0, 2.25118e+4, 0.00000e+0, 5.00647e+2, 0.00000e+0, 2.04694e+0, 0.00000e+0, 5.12177e+2, 0.00000e+0, 5.00959e+2, 0.00000e+0, 3.57392e+1, 0.00000e+0, 3.40616e+1, 0.00000e+0, 3.58817e+0, 0.00000e+0, 3.17001e+0, 0.00000e+0, 2.00000e+1, 0.00000e+0, 2.00000e+1, 0.00000e+0, 3, 1, 
08/25/2020 14:43:15.555, 08/25/2020 14:43:15.510, 4.12736e+0, 0.00000e+0, 9.25304e+1, 0.00000e+0, 1.99906e+0, 0.00000e+0, 2.23641e+4, 0.00000e+0, 5.02163e+2, 0.00000e+0, 2.04479e+0, 0.00000e+0, 5.13650e+2, 0.00000e+0, 5.00818e+2, 0.00000e+0, 3.57241e+1, 0.00000e+0, 3.40573e+1, 0.00000e+0, 3.59042e+0, 0.00000e+0, 3.17034e+0, 0.00000e+0, 2.00000e+1, 0.00000e+0, 2.00000e+1, 0.00000e+0, 3, 1, 
08/25/2020 14:43:16.547, 08/25/2020 14:43:16.502, 4.12453e+0, 0.00000e+0, 9.21133e+1, 0.00000e+0, 2.00594e+0, 0.00000e+0, 2.24064e+4, 0.00000e+0, 5.02539e+2, 0.00000e+0, 2.05192e+0, 0.00000e+0, 5.14057e+2, 0.00000e+0, 5.01071e+2, 0.00000e+0, 3.58114e+1, 0.00000e+0, 3.39862e+1, 0.00000e+0, 3.58767e+0, 0.00000e+0, 3.17206e+0, 0.00000e+0, 2.00000e+1, 0.00000e+0, 2.00000e+1, 0.00000e+0, 3, 1, 
08/25/2020 14:43:17.546, 08/25/2020 14:43:17.497, 4.12512e+0, 0.00000e+0, 9.22001e+1, 0.00000e+0, 1.99534e+0, 0.00000e+0, 2.24558e+4, 0.00000e+0, 4.98917e+2, 0.00000e+0, 2.04118e+0, 0.00000e+0, 5.10378e+2, 0.00000e+0, 5.00958e+2, 0.00000e+0, 3.58314e+1, 0.00000e+0, 3.39935e+1, 0.00000e+0, 3.58954e+0, 0.00000e+0, 3.16972e+0, 0.00000e+0, 2.00000e+1, 0.00000e+0, 2.00000e+1, 0.00000e+0, 3, 1, 
08/25/2020 14:43:18.539, 08/25/2020 14:43:18.492, 4.12521e+0, 0.00000e+0, 9.22132e+1, 0.00000e+0, 2.00109e+0, 0.00000e+0, 2.24821e+4, 0.00000e+0, 5.00156e+2, 0.00000e+0, 2.04711e+0, 0.00000e+0, 5.11660e+2, 0.00000e+0, 5.00850e+2, 0.00000e+0, 3.57757e+1, 0.00000e+0, 3.40065e+1, 0.00000e+0, 3.59024e+0, 0.00000e+0, 3.17064e+0, 0.00000e+0, 2.00000e+1, 0.00000e+0, 2.00000e+1, 0.00000e+0, 3, 1, 
08/25/2020 14:43:19.534, 08/25/2020 14:43:19.487, 4.12473e+0, 0.00000e+0, 9.21429e+1, 0.00000e+0, 2.00389e+0, 0.00000e+0, 2.25486e+4, 0.00000e+0, 5.01527e+2, 0.00000e+0, 2.05012e+0, 0.00000e+0, 5.13097e+2, 0.00000e+0, 5.00960e+2, 0.00000e+0, 3.58594e+1, 0.00000e+0, 3.39942e+1, 0.00000e+0, 3.58775e+0, 0.00000e+0, 3.17002e+0, 0.00000e+0, 2.00000e+1, 0.00000e+0, 2.00000e+1, 0.00000e+0, 3, 1, 
08/25/2020 14:43:20.524, 08/25/2020 14:43:20.479, 4.12495e+0, 0.00000e+0, 9.21749e+1, 0.00000e+0, 2.00016e+0, 0.00000e+0, 2.23312e+4, 0.00000e+0, 5.01807e+2, 0.00000e+0, 2.04585e+0, 0.00000e+0, 5.13269e+2, 0.00000e+0, 5.01041e+2, 0.00000e+0, 3.57721e+1, 0.00000e+0, 3.40024e+1, 0.00000e+0, 3.58918e+0, 0.00000e+0, 3.16975e+0, 0.00000e+0, 2.00000e+1, 0.00000e+0, 2.00000e+1, 0.00000e+0, 3, 2, 
08/25/2020 14:43:21.522, 08/25/2020 14:43:21.476, 4.12576e+0, 0.00000e+0, 9.22954e+1, 0.00000e+0, 1.99451e+0, 0.00000e+0, 2.24715e+4, 0.00000e+0, 5.01991e+2, 0.00000e+0, 2.04036e+0, 0.00000e+0, 5.13530e+2, 0.00000e+0, 5.00760e+2, 0.00000e+0, 3.57159e+1, 0.00000e+0, 3.40226e+1, 0.00000e+0, 3.59073e+0, 0.00000e+0, 3.16934e+0, 0.00000e+0, 2.00000e+1, 0.00000e+0, 2.00000e+1, 0.00000e+0, 3, 2, 
08/25/2020 14:43:22.514, 08/25/2020 14:43:22.468, 4.12560e+0, 0.00000e+0, 9.22720e+1, 0.00000e+0, 2.00057e+0, 0.00000e+0, 2.24000e+4, 0.00000e+0, 5.00713e+2, 0.00000e+0, 2.04641e+0, 0.00000e+0, 5.12186e+2, 0.00000e+0, 5.00903e+2, 0.00000e+0, 3.57418e+1, 0.00000e+0, 3.40142e+1, 0.00000e+0, 3.59059e+0, 0.00000e+0, 3.16983e+0, 0.00000e+0, 2.00000e+1, 0.00000e+0, 2.00000e+1, 0.00000e+0, 3, 2, 

-----BEGIN PGP MESSAGE-----
Version: GnuPG v1

jA0EAwMC0zSbr52L8ppgye1iPhwpLzZof4BBYcN1da4Rp6v9vFFppQxOIPR3g8G8
41CzatZP+Q4PLAunOoTo34+Aef6VdprRcGbIZkDM9mEePCq3cWvBaQ3UgJ7ZxWkO
leRvnt/WFtDQtPT8OHRgyhWlyLJdOygyOZMlCXv9ULARBiBqIoAlBRQrddzwdeP7
7ma+PbeWfeW1eWNMrnPYKq6noTO5ohVIzqQJfLs0k5VXS79C2+eJn6d05wOTXOi9
4MxVGp3BdcKOo/zrEMEmu1BK5lauN6x1SB7kXYM2A4Yh8Cu+XVcVgATZmA+6rNH7
U0VUAX2igOgoq+9cXwKB1qWKCv1Qek5DumCQEwK9BgHOmJh+BP+PqARMRdqyjqvU
pgQmlJ22X4dg0BetVGkrJAo5XdV0Njt9EVryWLLjVH1+rgjh6BvE/+UOQ2l9vk1P
sQ1b6qRBni1eOyj6gdJbBvklvB92wLXzc37t/26r16A0RmK514EeuPFvzrZ0+3Sm
JIizATvpngye7v7R6zd5gguQYPylqyCKVAXiAqGTJ46lrPOUrjGwKULKwyTtwW3W
eHxeDuWpBIeNUgSvFbtLBqtrY8FLYAmJTpDKoESeeEvS3CbhNaLffCuATX4osJIK
IqmQ5ZohdyKCxK9qbOTnE5Lh3kbpPvvth8lY8aDEU6bzItS5w8rRe1cPmzYFNKF5
/tjkjARW6v2tT8XgwLrEKwpIDEIgr0Zd8a9Fmq6uXXq47hywvWJEvG0XwBZ0lSE2
eGvndJqdeUlzcTAdYiIaNiscFz0+8qWUMo5g6wIGMz5iIts28G7I8QQmt+IfkS3k
RjskBXX5OoQbgUY3mFLGmHqjzpR3dyv+v9wPhmtpAyvdB4sr+h7g3h9rhlPJstl3
cLgNtSFc9OHHs5NTbSp07BYIhFsXOCwQP2salp/2JjpTs040uGg6GC4+QSEhbFds
ZDqpNjEsZkLzRKtnNoI9euIwUleAilkWQ28t7F30iVY+Lf3qrQEPu2pSYRFYbHNG
7j+io7GqF9HID++QcVOHv1WO2p3JXbPT/TbcGNZL7Il2vD0Qajt/gOI2ww6yi06G
/b910uboNFt7uaZZ5ICE9P0qtqBIl986bTC+ApZbkhCbJTsWMuN5RqTHoGLm/Ex0
8Lg5Mwh8o8h+OyV3TrzaqM/5LSuNXQJsqvGy2hUzgUYrHSK13oapJBwRxxgxIm5P
Du9F3LYEHJ0C2ru1USepJvYP+ifM6RRDTwoW4Lbsw+krRFhl/bc2Q5fY3QEdPY6m
uwoEUjJzvhap2VhKEiRVpA7Xiwr7EZaRtPpA5QmbOmRy0RBYopCx8DhLJcEsU1nF
9zd1EogjVQadpq5SX+tefUpZaqt/syVAW2mfAH8jQoHIRjhiBf/Cag6CrvxTr0fM
5ogXNe8+cUYI+lz0Oo4nV9yeZL64yVCqSqZUKeEOjhXlOJipjvEEO94oh62/j0PM
Cp4DcEKbKp4624A6Sl4f8/cKTsosxUmycZJLXNGn8BcWEefg0qWb8iJLMWJh9PRi
zpw9E82YMAWf7lRbIj6XBUMuQzBWkDdhKOQIpbpLr7eHKv1g5hEXn4YbqYGD/P2y
uzmxvESp0pDcPw/EzVqv6z3dNqAfEhJYVVGaLQ/11VW3X5RlYxTrJGM21l9hGUtA
ZHHnBOOZ2EdcI1SX5j/sdD/NLVWzssohWrMV21xvmupyyGHFsLc9um4z3AlKeBLg
1K3lyIkbTtrA6wCgK6F4L92Rjl+Bp/LNg8vfxgm1EUUcsWaiBOajPvXZKSGOnZD0
xQDDE13LQmWgO3UfKyQhrwAhWE2+CzJTayDyOTj+LatIq77PGKSuSeisDy2sOUB7
vxENJUZlZ2RMG5Kj5hrf3tlGXgkKTUWrd8MPN2EKwvf71y5tKXCphUMinm70hd15
Mdfvm1lTiM6Zwi5wScvnNN+ZSAXxIWCV8Q/0PscS6R/B2wAAZ/ih1z4j5QRC44p/
/bgfNseT2p73e+6FunlPYTb7Kx8KnQeJGYTkflkCD5Aj5BEd9N8kdt0Uu7paD2a7
ENCO6Syknc/b8sAG7OojcSzk0EAZz2AypqqniIMm9p6076UERzGHZz5Z8XBL/kz8
HfJIFdXLkINVUhQNnOjCL26A49vundl/0Mgye13Rfa0TykDYY9mip91z55C7uihF
ZLyZPpSFQ/4K6Gx2foi02+mbD8599MlKbwQ6j6Y+9GtdpsdM5dZgkpZfv7nqG+5D
PCe5Ckqr7veu/4RU5YI02JLDCNiFNRYAfKs+u6UdUJ8R3NY6MXWdo1sRbt0bBtTy
2t5yRBTowR/Hp3frpM9t56XPAJJt6wXpQRFMNxnFb5lMLv9v+3wCN3Bta+T0/KLj
SWuE4qFfmnd6OvE1roxN8JyzkmaF/4KtuGh3Fev3bnsy2cg/dN+Pjq4b3g0Pf7KZ
TFdHVupZU6LtfO/RwOjGOJZACYZZ1VdsV54Z1yHqD8lWTLpWVQ+EYAkXh3eOPT07
UXmrWCNr2kEElUQvvfNppASjoODyXvdgy1pM/uiJ/IfSug/Z0VUwJpexK0ZdDE7/
QwYOwfO9GQ/ouNz8TxMxqOXO3cijhtlR/GXmcUe7snoq2KH/7Q6qOdOEL6V1GaGc
U+d70qTgB3lw+77Cghy4cM5r1Ht1K0Q73KE8DkDEZ2pMTX+ovVVwPpNdK+aCfURX
mgbBkSM/NN8wBUvLGZUC4De7LP4lEuX5cpUXyVyLQoef7bAhFKJ9hv1ZHcPkNvfC
QXwerzA4UYIUC1BObPC8Cd4yM5ErZVESdmkfckxhsTIx66hh61mXCHmwORpFgbzs
Adw7TxM4xD8oSQ9BbN9tHS4e+6G7lJuEFSVl/qEgtahq+wg/ZL39n1/X+MrJTLb3
ED1F30JCiUe5dnVXREKHFM/QKdDW3CQLCl2xtxWnfj1KVmKtRowPr0JbZRTQ2JxN
+xGbfjNsWT5XpSZjP0tVrSx8EbwHx++haVEhFtGf0JjuGEOX1/P3vV4xG45pVQ5v
p9SoItnLH/h8z6sHnA70868ofOl/FDRQwXD40zbb7zVkaJIWHufh70UwS0MvxmbD
DuMtByVdzma8Eqx80ZtqmymOyT11v9guX3OFnurOU8nOZ0AlNpJhWMud3+y/DfBO
IgC7fWucQoS4sW2CKgaNzjL6nKSW6PKasy7u4t7K3535GIhNyPMSQaWeA5hRWKm6
JbQ2k5+XkTQfMJfqfxVNgBo3SEIczpIr6E8g4Z3vIYG6BiUKMTNYz8ujPN7ahpaS
0vKOj+zbT5KKQyLc3JKGkfYOBGxz6vV8BF0kfkCHGHHeoS+/8H6tLEZSAe8H8GKB
+N/zblrrjxiRfZL43hnlHzcwIXAAn+SPsLbLYRypTb+KGETrvp4Um+VMI9SxWZb8
ATPWxkOtZDuyGXYRmaJWf5ptNPTgyNlZj8ntdIffrdgLzLjZPYfaYF6wxPqdysN6
xNpEssbBopS17zpa96K3cZ7YLsPJNSwDjN8UjOlPyuOztnpCbNTmWQmoEgNTjTzL
aQWqZOyBSBPZBmNrGGNqSobQtsARM+sU9mNwrAEPSDH252pcx2VdN9coBj9Gwa04
BrSkIu2/23UCaST+oEyLD7+Fc0KgFCfF9p+TG8m5TSwVCZtC+K2CQmpRlO06QwFc
ZjJuaBd/B4o69DRKYev+ZmWnLgOa3ttzvAFl3Ne0EmtVz53HkYEyFYZAw8E7gFfk
J7DFZJ74fqZheXDyDMaZ1ocpV9eWCgmm/46Feyivl1emH7A8IepE4e6eCgXuGE0c
0niz4aq1J9net2R79ocwkJxbZvpcYP7CwQRp8bJqXymTmw9l+9k/nbZt0gOrImpO
MePDnAeCpBq9siiYSQ1EKBt+zjSS57PxjnEHO7w0lRX9N3YsUQvFNcqPcUD74BzB
1MSeVbkvU2XGAoZVtUQYyxhsr3ZojtaAehhUj93A2UFojeDk1zEoB/dTB5LbFNbH
HlP0gpfVZFrOXEjfaWlnWmbba9IWO01/vJKveKcG6F+nIYGZdGJJIXipo+kl5uFE
mBNtZxa02AbGXbIMyBN65XWZjU5KKdPABFgSdsDSVcqrL3pijbTeCnvjvB/JDC3N
kELV/jQDC7TkBshsM9uJW0uyTCFJm18S8haQBiDahhrp01mkUeI1Xlij39wFmN3v
tKuqqL41Rx6LqhQDmBtnZDgQ3Zhs0/C0+x2HyCYVkdTacIvfrZPFSueED8rgXQ5m
X96jbzm3G12q9xpbcKpG2px8TRACyzuHkgaD/DULSmdMcL2R0Fjkd0T1Kcv8aD9Q
1w1w9WIELYL9d+/TKP6numO0mqp4ep24rDmpznG+gY6isi5UPol0Gdyl33OmUVvs
zQ/e0+qRCumt1IaGIt3HHekXnFrm4lrPg3Iab87VXXKEv/GllJAScCV2hMR45HSL
mBCTtRL0WDX4a+TZ/+WJXVx9U2VMYF4HmAzZYXmPfB2K1X2x1qIFZp8Lh0s5XPlv
QbnkHXtgD+dQFHaGxaBPssoyaCSLgGgQKD45s7A2knuC1HElKNPNM3LPBJz3IJfc
NQMlKs98489MnWv8f1soiHr7ZMUKeNqVC3J5uMeIlZro0p+LSxlI5Nvtq7SlktW3
jeKYWoZcM+dBAYwAzCXBPW/9DdKHWQqRKfUihtjXybuURm7E165oZVtG2jX50PNi
T0WMEW/l/SqJT+zhHs/ZVZ3HTpsYyw3eFJd8FPNJJs24bwOa17yx/mM4ymSjgA3M
5H5Fe7M5B9jr9F83UTZkk78S7HKjLiBF7nZ26nRCRBZt275iE4ANyOVgtVn/QDw8
Ie/Ikvru/m8MwGGUZOrYHk328rdzEvO7Ce38sDpKL+bUXzVmxdpM0aEmeVMZ8O4y
t9pOyPFx+XYGWqbQxgOcEYBVRo7wE0QTguaAs1oboKiFdqNSRCnU8ydbB+TScOGA
uzOYa4XUmdvvv+SfSCF3TEYBZoHNw9VHfh8wdOD7ggs0oBsdFH56RHlOIjh+s87Z
yPXXcog6DIyzBlReZDW22rYrMoVFTOmfkT1+f7xnqe1zwok6NyaHfYbhogeux16U
SCwYDSbeJ6SjtXYdvgFTOW+iHDgFr0YA/g6T9BJNaGrJpffKWw+wQdpnqCixiLYD
3m1KUlWtpIzN+peUajKk/jlHICHBiPOMR3zAsF/h45xQfktOxWpaecJo2IEjtaji
ke2X0uIqOamhFkPfEwNBaaQjDiEjP1z26jsjO07jgFeO2ire6JjH7bq9RbpbyIFI
pzFZpsrxlRKCkKTap9GGc1XTNScw/+i1agNecT9cL5eBCGv12K4ovPgnBnp5++9t
B8NXosG3dHP/5RoyM3+JbRIk5Jr8I7TNTXKmd9C8wuagsvIHj3FSHuA/dvc+dbsU
Ex6neVy+ZmIfvd5XvyBH4X6jgkziNQgsh94sPB5fPXwB80E8zyO9VUHLiDQdqUVj
ZVBi1qxhWMIM/uq3FrCKWSY/KQKn+VWd1gVZma9PQnGwS+ELsPXm6tDX3RpUNPhH
csgIm39zM41G+zteuexuT1lUAOGulM/4RwHpSt5khTDF0OoapKLHoXTxTEYiQsZM
2rAr8YKo8iJw467CDHGjw0kIcccz+r9KATux3+7MVyIiMn127/XWpztlexLkspjL
EjbYUzys4vEVNL1GwcsP5Ue8IDLcFMN5ZkR9H47B+/002gOMlbrx02c1XiljKYgS
TF+iC2J8IUw/EtL6FGz9a2Ancn0QHY3eJd0IsbUtbqPIw2sX0jLWkqDQhIGy2SNS
moObNZ/3zxr+wJZUDpyn3XrUKp7ryqZ9Hw5vfJdFSEm4Jp+6CFD414hovXZ+9WvP
7qoncL9U2jYK2NWCHkfeFM7j7HzxPszF+W6IQv4d7M43kNUe5TADrEw8nd104zxq
ya70rxWp92ApTcy3iP8fMnlXhO4dUDVvGP1gV50SWFEGHIDbnn6Q5jB6IoiZi3iV
ip00xTqfRjUfBx/DC/JlB6qZERH9paexeYeZnJCpwQ1FyQ8yImWXlHhXAaQdVetL
T5tjbg9EQe4rwoUhqTBGGh7VGDBfaNkJBVmGYsFqO9aW+1Ri8iVARwg7aPaLsYqV
lBGHCMPbLF/Ny5wQgECD4zRQ9mHNA2GqeNCFCcA9Yr1vRC5r7Dpyd0jrusBDN8Sa
Vix9cWPJPYlHbB0Mc2VmzsBxoQ4IOuF7Jb0NJ3TCVx1koLFra4oxZr58UvwjVJO3
QMWox89WZI1I102zfQtQqcUmbr89GDjz6ndoxm6N/wusEyrr3EAUyQGY15jZ1nId
NN7tTExTSQkZrGTE5azwyIb5TBq5SFOJIqD9ylaUamJdMGve4Wdjwbt6b51LY1X1
6RXUESQ1n6OVGNvUqqfnifyLXJ6gKY+/F+4wOryRzOwntIDmqauc48TU1KWY71kz
MBSjY0467FHo0a88vlUxxClwZOC2t0JGLlh0BTvw+IMTMLgNfZZ8d8ZiwCODxrvM
14UM6ZBeKJjfcCYQphpd1uUDvCGeXdguCNsiwZNiS2J0hjVZXJyyftHVHYiQZZre
tF3sId+LJN08MXhqVsS3FxaoGXMY9D5hMIR/tp7P3j8oghncph6ZttN7RO9E4mzJ
SVPteutBRL8ZnInGliN56K36/Bk6/K9IyXWNzjr5T714MCAXKkhu/YO5eiphK+iu
qqq4WGQbZ4EUthJlUHTUrrRUGUCOjOc6y5BwhcdPs1C9KhXQ2mMzMQd9xatZC68y
lMm29bnEA0Wub8V/xV5SIn+NDZ9Pz/veBsbmA6IUNA/3Ekqc9tiOTtqjQrZ+5HeC
a3OMbTaOXEN39EaxmtPoUQqvB8S51+kjvvZi+rupK47zrQajsnWdnxIDXWNj1M2h
9SvTqwx7eUyW8y4dL+VjZzsgtFEodZXJTE6RJ66XCn4PHTRA9CKjPbsDtoSd0Fi0
PA00ZvPfpedy8E4npEzS1oaYFbavq7KXMXooGCtq6wiXTIZhSRSvnENlKSFZgWxz
VEnDvDbYhKM5mgCj323KFK4tNGHbfE5x9Qu0kSnDnGaRpMNNPpQ9hRqTrgsI1NXb
fkEH/fqNh44OdgYy9I5CEBN9X+FOzOhmh7bJa0/SJcpgE2O8mgXc4mCmEyKpfqwa
EkIEc3eWZIIYbExqrm06X1meKTXUvCfsZ6AF58uLmhbER8g0KC/0b9eK294bWjD6
KfPhO1DAvVwEHbQQnyLy6/9CJvYeVcfMyAzqbmmGiwvS2YihWeWqeX6oz76SgvWi
NmBLB9gG566+7WySh3JS5RCJsMqkvyeffzXt8Ng09cZSzvAFTl5VlGV5OixFI86w
kmEIHCW2mrH+9lwtw4EzrKBQq84uOSqcnFt9zuICX3BSTjIidHGHc+cKhttp6Blq
zeQ5NpqYAbdRTprI7qh4CMdh70PTm+njprty+QhYjG8lUO0W3m1m+eHxgD7N022M
exBSoV4Ekhnpqq4Sc2CFAhOzOJZhoW6OotQWR5ITZV/tfzojka9zrqTwy/wMVHk5
o5QGV9iTfFDMygt1NmOd72LWnoagE7w35GU7NusS36apn/VMZlhMrX19PJOlpcgL
SIrA6sVErh/mtCiDmvhb4vaLkRt7ZhAXq3vHO/6vHvX+ytr8V1m0iJzgZFG5aqrN
9ZQw0uF6rnT67rklhuenyQyxL0jNPcqrq9fQFMNHlgaAZpoGEdjyZ7HnqMwFv+Nu
kSDWw3WNzQ9GqQq7G5Jz69IJ53seq7kqWjAfOWJqS2RNi15AONW/nbj6mwqZ84UO
IL+POF2I7L4p8iWH8AAzthHHFGlZ/I7wwaUda7RM0QwfqREweBbhtazQbg4sse6+
whS/R331Rs0zbr6hdLOxvGPFjOXjjZAWPFazgAx20+iDMKIBqEkwUjSRa08SD9yS
GmVE2jMD2PBGeRVl+RiY17OVQN0GF4YlcLXJbVfiJnlyhw3hjaeLhToXcAeec+Vq
qTDAaVbqAnVTjN3omfEW9D9rKoklCENjDEfxRKO5SqFon/97x77JdQgtUds/aMLA
bQyr//MmvqkuQHS4X/PXz+vVvgqjEQpb+8HO3Vd9QhXGQAPTobV6cuiblSBRVXIS
lM5sFhbRvKhGUHZgeYKwVUIbD9brvX/DsdMqBCNEsQ64tBNck+ClyDc8G7D05wBJ
qh5mnvI8ZyJrxyC67Obk2WMh0c6RfEVyVUrpAH++VRU8hfLcXc3sb66X+hNizTYa
OW/zH7pVTk+kH+T+lgKxfSJpyK3tM5e+PUBhXeEzQD+wAnZkONGuXp7uT24FnwEI
2+qw4utnt2WiWuGfX3EF6OSbfJ0Qh2aoWI64kzNZNgITDmS1SbIiO6WGfTQZCog6
deJApaA7CmjH2wjwdDF0ki2S/Ol2xvW65WrY/EgNltgrp3INOQNzuYMpLP4yxgzw
1hI0mGcETkR9UeLOWotwT4XE7LmlEETTC9I0WhAJgy/7TQUO9omVXb66v6LDUZhu
Ww4Xq1ptOCecYoD3p9gY5Dl4ImEYeQRXfJxTAOPByaxLFImYS0nxbeWvyFSoWF9E
LRxY8hbdENvOELJzprs0R99SqjmEr8vn8atl5IjwwWMMH5sCeyRfvkiCaIbxHr+5
wnPOzaFed6h5D52EY4Fxv6ceVjF9k8hM77yiv2YaaehjSfzqRW7xLuXzPXYw7WZG
dXDipUQXx4JcKZt/Frl23m0PyCksZMqXu5UJAOAL8x+rD6lkQNGuu7N7y2FUiF3K
juQXW++XKUuv/91BQJ0PO2soAANqBaI1z//4t0jlzBx8u9msrayQdZ1lZr62x0Sy
MWMYRgnbzRtSN4tWc24aOcXINN1/KAgqe397c2QeT/2CneJzZsvZBB4c9jTiz2fC
sb40Wnjs/XaBw++EPt47tmX53xPeC+QDvQrMYHzgIjjePC2ovWhZOMvSxXWavNJP
MXqiTeFGa3/6sEo+ar+IEKH3R0QCaMzZMIBASKDZkBG2JcnqRL8DA7xxN33J0x94
jKcUJgRaljj1yTKjy+1CtCmnphw8aw62ERTXzz8zBW/Ry47W1vbFuCY6cWv2pS8A
pvdnVChz6XPhEIfqhiYxBmXTwU/v3vcwhermebfyCltSTqAzviLO8FNi7oWOY3eB
q4OMxVdHf5P5KvdKKWGqwDR44noK1eRLK8v35Ewc8zuA0QcNdJaAMgneq2LM1jm4
M1ulYMMskRMeAW0kGfklGsagrI9sdaNGUVnpPnkfUOWQSV2C3+FoNLbyVf13qUxc
DxxECb7H1jtTnOan73jp0TiyQ2J4kH1MlU4dXQ4U9BDTR1XAKPGJ8miBCh0I7sEU
DsX8CcmpBiCNmMFhhawTf0sb+SmonIxXXM33vHmtQrkDclfmAVPepicfSofg4tlo
hzvNLGvED1KnlgvYfxyGvYiEmdNxqcDsm138VZUp4KIG5jOXxAmfN9B3v7RlCAS5
x1LZ9eCCYfMyk/xVyjmQLH9KP5nvKYhekcCd8Z/Yhp3+yMX0uHAsOjhkubogU4NJ
IOMRcwC14Dq/dgmTktHT248mMnuv39E5KrVKBJ40YFCRdM1m+fHeO0Tweg9YVmKA
wpmSKk+Ae1wb824XwOKDBi/7QBdBpaYi6G/KtquDT03zAs2K7kg8t5EO+ORNdmjA
ZPwS2xPNxsUlBe/Erd81Qzl3lfHtBiVKHMz9Yg/c+Wa7i/sFlRi4ckjovdbwdUiF
r1qYUchLK6mrxMYu1DS/YKFq8SRtv3Iyj1XHuZGtO369rkajfs5Bk7Xq53zRxmAu
heON0n/bDoq06/BhyYNxJ7QmH8LlntxOp8Mkj54K0QZwrethz6uochX8kuEdtGq4
NSZZBbJ0FJYm8rPuMGGSiUAvraxg+fAvtMMpPSm4V7JiUzgpBqDsFpiLR+IMD4Qk
fe5ZCMtiEBNI1JmOplenmPfGfJG+DLOn6kEDQEPS/yA/wquJMAShqQ855gmkOHz3
qPY7Yes8W8iIq3d3hq6V5svbGgxymq+NWHwu0mtkp6DV/ypCua433kccXqeCkGq8
vW6nKqEAS+Iu2vq3ZxHFQKcngnk7IEy4Ujp1IHK4G7zRuJit6o8eYCi7iTulPgq3
/JPv8IrdTEFYWZEd2dRAk97NSRbfh898s/ii0DZB4/29SfXXF6FA2WwY/1AbOVlb
Lk0nA4mAovcEAJa9hGEP4ODgu/+oi2E9ONfSes29L31KGCevWR+qdBd9nxaY9bkz
ijo8GDRVEOfnmeQ7nJkKYZ8zFuO5RGIPaRA01OdrS8kAfKmlAz7l5CrxTlt1qCBN
TQCTqh7OgTyrgvwBD26TdxbfgR9QCSHw5E1xYQwJR6cFn6voGjScRk+EwxvPTM/e
ajSsZMr4D6AbdyoKmOUly7tdqQZbnT+SEhb8Z3AaUiLdOFr7mX8V5I/B1rmIwqTY
GsHHtEbqXjV+QN3OMjBA7Z0gQ45Ir28rBoHIRZehk5yb0UAKcq9cKptltm12Bdu+
8ymPsnawFiPc5MxMB4+efYxEh1lZl7NSsufouBmBofOv2n9WOGTnJHUNtvYkoEI9
rnb5Z+zlHYGr29I0MKpCulUh/o/NVRti0Fdcy+bZJJh4GF4zIOeFTxj3X0MP7b5O
ATPRkrIlKbmimt9k7H73y1fDFv1XqxfO37jwzZbCuLmthDcSTUrCVNF4TJIHJUo4
fbCGdnn4mgoMbjcgs7kpmQc+7Hk79X0t9pzFDGAB6nsa2Qc5ToJPUgtsSMG8Ywrz
2qf9Dt2EZa3OO2MvoFphseLhdTxF6FkHam9CgxyScvmh7ZL9/WOTDJF+Xffc9uwK
yXGWSiuXfTiDZ8p1wTA0BJQ+qts8NrPzZVkJcKa9JklDIYB900FpsPC5R26f4kj3
IL4rJDAXPV5lIxa8mB/afYiUBnjhOR7QzHxZUwmG4+PNSlQLABdB90REC7qa2PIS
SkoGGdUgNbjQEiVMFDObsGo9zx0FYO6Zopl0EeKOddv+rRG3N/ZuBCXJL9KdYHrS
2e2H1dJx+YTCNMGV815YIuHaDQNtFPjckHqKT/RY6U33XcXbratKRIe26OY73XFk
wG1GM/NHVZizMJ96eXmi0nhzQRHn5AKuXUpyOt5cSzKtzX/ng54J/lHq4kNUue52
AJ4mNUCPqUsZDAYgdCGejQRUk8GO7R1Hpkr+woQnquGWvfTzPOTVNf9VBjI/4x7m
zAFk5TWkmdiB/42/TkfxnF+2U4s0RtjSTYl1qz1DWPSn1jGoFs+8RiRtjW2VwTWH
2Yo4HZfbGQ75L1M7fiz7+QOVEh8GbygBp841xxOGrq/Iz7JtoWfYyPzkSV79gujc
YHSWplaOosaCi85Sb9w067XgR2XE3jpAWm9fUVDaFKRgQBiNnHPGnlcM6rl3monc
IXpJ9drXCqCvocYjTgrtgFaLRXoCkaWtXzGVvUll3tEwtRPatDXpZxXqAgSDoTDW
d/6YCDF9GtjmI3Zpz/FhU484ONb5mJd+BOUB9cnx2akOdgJv0qaQcjQC7q1qUWlZ
t73o8IDBZKkReCBYFJQtYdiouTqV02u2VSdjdCkrCXC3iP2QVQqQMv/t6y9zOlqU
p30ilQmkKoUzQERZ6tZv75FfPF8NcmWW6k1XrXlYs6boE21AMIxs3LYfsVFtNSv1
fUrho1jk09Begex0LtRAmESodi22tp2+TSvHwzHMhUDXI1WE38TY9LXgmBIuULih
OBiaTgKSvttk3MvXf4YR7dx/Xqxtx7WxaMmLc++s3wZUjjQSdmTL2sZhOfzgV6sQ
3MN4MGfH8xTL2TuOiLrEhiZs4uer2+kFNhUcTFgzkt+TbGsHUuhtLDjbDdcqCMs4
2hN1mtHb8pYqMmmpFoh3mlE+hYIwut/YD/0JCUgMrBw6miGnoQ11tzK+xF3Z9Yzn
q7hTpqaS2hFBcQdPIVdTUuDKp1QOzX8kggl9EgYCkSPRlFou6docu+ZMOVgdGhpC
sHuRuju/gzUByTIWg7CxQSwuAOJO9g+gL6J2VQrP9JgIZ28RyCf6Qg6zUYA9YBXT
qYAHio5tiBwC+Sf6WE0L/iT8ARcQoGvHhFZv58ck8yD9D4FT//uOohP9v1vBpBQ+
b2rmTCkvRESMAtU6tdPzzLPepEvGaJLin/LoPh4Mmn1OJYY10S+p1pF0J+Bdgzwi
KEzbc+sPB56BGwHSlwiHxtemhDPEPtJmzW9tbBO5zikiZG3fMeQ8S1FtELW3zVvi
SOCqNP6jrMDUVNvw8/UwE3eZRZUpI6EiqTBDZDX0jdToBTFT8RDaQ71ly8P/RUXW
dEcrVBSm7bgmllCu5ZqHmncoSfJf8/TeBHO4gXXsJtTAv77ygnpaxK+Uc4nfI927
FJ8c6aPjsaJRHZz+gmAVM2mITnYPEEdy7Jm+rcsKRkg5THoSS7iFDw4CWNxE6PVW
y6/IbbogDYhxcrAwsWt8DZNw9NEU+c9cGoUiW6cFkKJSQKnvPgUrNL5YQ/CAvzH4
H2zgoeQFMlL9UUiMXihAmRdjWUmpi8bGH5wuNXIEafyu6mVnPiuOU8t+1SedHIkg
i+aWF6mqfNwtoH60ljOH2bVkXRoSy5h4wbf+LA+8BanIXjD9wtOQBE+NdmyqQ1B2
jN6LhoPoDoGlz3iueTe8drmyplOShIFVAgvDTsS/UGygToCyJsEv0NjjRPLWdgdz
wQsQVBRa8xOe2CW67B+EGdskvpqlCu26vr1cKr+SvFYBu8cjFf/Arzn5eDyTsaYr
wM9tlT5rOQFQvWooLkKHxY2MxvrLak7zqIfE2dniY3e4aNikUlqL7Bcf8oHLLWEv
WMoFWaTRECHRQuGZ2UViOc1ha9m9JKWWDPem/f9DABBxK9cL/OWQDPfUUDliksQD
gkGNEYXQA94Dl2Zez06cw2pY5iWZZwet9tDY4wFSFs+FjxLlFDsDoiAKHM7HlTon
rLCqLO65/2epM98Ydb0uiIIYxU7QIgDSBS3+0fCj/Np96V4wXxS0QqkPkn7Ldwx+
Ag6o/KF5uO2Annw31oiQ6i42jbr1Dikc9to51iEtBeVD+REWlJSdqsV4a47PtueG
V/6UMUbPZYSebBFNncwbgyi/bLf3EkDNRgSdyT0q0QvgE1czN2108XCEfNKNoIrs
t6f8HA88DbgQRbt94UdNBjwvuP9QhlK3GsCPxomN5raGzLzXWSpXCcUFDArYmag+
SUlCrY6emCCoX/VtxxAjz1JRtihYZgS+A9opgLHZIehEsVXQJ9auo7tmJC+rkT/j
w2eE7djzqQwIHNdBu4vzUHNRRkf0uA12JvtB+HGfbgydMxHJ/2n8OwNv2prvLkHg
QnwFb26DLETOtat95i7P061JCZxMgbeLVo4S/1GwZpqH3nlEYnBzARxFzUp+hMdK
30OzbOd+zIFcoF1woXKJO96D58Lf2i05wae+dO6QDfqbbxoShak21a7LzdC3E9Tu
KY2m7sjFnHczdXFuauzjznOrQ1DdsLq7hGyx6ZfKvY1FFyehczHICoBFBb67q7Pk
jk3cBwcOydQ4wKH+WIn8xKjZakM4u45yTGbbiEU71vyDP7jpR9NMsOQ9E6gkakLd
+4BKUQ4ypn84g2Ax/xqHzZNHSzmWfmjkGaGHFC3PLCntS9dor6u2rSn++Z6yS0+d
RLyj5nSlx++LP2u8h3nYJyQ0+cqNlz04rqmjgTxac2gyND26t9rKXqrRnWVN9iW9
9lx8UjnRzSZOrbClEvBj7Pcc7IQg3i5Iqf67ovtfPcC7L5ese3Z1hIS6nyqWX8A5
IN5QMBipQjCpuBr1OMkNMjcwbnnKA7TWZ6Ma2+zWS0hl2XYpQx07NUBJkS8GAZHL
ZRz77miVxJEZeERP3LcPnKqNmHve3R/KTDwuX2e5+C6GiJfo1DfPUIuw06WsJqS4
+PQGUvyFRTKVJ9YIJKgG8ZzFErZDGZWqBP9mm0iLhyl3LRSIMSA21ycDDTKoKe06
mtb0/Mtw0U2pp90GDH/etwl0QO8uTfLDHGcyRfG22ZcBirzKbHnTYqBW55nHnOhW
jD8kdlgNhcnNXzo0RxW4nyutZ/imLF1zd9clqb4GNDtBHY4zsj73ETeWfhL2WT2I
aZ8LGQzSoLTJnEH/bV12Pu+n83txEBpVtlGurzr2tubm81LDae/gxx3/D9Lpt7rU
7HwS2Rytj8lX0GsxV5iQcCyq9zvxDdQP8daU2A6sdncib+EzQbJJGUvIINGCqPrP
pGMZr0JFR+Isy8qtnayYPsPPHLNXK/ugfzURbNKu8QB2D6atyDyzYKSCWrIeAwAH
+5+LJOfKFmRORswtE5kPM5YBv7vK2MVb5fI27857qx9Kv+Sc+bgO+Hnyte6OrrV2
RD/UVhgQG+/R+wZRqz58GAPrB7zqlDsk7V+YnVgaXq324aexBmq5MzpCimMqe+q9
uyLlt7MncVTFGG0yQUyCm5B/8FisKGFRAfCcs+J0xG2Q5RE11c3i8Ua9RwfFVC6m
Qzl9sQpjsI4ZkIIfERXKrmwgFJukmqvyxDMxqYnWISz9W4Kf2nE3Q9gY3xAJYsbc
J1dCd9LNk9Wmcp8/gnvHNgmRop6FkV1jnmvezbtTcLGa0inunrXH7Fvxy8dQfa94
JPar7px14ASPxnXZiXe3jn7578rH+C7yT7RWqlf5R1o8qOvae09G8goIhiv5q18j
aDU6Eb1ABHsiHGFzrorZHrhxhNAeD55pFG1509AxMHZM4r+GYS4LT/C91FQy5sxt
lEzuhA55IBH4dRE29ShURtkXEHPDgjyPUXDs4R13A4ZfuOl/SloCLT9FyfvlvUO4
gzBvYSQqM4JbUF4GwHCDYO2oag/n+RYA+6m8bnAwMotMpYf+P3poAV6b/UqJIM17
7t2MBqPsAr2TotyiZhXT6cs4l0emLoQ342JQVcYrLUB13igm6A31biMepGc59KFJ
SrTGDlXBULpSBNVJrUlEbrmE5HKL8c6/y1GTICUbUlf+Bw4T3KXfEWzu/0DOo6pD
m8sMvBfMe0YH3VPSbbVVOO1WHDWL1lkajrnScXNYx1DH142PYH7QNIjde2sIqVEw
soqv08LwM3sWPwEL4dYi3wCJtdh4qmKnsKbXkOgOmfpiddIGEpIZ41lz5c8hp9tE
QZd2phtEsO/DiyoZNZFY4wal8+wIvB+fZjkcmcaUgbvxc4KSQ1QKVdVO+5I9B4X6
joIDn0JWqmy9HwL4ki+t3k6kWv1lcLnLCRze6Pi0LkVJTd3phZ+uJDcBxaLUcZ7w
nzOw1aAysodwXUNeasfXuLV4L77JlacQTtEigJqNgiyoa3jkduik5NLWlR6j/DCg
3hnxsYT2bOZU9XP+w1CF8H4E+DccVpeHhhdYFCAEuua1NHUpokhaHWmednLBMek4
xTJa/jERCCriFlIW7mkTH1xab0r13onv5XXoJ4JmRYrTC7Gx/tX3GD479PZZ5NXq
2MXIHQ7w6/BWDSGWEQ5M8nAHhyELSeL9ZZDW4OwUjU5V1i8+DksTKbQ9PrTPmaW2
pw5ec+qT6J2bzSHf8iEdksAjwZPAcYPBLF80ayfegG45jjMuUCq7VOnEl0NDF+3S
nHwcahVBatboYVlpU4g7G4cjosSo2nWxPNSruZP+QsaYtNFAHSmYt8Bq9iIQpsSJ
JE3af9EQdiWS6PtigcmXD8SV+F1IpGTXap2wtWXsLsoObPkUvv58Eeti91XmjeHO
1cJKJkfQ1R/8osgpA6fIdya9Ad2wpLHRM/T2sfN4cgt+bQnAzwjm3j3zKBAIFx5L
/qVAZFLEFiB9X63p9U2kEHdhkxJXdFqY1QQQ708pSV2SXVSttmYeicIqrk/Oz2et
dKCSGdxTRv9PQs1dZDiW5h7wW37DzWfisxOOIfreckOWL1QpL7yzrhD8ZQAXoI+Y
/5Euwh7cgrp1q6ZdqC5lkFC8+0Zr5bOrJ+dCG4/gcgfIJ6LO0fNzaYbTmhQYklz3
uetwUTXYNFL/K+IgWnzZShqmMAm9WfU8iMYjlnhjeX1ksbsslsXehSoUNITSI1BU
9Y0Bh6soK+jHGoXQ7zZ5G0DqC8OAFGPKWVnT/woGaOWvDq7LJWC6KZQMPtbSpNqT
/WJNw2e7jduQg90eV1evv2c4tTUlYAOZV2Srk9Nd3UCBXJeqkE0sVqh/eAUFGEVY
dohE9ab1B5w4BQ950Lst37yodYo3SJA3rmx12MiJDCXO+fB003k4uIUiy0w6ULcR
eOGfyVd9WsrxhIp0WVh3pPmgixjq7IFHu5p/ihIp+4DcxFXZG1k5CIJsIBmd3kcv
k9Wc8xpCsRZrZ3xU2qqOpywSVZqXTooAeVPq9u+TDvUL5x7xxtALlWlx2LopF3jv
un2JB3tOZOpQno7MffH3prTPvlv0C+yBLqvJuv6moCx4dvEByXdZGMBpCZSMMvPe
7Nz5q0bLGbswO5/qOCsy8ifDP5i7IQJnMPExNPQeZSdrYNCXge+lbRdiFZVrovjS
izdCb2UMBGsAeLoQEY+mcXypvkC+aPx/Zn5y3vuJBmISKv9JJzGLyzGFQddnLMEx
jf09GaE7hR9VFa2FZQ3h1EvOBJcAYRmLSetyDnJsGUNwNS1pP+GQtUIlP9E7xSvd
KKZapccG8DYvYCQ+ofw5+wgF+ZxEejGtneueIlqMXny81vs6HLDygkmTz6Ce7E8b
fgZxRelDvqPvwNLLr5kNAQZEymDdTefJ//pR2+RvP5Tivs1QjR4A2nO0gcZiI9FP
1SPegYCA20BverX0/4J97i2wllkan5O7+D48tAZ5vk2zmzoVsYcAy/ZBheDbwxXG
mYrWV2HJu24g/3eqU9lHJFSb9DDwetvYVCLIFxRJYsVWogDCLQwMtHJXGWnEaAkd
l3Vbha4/luG9YapkU7ovfVCXpwe0EnFmLCWdvW7xPzwv+Qh/kEGszF1kUj8OZb62
dQ/NF+6NgsofDLqqRWVcQP5Pa9UVmNrJTsRxJZ7ikXRbqelGXuH7JHfslBV3R6Cc
TiFAdyE4yvPYnYO0LsH2S0++21GPMSOL0utDOIGoioqFwvMys9Gk4c5WivgWdb9O
Futw7sdz5J7R3UL7GxBHj7NKty3+Fem06+m/wTp6dc7SpHk9E6huE3EjLn0MBRKH
r1X5KXRYQqkL6eKX7NUJ/TYZBL1NjI1hy5I0xIBfzpT54IiMbvFMEL3N/laOr4lL
Ce0QBjIpmQNv/LyNeN5Jb83SLEu+umhquezHMLC9b52NE/CL8fa8wKrGL/RbAxHE
Mov+nUokPREsedzv212ty+23xOAjsQspyKpca6k4ZS2sfxBxaBsxOBYfmSDGUPSp
fqbs+weD13Jy2yrv/ydS2gcO6T56CSPIQ1EJ1ho8QuCGhgaRGa/XSAhetQhPGRBB
ZU4x+X9kzj9YztDFzZkL8imje5BVQMzoa0yeh1KU//Ea159EQXe3OWNfHpte3N2z
pczywG7FuLUZb16G7IcaLmxGKRuhhEhor8rdST0Ii9/FeoCnr561b6h/OSytL7Aa
4nsLNmSAuHzTUndDw84vrlNOWHCrxCpitvuUcI5hJi8Lmj11Y5HYyvnkir0MQjFf
stt8pnQLwSfDbcjwJr0mphoBHSd/tPDxybRXjykxwLbGnQE5bXu8S0cPVQ/0te4h
6Jp0qbJvcVAie9l7oOiwa+hf7xDNGxfMmNH6Ztt1is4PRENxwtaICgFIYaIPodH7
RXT8hi3wVHRZjLicC6PCdRJKftieyLzpi8CTZNHGU75WbZm1VY7T6W4DHKwl93Od
4uXV1Bi0BM3roLQwP50x26ZcgTb5ZJb9DhgbEXiRdbHdck+1eiNA/bQJ827k/q8H
A0b39ul2sxSu6KOJ0p+Enc6IheheyN6r7O5ddojoIK28oDFMvq/053QzryVcGPRr
Nh+lM0yP+d+nGefp049DQulALeBiBLa/lmD8zsueFHFdo1spRMQAoqbpWj2O8Ntl
fETYdMsCk9zHvyFBajNyqpHqcTOHGpW6H1TqJzaGsFCBLRQdEtPw/3JMaezWNILt
UAraUbAqR1LpZyJ27qRE08fgPZ8bIScK1wqe+YbrcNfSeNVV88+sJFAwfrP40oPE
NAXNEq90ObCsNzcwg9E3HrF4I7Ekccgpw10miUdOFK4ORXEdkkdSB3nF2PVIiACt
NrmPA5jQtazxT6ZMKD3Z7rNS6H6tMyYoQKXuhWzAyrKawWSrI/2jU3KGNUAJnlOw
r5q1yKfuN3JUJO0OskzUQpXZ783gGQJbyfjpCm1V4wiuzH3++5Bc80lPF8743tLW
VhzkVQagJFfR0CsX21Upg/dghLPtBuXC9Mnl0blSJ8VZBKw0v7JLUl6z35p0lw4G
+JSKEbS8j+gE55s6oo9w/dcY7sJEA9wdnpeWKuUWQwqKZS/sVpe3mAQLyF8Hzwbc
aK7Yb5Iu7u85BlM+G5iOzRMRym5h24hLJIQrwBe0e0ARiRyI5qmj3A4uDu8SL3Wf
qqC4ns6hW+b5/5Ibyv/wG9Q5f6318Np2fS2EuhbdfeeP8acEIXEa2zLiKcj8m895
qXS+iO5q8Sikx41iU5FyRYFH1RuUJMo51rYnATEbd6B27KGVCKfVLtXaH6YZBCRg
aI7f5GboovnSOVpbEdf3nHCoTl6XINlJRI4D/a5lQZuM3+uwFXsmKGdt/BaDSaY8
fwplqGmbyi7Ld8LHwFGg4gLfcKnKVJiAzpEdskejVYK4GfSZ9APcMSvBpsmSx7qp
0p9X7IQj8+nLXLtQz3cvYr2GDER5n9CkFnatHLL3aUGLChmDe1AmReOh8u8Hk456
qCQWqGCYb8DM1uHDbEMJWPJET7sJLSNk61xYjyn5TY18ZddVKZzw8JdIh0LaJANs
rOF7P0vBHnLu4vBbcmXOSDKjk4it8Tx2FYKpPehHhtbQ4cCExzWvhkNeTycYEOt/
aEY6QFBPOYaU6J1urlLV0n14Oy2Xz2iR1/DtOgiRVnpZvvBSPP0MBZXUt4F+LFyH
Ck7pbDzYEgvmPjxCmVTjttuEX9bu/TKR4eLzCBYw5zFNVoPbkQu0dXhbF7wrG9vR
hS/LYLemCDcbs8Tua+X3qnKm48ieMH17cl2Ou5SsNT2J557jRozeL4Pi81FjWUTS
/8DUSVz+ulMP3KV1Inw9wYUC6cMlB7TuiQPztSryA2U7SKdSxIU/hkSwkixTV9OX
lToGw7VjZ5DVGlsiY7hU+46NusDg0MjNmmRaJyw28TMLWck50dYjGwGQhtWHHj0c
i1sQg5iXSk2QivMMNdUfQ98hkUu2YKkqk3udO9cfb8dar5FwlSMqnVbrtTW7g5CM
FB9kYnsEneXSUUqM2anpPqTYkxQqjh976EJGgEITPAjhcAeqQdeH92blyQmL13JI
PhhIIW0rgzt1BjawmgQob47xihlS1L9AeoTFXDAfwm8UzRZAVRpLvzdvfOJoXLaX
510phMrsBfAv1M8h9DK6HDIGXPmGxYeVXFdqH/1v4EwIgXX6tMy+pZPJRgy7omnd
roxer5In6qT9E1ZL9KHcwnAEV423wm04F5I7ybg9Mxn8zL8x2LdXs72KmHiNXZ3f
PKEJvaQs0QRjJXod6Y4pKfX1YARbY1tNFZmrutMAVvAOjB46o7AZCJf3PEr4n/rb
paRFkBDBYbqRTV+EJd0tHEdrmxAdo0NWDD0R87OFFO05kdCbKrbtd9nAWosji+4R
60cBQ5osCwXikBeke2EOeYvoA3DwjtK9NgKLMQAil6JN9ifo9PM0Pol1RiPvUeWH
EL+A6IiqGegem8jrS76IYGh+KAvO3R6jpCF0PB92LT2RemMhbHe73AExHsypvFru
5KrEoMlxULrUnKIVKGjFQRgz8CK2EHo1BVNqKeXWkm50K6dXZ8n4kk6EtKGAGFU1
k2Zp+KSkY1YI1AEOHU0I9vHm5OmoqFzeBIVjYrgD/TlSl/IPJbR97kgEXjjAgGZz
ei+OLC+xLhRoHtQp4Fe3AE+NnLX57Z/m1AciEuJM/pPoEzbUrJsuZKQBnxAyqmSA
Rx04CtQdE6GZcOTGSRotSBy26Ylxv5aXFIMpQU5Qg7myCOdVxvaoKxCGN9AoJUpR
ekWX8anu87TqQu2L7dEhEtnoMg2LaoQCC9VS5lK/r4kWj3mT0/+d76rwFnm5v6h/
ywRwyLWn8iLaqsU0S0q9eRWDyAnZlpf7NwQU3SQ1BzixqQ5b8zzM36TOTewZgS+0
FjscllnRjjt8NFGtXDRj2E0foL34a7W42clSSLuOqfic12FmJdWKYE9Ce4jY3sah
mh56PDbWXTUuls4bP/XsikjVxLP21zkG5BbO/FFjM6pLaThk2b/vcD4W2ep56oKM
uyg63Pt6y6793k5PaZcpkIP2NJMwXLuXCRlfBqAZP2jUIv9X6UVWWm5AdEtrCYg/
wvgqPNffILjCdim/OtpWhP2pDiJWfOxtBQnsjYYLhn1lCWFZAVHOGNfdKmma1l7y
2Xo55vwCHidtkMViZFSXr436uVgqnBUNO1L9LD6gkOjOWcVVCfjCoTEJpYFmTHrl
j8H7BqnhlRa6n5kiAIQBG1wl7KxooFuyYCmFsSOJA8ilx9lwTgZQszHEighP14xE
9VnlzMfFaqy7sp5vz7SQ3cX6XHbMmcapk8iQ0mCVIv2D2YG52ziJgGldCci18uXp
08EjlEf0AbQYcs0cLrmiAvjcp9ph8R4fKMG94gwGzPMZ32tmmHP/Z09ZmK1fHfww
rtH4SoGhbCVKd/Fk9WVYxzk/BVCjGoMI9eXphlcrvtps1PqYakbFQDp77xLpy69/
jlJMQFBsc6brxRRPPDz4WAkvd/gdqDKfJ0Mf0BIv/tV3sORGJxXqMDSpF3snolze
o7E1DDvm++dPHaPFpwrg2R/oD/wVaOCa0gUjhVCcVWuE/4AU4bRK2ONz9lTfNlAE
+TOXfaY2j0aH3jP7SDxXLjr6fNDWq99fBiZiSye1X5RbAak+kejyePcwIyUZHt6r
n3dLn/MlTQPG20qJVeXYhwrEz3398Ot1vzAMe1cM1wd4Bs7KP2kumR52gHJ8U6Zr
xudXk/2RvqrMzp6AcAe5UNkerskxgNY+pS3nsfCvvMcBsI4Rf1KPWGr7JHXubPYJ
wql2agC1Lrs0RLDSf1wWAIfMkLLa96Q8hs1pH68X9xtrin9MavVa/HgkVZpC+lBQ
JGgG91ZQ9KvqzGcIqQ7D22ZuKgOI5F8yRvWP1VGBkEwo0/RXOQ2iSBEtXrj75rR/
/LZfgvNfBZdn8EeOrmJrjnnaEDbLCOdFOCvXMTzb9zBRs9zPVBPXM8Phl/ND+OxU
PoQrVfGiTs07mB0Eg5Vw+iTeNxB/3K5MA7yiKoZ7MXvjqpkQNsvAsWpB/CQCDCSa
EG4Kei942tOeAmGyQRbRb39zFBDhHmoBbgzBmf22lPcvzQA9j6qf6jHyatHJWpim
wxFPerwlZI1e3S6aQXmpqjvTK3+fhxKgNzDK7h8VbVw4EKt37lY+rYKTW8hdZvhi
7I83NVhKLLxSyFxoMNseCS8rm/l8ZMjfUJGXf+5OHojF8ezDGmlPw7ikHg5ATCV8
wl6xUoSE0RHkAS/qz3xm8yfFNGG2yi8l7HjwBUEhcz10bXS2tyFOhRGQOAa8O85L
NUnTbpHb+878UOjiREAEAhv+TSA14c6fTM0DAja1Qe8quwy50rf7ZO4HbMbNutOq
N1yGIoTZKxK/F2WZSEu2R5rGMZa0Bc+2ho5YGjLcG2vFVqsXnGi1qij46UdgXzRv
ONPowvd+InpKxGbS2tw5JB8h2RmBDEpo0UCFzJy7NaZI7RxDWG+LlfC3Kc5bp07w
SVpSosR9uic3t3xRWkm5cJKHYpl5OpaH+qF+/+7P2JMKMm4eMzULe7bkx7Yb28n7
WJA+lSOsxGjZp0MLXF+p9pIASRnk5QpwLvwNeKh5a7pG3dQQOSHgMMqu0m3N9hVq
JVlMDtc33KVGNdD288t63HYEhLqSVfB1W4a5cSgZnlAY0u0By5qh1EOsq4NDGZAb
CnasvLbqFXLuJ+9hc53v889haUdJjdpqiNoQZgMi+cfwT84xH1ruTQLLk01ZCoDz
ZGeJs4l4tiVw6VKrFr1rpY2Wlq3zl0ZLSiIxdNRypLYTF9+Fx8jQJH4RmXyhF/72
soaBihZKYIIsFdok/UwAfWB1W55uGnbq22v49btaCTxztGTXVdv5LVCWtOrH3WAo
VVV7fOgcsSLSMbZXrODKyfbbuuR4dZZ8CsyUkxJyLRL0YAr3sy8M5yKa8kuHGNrX
BkTZLnImJtjCEzRHMZRji0hL4qwGXt1S9TeF6xmfSti1So/QapHwJBhIrVZuvJ1j
k3xGaSkCtaGZYXn8wdEzHVGdWA9lum839F6JvtlvVtZTdThfdY44f/sikvyhZDLG
92SX9/YjUUmnrHAsy2t+RGWAkDrv+ZPwZe+JjBagrNEYBYl5gXEPePnv8YvJtP/I
thzNrafSCt937D4MV79EfFJxddyOW5q6bRJt+aRs5TKDnrxphFczXJBw20+oVanx
aFbMpWpuRbjtROcU2GVlkDOD2f0/PnKE2jKBiNrYq8VIoox/3yc3hKqZqB6gAchJ
dspCRH1HADlaAciuy5aIhDhCJODK2TpVpocG1Pm3itlnTJfYNzR2XGVxh2SJmgxH
xNa2efJsCDO6Al2GcYvgXpQny6hILFHrR+C6/wA/LrNlxoEN/9xIYmbcI329sGNy
p2nzUmv6zy+sQ+cLjFscNjgz2zimlD9J0Glpgc2axC62++9b7NjwbB4mv1nNqsZV
1irdWEgZl7C10zBykBVVFs6M3s/v9s2E5UZsyGxhW3EssflNppdoErSmdJDFvb+K
LKaQry5NsBtrE+WuwoqT6MESMkypHeu+nS5vQX8Xv5WCoGQTdjLJ+3TYIczC7N12
6ZXcuTXarEymRD1le3A54aGJffB2wIzeK/tn64UtEShNLZrISoOtlHMvRG5tfKGB
2XzU4V5shEfJ6vFNuQIKvUskARIRm+ZtaTBTto53egqmo7xgTnlfbetRT40afzMb
yi9g7Og0W431E3VFtNq46o4G0AKsIEfbOaR0AOVD0wBQxmJ0AWlm4qmUoxf9V6x4
ebEuGghQgTFyCQjHDrjdNcYlmTFoZk7L4t2VTGu3Cffo9D7IQoI87gtAuMGBahU9
kitLqcJc0+FBWcFagVAA/rZArZMde+I4sxEo/+LfWAcqMuQOiABl7ZhtajCDLIF/
HqOCaNcDsezxgrI9zkAzxsZiqARZu7HfQOKBRw3LERV2Id2ceDXgKtkP4jCfVgy1
ZZzL4iyHNC/1BRksWcTEyISQBwQ2GpFS9Pms8EflP1GXURkeBgJjEMQjVyKo+V11
kVCXv+I6ZtfHltgeDx6pK+yMuzbYKiQzfVC0s7VozU3k7Ij//DBC0oTFf7OQW6XO
UXqa1O5JI6AM7RjyOYd9RxwV3HTFst+QWGJGMj8hDbLsRF5C7bCXKL7yddilWFXI
wpBb4lzXMBpYu98fITlOGKBXYqdDqJ09DuJlwsTMW/4vQ7wctVBc9yH0efBJPkOu
X63VFpzzxG8ePN+89eViRPzmBZtwGf1zot16278aJJ/WcKhmp5HskjgZc9u8vE+P
DG5khzL3SYtU9UQueRIjXGIHW/1XB//e9Rs/LvaWgryBcK1mXdZQBklvm+25Cy7h
5LnO2zBiud7R631MoIesl4F4tO7JULwx1pRe8cEYAu6RMEVJxY56uZZTkF+417n6
omPDUAwy+vhoGFbGlMBY6VLv7EarYOQ3RIbJJWlFQWFp9yqma6LEwh3kU7WKeUbj
CIPbPgc9zzb+IerjLZNYooR3/9/eMmKjX0tGzegmVo2S9BtoPE/0ruR2b5mwCrxK
wQxv8SIX9RDNKgLAwHEQm6yc8koH0Qy9PCae/Yxq+c3N77QBAp1Js4GQNCPMQBs0
ipHNfNqArtFJZIeHC96LloNcUtJtQdLkT7yxAGysabktCAdARf5ej2Fi3LExENhT
vqlxX69Dbc85LPgN8jUzOlhKmKxMinVhAbctLMMDK8JCXm8Vc9jHilsQsMTR5xxw
HL1MKpfLkwoQZLPUXrQb+9SFIASt8g0LK5kbly9eH71wfZocxftAyR1b1AYu/ZgM
3h/KScCma5oi5SHlecQsSpL7XJ1O4n5g86edm1ZSqE3VTKPYnlpvqOPp+Sv1f9zJ
dInqR62GMz5RN4MHrz/AgtjBisjL/UyrG177kC1fCtuO+gUp8qnrbn/iLKNXB71I
fUVccrNBfOzVKWzwr1g1ezrEkQxhawMEA3nqbop7ltS9v0EmRf9ZcNP36E0jk1bW
+U6clz8zg2pAj9n9FB/V67wQFivES7Ok+LHatrOTmFiV9gkuEqOZq3uBIt8WyWbH
UhsQbUtOIGiNzQDipEvh+ItyRJGxE36wQUq/A4az7117JHnRHm88wApaS55MtqU5
JEyQxDTh+Wd2Oo3XbqJpFt42T90lFvRJsPlJ+rxF3ty75G5XErD3XsbqV2FiUSmS
RNv76r0AKQNnZydQ6GmhWcmYvBHdyuQ0+LzWl9gecONoz87D9pTO99tOLRFtj5ZY
2ae9oY+ZAQ2nky4NH1nTVXuwjmV6uPTMmRjQFZ/vY+1t2qVwkIgydCJ3/gX+udxr
g54JHunrbT2Io9TjyfSTH9EWlbKSMfyKfDNLsdDFjdLFXxtWA2ZQvqSKV20fbV7A
O1KzPmFOZ3RF5Iy6td2x7Ax2JpXexpJw5V7jw2L4kSXzVMi4SZo5ylwbD3JlDtyM
j61vqgt3/vE9NoChRk2ybu3D5ATYN8NwiNPzepHqib87x9fZDlxyXnycoGE3uapk
tlp3rMI0C1ax+M2WBfbNPO64b52tKU2xhPLyKJiiS1YrWwxcCCK+2lgqKDyArZgD
RUccI9+gbGepyxfNLLM8YLwQEFGE13rW0tFDrmD7JKBwkXvkn9BtAAlcIW+r9UPG
VNirmM7Rutlq4aD3CzpJlUcboaeolATmphuAaqCR5oRovRGjFjrX60sfs4fbAXmx
zr6tEEipbGyirkN2B9tXqNrKYTMhxDoAjbW3GUswX+Bhi4TTAUSR/NzMKhcpE3mc
XB5XIk5hU23AJMne/wKoKWY64F/OjSKG/jARWbPorqw7lxOR6Pbd+i8BekMxreXc
dc9/6ZL9Xlaca2LbQYJpATsIRdBcQUdfs9LXYdaF9XUwTL9+8CuBZazsZcEPLpQh
wnqa3eQoQTzT2MWqTbR8jq95jzpeH6FdV7hwrrWbBmRxQ+lAMcOm5QqkVcyMy/4a
loEBTajvpOFvUo/AT3pzODrKCzln3XyD8LnxkyoRXBAweLEeEd6MMgBudvcHIB0B
HEczFyC0u7216fuz8nrC18OyXYyXLK75NGeEw17Zc2xXU+eRoiHNPFf7/18AbuKT
l00uQOFNEbSt31PNzk8Fst5nj0lewEYYTdTnBwv33WlgbTZQ29bQjmjL/YhapwxF
QKtQvP9pAYnGrMJUMfINPz9ccFNYhNq3DVHgslKbioZwDzK16cNHR1/jOVZMQw3k
iVnh0lTG9Sb1AyRHtgh7D8hk44f3kymXfQWrWhogGmK8Uh3ToHUDrIfihn6C+rLk
GNd82YsWAXod8IUUBRVZ7aYTmf0bJhXu2xTODmsYLSeG4+O+U9Ipu8mrbATjKxeb
h0C5+mhJMRnh966ORWLS+gwffg1ZnooaOP6daS6DcWr7TBmiFOHrc/luzaiaMayy
JWkCcVmKz5T4U54ggUsVagsYX41i6JY9n75GddRO2AWegU8rQbH7mSOx7HUr84Ie
NiKuqLEjZXhA44/CXHwlYdaAOdeiV3HYjRlRnGmrRGxPz6FVzXeZIkAtS5VlItHZ
0qgoqoa0QJjZnqthj8SdJ23K9RxcOBxfONtRfxWSJ2mqbgp00rUyzXQ/+qC7R/IA
k9YTbemUJLlUCaRN/XiSjvX9Q207NtQpPHnXLaWGefuOpTFtGjHu1RVStUwW6qvf
SaAfrcg/HtXS0IWKGUIJBclMNbu8X9Dwz2salB2a51VmlrTVU8740m+I4reqRQK+
ixoybccxm0+QcxipI5KZfK8DWLVjQYGRw8lgK2OALnTIb4oeAZuuviDhVYeTaw31
105s0t+SB6eKGPO4IhBBgMSMGQbby3NsU3EJ1DebAcNMspThnwDt8RFII4yffFIv
uagptz6Na/lsHS5jt96lklr/SGdexoL17N11EDP3XdBg5UpBmrtV6tMWxO8klM0X
VijWT97MSoeYVpu6SYMAHypYxCEWRKv0rcSJ0nFZhM6Ou13fe+WRMZ8l5XFrPW+l
nnB45OEcgRn2QSCIYryscdCAD7WfNzRciyMeEPKYKKT3sDAVM7u//W4mvGAagOFe
EsIjtsl2QdWJfO6B5ZBdjBCTxuK5l2MAQNRFiGXLqNuTPd898Q2g9wTYWr5Wvx37
E9lcUgOyoxEUrbZFVJyFVi9k/7ftJVdLAvstbOhO0fooECyqCYso7o2U7fPcD9OJ
EtXAnOU+rvPTEdjCgC/AUBVx7uP2rWk4BvCWJJNVO6C+yPwovbYsHdr6iKDhNYC/
XoeBYhpe6nqZSKdTRpf8ren1qmwS7i0m6sew294BeKZKI6QBVcEib1gPamAujPQ6
+MHcgEM/fJ5i/E1chCqF5MWF8fLCE3n5QD96EYFfRBZc1Hd/NM1lqsTk0fjGj2ik
l1A0ZZQc++zCrUa8FeHxntNnlG8KyNFQ1I0M8bAPK8L4+Q0B9yR4BF0qdvfARG7v
7rnVZyynRVAI7m0LbzBnFrZi39He02Trbum36VqoO4heopl5wIlMrQt7dds3hJlu
zhLzVf1j6zJnmX4jFPi7gl7AlsokIn/z3V4Sc+J72PEs/zdEUAYUmOw5Bv7rfLub
nOdcyT2k+lr9I2oICnAVWF8BqmjqQH6to2ZsTTJxrJojilA1uJu0+BiguUniZYfr
i5jy7NQyWzy7r2T3JdhNfvnjIvsm/HoDTnTwLWCaKiuHJOUWGagK0SGIMyPDx8zr
quQAM5p6gbDxgeWdhVQMW2Twb3D4B73nJHV9ziZHCqG/NkVooGZXCNOtY3toOwBA
6yCrmKTae/TL4dMyrV6NDY39+Lmxu+696xnBQdUsjrFAhjbb/NAmR4XXrN6puYEP
T035wFK0djhw69LlA+3KIDCDbnuNsujtWnDlUujVyKJ56Ie1H59LGhrinhUJw13q
4xz9AuGJtkvk9TXaXl9x3qaqQ6YGsQ3PdNNLuKPp4wrgEkGLq93oGxRijOAGGW09
iLUcZQkT5ujMDd5j8XJrGZieIqWy48CM+gG69dtmGTgJIjf0UP3kt0uHjJCWkZxy
79o8pgbY8JiLBlAvV0PF1vWTpGOs9gw7oM5Dlhp96g2/N8Doaz9c/i/CEwnO7tl3
6K55RfsSugF2G0F0COJ0USvF5SsKiDVtrvCK6FRrcg70HLhjVKmf9vYGTT/gb8GM
K3JRAQfnYwOARxEA0oboamCZZwwxCm5noEdi7Xbxfxxz0J63HzXNETtVHgSQUhAY
dmmkeP17WztUwhZjqfFHfGIhIrbcojAQEWZq1EsQmwvKOvsAW6v66dBjCT38tupe
9nupjcNgNDJYaY+CoYgY/ShHtxmgCzVfBam0AHnhCEF/rF7SeyW7+HGYpLESi8BX
JS8qswwJ55lTL1qnaKCcrgN8Tvvxg1N/g2cr4UthIexGIvAkMBZ2BtM84NeQBNDR
fdENxW+CrNOoKSNVrmXcZIQTuHkarCcaswimZilJFl6N/mbXAp6BoqySxVkRR+AE
RodVn1zKl7fzoY+bEDHQB/qXen58A6kHk6ap3Nwdzspe2EhEDFkGdwBqa7Ttghmx
5JKpgWTWvynxb5PAxIu7tMYDfOe+BpQc8/JwnXgbDSF5adKFaLt/gYxqYNpOFKL/
3GHACof2dhjKX6Tjiga9Fvu3nBHtRDqSc2apokvpSAfy+dvJHSfbZsdvBzQhsGik
aR4UBAymc8n5IpmrT9hBtKldcVl6u9QzL0PDSiVhhiE+hGUi6VzPAllQxV11o+AS
rNJ/dCauBjXkLIo0O2V9m8Z2i58mgp2XpWfTNvquAS7Mf2irgtt9af6jozwxBXl2
xKPBVIeHtuUTD4qwqY8YfzjPJzxIBhphZ0/gnrG5zQgQk0l9awChmNQzMicIEAm4
5bguQO6EK4mvBgJF47nES1ZYKHzlTirN0hpuauLYHUNMUngHiQy77KnkZjOXCbuc
1umFKY/TYUpeYlZuolJWGYKfIr3K11hdobz+7RDbPQ91qZb96fFoFMX2bPXdTU+S
dIJ/KUqCk59eMKRteDMJwMcdijRxxVpWdscRIPBfIfzKqwg3Qte/p8n3P6lvO+Xo
uza/Tf7WmU+wKdJ77B6phQRt71UQqRotBGQMTKgARzJlzL8cLH3ehnCYII0Y+CJf
0dk3pD2bl3mDkYpnwtpat0gU2MhLqHAjI38eIdUmRooKz9T7ujI/6uAmQkzAxbuP
5Y9fkl8SxGvO3BOcZsLq6xsL6+JRQm7LiQUb+3a9wa2WEhmcBM+yk2jCeS35ajQd
F71OJI13LEpIeHGnBLlrNxgBuJMxW+AROo+dDxZIzpeupC9fc1pDxW8dbIPclysc
exze0ttB8MSyt8Y34pm2SWw10rc32kAZcy4hkk0ka9f8OvsyWVO1XKJDSZGo1IR7
pIXkNEl2wWOkpUEfHHYIsM8l1krQt6sTlVlXv1H8LtHpMqPR5bn2QXGb91BEfvVP
3aCVEwQAq4XDasKlTkcx0wWVVyw2WTPL6GC0SYvNWixqf/KWF78UQldkdcmeHfvh
eGAD/heMr9HurxdsksXYfocKUk76v5KTwMDACL/gjg5QwdyyFHTeoRijli/OOd4y
L6au2NuGKYgd/pw5QfBvTDb1iXUMkY3piM9zGsx+4KVAjo+GW7f+m5MbV8JvK0+T
xooBXRc9IqDxU+1M1gCojq+Q95HcBv6SiVwo2V1cBpQYU8LdTnXqjoE0URppW5tp
LfPyfIZ8S32MwqD7QAurH64i3I+iVFboWC4fKB0R19SOYrcQiSqzlDlBKaQkOpHV
DHDWzjmH5HTbYP4iGKWYMqvonwEHfS6CA9CRyUFU76C5yrLvNZ0+va+Sn3FYCsZT
OMPkFAO9Kl/kI/24bJLaNaTsvckGo8mFEDnh4V2LcbDUS++mE7EAjfqnW5UKhPm/
6xe5GlqL2ClFlbe5ZBLuvlAz4ZvAKATkm4HkwqFO59S+xj8qdNQZb/ofPv2aKhcr
cOPLHT3VNFd/2KqfNS+Mviz9Zr4sD31VctU+hfcQoo/cxBpG/fobLiOTOUZBoEuv
gXvY3+fNDwr65h7+1RpZLqs8posRdvv/xbRw85FvGk4HUp+sZ4p2tBRasMIXi7J5
bjy2aHy8WyFaY/ywJWjZp48skWzGKsB7bLRZ2CvdSw/0TBB97hA6gVX68X7XizKu
DZ23flypenzil0oDFDi9DJXHbp+kFEzLLFkKvkJeNkOB0Jd4vT6VuIS88jUyqzIq
k/a6cnDXmTqT8M+HJTIrisvT6sogOgQf64G4g5TozBsuz+ngLk6EF8VdC8E0AySB
d5ZlW/S7xKT3N3k/9bXmCTAWR6Vmo9nf/xxnfS8F/Nq19DkBLmsGH5J0WOxpV7g3
WLjKZKX1kHvdIhx6cwIrDCOtcB1MiURPRHAptAqK84c3zii5UpxUkiWzhJv+PFhf
0WNbfZCQBfncJ5G6D98evkJ1LmfjBDsnrZ8i4bG4oNxwzn0kg9F7eze1m//wuZ2B
3qq85ptBTtLbGlEHzQyAnEo4aHt05/mbPnQetuGlDhLQ30eOtevtVJthEKC9FX24
p1fNRJmGanALUuudklfxpvZcnQ/yAphqn48JZToSH3Sb/rIqxJpNLdE1EVpoIiGZ
l8o3jWXdo24pmhkr642b2whR7ZzwccIKLgKomdRF9qnbm2cc9hz9QDLabVRFdbIC
AjZwi66nGpBnqYf1yEzlAihkbpLwPQaJZbs9HvFYOEkquITGgVa7q2K40o8C7x85
QFoC9TWxLzI1cx5TEppGl9kLbLXRepzvHmu+2HOKcaomQ+bHPwROEz4bJ2YpZ5gt
fFfMFW4yFsj0i3+oLDqhRWcghAM38iq5uuoENgiDWz3YkhqVGFY597rWsImVph79
pHhjiOj0DSgIk0bE53lmabShJdwed85e+T6lpvmTWmo/sXl68HcK2oqhmoSaU37b
q7M+l6+Nln+O567s5ykOHLKmyLl1OdUZ4a5LXvIrCj93Aud29qL04LCUPeDTouon
NFGxqAJUy6iMUSw1Kho39hEKbvqUNffAqOoxZvmi4RvIdyDOIEY1RqGiBlewDm/N
OqkH2q4aTYbAgITWOU2KZkpNr7yunb0KUj7zFNx4109qeFmj4AqwbhkSAj0XHJOm
mDiweIVXC+nCvoadB/cBpJZxe5meoXzEL0dEeNw4DHfCM7ooDQFArMbscKSA71Dy
bDZg7RQyW/IN7UobVCCFIAFD7NCQ75lhDj39wMDn5k0nFgen8v/N8ov5KuXMehaV
GgeEAaIHwZKsfew+YKRBMYMO0FkHT2YoeeZMSfKAYTRODK8QDT/rQx+RR5c8iKqp
YJ1Wk1qqJxnzm//+UgPHmcLcC8ff0YjijphajVKbta2+pQ+oyCjKunroy1O/22fY
VShGP3lhaZgU35Lm+bVVpy9YNodrWSm6htTCEAMrpsr5v2erdDr5pkqB+5o8fQF+
Eknm8jvs7E+cPyrtpp/Eh1+Pnrl5FuCwueQXrlq/x5IlgwP8crmeLkuDsKQYLpoW
G/74Xw7N+lvb4RlCANtziiE25Qx2jKEimVJNit0cIWmOLgun9MTlpl+v+OwO6U0w
m+fAN0y52rmDGT8tcnv6yq3g+yB3hWZqbIoAgK5cHHAAdx6qjJLCuvBWEPVnPvmy
gdPcXvzCSrptJ+1reP1XEGxY1eVxJqnP0kYQDtpZ7pqzcpKuocKL5DFtA0MBFxJv
TMeEkdPI+TmeXY76LkRlc9Kn30m+t6Z0uq58TTn4lzrCjhAb/L6RRVs6AkyJtYS9
iO+PF6uakp7KmQYeSzdDu/cMGzbR7EmtDaW+zIDY6CPGVsQF+jeU6NB/qnNJ9PLF
AALw/e/m325f/xYIhq4VnQiQNB9GGOtjIVwuoaxejTKhX+6FGpniAlsPXYF6tdSr
+zMJit1sJaO/nhw0cd0G8N1gXpCl4mXc4mTcdEF+YpNvIqoVNB0T/hhaQX1xdsb8
SZiUzHNJ1cqjFZo9/cEZWy8faC0mIaOaGJ1LBusfP/Sx2CJlXVz0f8ntaX3y+CPy
21FEWfey2VWClvWL1ECU+7MAfRVrqzlhLwBZGkAwEQ0PyBw2fx5VTB1rhny1N7Bb
HS9Fx9sRWa93NBFq5yWrSCYNTxg3fZnxXMC7/codwLjDJzvVprM135MyQKD6I/rZ
ui9JvEz25m5fRsCwXTSLGK4OedCU94lo17M+pCl3nJJeCGQOJhPurvGaR17Tp2dw
u4uxfR6v9gTsLPX6miIX67/5UN8xNPTREtiZA8HlxykDxF+PoOPQZ5d1OL3UUQ4J
z/eyBRzCdDT/XKjR0VWHlO4ijxcbZq4NYAuiys7vdZJbzrGLnL8GnBsU1j3VGkMJ
ztVwTPe0OXNZmXcBa6JdudF8p0x7mlTSvWwHlkv/VCuVmnbYdxj5/yMJTnXVjPme
T5m0RdLj/H91KGanjAQJuLRNiC0Xcin7KUhOV+4tuLPKCRxzQzGWKAORoH3Rj+X1
xA1XSH5N/hcsBldolhO8BtAY81GAymWUHdj10rsgy9t5hD1GsgdI64kUesgHKvvD
aaQFz76KOpfpPIS5eyBhkLPW3/hGb0HS+fBbKYr4QRWi0uFKLNbEx1ph0XOmp76G
dVCgQbcN6CSf/+SzgrcBqLOyPOBB4pLrz8m5SQ1n6XLfw5w1kEdHcvsdOsV+XZNK
wIdVbajQOQcIR7RQ+goVDce/c0YJgCM7a9oklfmlV3zmxftxC3CVgCrxfyOXKwWE
HHg+G0tFKX9VBFXd45DrcCNZslxtPa28SnlF1S965igTQHA1T64QHJKDzmifAs4U
tyBXEXh0SpSMR5hhNk6hgtA4zriYVTGo4Symme7MqZA1TERsVUSOBFIq5/AmgHYs
4R1aZowPPVqybX3BLq2+pE0nNCZkQciBjuGvGyesx2nLBlCyZ3QE99EGjyc5Fkvx
DR0vP8yI3QUr1L9HOiibHAETR8kgqHU945SeUikXAlfyDnuSddGfo71+GqC+oKXO
DjoGrrjAbQOqlqPTXIdcYJSsJ8j/oyJbVkkzXMcTDhj6lx+elxx+zD9luNskRVuA
P3zpHVo9yH9JgjPnArnW6cG+veiZcug5Gq3akXSfNXDEVMF8TMfbwLIJr7X6juxZ
2fG7LGhB8j8TK5Fxb6HDFLCV/mq0rz1X58jOjp9P/289wdEhS1rYsiS0LtwQ9aVu
TKx283cXPPx9yXjNFQQb1NHobxCFDQNqIdbKlFosF0oOLbszNdCEF5dRUWlQYCIM
7cHn3rfKjbfh59BR/zDC+cnYm+tVQLf4pnavsmplKOnmF1FpSWmmdZVBJk4jS2ER
amkLoYgW+DQ9+FjdNLOXCNee4gJvihs7jh0RYEGnruAq50TdNcIDADckq4R3dt58
NGLROatfTlpFOoIyG9ONlB8/7oc5tYRrv/Ih/ryfv/HfOmHvcZyCHHjHtv5m4RJ/
OqMFq5a8Zbh9uFaPHA5GFgJ/UNi5lqjYHRwICVnxGi8eFlHnokBj72XIc/nP4q9g
Lk88J3gnjS4xYa5xQ+Ak7iQ80M2mo5+Ay7ZwaMFqvITr7v7yx3jsIry2sKJ9QJdE
i2GK7i+/jnCI/lFAyEqi8kWzTQX14PTQqtvipVl6/XAMq27UnTx0eV/40pdFF8DV
H0gz7wiDaOHtTYby0xlHAAu8Huzvf9vGTuCg9+l4Z/2x+eTw67O6o/mVYFnNDVhn
kLPKHQaQ9NdOlrvwXbSWgnsnI4w8CckTxHkuva6DrXCMXi+IjHK5f5oLR3xtZ7Hi
w/jD4iRyOEYgpvSyqGY4A822NkpOed8F/AOHNTNK8ysBnGz815ZIGUbwiyhq0blQ
IvJHhmOkl+QTDbekbmGDrK7sk8ftK52+umDwMU/chS6Mo41bRYahYyKbTj3pWI9X
vQNhM5Pw+Us3D3+bo33uSiJhQYs8TNPIkJebM2LBXcsgsuMPTFLEcK39sU2npXkr
hUzikYAHa8KD+b+/9cblNYDBBk8uXq1tehGakDy1R2NiiDGp7DUzLUyqLRrtEJO9
CNTH6VEmB8ScBe6V5/5stDOiWK71J9+inP4uG9BSLbG9sGgie9HOfOHF7LLMoOSf
y3aKtKixA33tqpzc15scuQ9wx8PsfjwzKfdVOtyyKauqsgM81zYRcxVyH6/uaG/n
CTgKB6PfydAcv+Qth2Bd4Rnt1bUob++9DLlGUiTo/F5wuRGoeF8N+OII0J77RuXm
Ccs+ZnDFYlGTR4tR9hykBIoe02GN5xphM/VmRxlksPQ9Wl3nIU7VOhz/GbYQy/EY
7FjWTD2/kv1BGIe6mtz5E8YJOLPN0R5P/QzPievZVtjmjFJej8v64u32deiEWRMn
mC961WgHScERg6phH9rCKxpHEbywlO84dDFgr/NzDMBdvdAXTxJzXF0oLvDggpUB
5EXf0MKZywPDt5hAO/rIR7Hp/MXpd3+nhKq7hCU0XN8coMTkBxLnR+yTdu5aKgOP
DNf7oebDDsnBpv2bQ5ouGmoQvlWCaW5XgvwQdKyWNTnDRkRFse8Ap9NMwtAH8xKP
DvQxExsxgg6ZwnmKLTJe14+Z6xtK+ltKqiRlNLo+zNpwXgBilX8wEcCscRdxTiQs
weoJxEUqX3k4xs8JwLd1Fe9WfpJDK/T8lzwU+2R528smua1ZQm+/OPXNIonLdRlu
B6bML0dXN6bJTHqrZ+aAce1jcZopBW4hZJW0srV74GC/OKnm1LJcFCt2/b3QhF/3
dauvPyIoXAvp5vxkJpMBxoa8BVRJhhq2RCcAIBuIKaLi3pgTjU3E5FaMGGnq8/oc
obyCcXzxmbwSHMhBZGre7PgVMig/ddAzQtfLuCGaEQl/BRAEiUINkOIcA63D3oyG
b3XiR1lVrPi/NKxeo9fv+9mXhlq/loXvVal3NsS3N/hG5+pVJ3GFoR61ZUQHRofy
gFnGRcW0iEtkYvfVxQLe+YQWCjtVOnHtlc+G3e/0/wWr/37K3ZSN4mCY0xAWD4mn
yuWH+494Tegx6UEdFf18SauojMykTO60aEgCFfh2rsf90Pabwu9khWKLPywDa4Io
WSgMBrxdWdvr1LZNFXh1RxGxZ/+Zb6SLnagjsPbu+SijRtiRElD3nBI/3yCDc/Ty
FoH0SGftRUfJHmflYTdly4MoioxrPkeFsWE9KvMMViV78PSTqac2mMbDC9fQERdX
dTIEwdx9YwP2W2iDvkbo9NNDvOhRe8zhAWVqo5u/U49e/uCAMpcHcIXNagL+c4Qh
y4P17lIEAHVfywykdBpqrxvZ0fsZgZ01D5zsxAMWtiEvuIMVgJYt5e3WZa3x6FZQ
8SGUcb+aZmwCa54GGfBRfsFOOc7rXic3i7tEf5UDLjQwygF1nQM9Z2LRMn7xO5bx
WeQTCVp8W3Y9Lp5OTvBzUWd0VGBFWut5JbhFanu0WXUCruDU1UI9ynyooFI3CYDR
UaBbqGPn0KtrfeWFQZAG15n2w0+IzeXhkOHF9JQSxpJJu5aEY8qX9VYXIiwrtQkb
nWm9xLbUdac1brPah96WOVIxrSi786zr3AqNOkwcDDkr/mRt4GS1wMCkc2qFG+fI
MRSpPHFkw/1nXSWbIXXdvPl2MYqV3Q/f2+WSVGQEd93TOG+Hrnilk2f+JEsrEYk2
ijQQhWnlTj8uxZRJG8d6VcTFtMFW1Y09umxbwS+xQiRGYDmMjKyNIjrtxKhLqEsk
A+scmYsAiBu0RACokVIu/fqMKJT6lPa5xn1iSpBwIqInS207ImcKTFgfUfGA4WTv
JS0WALdWRPNaIQFCmSCug5QfHVTKoJj14K+audJOarZsAdgypGQ4MAt0I67G4C6K
0qIkKFEPUcRC5vPK5c7LZvPh4TVFeXem7c/sTgnyqt8a8nA2xKZ/ITGhefYXMUTw
Av29wVpZVg4vV7rLsndtK+DFl+jefEPhYXgzYLlevKZK8rSNcZgdzWuOepnwJ2uL
WBz3ysv4XFYQeh6nS/pJHXsUOYCQy3SLfWtovh2gtiyQSCFCdtTT8q1eVjB6uEjP
V3MJyLqUHdNHuWfadRurG6pUA1/YR27owkVXkFSN500mFW93WtYKuYrA4/ZQcl81
PNmY75Gno0c+dzyTIHljzunM9OL7b6gTleM/9TE94wjMwvVCp04zloCEZ4Ll9Spr
IemBFn7LYMUo/50eR54FLGa6IULvkUNrk8K3aBLoEcRZkmFAag4NsuSZidCv/ZP/
faowvY52yV0xh/Fn7wxX5PYFTqT/SpKdswdqRg3C6sRD1J/HYWAhAqRPy4pQ6Oqe
E3LGHb6j77ntL9WFHH9GAZ9/z6RQ8/5j4qgUgyNVJfaBljuXAi2W/e+nW8wrqCWE
o2K6gfMH+2Iw2LZc5XfQjgR4wYQ/HtwP+gAUIDree5/iV9M0hH8mykbHoz/9iP7E
nABx/s2k4VZz7kquDUVNWdydzGLCpF5rqHRs54aV6jkv6f0U+Ufea70Agqj/BK/q
tg5yyNKrmk+lBG7dm1XLcKliQde/ePiQmmDAFYNwRA1+vPasOkXGIKsJwhOGzxkq
2AEi+FOD9enWAfBSlgIP9WUR2FY/79IhSfevnE6/aOve5qyUDOAH0Tdezn+Hrvn1
SZLSzMgqEhMEJs/Hqa/SnKnkh7MOg9jP4WPB8zLcedswg3qft0W7TGQ7ZK+MXJQL
PvYFEfj8gQpNkegtplu1bW423AKe9IK3NBjYJ6PhW0kY9UttNfboerPRZtTJE3rr
fOswzFs7GOCGfZ65++1GpeIQ3WFrvPHDVZ4Tj3hcVEq+anG8ubWfnTbYTx6w6S1V
w7gayZPle0UPQL97akhc+ZFHVeRidHPuK3wbGxKNm3qYWvcYEekJrasXKYP6/RGG
Vw4bQIUB4qND1DRCDwG6uSlVIs0/mk9xgXSS/bKQYwhdCZ6C72dnuAcjQBbZdwZc
PacCpNbLi6Ata99FBE0VO8UximpYQMQt7e+AZAXoCNFhFWwL9FltOB4ghI76Pzgh
1M2uyMKeDOWCZCQVU8SY5xx8I4aKMmwsQLKr2putOe0KY7XKYlDFSy8YY602Me7V
KZ87szDFkGcQtQNUTvh4SY2VCGBd2tIQZzo93hfSNMjp6RwhehZ8pMGb8xpqbsi0
T1paInOPzkuVtQdQRURJZRHefcUXJRpeBwvHo5vYtZ7YCNo9lrpQHXnXwvHPJ+FU
Gc9aUBSBqLbNnXmN0L0omPuyZAhAWM88MW/B6TSOR6zhGA6XodbaOfD3NltEo0nZ
cWpziFm2htsr1l6d2i59bj586MRTfuVG5zYzHe6aO216Scjv3uLr6IidBgR2PxGP
WKMRM6i5j2c2WrJCtV6XesJUTKxLgLKq/WCCPlNX81lVrtgdxdLKw0cv02Ga2g7Y
j0pPhxY8Sq8Y1ke23sTGC8vOXTkUZsjBr4am2ebDWH/tM+ilqRui25Yxox6sp02Q
JTkMkTFe9HQboczcx2VO6ylFBm7A6pm7JjLOUrnPW3LM0AFKqac/67dQ6pNI2j3D
CL3bZK8kgHMM9htC0ezRLB/2sStxYVAtlsm217yc5idOvCWO1X5PuF1TDXApK9sR
7k1JLCLNvsKvkYn9fEOk/CepFu0S9sDfDVrtlyDyfyhsEOw0X7wOJCVBo/koMePW
BkcQG4eRY5JK5Ohi5KUZDOfN2lT6//a5WhrGB/6cFkOq63dINH1NG9tNunwnHEiO
fQL3IzKhmLOpqYWwsgehyFDGeoLRHMs4neVhNOmAuG9vWK1b5vabSFQF/7gOkW2z
FQ8YLOMNXdrTujye6cUcyiIXDaMUcJYsGOvEeNqJCe3V5I4V8oGg71PKOWpYzbTM
RyZ0jTEMvbNuFbUEMnXDtQOijHHdki6L8AEasiRNbdQ8CbhtFCDepLcVQH9D/IlM
CL/ODxuqJJggbGWrHXGG3flhgmIPa3t1jckLb2al8M2z3tZXCgYUCjR7IeTgASmq
SK7HfH30TZj3MYiboF+aG5o1Ldo8pmgBiMx7AlN0Msqj5NF5MxknlnVCgmH1UZbK
PmG+d8GG7GpdYp0IpZHH2t/t2RgpWm7BuFi8JIc08i+RElSjYN/HTpPlAXkyeYql
yj/eza2ZuqBZrb3PWkGxg2KkvnrSSvjHPx/JxWv7F4uSZvRKyN8SWo9LOPUtU3ZU
/p/Y/uS4LhmkDE9v4+32vdAzt1+8r79lH8YIwZprNWusiRcTJU66EfPqr7TwEj5N
YVm5KbtnnfBOvRFTLH/cKMEpNuIif2Bd/T9bzh7Q+86qtmcRH3WlQIPvOMkoBEwc
iV6Ttu0/pIp6pGLd3Ql1nOUuGBEGbbzq15nUV4gT7pLNLNIgAjCByBbxK4G+V/X+
5D0UhzJWl5wyyLivk2NkwEGA8MaikQ2OlNcVsP3Ts8Qn4VUrjynNyv2R55FZ4ism
vjKvm7dt25diSsamQDpzaxINe/mt/fAZfY7uTyDMvdB4e+hw4VP1eZyF/CUVUMe6
2tLG3JEsoMxnbqwJjfEFme/NvsXyFfXd8fxdqafrPeNKkZ2PpteG9rzzwb6k4yo5
gJhN3NxLJpG8L6JmC0JF5TX6EE/4gloiiPIsR9AMTaLqKb3bSR8YhvzDPKcs8K7m
nGSpbOdfulyTQEZHggSvPLLa5hEHDBmMtlxC3logcwiTx8dwWPMOLgwz3mhAkpCL
bb2xahiM4BBsCHjv9cF9rFYet9FPIuuivig7/wkLaqHcFSdS8CtWrMG4y6W5usJx
r3/OoVuPsCgXRlfpavkDXnZXmz2niOJdQMAqQON+t1+IVww5owsObjPfx3M+vLu8
wiCuQiSGb7GbaPcgDL2NKyQjtqduaWOl8w/GUz0f49/3zq/nB62TF4fdZLr90Rmw
gx2ZN2gA9vmtJSbJo8DsPw0WlK3lxaaJk/DCI5YM75GkuK+QApeGznHVl9tlQYBu
7Zaqnvwg8FNhYkXPBIwNcjRqjdsywzttxNqlPqIlRUxu6CKlWu1XwLxGq8uYGJje
u+t9JUYAHleJcZ4XTaWi0y/sw5hbZQmcSp8EjKxEDmUHlNjo8dErXC0p9bqBW6Gc
B1gJnsjqwH3ORCWMe5umttAww5iYQpjKBhNE9LOHmhZ0BATafqVjtrl44xWVjSCQ
Qy0q9ukpeur50Q1/SeBGksm6D8qi6ZZYOF1FHIR0iOgc5ZEfDXguz2a/8dxGwyxa
Kr4=
=Uxo0
-----END PGP MESSAGE-----
