SN:3K60180500001583 BD:Jul 23 2018 VC:834b9c1 MD5:48f99e4865ed8b810be1bb0eaaabf929
SysTime,                      Time,         Batt_v,      Batt_v_sd,   BATT_PERCENT,BATT_PERCENT_sd,      [CH4]_ppm,   [CH4]_ppm_sd,      [H2O]_ppm,   [H2O]_ppm_sd,      [CO2]_ppm,   [CO2]_ppm_sd,     [CH4]d_ppm,  [CH4]d_ppm_sd,     [CO2]d_ppm,  [CO2]d_ppm_sd,      GasP_torr,   GasP_torr_sd,         GasT_C,      GasT_C_sd,         AmbT_C,      AmbT_C_sd,         RD0_us,      RD0_us_sd,         RD1_us,      RD1_us_sd, Temp_Status_mA,Temp_Status_mA_sd,Analyzer_Status_mA,Analyzer_Status_mA_sd,       Fit_Flag,      MIU_VALVE,       MIU_DESC
12/15/2020 10:04:54.384, 12/15/2020 10:04:54.325, 4.15710e+0, 0.00000e+0, 9.69173e+1, 0.00000e+0, 2.64818e+0, 0.00000e+0, 7.30390e+3, 0.00000e+0, 6.92053e+2, 0.00000e+0, 2.66766e+0, 0.00000e+0, 6.97145e+2, 0.00000e+0, 5.02226e+2, 0.00000e+0, 1.81996e+1, 0.00000e+0, 1.85228e+1, 0.00000e+0, 3.59620e+0, 0.00000e+0, 3.19485e+0, 0.00000e+0, 2.00000e+1, 0.00000e+0, 1.70000e+1, 0.00000e+0, 2, 1, 
12/15/2020 10:04:55.377, 12/15/2020 10:04:55.320, 4.15714e+0, 0.00000e+0, 9.69239e+1, 0.00000e+0, 2.65192e+0, 0.00000e+0, 7.67134e+3, 0.00000e+0, 6.97155e+2, 0.00000e+0, 2.67242e+0, 0.00000e+0, 7.02544e+2, 0.00000e+0, 5.02190e+2, 0.00000e+0, 1.81875e+1, 0.00000e+0, 1.85252e+1, 0.00000e+0, 3.59637e+0, 0.00000e+0, 3.19411e+0, 0.00000e+0, 2.00000e+1, 0.00000e+0, 1.70000e+1, 0.00000e+0, 2, 1, 
12/15/2020 10:04:56.366, 12/15/2020 10:04:56.314, 4.15731e+0, 0.00000e+0, 9.69488e+1, 0.00000e+0, 2.65538e+0, 0.00000e+0, 7.76105e+3, 0.00000e+0, 6.96638e+2, 0.00000e+0, 2.67615e+0, 0.00000e+0, 7.02087e+2, 0.00000e+0, 5.02205e+2, 0.00000e+0, 1.81897e+1, 0.00000e+0, 1.85365e+1, 0.00000e+0, 3.59786e+0, 0.00000e+0, 3.19715e+0, 0.00000e+0, 2.00000e+1, 0.00000e+0, 1.70000e+1, 0.00000e+0, 2, 1, 
12/15/2020 10:04:57.386, 12/15/2020 10:04:57.308, 4.15740e+0, 0.00000e+0, 9.69616e+1, 0.00000e+0, 2.66139e+0, 0.00000e+0, 7.67715e+3, 0.00000e+0, 6.97262e+2, 0.00000e+0, 2.68198e+0, 0.00000e+0, 7.02656e+2, 0.00000e+0, 5.02194e+2, 0.00000e+0, 1.81953e+1, 0.00000e+0, 1.85450e+1, 0.00000e+0, 3.59891e+0, 0.00000e+0, 3.19744e+0, 0.00000e+0, 2.00000e+1, 0.00000e+0, 1.70000e+1, 0.00000e+0, 2, 1, 
12/15/2020 10:04:58.359, 12/15/2020 10:04:58.303, 4.15737e+0, 0.00000e+0, 9.69579e+1, 0.00000e+0, 2.65981e+0, 0.00000e+0, 8.30149e+3, 0.00000e+0, 6.99762e+2, 0.00000e+0, 2.68207e+0, 0.00000e+0, 7.05619e+2, 0.00000e+0, 5.02214e+2, 0.00000e+0, 1.81946e+1, 0.00000e+0, 1.85540e+1, 0.00000e+0, 3.60075e+0, 0.00000e+0, 3.19316e+0, 0.00000e+0, 2.00000e+1, 0.00000e+0, 1.70000e+1, 0.00000e+0, 2, 1, 
12/15/2020 10:04:59.352, 12/15/2020 10:04:59.297, 4.15723e+0, 0.00000e+0, 9.69363e+1, 0.00000e+0, 2.65999e+0, 0.00000e+0, 8.25699e+3, 0.00000e+0, 6.97535e+2, 0.00000e+0, 2.68213e+0, 0.00000e+0, 7.03343e+2, 0.00000e+0, 5.02254e+2, 0.00000e+0, 1.82162e+1, 0.00000e+0, 1.85527e+1, 0.00000e+0, 3.60077e+0, 0.00000e+0, 3.19385e+0, 0.00000e+0, 2.00000e+1, 0.00000e+0, 1.70000e+1, 0.00000e+0, 2, 1, 
12/15/2020 10:05:00.368, 12/15/2020 10:05:00.293, 4.15723e+0, 0.00000e+0, 9.69371e+1, 0.00000e+0, 2.65824e+0, 0.00000e+0, 7.50362e+3, 0.00000e+0, 6.99448e+2, 0.00000e+0, 2.67833e+0, 0.00000e+0, 7.04736e+2, 0.00000e+0, 5.02230e+2, 0.00000e+0, 1.82007e+1, 0.00000e+0, 1.85597e+1, 0.00000e+0, 3.60098e+0, 0.00000e+0, 3.19082e+0, 0.00000e+0, 2.00000e+1, 0.00000e+0, 1.70000e+1, 0.00000e+0, 2, 1, 
12/15/2020 10:05:01.342, 12/15/2020 10:05:01.286, 4.15714e+0, 0.00000e+0, 9.69237e+1, 0.00000e+0, 2.65840e+0, 0.00000e+0, 8.10169e+3, 0.00000e+0, 7.01160e+2, 0.00000e+0, 2.68011e+0, 0.00000e+0, 7.06887e+2, 0.00000e+0, 5.02269e+2, 0.00000e+0, 1.82088e+1, 0.00000e+0, 1.85651e+1, 0.00000e+0, 3.60280e+0, 0.00000e+0, 3.19242e+0, 0.00000e+0, 2.00000e+1, 0.00000e+0, 1.70000e+1, 0.00000e+0, 2, 1, 
12/15/2020 10:05:02.339, 12/15/2020 10:05:02.281, 4.15728e+0, 0.00000e+0, 9.69441e+1, 0.00000e+0, 2.65786e+0, 0.00000e+0, 7.56482e+3, 0.00000e+0, 7.01928e+2, 0.00000e+0, 2.67811e+0, 0.00000e+0, 7.07279e+2, 0.00000e+0, 5.02224e+2, 0.00000e+0, 1.82010e+1, 0.00000e+0, 1.85810e+1, 0.00000e+0, 3.60252e+0, 0.00000e+0, 3.19262e+0, 0.00000e+0, 2.00000e+1, 0.00000e+0, 1.70000e+1, 0.00000e+0, 2, 1, 
12/15/2020 10:05:03.328, 12/15/2020 10:05:03.275, 4.15745e+0, 0.00000e+0, 9.69695e+1, 0.00000e+0, 2.65657e+0, 0.00000e+0, 7.90889e+3, 0.00000e+0, 7.03074e+2, 0.00000e+0, 2.67774e+0, 0.00000e+0, 7.08678e+2, 0.00000e+0, 5.02244e+2, 0.00000e+0, 1.82166e+1, 0.00000e+0, 1.85858e+1, 0.00000e+0, 3.60717e+0, 0.00000e+0, 3.19546e+0, 0.00000e+0, 2.00000e+1, 0.00000e+0, 1.70000e+1, 0.00000e+0, 2, 1, 
12/15/2020 10:05:04.326, 12/15/2020 10:05:04.271, 4.15739e+0, 0.00000e+0, 9.69602e+1, 0.00000e+0, 2.66397e+0, 0.00000e+0, 7.70421e+3, 0.00000e+0, 7.04229e+2, 0.00000e+0, 2.68466e+0, 0.00000e+0, 7.09696e+2, 0.00000e+0, 5.02230e+2, 0.00000e+0, 1.82315e+1, 0.00000e+0, 1.85925e+1, 0.00000e+0, 3.60099e+0, 0.00000e+0, 3.19471e+0, 0.00000e+0, 2.00000e+1, 0.00000e+0, 1.70000e+1, 0.00000e+0, 2, 1, 
12/15/2020 10:05:05.385, 12/15/2020 10:05:05.264, 4.15744e+0, 0.00000e+0, 9.69682e+1, 0.00000e+0, 2.66488e+0, 0.00000e+0, 7.58475e+3, 0.00000e+0, 7.06022e+2, 0.00000e+0, 2.68524e+0, 0.00000e+0, 7.11418e+2, 0.00000e+0, 5.02247e+2, 0.00000e+0, 1.82144e+1, 0.00000e+0, 1.85993e+1, 0.00000e+0, 3.60219e+0, 0.00000e+0, 3.19533e+0, 0.00000e+0, 2.00000e+1, 0.00000e+0, 1.70000e+1, 0.00000e+0, 3, 1, 
12/15/2020 10:05:06.325, 12/15/2020 10:05:06.259, 4.15738e+0, 0.00000e+0, 9.69586e+1, 0.00000e+0, 2.66318e+0, 0.00000e+0, 7.72514e+3, 0.00000e+0, 7.06517e+2, 0.00000e+0, 2.68392e+0, 0.00000e+0, 7.12017e+2, 0.00000e+0, 5.02190e+2, 0.00000e+0, 1.82043e+1, 0.00000e+0, 1.86059e+1, 0.00000e+0, 3.60716e+0, 0.00000e+0, 3.19238e+0, 0.00000e+0, 2.00000e+1, 0.00000e+0, 1.70000e+1, 0.00000e+0, 3, 1, 
12/15/2020 10:05:07.324, 12/15/2020 10:05:07.254, 4.15743e+0, 0.00000e+0, 9.69660e+1, 0.00000e+0, 2.66007e+0, 0.00000e+0, 7.74158e+3, 0.00000e+0, 7.06424e+2, 0.00000e+0, 2.68082e+0, 0.00000e+0, 7.11935e+2, 0.00000e+0, 5.02205e+2, 0.00000e+0, 1.82089e+1, 0.00000e+0, 1.86161e+1, 0.00000e+0, 3.60662e+0, 0.00000e+0, 3.19244e+0, 0.00000e+0, 2.00000e+1, 0.00000e+0, 1.70000e+1, 0.00000e+0, 3, 1, 
12/15/2020 10:05:08.341, 12/15/2020 10:05:08.248, 4.15723e+0, 0.00000e+0, 9.69371e+1, 0.00000e+0, 2.66637e+0, 0.00000e+0, 7.61311e+3, 0.00000e+0, 7.06424e+2, 0.00000e+0, 2.68683e+0, 0.00000e+0, 7.11844e+2, 0.00000e+0, 5.02248e+2, 0.00000e+0, 1.82104e+1, 0.00000e+0, 1.86136e+1, 0.00000e+0, 3.60642e+0, 0.00000e+0, 3.19458e+0, 0.00000e+0, 2.00000e+1, 0.00000e+0, 1.70000e+1, 0.00000e+0, 3, 1, 
12/15/2020 10:05:09.298, 12/15/2020 10:05:09.243, 4.15748e+0, 0.00000e+0, 9.69731e+1, 0.00000e+0, 2.66479e+0, 0.00000e+0, 7.61882e+3, 0.00000e+0, 7.09245e+2, 0.00000e+0, 2.68525e+0, 0.00000e+0, 7.14691e+2, 0.00000e+0, 5.02220e+2, 0.00000e+0, 1.82113e+1, 0.00000e+0, 1.86291e+1, 0.00000e+0, 3.60246e+0, 0.00000e+0, 3.19325e+0, 0.00000e+0, 2.00000e+1, 0.00000e+0, 1.70000e+1, 0.00000e+0, 3, 1, 
12/15/2020 10:05:10.316, 12/15/2020 10:05:10.238, 4.15748e+0, 0.00000e+0, 9.69728e+1, 0.00000e+0, 2.66756e+0, 0.00000e+0, 7.95143e+3, 0.00000e+0, 7.12399e+2, 0.00000e+0, 2.68894e+0, 0.00000e+0, 7.18109e+2, 0.00000e+0, 5.02216e+2, 0.00000e+0, 1.82120e+1, 0.00000e+0, 1.86360e+1, 0.00000e+0, 3.60337e+0, 0.00000e+0, 3.19153e+0, 0.00000e+0, 2.00000e+1, 0.00000e+0, 1.70000e+1, 0.00000e+0, 3, 1, 
12/15/2020 10:05:11.301, 12/15/2020 10:05:11.232, 4.15760e+0, 0.00000e+0, 9.69905e+1, 0.00000e+0, 2.67357e+0, 0.00000e+0, 7.87610e+3, 0.00000e+0, 7.12293e+2, 0.00000e+0, 2.69479e+0, 0.00000e+0, 7.17948e+2, 0.00000e+0, 5.02206e+2, 0.00000e+0, 1.82108e+1, 0.00000e+0, 1.86494e+1, 0.00000e+0, 3.60288e+0, 0.00000e+0, 3.19479e+0, 0.00000e+0, 2.00000e+1, 0.00000e+0, 1.70000e+1, 0.00000e+0, 3, 1, 
12/15/2020 10:05:12.279, 12/15/2020 10:05:12.226, 4.15751e+0, 0.00000e+0, 9.69774e+1, 0.00000e+0, 2.66811e+0, 0.00000e+0, 7.70761e+3, 0.00000e+0, 7.11492e+2, 0.00000e+0, 2.68883e+0, 0.00000e+0, 7.17019e+2, 0.00000e+0, 5.02228e+2, 0.00000e+0, 1.82207e+1, 0.00000e+0, 1.86513e+1, 0.00000e+0, 3.60313e+0, 0.00000e+0, 3.19468e+0, 0.00000e+0, 2.00000e+1, 0.00000e+0, 1.70000e+1, 0.00000e+0, 3, 1, 
12/15/2020 10:05:13.301, 12/15/2020 10:05:13.221, 4.15737e+0, 0.00000e+0, 9.69565e+1, 0.00000e+0, 2.67202e+0, 0.00000e+0, 7.73199e+3, 0.00000e+0, 7.13718e+2, 0.00000e+0, 2.69284e+0, 0.00000e+0, 7.19280e+2, 0.00000e+0, 5.02264e+2, 0.00000e+0, 1.82191e+1, 0.00000e+0, 1.86562e+1, 0.00000e+0, 3.60104e+0, 0.00000e+0, 3.19389e+0, 0.00000e+0, 2.00000e+1, 0.00000e+0, 1.70000e+1, 0.00000e+0, 3, 2, 
12/15/2020 10:05:14.307, 12/15/2020 10:05:14.216, 4.15735e+0, 0.00000e+0, 9.69542e+1, 0.00000e+0, 2.67764e+0, 0.00000e+0, 7.35789e+3, 0.00000e+0, 7.16363e+2, 0.00000e+0, 2.69748e+0, 0.00000e+0, 7.21673e+2, 0.00000e+0, 5.02213e+2, 0.00000e+0, 1.82113e+1, 0.00000e+0, 1.86645e+1, 0.00000e+0, 3.60191e+0, 0.00000e+0, 3.19361e+0, 0.00000e+0, 2.00000e+1, 0.00000e+0, 1.70000e+1, 0.00000e+0, 3, 2, 
12/15/2020 10:05:15.267, 12/15/2020 10:05:15.210, 4.15753e+0, 0.00000e+0, 9.69811e+1, 0.00000e+0, 2.67796e+0, 0.00000e+0, 7.94976e+3, 0.00000e+0, 7.14974e+2, 0.00000e+0, 2.69942e+0, 0.00000e+0, 7.20704e+2, 0.00000e+0, 5.02225e+2, 0.00000e+0, 1.82167e+1, 0.00000e+0, 1.86674e+1, 0.00000e+0, 3.59955e+0, 0.00000e+0, 3.19397e+0, 0.00000e+0, 2.00000e+1, 0.00000e+0, 1.70000e+1, 0.00000e+0, 3, 2, 
12/15/2020 10:05:16.290, 12/15/2020 10:05:16.205, 4.15747e+0, 0.00000e+0, 9.69724e+1, 0.00000e+0, 2.68340e+0, 0.00000e+0, 7.92415e+3, 0.00000e+0, 7.17799e+2, 0.00000e+0, 2.70484e+0, 0.00000e+0, 7.23532e+2, 0.00000e+0, 5.02254e+2, 0.00000e+0, 1.82219e+1, 0.00000e+0, 1.86786e+1, 0.00000e+0, 3.59798e+0, 0.00000e+0, 3.19395e+0, 0.00000e+0, 2.00000e+1, 0.00000e+0, 1.70000e+1, 0.00000e+0, 3, 2, 
12/15/2020 10:05:17.274, 12/15/2020 10:05:17.206, 4.15753e+0, 0.00000e+0, 9.69801e+1, 0.00000e+0, 2.68796e+0, 0.00000e+0, 7.66832e+3, 0.00000e+0, 7.21712e+2, 0.00000e+0, 2.70873e+0, 0.00000e+0, 7.27289e+2, 0.00000e+0, 5.02261e+2, 0.00000e+0, 1.82312e+1, 0.00000e+0, 1.86831e+1, 0.00000e+0, 3.59988e+0, 0.00000e+0, 3.19484e+0, 0.00000e+0, 2.00000e+1, 0.00000e+0, 1.70000e+1, 0.00000e+0, 3, 2, 
12/15/2020 10:05:18.288, 12/15/2020 10:05:18.201, 4.15734e+0, 0.00000e+0, 9.69534e+1, 0.00000e+0, 2.69504e+0, 0.00000e+0, 7.85980e+3, 0.00000e+0, 7.21308e+2, 0.00000e+0, 2.71639e+0, 0.00000e+0, 7.27022e+2, 0.00000e+0, 5.02280e+2, 0.00000e+0, 1.82283e+1, 0.00000e+0, 1.86884e+1, 0.00000e+0, 3.60097e+0, 0.00000e+0, 3.19534e+0, 0.00000e+0, 2.00000e+1, 0.00000e+0, 1.70000e+1, 0.00000e+0, 3, 2, 
12/15/2020 10:05:19.252, 12/15/2020 10:05:19.194, 4.15751e+0, 0.00000e+0, 9.69772e+1, 0.00000e+0, 2.68848e+0, 0.00000e+0, 8.36531e+3, 0.00000e+0, 7.19557e+2, 0.00000e+0, 2.71116e+0, 0.00000e+0, 7.25627e+2, 0.00000e+0, 5.02223e+2, 0.00000e+0, 1.82234e+1, 0.00000e+0, 1.86994e+1, 0.00000e+0, 3.60151e+0, 0.00000e+0, 3.19336e+0, 0.00000e+0, 2.00000e+1, 0.00000e+0, 1.70000e+1, 0.00000e+0, 3, 2, 
12/15/2020 10:05:20.246, 12/15/2020 10:05:20.189, 4.15754e+0, 0.00000e+0, 9.69823e+1, 0.00000e+0, 2.68886e+0, 0.00000e+0, 8.05200e+3, 0.00000e+0, 7.19741e+2, 0.00000e+0, 2.71069e+0, 0.00000e+0, 7.25583e+2, 0.00000e+0, 5.02249e+2, 0.00000e+0, 1.82332e+1, 0.00000e+0, 1.87062e+1, 0.00000e+0, 3.60306e+0, 0.00000e+0, 3.19549e+0, 0.00000e+0, 2.00000e+1, 0.00000e+0, 1.70000e+1, 0.00000e+0, 3, 2, 
12/15/2020 10:05:21.270, 12/15/2020 10:05:21.184, 4.15760e+0, 0.00000e+0, 9.69918e+1, 0.00000e+0, 2.68380e+0, 0.00000e+0, 7.87090e+3, 0.00000e+0, 7.13103e+2, 0.00000e+0, 2.70509e+0, 0.00000e+0, 7.18760e+2, 0.00000e+0, 5.02214e+2, 0.00000e+0, 1.82132e+1, 0.00000e+0, 1.87158e+1, 0.00000e+0, 3.60233e+0, 0.00000e+0, 3.19336e+0, 0.00000e+0, 2.00000e+1, 0.00000e+0, 1.70000e+1, 0.00000e+0, 3, 2, 
12/15/2020 10:05:22.232, 12/15/2020 10:05:22.178, 4.15767e+0, 0.00000e+0, 9.70014e+1, 0.00000e+0, 2.67912e+0, 0.00000e+0, 8.16940e+3, 0.00000e+0, 7.06576e+2, 0.00000e+0, 2.70119e+0, 0.00000e+0, 7.12396e+2, 0.00000e+0, 5.02241e+2, 0.00000e+0, 1.82193e+1, 0.00000e+0, 1.87175e+1, 0.00000e+0, 3.60317e+0, 0.00000e+0, 3.19271e+0, 0.00000e+0, 2.00000e+1, 0.00000e+0, 1.70000e+1, 0.00000e+0, 3, 2, 
12/15/2020 10:05:23.224, 12/15/2020 10:05:23.172, 4.15781e+0, 0.00000e+0, 9.70219e+1, 0.00000e+0, 2.68229e+0, 0.00000e+0, 8.38941e+3, 0.00000e+0, 7.04532e+2, 0.00000e+0, 2.70499e+0, 0.00000e+0, 7.10493e+2, 0.00000e+0, 5.02209e+2, 0.00000e+0, 1.82208e+1, 0.00000e+0, 1.87271e+1, 0.00000e+0, 3.60266e+0, 0.00000e+0, 3.19138e+0, 0.00000e+0, 2.00000e+1, 0.00000e+0, 1.70000e+1, 0.00000e+0, 3, 2, 
12/15/2020 10:05:24.220, 12/15/2020 10:05:24.168, 4.15763e+0, 0.00000e+0, 9.69957e+1, 0.00000e+0, 2.68636e+0, 0.00000e+0, 8.06091e+3, 0.00000e+0, 7.06493e+2, 0.00000e+0, 2.70819e+0, 0.00000e+0, 7.12234e+2, 0.00000e+0, 5.02217e+2, 0.00000e+0, 1.82277e+1, 0.00000e+0, 1.87355e+1, 0.00000e+0, 3.60259e+0, 0.00000e+0, 3.19181e+0, 0.00000e+0, 2.00000e+1, 0.00000e+0, 1.70000e+1, 0.00000e+0, 3, 2, 
12/15/2020 10:05:25.215, 12/15/2020 10:05:25.163, 4.15736e+0, 0.00000e+0, 9.69564e+1, 0.00000e+0, 2.68583e+0, 0.00000e+0, 8.32298e+3, 0.00000e+0, 7.08633e+2, 0.00000e+0, 2.70838e+0, 0.00000e+0, 7.14580e+2, 0.00000e+0, 5.02252e+2, 0.00000e+0, 1.82278e+1, 0.00000e+0, 1.87310e+1, 0.00000e+0, 3.60682e+0, 0.00000e+0, 3.19225e+0, 0.00000e+0, 2.00000e+1, 0.00000e+0, 1.70000e+1, 0.00000e+0, 3, 2, 
12/15/2020 10:05:26.210, 12/15/2020 10:05:26.157, 4.15755e+0, 0.00000e+0, 9.69845e+1, 0.00000e+0, 2.69275e+0, 0.00000e+0, 8.36018e+3, 0.00000e+0, 7.11105e+2, 0.00000e+0, 2.71545e+0, 0.00000e+0, 7.17100e+2, 0.00000e+0, 5.02258e+2, 0.00000e+0, 1.82418e+1, 0.00000e+0, 1.87425e+1, 0.00000e+0, 3.60637e+0, 0.00000e+0, 3.19329e+0, 0.00000e+0, 2.00000e+1, 0.00000e+0, 1.70000e+1, 0.00000e+0, 3, 2, 
12/15/2020 10:05:27.197, 12/15/2020 10:05:27.150, 4.15791e+0, 0.00000e+0, 9.70364e+1, 0.00000e+0, 2.69516e+0, 0.00000e+0, 8.07250e+3, 0.00000e+0, 7.14447e+2, 0.00000e+0, 2.71710e+0, 0.00000e+0, 7.20261e+2, 0.00000e+0, 5.02222e+2, 0.00000e+0, 1.82355e+1, 0.00000e+0, 1.87583e+1, 0.00000e+0, 3.60625e+0, 0.00000e+0, 3.19354e+0, 0.00000e+0, 2.00000e+1, 0.00000e+0, 1.70000e+1, 0.00000e+0, 3, 2, 
12/15/2020 10:05:28.204, 12/15/2020 10:05:28.146, 4.15779e+0, 0.00000e+0, 9.70194e+1, 0.00000e+0, 2.70130e+0, 0.00000e+0, 7.65275e+3, 0.00000e+0, 7.14485e+2, 0.00000e+0, 2.72213e+0, 0.00000e+0, 7.19995e+2, 0.00000e+0, 5.02196e+2, 0.00000e+0, 1.82383e+1, 0.00000e+0, 1.87576e+1, 0.00000e+0, 3.60569e+0, 0.00000e+0, 3.19341e+0, 0.00000e+0, 2.00000e+1, 0.00000e+0, 1.70000e+1, 0.00000e+0, 3, 2, 
12/15/2020 10:05:29.204, 12/15/2020 10:05:29.139, 4.15775e+0, 0.00000e+0, 9.70130e+1, 0.00000e+0, 2.70160e+0, 0.00000e+0, 7.91338e+3, 0.00000e+0, 7.14388e+2, 0.00000e+0, 2.72315e+0, 0.00000e+0, 7.20086e+2, 0.00000e+0, 5.02221e+2, 0.00000e+0, 1.82426e+1, 0.00000e+0, 1.87709e+1, 0.00000e+0, 3.60619e+0, 0.00000e+0, 3.19443e+0, 0.00000e+0, 2.00000e+1, 0.00000e+0, 1.70000e+1, 0.00000e+0, 3, 2, 
12/15/2020 10:05:30.196, 12/15/2020 10:05:30.134, 4.15784e+0, 0.00000e+0, 9.70259e+1, 0.00000e+0, 2.70493e+0, 0.00000e+0, 7.76427e+3, 0.00000e+0, 7.19592e+2, 0.00000e+0, 2.72610e+0, 0.00000e+0, 7.25223e+2, 0.00000e+0, 5.02208e+2, 0.00000e+0, 1.82354e+1, 0.00000e+0, 1.87781e+1, 0.00000e+0, 3.60727e+0, 0.00000e+0, 3.19402e+0, 0.00000e+0, 2.00000e+1, 0.00000e+0, 1.70000e+1, 0.00000e+0, 3, 2, 
12/15/2020 10:05:31.192, 12/15/2020 10:05:31.129, 4.15771e+0, 0.00000e+0, 9.70077e+1, 0.00000e+0, 2.71210e+0, 0.00000e+0, 7.57162e+3, 0.00000e+0, 7.16729e+2, 0.00000e+0, 2.73280e+0, 0.00000e+0, 7.22197e+2, 0.00000e+0, 5.02233e+2, 0.00000e+0, 1.82329e+1, 0.00000e+0, 1.87843e+1, 0.00000e+0, 3.60555e+0, 0.00000e+0, 3.19448e+0, 0.00000e+0, 2.00000e+1, 0.00000e+0, 1.70000e+1, 0.00000e+0, 3, 2, 
12/15/2020 10:05:32.174, 12/15/2020 10:05:32.123, 4.15769e+0, 0.00000e+0, 9.70042e+1, 0.00000e+0, 2.70870e+0, 0.00000e+0, 7.85981e+3, 0.00000e+0, 7.18393e+2, 0.00000e+0, 2.73015e+0, 0.00000e+0, 7.24084e+2, 0.00000e+0, 5.02257e+2, 0.00000e+0, 1.82425e+1, 0.00000e+0, 1.87938e+1, 0.00000e+0, 3.60511e+0, 0.00000e+0, 3.19442e+0, 0.00000e+0, 2.00000e+1, 0.00000e+0, 1.70000e+1, 0.00000e+0, 3, 2, 
12/15/2020 10:05:33.173, 12/15/2020 10:05:33.119, 4.15770e+0, 0.00000e+0, 9.70061e+1, 0.00000e+0, 2.71312e+0, 0.00000e+0, 7.79726e+3, 0.00000e+0, 7.21000e+2, 0.00000e+0, 2.73445e+0, 0.00000e+0, 7.26666e+2, 0.00000e+0, 5.02244e+2, 0.00000e+0, 1.82640e+1, 0.00000e+0, 1.87944e+1, 0.00000e+0, 3.60385e+0, 0.00000e+0, 3.19439e+0, 0.00000e+0, 2.00000e+1, 0.00000e+0, 1.70000e+1, 0.00000e+0, 3, 2, 
12/15/2020 10:05:34.172, 12/15/2020 10:05:34.112, 4.15767e+0, 0.00000e+0, 9.70008e+1, 0.00000e+0, 2.71925e+0, 0.00000e+0, 8.06063e+3, 0.00000e+0, 7.26166e+2, 0.00000e+0, 2.74135e+0, 0.00000e+0, 7.32067e+2, 0.00000e+0, 5.02209e+2, 0.00000e+0, 1.82551e+1, 0.00000e+0, 1.87948e+1, 0.00000e+0, 3.60221e+0, 0.00000e+0, 3.19602e+0, 0.00000e+0, 2.00000e+1, 0.00000e+0, 1.70000e+1, 0.00000e+0, 3, 2, 
12/15/2020 10:05:35.169, 12/15/2020 10:05:35.107, 4.15797e+0, 0.00000e+0, 9.70462e+1, 0.00000e+0, 2.72537e+0, 0.00000e+0, 8.01079e+3, 0.00000e+0, 7.28089e+2, 0.00000e+0, 2.74738e+0, 0.00000e+0, 7.33968e+2, 0.00000e+0, 5.02167e+2, 0.00000e+0, 1.82467e+1, 0.00000e+0, 1.88120e+1, 0.00000e+0, 3.60152e+0, 0.00000e+0, 3.19332e+0, 0.00000e+0, 2.00000e+1, 0.00000e+0, 1.70000e+1, 0.00000e+0, 3, 2, 
12/15/2020 10:05:36.173, 12/15/2020 10:05:36.102, 4.15777e+0, 0.00000e+0, 9.70169e+1, 0.00000e+0, 2.72172e+0, 0.00000e+0, 7.98488e+3, 0.00000e+0, 7.29462e+2, 0.00000e+0, 2.74363e+0, 0.00000e+0, 7.35334e+2, 0.00000e+0, 5.02232e+2, 0.00000e+0, 1.82674e+1, 0.00000e+0, 1.88119e+1, 0.00000e+0, 3.60558e+0, 0.00000e+0, 3.19496e+0, 0.00000e+0, 2.00000e+1, 0.00000e+0, 1.70000e+1, 0.00000e+0, 3, 2, 
12/15/2020 10:05:37.154, 12/15/2020 10:05:37.096, 4.15784e+0, 0.00000e+0, 9.70270e+1, 0.00000e+0, 2.72168e+0, 0.00000e+0, 7.85614e+3, 0.00000e+0, 7.27476e+2, 0.00000e+0, 2.74324e+0, 0.00000e+0, 7.33236e+2, 0.00000e+0, 5.02219e+2, 0.00000e+0, 1.82619e+1, 0.00000e+0, 1.88214e+1, 0.00000e+0, 3.60017e+0, 0.00000e+0, 3.19627e+0, 0.00000e+0, 2.00000e+1, 0.00000e+0, 1.70000e+1, 0.00000e+0, 3, 2, 
12/15/2020 10:05:38.144, 12/15/2020 10:05:38.090, 4.15769e+0, 0.00000e+0, 9.70050e+1, 0.00000e+0, 2.72007e+0, 0.00000e+0, 8.03625e+3, 0.00000e+0, 7.26307e+2, 0.00000e+0, 2.74211e+0, 0.00000e+0, 7.32191e+2, 0.00000e+0, 5.02227e+2, 0.00000e+0, 1.82871e+1, 0.00000e+0, 1.88231e+1, 0.00000e+0, 3.60061e+0, 0.00000e+0, 3.19593e+0, 0.00000e+0, 2.00000e+1, 0.00000e+0, 1.70000e+1, 0.00000e+0, 3, 2, 
12/15/2020 10:05:39.140, 12/15/2020 10:05:39.085, 4.15747e+0, 0.00000e+0, 9.69717e+1, 0.00000e+0, 2.71716e+0, 0.00000e+0, 7.73627e+3, 0.00000e+0, 7.25913e+2, 0.00000e+0, 2.73834e+0, 0.00000e+0, 7.31572e+2, 0.00000e+0, 5.02264e+2, 0.00000e+0, 1.82825e+1, 0.00000e+0, 1.88234e+1, 0.00000e+0, 3.59919e+0, 0.00000e+0, 3.19574e+0, 0.00000e+0, 2.00000e+1, 0.00000e+0, 1.70000e+1, 0.00000e+0, 3, 2, 
12/15/2020 10:05:40.465, 12/15/2020 10:05:40.415, 4.15751e+0, 0.00000e+0, 9.69775e+1, 0.00000e+0, 2.71156e+0, 0.00000e+0, 8.18266e+3, 0.00000e+0, 7.21124e+2, 0.00000e+0, 2.73393e+0, 0.00000e+0, 7.27074e+2, 0.00000e+0, 5.02142e+2, 0.00000e+0, 1.82713e+1, 0.00000e+0, 1.88280e+1, 0.00000e+0, 3.60215e+0, 0.00000e+0, 3.19621e+0, 0.00000e+0, 2.00000e+1, 0.00000e+0, 1.70000e+1, 0.00000e+0, 3, 2, 
12/15/2020 10:05:41.124, 12/15/2020 10:05:41.074, 4.15688e+0, 0.00000e+0, 9.68851e+1, 0.00000e+0, 2.71054e+0, 0.00000e+0, 8.23437e+3, 0.00000e+0, 7.18672e+2, 0.00000e+0, 2.73304e+0, 0.00000e+0, 7.24639e+2, 0.00000e+0, 5.02321e+2, 0.00000e+0, 1.82942e+1, 0.00000e+0, 1.88109e+1, 0.00000e+0, 3.59969e+0, 0.00000e+0, 3.19475e+0, 0.00000e+0, 2.00000e+1, 0.00000e+0, 1.70000e+1, 0.00000e+0, 3, 2, 
12/15/2020 10:05:42.115, 12/15/2020 10:05:42.068, 4.15762e+0, 0.00000e+0, 9.69936e+1, 0.00000e+0, 2.70834e+0, 0.00000e+0, 7.94177e+3, 0.00000e+0, 7.20330e+2, 0.00000e+0, 2.73002e+0, 0.00000e+0, 7.26097e+2, 0.00000e+0, 5.02173e+2, 0.00000e+0, 1.83059e+1, 0.00000e+0, 1.88476e+1, 0.00000e+0, 3.60104e+0, 0.00000e+0, 3.19337e+0, 0.00000e+0, 2.00000e+1, 0.00000e+0, 1.70000e+1, 0.00000e+0, 3, 2, 
12/15/2020 10:05:43.119, 12/15/2020 10:05:43.064, 4.15752e+0, 0.00000e+0, 9.69798e+1, 0.00000e+0, 2.70006e+0, 0.00000e+0, 7.75949e+3, 0.00000e+0, 7.17196e+2, 0.00000e+0, 2.72117e+0, 0.00000e+0, 7.22804e+2, 0.00000e+0, 5.02332e+2, 0.00000e+0, 1.82984e+1, 0.00000e+0, 1.88490e+1, 0.00000e+0, 3.60071e+0, 0.00000e+0, 3.19465e+0, 0.00000e+0, 2.00000e+1, 0.00000e+0, 1.70000e+1, 0.00000e+0, 3, 3, 
12/15/2020 10:05:44.111, 12/15/2020 10:05:44.058, 4.15788e+0, 0.00000e+0, 9.70322e+1, 0.00000e+0, 2.70247e+0, 0.00000e+0, 7.59579e+3, 0.00000e+0, 7.18072e+2, 0.00000e+0, 2.72316e+0, 0.00000e+0, 7.23568e+2, 0.00000e+0, 5.02133e+2, 0.00000e+0, 1.82698e+1, 0.00000e+0, 1.88754e+1, 0.00000e+0, 3.60318e+0, 0.00000e+0, 3.19370e+0, 0.00000e+0, 2.00000e+1, 0.00000e+0, 1.70000e+1, 0.00000e+0, 3, 3, 
12/15/2020 10:05:45.111, 12/15/2020 10:05:45.052, 4.15716e+0, 0.00000e+0, 9.69265e+1, 0.00000e+0, 2.71037e+0, 0.00000e+0, 7.79862e+3, 0.00000e+0, 7.18936e+2, 0.00000e+0, 2.73167e+0, 0.00000e+0, 7.24587e+2, 0.00000e+0, 5.02298e+2, 0.00000e+0, 1.83359e+1, 0.00000e+0, 1.88558e+1, 0.00000e+0, 3.60146e+0, 0.00000e+0, 3.19330e+0, 0.00000e+0, 2.00000e+1, 0.00000e+0, 1.00000e+1, 0.00000e+0, 3, 3, 
12/15/2020 10:05:46.100, 12/15/2020 10:05:46.046, 4.15786e+0, 0.00000e+0, 9.70300e+1, 0.00000e+0, 2.70477e+0, 0.00000e+0, 8.14800e+3, 0.00000e+0, 7.19558e+2, 0.00000e+0, 2.72699e+0, 0.00000e+0, 7.25469e+2, 0.00000e+0, 5.02139e+2, 0.00000e+0, 1.82900e+1, 0.00000e+0, 1.88857e+1, 0.00000e+0, 3.60213e+0, 0.00000e+0, 3.19414e+0, 0.00000e+0, 2.00000e+1, 0.00000e+0, 1.00000e+1, 0.00000e+0, 3, 3, 
12/15/2020 10:05:47.101, 12/15/2020 10:05:47.042, 4.15788e+0, 0.00000e+0, 9.70325e+1, 0.00000e+0, 2.70662e+0, 0.00000e+0, 7.93824e+3, 0.00000e+0, 7.19441e+2, 0.00000e+0, 2.72828e+0, 0.00000e+0, 7.25198e+2, 0.00000e+0, 5.02188e+2, 0.00000e+0, 1.82620e+1, 0.00000e+0, 1.88940e+1, 0.00000e+0, 3.60033e+0, 0.00000e+0, 3.19219e+0, 0.00000e+0, 2.00000e+1, 0.00000e+0, 1.00000e+1, 0.00000e+0, 3, 3, 
12/15/2020 10:05:48.098, 12/15/2020 10:05:48.036, 4.15760e+0, 0.00000e+0, 9.69912e+1, 0.00000e+0, 2.70567e+0, 0.00000e+0, 7.82480e+3, 0.00000e+0, 7.19167e+2, 0.00000e+0, 2.72701e+0, 0.00000e+0, 7.24838e+2, 0.00000e+0, 5.02164e+2, 0.00000e+0, 1.83012e+1, 0.00000e+0, 1.88927e+1, 0.00000e+0, 3.60407e+0, 0.00000e+0, 3.19299e+0, 0.00000e+0, 2.00000e+1, 0.00000e+0, 1.00000e+1, 0.00000e+0, 3, 3, 
12/15/2020 10:05:49.087, 12/15/2020 10:05:49.030, 4.15750e+0, 0.00000e+0, 9.69764e+1, 0.00000e+0, 2.71486e+0, 0.00000e+0, 8.02088e+3, 0.00000e+0, 7.22581e+2, 0.00000e+0, 2.73681e+0, 0.00000e+0, 7.28424e+2, 0.00000e+0, 5.02369e+2, 0.00000e+0, 1.83296e+1, 0.00000e+0, 1.88968e+1, 0.00000e+0, 3.60419e+0, 0.00000e+0, 3.19389e+0, 0.00000e+0, 2.00000e+1, 0.00000e+0, 1.00000e+1, 0.00000e+0, 3, 3, 
12/15/2020 10:05:50.075, 12/15/2020 10:05:50.025, 4.15753e+0, 0.00000e+0, 9.69805e+1, 0.00000e+0, 2.71836e+0, 0.00000e+0, 8.07716e+3, 0.00000e+0, 7.25592e+2, 0.00000e+0, 2.74050e+0, 0.00000e+0, 7.31500e+2, 0.00000e+0, 5.02204e+2, 0.00000e+0, 1.83365e+1, 0.00000e+0, 1.89043e+1, 0.00000e+0, 3.60594e+0, 0.00000e+0, 3.19510e+0, 0.00000e+0, 2.00000e+1, 0.00000e+0, 1.00000e+1, 0.00000e+0, 3, 3, 
12/15/2020 10:05:51.072, 12/15/2020 10:05:51.019, 4.15776e+0, 0.00000e+0, 9.70151e+1, 0.00000e+0, 2.71556e+0, 0.00000e+0, 7.56302e+3, 0.00000e+0, 7.25065e+2, 0.00000e+0, 2.73626e+0, 0.00000e+0, 7.30591e+2, 0.00000e+0, 5.02183e+2, 0.00000e+0, 1.83030e+1, 0.00000e+0, 1.89221e+1, 0.00000e+0, 3.60178e+0, 0.00000e+0, 3.19192e+0, 0.00000e+0, 2.00000e+1, 0.00000e+0, 1.00000e+1, 0.00000e+0, 3, 3, 
12/15/2020 10:05:52.070, 12/15/2020 10:05:52.014, 4.15751e+0, 0.00000e+0, 9.69774e+1, 0.00000e+0, 2.70937e+0, 0.00000e+0, 7.79592e+3, 0.00000e+0, 7.22508e+2, 0.00000e+0, 2.73066e+0, 0.00000e+0, 7.28185e+2, 0.00000e+0, 5.02388e+2, 0.00000e+0, 1.83812e+1, 0.00000e+0, 1.89196e+1, 0.00000e+0, 3.60543e+0, 0.00000e+0, 3.19332e+0, 0.00000e+0, 2.00000e+1, 0.00000e+0, 1.00000e+1, 0.00000e+0, 3, 3, 
12/15/2020 10:05:53.066, 12/15/2020 10:05:53.009, 4.15769e+0, 0.00000e+0, 9.70050e+1, 0.00000e+0, 2.71167e+0, 0.00000e+0, 7.63326e+3, 0.00000e+0, 7.23053e+2, 0.00000e+0, 2.73252e+0, 0.00000e+0, 7.28615e+2, 0.00000e+0, 5.02249e+2, 0.00000e+0, 1.83717e+1, 0.00000e+0, 1.89272e+1, 0.00000e+0, 3.60406e+0, 0.00000e+0, 3.19473e+0, 0.00000e+0, 2.00000e+1, 0.00000e+0, 1.00000e+1, 0.00000e+0, 3, 3, 
12/15/2020 10:05:54.058, 12/15/2020 10:05:54.004, 4.15763e+0, 0.00000e+0, 9.69959e+1, 0.00000e+0, 2.71830e+0, 0.00000e+0, 7.68541e+3, 0.00000e+0, 7.27052e+2, 0.00000e+0, 2.73935e+0, 0.00000e+0, 7.32683e+2, 0.00000e+0, 5.02193e+2, 0.00000e+0, 1.83516e+1, 0.00000e+0, 1.89379e+1, 0.00000e+0, 3.60256e+0, 0.00000e+0, 3.19429e+0, 0.00000e+0, 2.00000e+1, 0.00000e+0, 1.00000e+1, 0.00000e+0, 3, 3, 
12/15/2020 10:05:55.057, 12/15/2020 10:05:54.997, 4.15703e+0, 0.00000e+0, 9.69069e+1, 0.00000e+0, 2.72743e+0, 0.00000e+0, 7.87447e+3, 0.00000e+0, 7.30631e+2, 0.00000e+0, 2.74908e+0, 0.00000e+0, 7.36430e+2, 0.00000e+0, 5.02401e+2, 0.00000e+0, 1.84394e+1, 0.00000e+0, 1.89326e+1, 0.00000e+0, 3.60307e+0, 0.00000e+0, 3.19554e+0, 0.00000e+0, 2.00000e+1, 0.00000e+0, 1.00000e+1, 0.00000e+0, 3, 3, 
12/15/2020 10:05:56.041, 12/15/2020 10:05:55.992, 4.15722e+0, 0.00000e+0, 9.69351e+1, 0.00000e+0, 2.72661e+0, 0.00000e+0, 7.85928e+3, 0.00000e+0, 7.33750e+2, 0.00000e+0, 2.74821e+0, 0.00000e+0, 7.39562e+2, 0.00000e+0, 5.02254e+2, 0.00000e+0, 1.83999e+1, 0.00000e+0, 1.89412e+1, 0.00000e+0, 3.60340e+0, 0.00000e+0, 3.19528e+0, 0.00000e+0, 2.00000e+1, 0.00000e+0, 1.00000e+1, 0.00000e+0, 3, 3, 
12/15/2020 10:05:57.056, 12/15/2020 10:05:56.987, 4.15763e+0, 0.00000e+0, 9.69951e+1, 0.00000e+0, 2.73312e+0, 0.00000e+0, 7.66439e+3, 0.00000e+0, 7.34637e+2, 0.00000e+0, 2.75423e+0, 0.00000e+0, 7.40311e+2, 0.00000e+0, 5.02251e+2, 0.00000e+0, 1.83617e+1, 0.00000e+0, 1.89607e+1, 0.00000e+0, 3.60461e+0, 0.00000e+0, 3.19483e+0, 0.00000e+0, 2.00000e+1, 0.00000e+0, 1.00000e+1, 0.00000e+0, 3, 3, 
12/15/2020 10:05:58.056, 12/15/2020 10:05:57.981, 4.15785e+0, 0.00000e+0, 9.70275e+1, 0.00000e+0, 2.73876e+0, 0.00000e+0, 7.75647e+3, 0.00000e+0, 7.40046e+2, 0.00000e+0, 2.76017e+0, 0.00000e+0, 7.45831e+2, 0.00000e+0, 5.02213e+2, 0.00000e+0, 1.83199e+1, 0.00000e+0, 1.89817e+1, 0.00000e+0, 3.59985e+0, 0.00000e+0, 3.19416e+0, 0.00000e+0, 2.00000e+1, 0.00000e+0, 1.00000e+1, 0.00000e+0, 3, 3, 
12/15/2020 10:05:59.036, 12/15/2020 10:05:58.975, 4.15783e+0, 0.00000e+0, 9.70253e+1, 0.00000e+0, 2.74636e+0, 0.00000e+0, 7.70373e+3, 0.00000e+0, 7.45238e+2, 0.00000e+0, 2.76768e+0, 0.00000e+0, 7.51024e+2, 0.00000e+0, 5.02254e+2, 0.00000e+0, 1.83228e+1, 0.00000e+0, 1.89909e+1, 0.00000e+0, 3.60133e+0, 0.00000e+0, 3.19385e+0, 0.00000e+0, 2.00000e+1, 0.00000e+0, 1.00000e+1, 0.00000e+0, 3, 3, 
12/15/2020 10:06:00.032, 12/15/2020 10:05:59.970, 4.15788e+0, 0.00000e+0, 9.70329e+1, 0.00000e+0, 2.75643e+0, 0.00000e+0, 7.76793e+3, 0.00000e+0, 7.49405e+2, 0.00000e+0, 2.77801e+0, 0.00000e+0, 7.55272e+2, 0.00000e+0, 5.02268e+2, 0.00000e+0, 1.83352e+1, 0.00000e+0, 1.89945e+1, 0.00000e+0, 3.59971e+0, 0.00000e+0, 3.19299e+0, 0.00000e+0, 2.00000e+1, 0.00000e+0, 1.00000e+1, 0.00000e+0, 3, 3, 
12/15/2020 10:06:01.018, 12/15/2020 10:06:00.965, 4.15723e+0, 0.00000e+0, 9.69361e+1, 0.00000e+0, 2.75792e+0, 0.00000e+0, 8.12460e+3, 0.00000e+0, 7.52314e+2, 0.00000e+0, 2.78051e+0, 0.00000e+0, 7.58476e+2, 0.00000e+0, 5.02300e+2, 0.00000e+0, 1.83847e+1, 0.00000e+0, 1.89853e+1, 0.00000e+0, 3.60183e+0, 0.00000e+0, 3.19364e+0, 0.00000e+0, 2.00000e+1, 0.00000e+0, 1.00000e+1, 0.00000e+0, 3, 3, 
12/15/2020 10:06:02.013, 12/15/2020 10:06:01.960, 4.15767e+0, 0.00000e+0, 9.70012e+1, 0.00000e+0, 2.76114e+0, 0.00000e+0, 8.37775e+3, 0.00000e+0, 7.54170e+2, 0.00000e+0, 2.78446e+0, 0.00000e+0, 7.60542e+2, 0.00000e+0, 5.02139e+2, 0.00000e+0, 1.83272e+1, 0.00000e+0, 1.90047e+1, 0.00000e+0, 3.60039e+0, 0.00000e+0, 3.19291e+0, 0.00000e+0, 2.00000e+1, 0.00000e+0, 1.00000e+1, 0.00000e+0, 3, 3, 
12/15/2020 10:06:03.008, 12/15/2020 10:06:02.954, 4.15751e+0, 0.00000e+0, 9.69772e+1, 0.00000e+0, 2.75256e+0, 0.00000e+0, 7.62591e+3, 0.00000e+0, 7.50788e+2, 0.00000e+0, 2.77372e+0, 0.00000e+0, 7.56557e+2, 0.00000e+0, 5.02274e+2, 0.00000e+0, 1.83633e+1, 0.00000e+0, 1.90043e+1, 0.00000e+0, 3.60020e+0, 0.00000e+0, 3.19314e+0, 0.00000e+0, 2.00000e+1, 0.00000e+0, 1.00000e+1, 0.00000e+0, 3, 3, 
12/15/2020 10:06:04.004, 12/15/2020 10:06:03.948, 4.15747e+0, 0.00000e+0, 9.69722e+1, 0.00000e+0, 2.74515e+0, 0.00000e+0, 7.49608e+3, 0.00000e+0, 7.47910e+2, 0.00000e+0, 2.76588e+0, 0.00000e+0, 7.53559e+2, 0.00000e+0, 5.02256e+2, 0.00000e+0, 1.83649e+1, 0.00000e+0, 1.90150e+1, 0.00000e+0, 3.59781e+0, 0.00000e+0, 3.19534e+0, 0.00000e+0, 2.00000e+1, 0.00000e+0, 1.00000e+1, 0.00000e+0, 3, 3, 
12/15/2020 10:06:05.004, 12/15/2020 10:06:04.943, 4.15810e+0, 0.00000e+0, 9.70655e+1, 0.00000e+0, 2.73727e+0, 0.00000e+0, 7.81971e+3, 0.00000e+0, 7.44711e+2, 0.00000e+0, 2.75884e+0, 0.00000e+0, 7.50580e+2, 0.00000e+0, 5.02169e+2, 0.00000e+0, 1.83117e+1, 0.00000e+0, 1.90447e+1, 0.00000e+0, 3.60057e+0, 0.00000e+0, 3.19535e+0, 0.00000e+0, 2.00000e+1, 0.00000e+0, 1.00000e+1, 0.00000e+0, 3, 3, 
12/15/2020 10:06:05.996, 12/15/2020 10:06:05.937, 4.15776e+0, 0.00000e+0, 9.70146e+1, 0.00000e+0, 2.72919e+0, 0.00000e+0, 7.43548e+3, 0.00000e+0, 7.37514e+2, 0.00000e+0, 2.74964e+0, 0.00000e+0, 7.43039e+2, 0.00000e+0, 5.02236e+2, 0.00000e+0, 1.83529e+1, 0.00000e+0, 1.90411e+1, 0.00000e+0, 3.59897e+0, 0.00000e+0, 3.19260e+0, 0.00000e+0, 2.00000e+1, 0.00000e+0, 1.00000e+1, 0.00000e+0, 3, 3, 
12/15/2020 10:06:06.983, 12/15/2020 10:06:06.932, 4.15813e+0, 0.00000e+0, 9.70697e+1, 0.00000e+0, 2.71896e+0, 0.00000e+0, 7.78332e+3, 0.00000e+0, 7.30559e+2, 0.00000e+0, 2.74029e+0, 0.00000e+0, 7.36289e+2, 0.00000e+0, 5.02176e+2, 0.00000e+0, 1.83330e+1, 0.00000e+0, 1.90607e+1, 0.00000e+0, 3.59992e+0, 0.00000e+0, 3.19325e+0, 0.00000e+0, 2.00000e+1, 0.00000e+0, 1.00000e+1, 0.00000e+0, 3, 3, 
12/15/2020 10:06:07.975, 12/15/2020 10:06:07.926, 4.15774e+0, 0.00000e+0, 9.70117e+1, 0.00000e+0, 2.71562e+0, 0.00000e+0, 8.00214e+3, 0.00000e+0, 7.25252e+2, 0.00000e+0, 2.73753e+0, 0.00000e+0, 7.31102e+2, 0.00000e+0, 5.02274e+2, 0.00000e+0, 1.83796e+1, 0.00000e+0, 1.90610e+1, 0.00000e+0, 3.59675e+0, 0.00000e+0, 3.19276e+0, 0.00000e+0, 2.00000e+1, 0.00000e+0, 1.00000e+1, 0.00000e+0, 3, 3, 
12/15/2020 10:06:08.977, 12/15/2020 10:06:08.922, 4.15813e+0, 0.00000e+0, 9.70688e+1, 0.00000e+0, 2.70617e+0, 0.00000e+0, 7.97720e+3, 0.00000e+0, 7.15739e+2, 0.00000e+0, 2.72793e+0, 0.00000e+0, 7.21494e+2, 0.00000e+0, 5.02167e+2, 0.00000e+0, 1.83440e+1, 0.00000e+0, 1.90746e+1, 0.00000e+0, 3.59778e+0, 0.00000e+0, 3.19259e+0, 0.00000e+0, 2.00000e+1, 0.00000e+0, 1.00000e+1, 0.00000e+0, 3, 3, 
12/15/2020 10:06:09.969, 12/15/2020 10:06:09.915, 4.15793e+0, 0.00000e+0, 9.70398e+1, 0.00000e+0, 2.70691e+0, 0.00000e+0, 8.14802e+3, 0.00000e+0, 7.17364e+2, 0.00000e+0, 2.72915e+0, 0.00000e+0, 7.23257e+2, 0.00000e+0, 5.02244e+2, 0.00000e+0, 1.83606e+1, 0.00000e+0, 1.90783e+1, 0.00000e+0, 3.59532e+0, 0.00000e+0, 3.19122e+0, 0.00000e+0, 2.00000e+1, 0.00000e+0, 1.00000e+1, 0.00000e+0, 3, 3, 
12/15/2020 10:06:10.962, 12/15/2020 10:06:10.910, 4.15808e+0, 0.00000e+0, 9.70615e+1, 0.00000e+0, 2.70993e+0, 0.00000e+0, 8.03085e+3, 0.00000e+0, 7.19687e+2, 0.00000e+0, 2.73187e+0, 0.00000e+0, 7.25513e+2, 0.00000e+0, 5.02229e+2, 0.00000e+0, 1.83293e+1, 0.00000e+0, 1.90901e+1, 0.00000e+0, 3.59801e+0, 0.00000e+0, 3.19247e+0, 0.00000e+0, 2.00000e+1, 0.00000e+0, 1.00000e+1, 0.00000e+0, 3, 3, 
12/15/2020 10:06:11.955, 12/15/2020 10:06:11.906, 4.15804e+0, 0.00000e+0, 9.70557e+1, 0.00000e+0, 2.72063e+0, 0.00000e+0, 7.73170e+3, 0.00000e+0, 7.26338e+2, 0.00000e+0, 2.74183e+0, 0.00000e+0, 7.31998e+2, 0.00000e+0, 5.02240e+2, 0.00000e+0, 1.83863e+1, 0.00000e+0, 1.90911e+1, 0.00000e+0, 3.59623e+0, 0.00000e+0, 3.19040e+0, 0.00000e+0, 2.00000e+1, 0.00000e+0, 1.00000e+1, 0.00000e+0, 3, 3, 
12/15/2020 10:06:12.966, 12/15/2020 10:06:12.899, 4.15805e+0, 0.00000e+0, 9.70580e+1, 0.00000e+0, 2.72718e+0, 0.00000e+0, 7.84975e+3, 0.00000e+0, 7.30436e+2, 0.00000e+0, 2.74876e+0, 0.00000e+0, 7.36216e+2, 0.00000e+0, 5.02193e+2, 0.00000e+0, 1.83529e+1, 0.00000e+0, 1.91025e+1, 0.00000e+0, 3.59736e+0, 0.00000e+0, 3.19196e+0, 0.00000e+0, 2.00000e+1, 0.00000e+0, 1.00000e+1, 0.00000e+0, 3, 3, 
12/15/2020 10:06:13.942, 12/15/2020 10:06:13.894, 4.15803e+0, 0.00000e+0, 9.70541e+1, 0.00000e+0, 2.72762e+0, 0.00000e+0, 8.20975e+3, 0.00000e+0, 7.28381e+2, 0.00000e+0, 2.75020e+0, 0.00000e+0, 7.34411e+2, 0.00000e+0, 5.02222e+2, 0.00000e+0, 1.83527e+1, 0.00000e+0, 1.91120e+1, 0.00000e+0, 3.59660e+0, 0.00000e+0, 3.19096e+0, 0.00000e+0, 2.00000e+1, 0.00000e+0, 1.00000e+1, 0.00000e+0, 3, 4, 
12/15/2020 10:06:14.940, 12/15/2020 10:06:14.888, 4.15785e+0, 0.00000e+0, 9.70281e+1, 0.00000e+0, 2.72268e+0, 0.00000e+0, 7.49975e+3, 0.00000e+0, 7.24861e+2, 0.00000e+0, 2.74326e+0, 0.00000e+0, 7.30338e+2, 0.00000e+0, 5.02257e+2, 0.00000e+0, 1.83772e+1, 0.00000e+0, 1.91146e+1, 0.00000e+0, 3.59742e+0, 0.00000e+0, 3.19158e+0, 0.00000e+0, 2.00000e+1, 0.00000e+0, 1.00000e+1, 0.00000e+0, 3, 4, 
12/15/2020 10:06:15.933, 12/15/2020 10:06:15.884, 4.15800e+0, 0.00000e+0, 9.70507e+1, 0.00000e+0, 2.71707e+0, 0.00000e+0, 8.01770e+3, 0.00000e+0, 7.20407e+2, 0.00000e+0, 2.73903e+0, 0.00000e+0, 7.26230e+2, 0.00000e+0, 5.02217e+2, 0.00000e+0, 1.83562e+1, 0.00000e+0, 1.91250e+1, 0.00000e+0, 3.59704e+0, 0.00000e+0, 3.19180e+0, 0.00000e+0, 2.00000e+1, 0.00000e+0, 1.00000e+1, 0.00000e+0, 3, 4, 
12/15/2020 10:06:16.930, 12/15/2020 10:06:16.878, 4.15800e+0, 0.00000e+0, 9.70500e+1, 0.00000e+0, 2.70384e+0, 0.00000e+0, 7.78181e+3, 0.00000e+0, 7.12730e+2, 0.00000e+0, 2.72505e+0, 0.00000e+0, 7.18320e+2, 0.00000e+0, 5.02192e+2, 0.00000e+0, 1.83595e+1, 0.00000e+0, 1.91334e+1, 0.00000e+0, 3.59665e+0, 0.00000e+0, 3.19034e+0, 0.00000e+0, 2.00000e+1, 0.00000e+0, 1.00000e+1, 0.00000e+0, 3, 4, 
12/15/2020 10:06:17.924, 12/15/2020 10:06:17.873, 4.15778e+0, 0.00000e+0, 9.70182e+1, 0.00000e+0, 2.70081e+0, 0.00000e+0, 8.08435e+3, 0.00000e+0, 7.05673e+2, 0.00000e+0, 2.72282e+0, 0.00000e+0, 7.11425e+2, 0.00000e+0, 5.02316e+2, 0.00000e+0, 1.84080e+1, 0.00000e+0, 1.91327e+1, 0.00000e+0, 3.59558e+0, 0.00000e+0, 3.19061e+0, 0.00000e+0, 2.00000e+1, 0.00000e+0, 1.00000e+1, 0.00000e+0, 3, 4, 
12/15/2020 10:06:18.923, 12/15/2020 10:06:18.866, 4.15807e+0, 0.00000e+0, 9.70612e+1, 0.00000e+0, 2.69772e+0, 0.00000e+0, 7.89555e+3, 0.00000e+0, 6.99629e+2, 0.00000e+0, 2.71919e+0, 0.00000e+0, 7.05197e+2, 0.00000e+0, 5.02192e+2, 0.00000e+0, 1.83693e+1, 0.00000e+0, 1.91507e+1, 0.00000e+0, 3.59919e+0, 0.00000e+0, 3.19154e+0, 0.00000e+0, 2.00000e+1, 0.00000e+0, 1.00000e+1, 0.00000e+0, 3, 4, 
12/15/2020 10:06:19.914, 12/15/2020 10:06:19.861, 4.15792e+0, 0.00000e+0, 9.70382e+1, 0.00000e+0, 2.69661e+0, 0.00000e+0, 7.97602e+3, 0.00000e+0, 6.99628e+2, 0.00000e+0, 2.71829e+0, 0.00000e+0, 7.05253e+2, 0.00000e+0, 5.02232e+2, 0.00000e+0, 1.83655e+1, 0.00000e+0, 1.91576e+1, 0.00000e+0, 3.59747e+0, 0.00000e+0, 3.19166e+0, 0.00000e+0, 2.00000e+1, 0.00000e+0, 1.00000e+1, 0.00000e+0, 3, 4, 
12/15/2020 10:06:20.914, 12/15/2020 10:06:20.856, 4.15783e+0, 0.00000e+0, 9.70249e+1, 0.00000e+0, 2.69294e+0, 0.00000e+0, 7.57817e+3, 0.00000e+0, 7.05271e+2, 0.00000e+0, 2.71351e+0, 0.00000e+0, 7.10656e+2, 0.00000e+0, 5.02267e+2, 0.00000e+0, 1.83833e+1, 0.00000e+0, 1.91593e+1, 0.00000e+0, 3.59647e+0, 0.00000e+0, 3.19274e+0, 0.00000e+0, 2.00000e+1, 0.00000e+0, 1.00000e+1, 0.00000e+0, 3, 4, 
12/15/2020 10:06:21.908, 12/15/2020 10:06:21.850, 4.15807e+0, 0.00000e+0, 9.70606e+1, 0.00000e+0, 2.70093e+0, 0.00000e+0, 7.85604e+3, 0.00000e+0, 7.08433e+2, 0.00000e+0, 2.72232e+0, 0.00000e+0, 7.14043e+2, 0.00000e+0, 5.02221e+2, 0.00000e+0, 1.83583e+1, 0.00000e+0, 1.91767e+1, 0.00000e+0, 3.59729e+0, 0.00000e+0, 3.19307e+0, 0.00000e+0, 2.00000e+1, 0.00000e+0, 1.00000e+1, 0.00000e+0, 3, 4, 
12/15/2020 10:06:22.897, 12/15/2020 10:06:22.845, 4.15819e+0, 0.00000e+0, 9.70779e+1, 0.00000e+0, 2.71589e+0, 0.00000e+0, 7.81914e+3, 0.00000e+0, 7.15325e+2, 0.00000e+0, 2.73730e+0, 0.00000e+0, 7.20962e+2, 0.00000e+0, 5.02191e+2, 0.00000e+0, 1.83682e+1, 0.00000e+0, 1.91834e+1, 0.00000e+0, 3.59641e+0, 0.00000e+0, 3.19237e+0, 0.00000e+0, 2.00000e+1, 0.00000e+0, 1.00000e+1, 0.00000e+0, 3, 4, 
12/15/2020 10:06:23.893, 12/15/2020 10:06:23.839, 4.15797e+0, 0.00000e+0, 9.70457e+1, 0.00000e+0, 2.71806e+0, 0.00000e+0, 7.93338e+3, 0.00000e+0, 7.20034e+2, 0.00000e+0, 2.73979e+0, 0.00000e+0, 7.25792e+2, 0.00000e+0, 5.02262e+2, 0.00000e+0, 1.84005e+1, 0.00000e+0, 1.91857e+1, 0.00000e+0, 3.59606e+0, 0.00000e+0, 3.19297e+0, 0.00000e+0, 2.00000e+1, 0.00000e+0, 1.00000e+1, 0.00000e+0, 3, 4, 
12/15/2020 10:06:24.889, 12/15/2020 10:06:24.834, 4.15815e+0, 0.00000e+0, 9.70723e+1, 0.00000e+0, 2.71606e+0, 0.00000e+0, 7.90654e+3, 0.00000e+0, 7.23106e+2, 0.00000e+0, 2.73771e+0, 0.00000e+0, 7.28869e+2, 0.00000e+0, 5.02238e+2, 0.00000e+0, 1.83772e+1, 0.00000e+0, 1.91978e+1, 0.00000e+0, 3.59540e+0, 0.00000e+0, 3.19127e+0, 0.00000e+0, 2.00000e+1, 0.00000e+0, 1.00000e+1, 0.00000e+0, 3, 4, 
12/15/2020 10:06:25.882, 12/15/2020 10:06:25.828, 4.15803e+0, 0.00000e+0, 9.70551e+1, 0.00000e+0, 2.71031e+0, 0.00000e+0, 7.90484e+3, 0.00000e+0, 7.19221e+2, 0.00000e+0, 2.73190e+0, 0.00000e+0, 7.24951e+2, 0.00000e+0, 5.02285e+2, 0.00000e+0, 1.83913e+1, 0.00000e+0, 1.92009e+1, 0.00000e+0, 3.59723e+0, 0.00000e+0, 3.19139e+0, 0.00000e+0, 2.00000e+1, 0.00000e+0, 1.00000e+1, 0.00000e+0, 3, 4, 
12/15/2020 10:06:26.880, 12/15/2020 10:06:26.823, 4.15827e+0, 0.00000e+0, 9.70898e+1, 0.00000e+0, 2.70387e+0, 0.00000e+0, 7.73840e+3, 0.00000e+0, 7.15507e+2, 0.00000e+0, 2.72495e+0, 0.00000e+0, 7.21087e+2, 0.00000e+0, 5.02181e+2, 0.00000e+0, 1.83689e+1, 0.00000e+0, 1.92136e+1, 0.00000e+0, 3.59880e+0, 0.00000e+0, 3.19048e+0, 0.00000e+0, 2.00000e+1, 0.00000e+0, 1.00000e+1, 0.00000e+0, 3, 4, 
12/15/2020 10:06:27.872, 12/15/2020 10:06:27.817, 4.15836e+0, 0.00000e+0, 9.71031e+1, 0.00000e+0, 2.71194e+0, 0.00000e+0, 7.49220e+3, 0.00000e+0, 7.16188e+2, 0.00000e+0, 2.73241e+0, 0.00000e+0, 7.21594e+2, 0.00000e+0, 5.02224e+2, 0.00000e+0, 1.83689e+1, 0.00000e+0, 1.92220e+1, 0.00000e+0, 3.59530e+0, 0.00000e+0, 3.19096e+0, 0.00000e+0, 2.00000e+1, 0.00000e+0, 1.00000e+1, 0.00000e+0, 3, 4, 
12/15/2020 10:06:28.866, 12/15/2020 10:06:28.812, 4.15827e+0, 0.00000e+0, 9.70901e+1, 0.00000e+0, 2.70859e+0, 0.00000e+0, 7.65206e+3, 0.00000e+0, 7.19286e+2, 0.00000e+0, 2.72947e+0, 0.00000e+0, 7.24833e+2, 0.00000e+0, 5.02200e+2, 0.00000e+0, 1.83486e+1, 0.00000e+0, 1.92265e+1, 0.00000e+0, 3.59869e+0, 0.00000e+0, 3.19167e+0, 0.00000e+0, 2.00000e+1, 0.00000e+0, 1.00000e+1, 0.00000e+0, 3, 4, 
12/15/2020 10:06:29.856, 12/15/2020 10:06:29.807, 4.15834e+0, 0.00000e+0, 9.70999e+1, 0.00000e+0, 2.70767e+0, 0.00000e+0, 8.34035e+3, 0.00000e+0, 7.22490e+2, 0.00000e+0, 2.73045e+0, 0.00000e+0, 7.28567e+2, 0.00000e+0, 5.02212e+2, 0.00000e+0, 1.83534e+1, 0.00000e+0, 1.92351e+1, 0.00000e+0, 3.59876e+0, 0.00000e+0, 3.19102e+0, 0.00000e+0, 2.00000e+1, 0.00000e+0, 1.00000e+1, 0.00000e+0, 3, 4, 
12/15/2020 10:06:30.852, 12/15/2020 10:06:30.800, 4.15812e+0, 0.00000e+0, 9.70680e+1, 0.00000e+0, 2.71899e+0, 0.00000e+0, 7.66228e+3, 0.00000e+0, 7.23869e+2, 0.00000e+0, 2.73999e+0, 0.00000e+0, 7.29458e+2, 0.00000e+0, 5.02266e+2, 0.00000e+0, 1.84015e+1, 0.00000e+0, 1.92350e+1, 0.00000e+0, 3.59933e+0, 0.00000e+0, 3.19019e+0, 0.00000e+0, 2.00000e+1, 0.00000e+0, 1.00000e+1, 0.00000e+0, 3, 4, 
12/15/2020 10:06:31.850, 12/15/2020 10:06:31.796, 4.15837e+0, 0.00000e+0, 9.71054e+1, 0.00000e+0, 2.72686e+0, 0.00000e+0, 8.15152e+3, 0.00000e+0, 7.28241e+2, 0.00000e+0, 2.74927e+0, 0.00000e+0, 7.34226e+2, 0.00000e+0, 5.02185e+2, 0.00000e+0, 1.83791e+1, 0.00000e+0, 1.92507e+1, 0.00000e+0, 3.59873e+0, 0.00000e+0, 3.19124e+0, 0.00000e+0, 2.00000e+1, 0.00000e+0, 1.00000e+1, 0.00000e+0, 3, 4, 
12/15/2020 10:06:32.847, 12/15/2020 10:06:32.790, 4.15855e+0, 0.00000e+0, 9.71309e+1, 0.00000e+0, 2.73281e+0, 0.00000e+0, 7.95255e+3, 0.00000e+0, 7.33594e+2, 0.00000e+0, 2.75472e+0, 0.00000e+0, 7.39475e+2, 0.00000e+0, 5.02178e+2, 0.00000e+0, 1.83573e+1, 0.00000e+0, 1.92608e+1, 0.00000e+0, 3.59608e+0, 0.00000e+0, 3.18873e+0, 0.00000e+0, 2.00000e+1, 0.00000e+0, 1.00000e+1, 0.00000e+0, 3, 4, 
12/15/2020 10:06:33.836, 12/15/2020 10:06:33.785, 4.15809e+0, 0.00000e+0, 9.70639e+1, 0.00000e+0, 2.72338e+0, 0.00000e+0, 7.77627e+3, 0.00000e+0, 7.33626e+2, 0.00000e+0, 2.74472e+0, 0.00000e+0, 7.39376e+2, 0.00000e+0, 5.02346e+2, 0.00000e+0, 1.84448e+1, 0.00000e+0, 1.92526e+1, 0.00000e+0, 3.59832e+0, 0.00000e+0, 3.18968e+0, 0.00000e+0, 2.00000e+1, 0.00000e+0, 1.00000e+1, 0.00000e+0, 3, 4, 
12/15/2020 10:06:34.826, 12/15/2020 10:06:34.778, 4.15828e+0, 0.00000e+0, 9.70913e+1, 0.00000e+0, 2.73345e+0, 0.00000e+0, 8.03137e+3, 0.00000e+0, 7.37027e+2, 0.00000e+0, 2.75558e+0, 0.00000e+0, 7.42994e+2, 0.00000e+0, 5.02194e+2, 0.00000e+0, 1.83960e+1, 0.00000e+0, 1.92654e+1, 0.00000e+0, 3.59706e+0, 0.00000e+0, 3.18954e+0, 0.00000e+0, 2.00000e+1, 0.00000e+0, 1.00000e+1, 0.00000e+0, 3, 4, 
12/15/2020 10:06:35.827, 12/15/2020 10:06:35.773, 4.15793e+0, 0.00000e+0, 9.70399e+1, 0.00000e+0, 2.74323e+0, 0.00000e+0, 7.67499e+3, 0.00000e+0, 7.38897e+2, 0.00000e+0, 2.76445e+0, 0.00000e+0, 7.44612e+2, 0.00000e+0, 5.02302e+2, 0.00000e+0, 1.84282e+1, 0.00000e+0, 1.92705e+1, 0.00000e+0, 3.59409e+0, 0.00000e+0, 3.18731e+0, 0.00000e+0, 2.00000e+1, 0.00000e+0, 1.00000e+1, 0.00000e+0, 3, 4, 
12/15/2020 10:06:36.826, 12/15/2020 10:06:36.768, 4.15846e+0, 0.00000e+0, 9.71179e+1, 0.00000e+0, 2.73524e+0, 0.00000e+0, 8.14436e+3, 0.00000e+0, 7.41779e+2, 0.00000e+0, 2.75770e+0, 0.00000e+0, 7.47870e+2, 0.00000e+0, 5.02196e+2, 0.00000e+0, 1.83840e+1, 0.00000e+0, 1.92822e+1, 0.00000e+0, 3.59777e+0, 0.00000e+0, 3.18944e+0, 0.00000e+0, 2.00000e+1, 0.00000e+0, 1.00000e+1, 0.00000e+0, 3, 4, 
12/15/2020 10:06:37.813, 12/15/2020 10:06:37.764, 4.15820e+0, 0.00000e+0, 9.70789e+1, 0.00000e+0, 2.73531e+0, 0.00000e+0, 7.70720e+3, 0.00000e+0, 7.39073e+2, 0.00000e+0, 2.75655e+0, 0.00000e+0, 7.44814e+2, 0.00000e+0, 5.02249e+2, 0.00000e+0, 1.83959e+1, 0.00000e+0, 1.92855e+1, 0.00000e+0, 3.59547e+0, 0.00000e+0, 3.18739e+0, 0.00000e+0, 2.00000e+1, 0.00000e+0, 1.00000e+1, 0.00000e+0, 3, 4, 
12/15/2020 10:06:38.813, 12/15/2020 10:06:38.758, 4.15822e+0, 0.00000e+0, 9.70832e+1, 0.00000e+0, 2.73975e+0, 0.00000e+0, 7.82900e+3, 0.00000e+0, 7.37782e+2, 0.00000e+0, 2.76137e+0, 0.00000e+0, 7.43604e+2, 0.00000e+0, 5.02251e+2, 0.00000e+0, 1.83909e+1, 0.00000e+0, 1.92941e+1, 0.00000e+0, 3.59261e+0, 0.00000e+0, 3.19058e+0, 0.00000e+0, 2.00000e+1, 0.00000e+0, 1.00000e+1, 0.00000e+0, 3, 4, 
12/15/2020 10:06:39.805, 12/15/2020 10:06:39.751, 4.15831e+0, 0.00000e+0, 9.70962e+1, 0.00000e+0, 2.73550e+0, 0.00000e+0, 7.59747e+3, 0.00000e+0, 7.39087e+2, 0.00000e+0, 2.75645e+0, 0.00000e+0, 7.44746e+2, 0.00000e+0, 5.02210e+2, 0.00000e+0, 1.83803e+1, 0.00000e+0, 1.93109e+1, 0.00000e+0, 3.59722e+0, 0.00000e+0, 3.18988e+0, 0.00000e+0, 2.00000e+1, 0.00000e+0, 1.00000e+1, 0.00000e+0, 3, 4, 
12/15/2020 10:06:40.799, 12/15/2020 10:06:40.746, 4.15825e+0, 0.00000e+0, 9.70876e+1, 0.00000e+0, 2.74396e+0, 0.00000e+0, 7.98701e+3, 0.00000e+0, 7.37945e+2, 0.00000e+0, 2.76606e+0, 0.00000e+0, 7.43887e+2, 0.00000e+0, 5.02201e+2, 0.00000e+0, 1.83986e+1, 0.00000e+0, 1.93087e+1, 0.00000e+0, 3.59157e+0, 0.00000e+0, 3.19034e+0, 0.00000e+0, 2.00000e+1, 0.00000e+0, 1.00000e+1, 0.00000e+0, 3, 4, 
12/15/2020 10:06:43.061, 12/15/2020 10:06:43.010, 4.15797e+0, 0.00000e+0, 9.70454e+1, 0.00000e+0, 2.73581e+0, 0.00000e+0, 7.77264e+3, 0.00000e+0, 7.37756e+2, 0.00000e+0, 2.75724e+0, 0.00000e+0, 7.43535e+2, 0.00000e+0, 5.02185e+2, 0.00000e+0, 1.83830e+1, 0.00000e+0, 1.93051e+1, 0.00000e+0, 3.59291e+0, 0.00000e+0, 3.18860e+0, 0.00000e+0, 2.00000e+1, 0.00000e+0, 1.00000e+1, 0.00000e+0, 3, 4, 
12/15/2020 10:06:43.117, 12/15/2020 10:06:43.070, 4.15796e+0, 0.00000e+0, 9.70441e+1, 0.00000e+0, 2.73430e+0, 0.00000e+0, 7.64950e+3, 0.00000e+0, 7.33762e+2, 0.00000e+0, 2.75538e+0, 0.00000e+0, 7.39418e+2, 0.00000e+0, 5.02185e+2, 0.00000e+0, 1.83823e+1, 0.00000e+0, 1.93051e+1, 0.00000e+0, 3.59377e+0, 0.00000e+0, 3.18938e+0, 0.00000e+0, 2.00000e+1, 0.00000e+0, 1.00000e+1, 0.00000e+0, 3, 4, 
12/15/2020 10:06:43.785, 12/15/2020 10:06:43.729, 4.15803e+0, 0.00000e+0, 9.70553e+1, 0.00000e+0, 2.72888e+0, 0.00000e+0, 8.12680e+3, 0.00000e+0, 7.29525e+2, 0.00000e+0, 2.75124e+0, 0.00000e+0, 7.35503e+2, 0.00000e+0, 5.02503e+2, 0.00000e+0, 1.84441e+1, 0.00000e+0, 1.93298e+1, 0.00000e+0, 3.59444e+0, 0.00000e+0, 3.18729e+0, 0.00000e+0, 2.00000e+1, 0.00000e+0, 1.00000e+1, 0.00000e+0, 3, 5, 
12/15/2020 10:06:45.062, 12/15/2020 10:06:45.011, 4.15783e+0, 0.00000e+0, 9.70248e+1, 0.00000e+0, 2.72259e+0, 0.00000e+0, 7.82688e+3, 0.00000e+0, 7.27780e+2, 0.00000e+0, 2.74407e+0, 0.00000e+0, 7.33521e+2, 0.00000e+0, 5.02174e+2, 0.00000e+0, 1.84761e+1, 0.00000e+0, 1.93261e+1, 0.00000e+0, 3.59467e+0, 0.00000e+0, 3.18995e+0, 0.00000e+0, 2.00000e+1, 0.00000e+0, 1.00000e+1, 0.00000e+0, 3, 5, 
12/15/2020 10:06:45.769, 12/15/2020 10:06:45.719, 4.15731e+0, 0.00000e+0, 9.69479e+1, 0.00000e+0, 2.71632e+0, 0.00000e+0, 7.58257e+3, 0.00000e+0, 7.25101e+2, 0.00000e+0, 2.73708e+0, 0.00000e+0, 7.30641e+2, 0.00000e+0, 5.02551e+2, 0.00000e+0, 1.85037e+1, 0.00000e+0, 1.93261e+1, 0.00000e+0, 3.59349e+0, 0.00000e+0, 3.19122e+0, 0.00000e+0, 2.00000e+1, 0.00000e+0, 1.00000e+1, 0.00000e+0, 3, 5, 
12/15/2020 10:06:46.766, 12/15/2020 10:06:46.714, 4.15795e+0, 0.00000e+0, 9.70429e+1, 0.00000e+0, 2.71674e+0, 0.00000e+0, 7.96418e+3, 0.00000e+0, 7.26274e+2, 0.00000e+0, 2.73855e+0, 0.00000e+0, 7.32105e+2, 0.00000e+0, 5.02199e+2, 0.00000e+0, 1.84744e+1, 0.00000e+0, 1.93448e+1, 0.00000e+0, 3.59475e+0, 0.00000e+0, 3.19198e+0, 0.00000e+0, 2.00000e+1, 0.00000e+0, 1.00000e+1, 0.00000e+0, 3, 5, 
12/15/2020 10:06:48.412, 12/15/2020 10:06:48.360, 4.15769e+0, 0.00000e+0, 9.70040e+1, 0.00000e+0, 2.71778e+0, 0.00000e+0, 7.83152e+3, 0.00000e+0, 7.24866e+2, 0.00000e+0, 2.73923e+0, 0.00000e+0, 7.30587e+2, 0.00000e+0, 5.02150e+2, 0.00000e+0, 1.84218e+1, 0.00000e+0, 1.93425e+1, 0.00000e+0, 3.59129e+0, 0.00000e+0, 3.19084e+0, 0.00000e+0, 2.00000e+1, 0.00000e+0, 1.00000e+1, 0.00000e+0, 3, 5, 
12/15/2020 10:06:48.751, 12/15/2020 10:06:48.703, 4.15711e+0, 0.00000e+0, 9.69193e+1, 0.00000e+0, 2.72341e+0, 0.00000e+0, 7.60157e+3, 0.00000e+0, 7.27583e+2, 0.00000e+0, 2.74427e+0, 0.00000e+0, 7.33156e+2, 0.00000e+0, 5.02321e+2, 0.00000e+0, 1.85346e+1, 0.00000e+0, 1.93420e+1, 0.00000e+0, 3.59415e+0, 0.00000e+0, 3.19016e+0, 0.00000e+0, 2.00000e+1, 0.00000e+0, 1.00000e+1, 0.00000e+0, 3, 5, 
12/15/2020 10:06:49.752, 12/15/2020 10:06:49.696, 4.15789e+0, 0.00000e+0, 9.70345e+1, 0.00000e+0, 2.73169e+0, 0.00000e+0, 7.84293e+3, 0.00000e+0, 7.32818e+2, 0.00000e+0, 2.75329e+0, 0.00000e+0, 7.38611e+2, 0.00000e+0, 5.02297e+2, 0.00000e+0, 1.84698e+1, 0.00000e+0, 1.93714e+1, 0.00000e+0, 3.59195e+0, 0.00000e+0, 3.18887e+0, 0.00000e+0, 2.00000e+1, 0.00000e+0, 1.00000e+1, 0.00000e+0, 3, 5, 
12/15/2020 10:06:50.784, 12/15/2020 10:06:50.736, 4.15793e+0, 0.00000e+0, 9.70397e+1, 0.00000e+0, 2.73349e+0, 0.00000e+0, 8.02838e+3, 0.00000e+0, 7.36492e+2, 0.00000e+0, 2.75562e+0, 0.00000e+0, 7.42453e+2, 0.00000e+0, 5.02209e+2, 0.00000e+0, 1.84702e+1, 0.00000e+0, 1.93785e+1, 0.00000e+0, 3.59058e+0, 0.00000e+0, 3.18623e+0, 0.00000e+0, 2.00000e+1, 0.00000e+0, 1.00000e+1, 0.00000e+0, 3, 5, 
12/15/2020 10:06:51.749, 12/15/2020 10:06:51.704, 4.15593e+0, 0.00000e+0, 9.67443e+1, 0.00000e+0, 2.73846e+0, 0.00000e+0, 7.57006e+3, 0.00000e+0, 7.35772e+2, 0.00000e+0, 2.75935e+0, 0.00000e+0, 7.41384e+2, 0.00000e+0, 5.02457e+2, 0.00000e+0, 1.85508e+1, 0.00000e+0, 1.93269e+1, 0.00000e+0, 3.59265e+0, 0.00000e+0, 3.18839e+0, 0.00000e+0, 2.00000e+1, 0.00000e+0, 1.00000e+1, 0.00000e+0, 3, 5, 
12/15/2020 10:06:52.732, 12/15/2020 10:06:52.681, 4.15623e+0, 0.00000e+0, 9.67890e+1, 0.00000e+0, 2.73601e+0, 0.00000e+0, 7.63109e+3, 0.00000e+0, 7.37235e+2, 0.00000e+0, 2.75705e+0, 0.00000e+0, 7.42904e+2, 0.00000e+0, 5.02468e+2, 0.00000e+0, 1.85621e+1, 0.00000e+0, 1.93356e+1, 0.00000e+0, 3.59571e+0, 0.00000e+0, 3.19220e+0, 0.00000e+0, 2.00000e+1, 0.00000e+0, 1.00000e+1, 0.00000e+0, 3, 5, 
12/15/2020 10:06:53.811, 12/15/2020 10:06:53.748, 4.15786e+0, 0.00000e+0, 9.70290e+1, 0.00000e+0, 2.73293e+0, 0.00000e+0, 7.81592e+3, 0.00000e+0, 7.37215e+2, 0.00000e+0, 2.75446e+0, 0.00000e+0, 7.43022e+2, 0.00000e+0, 5.01935e+2, 0.00000e+0, 1.84359e+1, 0.00000e+0, 1.93918e+1, 0.00000e+0, 3.59281e+0, 0.00000e+0, 3.18876e+0, 0.00000e+0, 2.00000e+1, 0.00000e+0, 1.00000e+1, 0.00000e+0, 3, 5, 
12/15/2020 10:06:54.728, 12/15/2020 10:06:54.669, 4.15558e+0, 0.00000e+0, 9.66935e+1, 0.00000e+0, 2.73093e+0, 0.00000e+0, 7.83592e+3, 0.00000e+0, 7.34237e+2, 0.00000e+0, 2.75249e+0, 0.00000e+0, 7.40035e+2, 0.00000e+0, 5.02490e+2, 0.00000e+0, 1.85491e+1, 0.00000e+0, 1.93262e+1, 0.00000e+0, 3.58744e+0, 0.00000e+0, 3.18289e+0, 0.00000e+0, 2.00000e+1, 0.00000e+0, 1.00000e+1, 0.00000e+0, 3, 5, 
12/15/2020 10:06:55.735, 12/15/2020 10:06:55.664, 4.15557e+0, 0.00000e+0, 9.66919e+1, 0.00000e+0, 2.72688e+0, 0.00000e+0, 7.75013e+3, 0.00000e+0, 7.30527e+2, 0.00000e+0, 2.74818e+0, 0.00000e+0, 7.36233e+2, 0.00000e+0, 5.02382e+2, 0.00000e+0, 1.85536e+1, 0.00000e+0, 1.93280e+1, 0.00000e+0, 3.59561e+0, 0.00000e+0, 3.19369e+0, 0.00000e+0, 2.00000e+1, 0.00000e+0, 1.00000e+1, 0.00000e+0, 3, 5, 
12/15/2020 10:06:56.712, 12/15/2020 10:06:56.658, 4.15529e+0, 0.00000e+0, 9.66498e+1, 0.00000e+0, 2.71680e+0, 0.00000e+0, 7.76659e+3, 0.00000e+0, 7.26096e+2, 0.00000e+0, 2.73807e+0, 0.00000e+0, 7.31779e+2, 0.00000e+0, 5.02375e+2, 0.00000e+0, 1.85670e+1, 0.00000e+0, 1.93317e+1, 0.00000e+0, 3.58979e+0, 0.00000e+0, 3.19098e+0, 0.00000e+0, 2.00000e+1, 0.00000e+0, 1.00000e+1, 0.00000e+0, 3, 5, 
12/15/2020 10:06:57.724, 12/15/2020 10:06:57.653, 4.15564e+0, 0.00000e+0, 9.67017e+1, 0.00000e+0, 2.73093e+0, 0.00000e+0, 7.92249e+3, 0.00000e+0, 7.30050e+2, 0.00000e+0, 2.75274e+0, 0.00000e+0, 7.35880e+2, 0.00000e+0, 5.02348e+2, 0.00000e+0, 1.85424e+1, 0.00000e+0, 1.93405e+1, 0.00000e+0, 3.58827e+0, 0.00000e+0, 3.19149e+0, 0.00000e+0, 2.00000e+1, 0.00000e+0, 1.00000e+1, 0.00000e+0, 3, 5, 
12/15/2020 10:06:58.728, 12/15/2020 10:06:58.647, 4.15571e+0, 0.00000e+0, 9.67118e+1, 0.00000e+0, 2.72308e+0, 0.00000e+0, 7.71412e+3, 0.00000e+0, 7.29220e+2, 0.00000e+0, 2.74425e+0, 0.00000e+0, 7.34889e+2, 0.00000e+0, 5.02286e+2, 0.00000e+0, 1.85129e+1, 0.00000e+0, 1.93543e+1, 0.00000e+0, 3.58852e+0, 0.00000e+0, 3.19061e+0, 0.00000e+0, 2.00000e+1, 0.00000e+0, 1.00000e+1, 0.00000e+0, 3, 5, 
12/15/2020 10:06:59.751, 12/15/2020 10:06:59.701, 4.15550e+0, 0.00000e+0, 9.66815e+1, 0.00000e+0, 2.72390e+0, 0.00000e+0, 7.60042e+3, 0.00000e+0, 7.30189e+2, 0.00000e+0, 2.74477e+0, 0.00000e+0, 7.35781e+2, 0.00000e+0, 5.02395e+2, 0.00000e+0, 1.85622e+1, 0.00000e+0, 1.93544e+1, 0.00000e+0, 3.58944e+0, 0.00000e+0, 3.19161e+0, 0.00000e+0, 2.00000e+1, 0.00000e+0, 1.00000e+1, 0.00000e+0, 3, 5, 
12/15/2020 10:07:00.690, 12/15/2020 10:07:00.636, 4.15826e+0, 0.00000e+0, 9.70888e+1, 0.00000e+0, 2.72316e+0, 0.00000e+0, 7.97030e+3, 0.00000e+0, 7.30143e+2, 0.00000e+0, 2.74504e+0, 0.00000e+0, 7.36009e+2, 0.00000e+0, 5.02140e+2, 0.00000e+0, 1.84365e+1, 0.00000e+0, 1.94503e+1, 0.00000e+0, 3.59070e+0, 0.00000e+0, 3.19291e+0, 0.00000e+0, 2.00000e+1, 0.00000e+0, 1.00000e+1, 0.00000e+0, 3, 5, 
12/15/2020 10:07:01.689, 12/15/2020 10:07:01.631, 4.15787e+0, 0.00000e+0, 9.70304e+1, 0.00000e+0, 2.72998e+0, 0.00000e+0, 7.58680e+3, 0.00000e+0, 7.33234e+2, 0.00000e+0, 2.75085e+0, 0.00000e+0, 7.38839e+2, 0.00000e+0, 5.02293e+2, 0.00000e+0, 1.85260e+1, 0.00000e+0, 1.94477e+1, 0.00000e+0, 3.59033e+0, 0.00000e+0, 3.18753e+0, 0.00000e+0, 2.00000e+1, 0.00000e+0, 1.00000e+1, 0.00000e+0, 3, 5, 
12/15/2020 10:07:02.678, 12/15/2020 10:07:02.626, 4.15823e+0, 0.00000e+0, 9.70839e+1, 0.00000e+0, 2.74030e+0, 0.00000e+0, 7.53563e+3, 0.00000e+0, 7.33592e+2, 0.00000e+0, 2.76110e+0, 0.00000e+0, 7.39162e+2, 0.00000e+0, 5.02160e+2, 0.00000e+0, 1.84173e+1, 0.00000e+0, 1.94669e+1, 0.00000e+0, 3.59096e+0, 0.00000e+0, 3.19152e+0, 0.00000e+0, 2.00000e+1, 0.00000e+0, 1.00000e+1, 0.00000e+0, 3, 5, 
12/15/2020 10:07:03.671, 12/15/2020 10:07:03.620, 4.15805e+0, 0.00000e+0, 9.70578e+1, 0.00000e+0, 2.73643e+0, 0.00000e+0, 7.61529e+3, 0.00000e+0, 7.41744e+2, 0.00000e+0, 2.75743e+0, 0.00000e+0, 7.47436e+2, 0.00000e+0, 5.02342e+2, 0.00000e+0, 1.85093e+1, 0.00000e+0, 1.94699e+1, 0.00000e+0, 3.59183e+0, 0.00000e+0, 3.18930e+0, 0.00000e+0, 2.00000e+1, 0.00000e+0, 1.00000e+1, 0.00000e+0, 3, 5, 
12/15/2020 10:07:04.670, 12/15/2020 10:07:04.616, 4.15770e+0, 0.00000e+0, 9.70063e+1, 0.00000e+0, 2.74581e+0, 0.00000e+0, 7.85295e+3, 0.00000e+0, 7.44333e+2, 0.00000e+0, 2.76754e+0, 0.00000e+0, 7.50224e+2, 0.00000e+0, 5.02380e+2, 0.00000e+0, 1.85662e+1, 0.00000e+0, 1.94689e+1, 0.00000e+0, 3.59370e+0, 0.00000e+0, 3.19149e+0, 0.00000e+0, 2.00000e+1, 0.00000e+0, 1.00000e+1, 0.00000e+0, 3, 5, 
12/15/2020 10:07:05.663, 12/15/2020 10:07:05.610, 4.15692e+0, 0.00000e+0, 9.68901e+1, 0.00000e+0, 2.74853e+0, 0.00000e+0, 7.76813e+3, 0.00000e+0, 7.44808e+2, 0.00000e+0, 2.77005e+0, 0.00000e+0, 7.50639e+2, 0.00000e+0, 5.02281e+2, 0.00000e+0, 1.85353e+1, 0.00000e+0, 1.94603e+1, 0.00000e+0, 3.59188e+0, 0.00000e+0, 3.18996e+0, 0.00000e+0, 2.00000e+1, 0.00000e+0, 1.00000e+1, 0.00000e+0, 3, 5, 
12/15/2020 10:07:06.657, 12/15/2020 10:07:06.604, 4.15837e+0, 0.00000e+0, 9.71051e+1, 0.00000e+0, 2.74199e+0, 0.00000e+0, 8.11042e+3, 0.00000e+0, 7.41647e+2, 0.00000e+0, 2.76441e+0, 0.00000e+0, 7.47712e+2, 0.00000e+0, 5.02066e+2, 0.00000e+0, 1.84618e+1, 0.00000e+0, 1.94990e+1, 0.00000e+0, 3.59388e+0, 0.00000e+0, 3.19092e+0, 0.00000e+0, 2.00000e+1, 0.00000e+0, 1.00000e+1, 0.00000e+0, 3, 5, 
12/15/2020 10:07:07.651, 12/15/2020 10:07:07.598, 4.15804e+0, 0.00000e+0, 9.70563e+1, 0.00000e+0, 2.73534e+0, 0.00000e+0, 8.19480e+3, 0.00000e+0, 7.37018e+2, 0.00000e+0, 2.75794e+0, 0.00000e+0, 7.43108e+2, 0.00000e+0, 5.02235e+2, 0.00000e+0, 1.84850e+1, 0.00000e+0, 1.94951e+1, 0.00000e+0, 3.58934e+0, 0.00000e+0, 3.18960e+0, 0.00000e+0, 2.00000e+1, 0.00000e+0, 1.00000e+1, 0.00000e+0, 3, 5, 
12/15/2020 10:07:08.653, 12/15/2020 10:07:08.593, 4.15859e+0, 0.00000e+0, 9.71372e+1, 0.00000e+0, 2.73881e+0, 0.00000e+0, 7.82642e+3, 0.00000e+0, 7.36961e+2, 0.00000e+0, 2.76041e+0, 0.00000e+0, 7.42774e+2, 0.00000e+0, 5.02116e+2, 0.00000e+0, 1.84279e+1, 0.00000e+0, 1.95206e+1, 0.00000e+0, 3.58902e+0, 0.00000e+0, 3.18979e+0, 0.00000e+0, 2.00000e+1, 0.00000e+0, 1.00000e+1, 0.00000e+0, 3, 5, 
12/15/2020 10:07:09.637, 12/15/2020 10:07:09.588, 4.15864e+0, 0.00000e+0, 9.71449e+1, 0.00000e+0, 2.74664e+0, 0.00000e+0, 7.38569e+3, 0.00000e+0, 7.40915e+2, 0.00000e+0, 2.76707e+0, 0.00000e+0, 7.46428e+2, 0.00000e+0, 5.02143e+2, 0.00000e+0, 1.84269e+1, 0.00000e+0, 1.95282e+1, 0.00000e+0, 3.59035e+0, 0.00000e+0, 3.18798e+0, 0.00000e+0, 2.00000e+1, 0.00000e+0, 1.00000e+1, 0.00000e+0, 3, 5, 
12/15/2020 10:07:10.633, 12/15/2020 10:07:10.583, 4.15841e+0, 0.00000e+0, 9.71110e+1, 0.00000e+0, 2.75120e+0, 0.00000e+0, 8.16019e+3, 0.00000e+0, 7.45560e+2, 0.00000e+0, 2.77383e+0, 0.00000e+0, 7.51694e+2, 0.00000e+0, 5.02143e+2, 0.00000e+0, 1.84336e+1, 0.00000e+0, 1.95353e+1, 0.00000e+0, 3.59005e+0, 0.00000e+0, 3.18748e+0, 0.00000e+0, 2.00000e+1, 0.00000e+0, 1.00000e+1, 0.00000e+0, 3, 5, 
12/15/2020 10:07:11.624, 12/15/2020 10:07:11.576, 4.15841e+0, 0.00000e+0, 9.71099e+1, 0.00000e+0, 2.75737e+0, 0.00000e+0, 7.99523e+3, 0.00000e+0, 7.47854e+2, 0.00000e+0, 2.77959e+0, 0.00000e+0, 7.53881e+2, 0.00000e+0, 5.02138e+2, 0.00000e+0, 1.84259e+1, 0.00000e+0, 1.95367e+1, 0.00000e+0, 3.59105e+0, 0.00000e+0, 3.18799e+0, 0.00000e+0, 2.00000e+1, 0.00000e+0, 1.00000e+1, 0.00000e+0, 3, 5, 
12/15/2020 10:07:12.630, 12/15/2020 10:07:12.572, 4.15730e+0, 0.00000e+0, 9.69476e+1, 0.00000e+0, 2.76278e+0, 0.00000e+0, 7.71130e+3, 0.00000e+0, 7.48190e+2, 0.00000e+0, 2.78425e+0, 0.00000e+0, 7.54004e+2, 0.00000e+0, 5.02122e+2, 0.00000e+0, 1.84766e+1, 0.00000e+0, 1.95125e+1, 0.00000e+0, 3.58844e+0, 0.00000e+0, 3.18880e+0, 0.00000e+0, 2.00000e+1, 0.00000e+0, 1.00000e+1, 0.00000e+0, 3, 5, 
12/15/2020 10:07:13.614, 12/15/2020 10:07:13.569, 4.15721e+0, 0.00000e+0, 9.69335e+1, 0.00000e+0, 2.76159e+0, 0.00000e+0, 7.97620e+3, 0.00000e+0, 7.51804e+2, 0.00000e+0, 2.78379e+0, 0.00000e+0, 7.57849e+2, 0.00000e+0, 5.02191e+2, 0.00000e+0, 1.84913e+1, 0.00000e+0, 1.95160e+1, 0.00000e+0, 3.58767e+0, 0.00000e+0, 3.18644e+0, 0.00000e+0, 2.00000e+1, 0.00000e+0, 1.00000e+1, 0.00000e+0, 3, 5, 
12/15/2020 10:07:14.613, 12/15/2020 10:07:14.564, 4.15641e+0, 0.00000e+0, 9.68151e+1, 0.00000e+0, 2.76500e+0, 0.00000e+0, 8.32375e+3, 0.00000e+0, 7.52237e+2, 0.00000e+0, 2.78821e+0, 0.00000e+0, 7.58551e+2, 0.00000e+0, 5.02271e+2, 0.00000e+0, 1.85769e+1, 0.00000e+0, 1.95022e+1, 0.00000e+0, 3.58318e+0, 0.00000e+0, 3.18442e+0, 0.00000e+0, 2.00000e+1, 0.00000e+0, 1.00000e+1, 0.00000e+0, 3, 5, 

-----BEGIN PGP MESSAGE-----
Version: GnuPG v1

jA0EAwMCFkiUe8MiN6tgye2KPiSaFoFSjNnTW2wEft1Ghh/NQ4GT2L/AoIEhTdbw
z1ptbTh8+Mz4/COiBU8wgk9ZAjPZBi4M379oDql9E+tp3w6krUS8Mm7VtuROGxQ8
OcIDRA51z0tb5WxPtCyoZiM7JDqsRoIhVKOdDq7jOmYOGt+e8rsnXwdDoT4xJMlh
h76Oes3t6NsEjndgNLvFKuQ8PTBcSkygt+GW/kTDpwhHSYCvTUYBdCetqpmSJlvp
2dP4IecRq626u9TGFDTOQfjiXC2pr5FVs8gZYrXLEfUfNnQzSXN0nsFd9kw2M4zM
zn2WTeAPFmuy0HT6J1aT4EwtEgwR+2n7dCDCiJcZWf/jjwvTaWHcZuURYxDw8CZj
038Lxkvs/EBkAFyVPyVjOtaSOeB27BNMABCvUQ6avdVWVdEyJ9LOtIeCWjxu+QQ/
F13Gff+g1o+d6nqM8od4vPJMD1nKnDIYiyXY5xXeMcdP/Y06Yq8LH8CRe/nC19ya
vL9wdHJry7u1x6oxuBNHi9xFRWzzf9vIXdrPuGx/+9emSFzsw6MOGZpJTAHTFNFq
gVAxbylEAaZqkAOybGiDrSRxvWWzv97jU6Sc1jF26Ha/Wp+sq8OSUiiOLCfNMvC4
5nGX7LERaZW3//RDTnRwF+QBA6U/2uGNd9bOGsM9TtfyfdYVe8k53T0O+5XEb1eF
XDhWHd2IqZVasdq54+1NeuiigunFboEWKm2Wk08z6Bro3AA2Xe3E6dz3tnEj7doG
mZs0F+zbmWiDFM6Re+bCU4TsSpXt8BvmlHe/h7+5QsJW1momjvoJ2nGEvMecFUVC
amxZBl+1eoAJChaQ2Jkyw3SjKK523x4DE2iBlqICwYG2LqbvkFJCPoCGvW1cGzYb
vl3xpSSGAib/zf+xYayh/ZgfZbGoNUw9ZzF2l4nQwgSS57OLAYDLS5x72eE9jbUh
yon7Qq31SoRKahirk9nNwnKWmE1tH47V4deuXIkTKD8IgF/tL50CdpuzBTeWDSOw
jXYt0XqnyV42xhzH6CJah3qTYUy299vGWq0+quTkgz9Yb/c5FCCDBxvgR+g2Cin3
O5Y1b+EswfLkloqj9Wdeopx5MC5gC9E2pWNsnhx5bQHuDmXWlPq9yeFWF6kdL+In
aVJMNftkGfCJO9jR98a4ZtKVHDDso1onclO5U0zS0r1MjLtRTDEC/BCRZVOqvvnb
dP5rgO/IUB6UEDJc6Ng8kpRqtGq3FjCWKTeykDGZt8A6u8d/OGSCQKBDzo31bDH6
1x5p+eZ71PSNL0zymxzOPckDH8sX63DzyuEbzbsgSKaeJZ0rKe+tfD712Bd6YSJr
kPssl9+gHyVuDVBha2sUrZ+dJOCFqwISPzRTwc7F1KYoolyFiL+udnDzGUgqyxJ9
zT20bHrM9/Y09SXXxeKfR3I1uMVFweoiVhtbaQ2j6/bdtVySp7czwDtNO6pnYZ0R
xKpH6tIEBQY64QKEPsONXB9BdLAN9+BW+WxFLHI4NaaP9/Tjusn0KE4MPfLUAU0h
xSGIRpLV7eP8ynqYV1KjPlIyROK49MyuiaeVOrm7HXHTwLdUqDHjm6YHQr1h1CQx
bB0Sv+fbbjXlEzLLxXBzte9cooEpQ4vqqAHxbRtEY62YFfaJZPJWXOx6sETp75O4
A/ovIWns59cFRGQj4SniJzwp2KOdDdae1nqEHmgS2Zbz3QYZ8kXVV+tLXoz68x5j
DIohHONELei+0kP1xVnPUS18MVSt5sDxAjfUtqxySM6huivpu/eTgmLLhnOvvFhA
papU7QPoLBdz2rs9FQcVTyn8dCsDeY+jg7o4aNGulCWBYycAF38yYBcEraWy9d9e
2TqEcrAxE5tRuSJCSWN2KeC0J51SeCIkp7uGuiCzmd3xPeJUBfFd2uFb9+m8pMjv
G5IPtRPqJLOdZl5wgrxJXHNbX44P8xjLwkps+T8L+WVI1HtC1fX0fChsm2zZs89Y
7u4QVJ+vVIsnsEb57S+u0mQmHhWBNPSab0uHbYaYDzIggE9kxety4bA1iTxyz2be
OJ+PSRNzu7aIyAD/RK+QW6//8LfOUgzoi+aDrnCRxoLwur/duzRdTZZe/8xKnyVu
DOlnRMHDAz3XWWzYAZ8LywZJZwDI9sLBLcJONteNuzJdvso7rlfpssNJQV5lnr00
e5ooTS59V9xXAJgnFksts3tSEeNhsW0XoMXbeptiRboMY8uypz4t1FwrJWA1nrue
U+oP8FbwTHWKXR4Xq2F2mfwvFGM2WMcppu7AOOiPbcRrlKas/NKXwXaBJLBcXrPY
UJOEqWa6kEUH3N9S8tax5VwW93aERsrBXgnTVHw7OHHTcZc3wreHYHD8vheKMqzC
OSbrQkTVDr/B/33EjBDRRAl0dyMn8cOKalY4hXOS+eTpKXVE16ImwYc8ZOfHx5uD
s5/KuP3yLOZj8ShON/rhBHoMRdUl6/KUcyq9v0V+JHd8JpJYVUVGIdnlHPE5ysYM
OzemBYRTtawmT7EkjarUIEU8f2JycPTQHfNwPbFnlvcQx9UdYH1yPb4EU7vihHee
DZujjkBvLkhx+MsaOuI6xT5ERC3wC10TDMXE4iw8CnMbQd31a4amvcfoipIBklZH
f0m/L1vWcl2BRAhtUqFZo2O2lr9zcPlgQz//kG49BtbGAxUicQHLJgsHPqFMOlJX
oO2eXpDILP6RhhagTVH9CQss2dltf1uhzbsIkltTdJijhL9Oi+/IcLgprw3Z0J3D
xyIoDte0r2yExvCg4QhZBhD6fgTgDyUAxhu+nTXDl5rT8p31o0tgevsVJ+ZNX+4X
pgdLgPttdB8CmF3HLH00wdiFA1b7zlDUuiEALDYRBwdhapVX3RaMWG4h19PkG/qG
0B+b6V+XnJZ6ZaRlpGmpApKZy4+IgBXmk8heFT9uL20bn47XtQuSELDIg0O7ShO6
rdI9p4xixXiARTbPQG1ZqL0LgR19O5qCaGAJy0/VB3RpJyhmzsZeb8Od3hnufZXY
45wyuQI50qob2wA7ZrE3ZdXm+PmRkjVP2/dNxTCI6nS4du7D30ag0c4Hx0tatuoo
N4kckg3MCyTGMZTOD6r+evGv17tIfpqXz8akQnbiIecmMqeGO9dpDfRRB5QYjp3o
hMIvx+HLvwzWo3ErUlNEjwD/s5Vy9xz4gmseuJ02jHbNXN3w03NTWiZEpDf++HB3
WIha+fzdCaH6EXBNnWPbSXHbc2PAGN4uVZhJy9r4T/p2UfHIvVFVhv3Tc0UTAEeX
LArOjYACZqqZLCX4Cv7SFTGOvFZhEQHJtWl9/GirF7AsBbhJLwfWBSZfX7xnV/aZ
5CLQ2IsNkeXRE84hpPH8ef24OOwyKiVzkYL5sxDC9f4wFBMMhB1q42WyQemj+8eE
GI0q+0QkFobOhR+Rn6uhbOSnGIxQeHirGbvO/2NIdGdX+78CwKCGo3D7wxuAwRSk
tfqrcjyMxwC941dyGieh/wWGEiF9AQuJI26F6n0v2Y1SjAAUbpqqComYrFxymOVw
EcFU7phwlEb8hnP5csSh6ZbggecLRt+Nt5evgi/VEF65/AVjUx4sGXJyCXU1IbKt
6/fgSFp5fclHth5/3RtjnwrKdVMJiN+VKeU2cV2MjlRNmYaCb+hVFfhdNn/vkWmW
3iV5bJuHqi5pZ8xhmPvre93iaxCZNW8lons4YYczijeeIeJIx0DgC5AKxPAZthmN
QaAvcfEgoS+UGMopB+WL29gSGVBRzQASUpYVdQgGAStxv8sYJP4s5+LT4vqJZzT+
DZWaAAKVwN8dmvKXLgwEJagmu8PGPAq5HVsspWRanOMAY9gM1TbXHKSpGPSTVPkx
gWva6XvrOnvuLHSUCRkoeQQFrIwfhmLVSyoUInHK/sZGkfYcD3JTEQHSpXzx3ZBX
51Fa9BAWnvPZE8WKNbf1Fc3EVntImDjTRHVYenaIn8jBJ/TcB+rWPmg9thgszi+E
7EPStvJ4DMolVRO7uTqyvLLDphEG1Y3cDToM8IFov5WITM/nCShYxn5ON0dutN4/
YpE3owDhwQRnjL+i6ML0UPqN2/McTyRIBnt26RqE8Z3xuDIG57n+xiVpjCwrFvhl
urOkjMHyyIJMGmNAU6n2guGHuc/FN7BbYgv6SWbx4kmfOoIuGyDDuNNIN5oKcb+1
fcgiPZy5F8Lmcib3UDhNhL2lkDJh3r51k2yXWz99XlmLQvbzIAQ1nc6NbEsxmnWS
IntL8Xeeu6HgLjVuhADBf1jw6z2cPnbz67E4IwhIEI/Ql3sg9apK1yEf1nrVS0K7
dDF2gvA+RkFIMUdA3oIfaj9sXXZ3qdpadS16RUFIoyyb2OwE/kBGKoZ/Roc0v2dX
nbDvKTK5O3XqeZheoqHewu0RlJ12mc/ZKs/BTPNy+XSXZTs1gE3zwedLi+B9HFTJ
HRK6ClJZc6h7oMQr5twE4KHAHj7ZmdXDMYGQ36qkCS3kHCLHF1xoQqmXVXyP3Q9F
4TbRBBxsXPFJJDkpcMwxrslRXcbfxGjRj6SZZ0WgXH4PjkCVU9lwQMMWIcK+HPAF
f3IRh7tynwtVENbOSDKaix3NLJyS/dLXLpuiS1dNdwf27SFqGW9AbxFRfglkSX7e
qT7FJD6YkzdozV4BnjWfdqALOxRkH7hHGFWPnSouMHeBMOWsfC8dd2vq6Lu87Lni
TKePM7C7V/c5sFNIbnbH1zbDZMqZQpiuCphTGiQOxecfYw6rDks1Ii6vgTrn95nd
NJg9LytfYlCsHqBDgjGszJzPvixpsRCMpv/r9wD0RC1y/hv2IMCtmUAj5E2HboMY
YXpfz72zGSQjdF6tjwnmbz321hi+WDOovzetdD8A3knJRcFgKUZaVMLNPHS8QbWD
Fhbb1zz6kbbfcF1YKepguFLccGA1WoAwvsk0m84zI7eI5JUcnEVRJALBxiCpXk9D
QfbaIkuO42VbkCW3z+3fp9lr9Iymf535XW4YIyOZr7WPCsvID5LlfD9vpW1t55c+
NAtekF4F5LWZls83azSJr4h6SzdZDnAYS+9uyf78lI8YKyB8v5ITvxfDH26NtYBa
F7kAVF/vM+KqSg64mcVOngnIBQW0NBwntUks7d6GOlhOFKsN0VHLOZkT9Toe7+pm
x5g5c7oZw46CEJQidNbtzkrln7zswG217+rtGKxa7tF+pC3tZTPiITxqjXal17Nj
XchYvKLT6Vk26h/n8XIkZEM9jwtRJZ+RWjg50DRjqimVBZQSEf3/Z6MGaG9d39HH
iOAhubIMObODPoMijNayG4AhZpSdI+/D426Ke/PcVmdLHtZH07ekw/tKX1YL+vC/
c/1d6E6fUrVdxAGTcm2Fd1FFunbKMV3ULxJTxxWefQh1a/DjGjBKJXL4SSNaSvQx
C7sYiJm9hhKnd3m5TrcAptJY240a3HM1NnpuQ9ftaLlDjvlDilIu2D/teanpgyRP
u8lbVVtO9xtIOiizWOPKxCPDLZ3/tFCCMfnZDzSDePrDQpm69kv4zlhBvusYH4kI
h2C+uZKgSfIyNUN8Wc6lT54rYQwyWiXdO3y1wwskDnxc2a4mC6O970ZVk/YrxDNz
0yBjNBZcYTkbl6lm2F3uEuodQW6XOp1BQFY8VE8d3HK9/KIi1SbmQivHVIfgGjDB
+i6hjBbIBU5Cz4K2eBdsUdDGrHhXcbhvtZcCsmIdoG03TiD7lEGv7GYnSasF7Ipw
IDG2r9t24sUDCkVEX2O+81OKX7LshDvVGFe3TpX6aWARhMyHYpJsTwKaNy+FhUv8
PEvbJtY/dZzejzXwzy+9lvu3m1q+TgbcfRuP4PyDGQ65/fGjGens3Y5jr69cyETd
hBpPyGpmMtaAhQa2yO+2xEWOL0xuj8uvGOWJ0Eu2HuckfsplFmIYz3Ly+zewO8RR
CHrJ8A1jcswwuVe+aSAPaxZbLH4gncxfqlzq/ocLxbjrVvkor65tQF+3Cd7G28jg
yGKpxD0VfKGa5CxFIC1Mb9VA5XqbCJZrvDqh9kXdJtj2WQxY9qM4tpzEAa2ZzjDR
xrVr4cH+pCYSMq2fBSxLVFaGni0vPpEucL06KeWvjFJhQlsRM6dT9NvMqZRzdeJL
wQVvnD/ZvyAxecojWJLARH7WtcbRHUWD3Axb243BKrmPZebHklnRvPHmWXENyYOa
PKy/9N2TfHzHaFc/zUqqVIaKRereUP0Yf5XaG6EuY94or5b2nvZmgfvD/PfpefgW
yAaq9a//7HbzZEvUSGqay5O1BFZiW4NsJ0pzFXtk3vvL+Y7vXnIebNZbZ6OyHLNV
2iTGUTn7x9+YjQLUHSLbCM/oC6qBD76EOtSh+SvMmaCoPx0W8Ws8EBsf6y6mgOGk
gI1bL7GyX4XtOE3Nl1pASc8Cj+r2gBrvy61FRWH/WwOOhhFcbjEj/wO7w3MizzR3
7HzUyT0gDxoZ4ggolRsE6S2CWZoo6Lh+SrLtaSYEb66v8k5eK+DCzD+C+rL4ZPDx
S7C+nXlZXSljRu7w+1oMYFK866V5f54DYTvAVbX/WMcYl8iF5T3+9G2kymoiuaol
3uBRYzTbQLHzbS8CbFadzOPiqDGjEkD0CpXk7ixm1xr2lPmXM/T8eREaUDpcKclM
HgQw0tHNlRvxEftcZYviQnf84hHUQ0izPPvtM14hilW1jxpku+tqq076h/VUX54U
CuOM3Q4iBqK9LAF0sIDtpC2NGZBLvKzqrCYyT0eaWjPy+SrsosauWmEYF0GmmJI5
rH2pTQf6PtIQvzP7zstqP/HCvUav/FC5z+HIqGiNw8XACEu52PTdeUKJeK6Bbe5u
SvPWYmcYp6DvdC5yEixL6WMrPqWpzbCc/hf3Pz1BY3QIRORjISr+JEuUh+RXpdrQ
95Sdf+aunjCOtr7osNBLjvSI6H+4C4rMarL7YCgGustCt6nUbZN5SoLVhAEtpNNR
uefNykxJuo41NB7tWslFMOg4AwSZc9rrFfXEYmR+CrgqVGrJjhqmmC+lsKJBFB+4
2CCnjIJlScn0oAT++1JVFrRgmnAUymjDQkSzNIcAKqL1ZQ40ffm6cmgPAAfoU8gi
RhOkt1+YOGIdBEye/r7rZjhAGdGi2MBdSWBD6JKKnswdLXNe7Q6rQ4IGUENkWE8u
hLzM1/Pv6DLfqqMsK2tj8f3gLmd5bJXyHlay0fXtkYUqNa8tErcLDetDgK24IF9w
mAdQrAq6LLKQvJiQsdknD1UZAZ7IBat5HfW6YP0NIIVrxKMJNKk1prgEGjD1hmBd
Ypsiy2fyrX3f6INPfglv7YLf4oHY4UfPUfIdZsT72sY2BLzsreCQzudPg4spM4A+
ftDgYP/0YCnlje8wDOBDDZOdZpD+alKURwv6gSd3MbQG1uSjUZcTGfuy8WWrFTVw
cscf1U2rp/BZ1GNtBHQaJYf5yPuyUDcixQnBeLfsLS+TlJAglxa8GA+ep17Om5L8
3peLclusUSh7QN0hLv2K0CkJPVdJcOv/Sbtjl7/IoU9g/bIOtVyHDu3UiU2ezjJe
NSAHH0TbA5k13QjyCVh0litrfhmWQdtKJdCDFV8dbsXYgSJKW01CVrf2O5SAQDP7
PS5F0rpLcUbf+jKYiwqNFVeHPhXogLoX/5nrz7pxiYdCIKb9QQAcV5Bcn5KWdIhu
z2Su96yh/OVyQyx0Y0CL0mRPnfBAwcgpzm3AngLRGM4RoAxX6FHpDq5wyxnSzT5u
sUz9incPcg+c9NP1kXVBZDr6gPRQYnp8JtZiuj7vrNxa/nf0a8b5ElNLpABDwQfl
NqEDoZsD8wK/tvkbN9NfmB0MlEUvIFC7X10K+gCa2kRh+xAEWvgNxSD+k5LBS6TU
Zgj8k4xeCHTjMc45ZnriefExJVjM7Y01hClMoqimXJf2nkCH/SvuaTQO3atl3/3U
Fj4vp7JEjTG/DEjc7iS9J50bWnKj8WXMIn4B1stwaV00mFwzVrj+5Z/4uO07Whtx
GhSP+0YpeweTzkXvoL/5ygXc5Rly5hsIpto6bHOe+WM58npFIDH+6Dq1yucXMWr2
ykuURyjlallPeIATP14iXpdtoyrgtoHIjhnZ1rJLyDKhwQVR4th+smE7RlM158vq
slf2wJuDiOJOsko+MIAnKax5lZZQrF500KlTGeugsLIvpEbJqJjbgPPYa1JeQlOn
Vzp/5oB+d1Twiy2gETbuLb0E4qAv4sgRMG/Pvdd+zew3Y0nCjWM7QZvfVIfoALNo
7bUZ+1dqMrKxOZf1zJbhzLeG/TNYbsX+qRrho3imR/uu0ni/77MUICLq68e+t3Ll
Pgd60UR0gq/u06WsjZKC/ytnEhYjGHReeqYYL8judjVPBdzXi1mKM7yn7nbTWVXw
TkuwJTcScKdMp+SCpzg9Av1BqhIjMSjLs5mZl39TWmS/ElEb8CEgHIrWLxkoFBA9
lUfYIlxCP72YhwPZkj8HcHZYRozHEGIufLt4tPbMZp5hcoL3hyBPme/dACAC0Xkm
uNKYpZr4yJbttw6zD5GmwSw30CkhN9FD7scldaZi3eY3keVb0znFWerCcQztFDO7
NKUH4o+VuT34yJpCLzvJUwtQfATjO9IhBEWYuW/G/JYo2BH+kBsGJp1IAE5BncnV
1evPtXykPrdgtZLJO83wuQDvLbPAS5kCtQ1NSFjpqs+cj2bcY9qldxz8s7RgkJUA
dYu8x8H/AmVc9VuU1I4ct65/HitPDv1WhWVsrLn1SQUlE+GMdl/VTC5wI320qaqc
kyWWIksyeyT+RuoUEQ7T/6F66hKhN4Igirf3zKkK2Z5EBo8y3651aomrw6VHqXiv
nkg3m+TrHFBEhJOShkiXn7t2A+SFYKhTf0dThXGuly5yWFIpsdMtJxoaHnENCNXz
ICqS6/djPtRGfc3CeYFEoQAx55sU/g0DxkURMO3/pcaIpakD0ZByWOj/QEMMTsIG
ePUH696Myd6MRZ4SW7sTaT+J/0TrI3Djd93iOxNAe0KcpJCWUyvX4wqdvG19p0Ch
XXZv7WMnVHao7OZZh896coPn5UqN6YbhXCFRlAcEZkqg9+eKpkYeiIdgUR7s6iIs
WSNkSPxidygCEO7iFnEwRaQ2kohRWEAhnIbX4mTqZIf5J3rN4lgHhdd5UTkB1mml
wMAQSiXlTeQ6ycDdlpAsnW2epq0OBuVcfy+pSVhQJpoWWHCjbNhYAV8Sz0et5JPr
vp4BF7ZyfFoQhZOtq63NZ/HMSw1oZDl1Ky4FkRf6NW3EiCkebCCFnSJHUvPC+BgZ
dFPpVRRAmBuTeU3Yh4jPOQVl0ZBjt4afEhF87GJLXErIHo7131INeHfKha61QQpi
bV+qsysuTFDvKcnxctQ17SvJCw+ssrblN36MJFVsTC+18LnSLo5fHbq/xtlhvUi4
Eiymbbw+agTRLIh+aQelCuzGoe1+PlYZ6tCwddC7YEOZalvXEgxaNkJSidwXrfio
B1AMnof/5WF01J7zOofj1xtcNN2w2R9t0fjv7eMHRaKtOXm+YaSLka6TTzwzfugC
LsDSNtYl6i+2UFzZ0aVLDfLs64XdHlmW2VUNuCXRMZ7xBxQzyJsi4uSzoqA5netj
W429lj9wqjw8QrVeT1kpjU5TbSIqQebc2XOtbPkec0TJa2EACp2JS7Mv2HU+ofcK
MoQuh0k9g3nbuN6kDegyw2iL6xdnosqsssaOrcAKR7FPkE8LUqVQ+chEESsPwrrw
kAGjKjY9fP1/soEBwM4Vd0qyUAt7FGsWIDqtMMMBwqZsucRX1PiI4cC3Khh30OcD
6TWMLS9/cKo204ur0uOj1ulzKfNP3xzZVX1epE5pGVIfAPrlAYa9YbURySnAahOt
E432zMc1Kvbnv6DOljwYb3nQo3nXgYY2RufYBqBuejuUyhrwd7V4Xu0oFXX6/40M
ELSo0yY+lWBaeOhsCE0IGAfePrieVTU6P/TMQJdRdyHcCVtn4FnJqUICyE0XR69u
B8Af/SEXazDPER7dbcgitpEIfjjZ4PhF6IU0q/sMZFbR+HZ7J6/KhCTCSpE+a3LP
jhLllqfnYvOg77fnI91n1ySlks7SUF7DKbzA9Mg5A08uKIEApt+ipqaEVDh1pKy9
TcvFN0qful5G9P43tv0aRxZtoU4eZb0e4VklkG2rp9U7SP0nNOEi/Mt4a4GS0Dw8
BE/6ORzGbp+YSDgl3u06cGybm6QXjW21ou1+7jkWXjFNc/2KL8RGvXX6Gj7QwIuV
1NYjVLL8ePSqrzAzk+TQI2g+QID8GM6zYQw4RVF7gxFtXPRAqlY1/RpFqBBRuftt
67wNwVJQweRz2hnLK3cpmDIEg19sKSdHQccHw6gfQhW07MeAsIkQCk1hBaxeIyGv
+hdw030IS2hxo2OL8lMsW+Y7aC/a8eyjhssE1T23guP2+gnu6gs1KN9mYD9xgamH
IqIwqOG5MkQcR9nQ+WRuzRYLPJMT/3rvy2NRx3szGzkMrorfPQOlrc75exkVi2bo
ZIWMyWV/3a/yOojOIwjf6K+XIFIxNQ1ltpO2hutj5LZ+erK1tkL7JgUF0V2QrLjl
6o6bC1o4jvs5vKg32wGjGAhtTo1880yTXBNoJHIAxhjSpDq3875Dk/tqWFpqBilZ
CW3hmy4oYHAIQIpGbeE/DSJanVfdOQDmryvFcye2B/RlgQzwJta22iOHhym/Mpk4
2YyEcwTwhY4zf9C6lwkXC3UfZtm2K0iQl6T/VvPoYTDkmhzYQ4PTHgzW2TDHc4FS
c4zdcy/PIPIzybjDmJ1tlYPpkCDlcTnoOp9DqcPjLiqNoB6bq/uu8KkjO2GBWCf2
p9nkDbJQhxNiQ6e0RDdqK3SsdFxTDIwJlDbNLC2gb5AzFCqSsdfXoLaRyz9pt5bG
3xtMAQ9PuESvnr+bdP9Ox8ZD3L2BMMb/WudMdpa8u9P2NYJk2Z/2qaYEGnDw8voO
oWS6ChQwsBP22HWwfqtlsN9lb74fTSv7wy/RJi+ryN2f0r5jPGyr3KNbZpCWS/Fv
Au1Ve9jcFzIJ699Z8zIvyyA2hQrUe43EPS6FFhl5jP7UCCYm2pnpD3xXHnrK8JJ8
7LlNlwQhUsYhK1Bcty2Hfh3CE6uiQ32XpSmdumwx/wP2CJlJuM4x5PsH9W2VC4C0
U2sJ471B+AhyzBLFBA1WKVsRBMPhY80cm1whz3P8YegXsXm4I2g/dCQa+tQpYB5s
x69gV3EZUTnRnsbWl2CaLthQNFy69zC0ZPuA1hRQQsAtpbkb52OgM32naKdgaWJI
Bsgv0JfjzfRhP/3qcfMKi7EQLDjS6b8cDXM5+6OlgUaQOk1VVWkusP6Yc2VwydtW
4JGnj4rjuV4NQ9It6fU0mt65RKMbchPxznf8Iu+5b2s+0h8A7jK7/qkiHrCUbRCJ
95XqKY7AIsq7/ExYLIGwg8ts9Msq0Hir8XuYIFSa82cq4RJWXVGbzwzlz6et7p3I
Z8CS76oh1KlPhbEgcxzskLJl0SnBmn32IXdoSfDJ6RcCP6MRd4836Obrh/Gh/C7g
zLDRDFydoD7ctEET00n8tlpEZhLhR299gNMUJh76cuguGI+OHiJOEwaSXwfkbWyt
YBpIUdxVa5wZQE5442OgdPby4ca+sGU+CxUJWFOUzRdy8qsP5oN2j8hTWU4PGgD+
rCpjGxArkv4wBnCb6p/lRaS6BD4nE3kiu3tJTmfbD3bxGPMWKAsPLAHrfNwozkMe
TthNLO3SXjoh/LZv98BqkIXIig0u3F1KYRciGJtzXSqrP6LyVw0USeIGDSJdRjDp
3UQw9tMJBTbKuREqoxvsipk9ER0I92cG6XdJN1zH2iuIkymjAOPJu9aEraVoL73y
8CBwgclzIvaaj6a2SYshKFcPa3PuEkM5DievCiASWoYvZxpwxDXrbnySwMbcun32
47TEGkLkyN4Fn0d7U3YJI3cbxyNkSJqo5q+u34ZZn/nq88QXP+dVnUjPHSHTKEaD
tjHB2ov1RPN6sVab4ryPurqe23I1CHJv6RS0h64jkWwpA525P04Zl5z3MlOLmCkp
dPNr5wkZp6nOsssCUk5cVlkBQvxlNstJ4p2/rt68WSrP/kJNJ2oi8Dt0IV5wbEJk
Tk2A8enZ1ZFh4Syj/JkU3Rr/TZs7T8HOod5h6dMEMQLMFciT+QFnNzYQnUJ5Cj4t
57yU2pODHyEvG5rf7BpISGxamg4H59CTJoWNjmUt4oBVLJiZcKzx8+tlminYw+13
o8H7DRuKVC3akYMdLA6B9PpkwHXZAAFUAPA3GOMN6d0dSepgnO1P1NlAk1sHn8WQ
26Us9EEmZn//JuitO+d1a3BJ/nZ3i4/OgMmAu0DtMIB9y/iqdPkKlM7VDlF3AN+a
gIeRm8DjSNhyrv+ywXRdU1K8V95y/wfFZOgFgKXocgDWU4IKPqKMPfUY6fXk4E/d
kXgcE5wzMu23AH70J2MHiaD8OoY9Ss4b/xoFy+9kpNfclOtkg89NlgFT7ibFy8hc
wQ6OKkL3OS5+OjLvVLCGpb3cq64D520gSZftdTc9TaxQIDxOAZoK25Zoz0RqOJzE
aro9JsSJNCrgesyb8T53Iyb4dbWt+sZ9iSDoUPWJglzDf1Ws5jvIbyskpWxNhNyn
/CrCYf4nUbJTZR7ZRZ+OJBpiVe+bq8+OHTrdgqZIjoceagBkEM5tkfQ6SERRk+Ec
Gpe74R3LrdNk5Ihs8Lg6SQe9McyVhIU29ZljztfgoQXDcqmXnM7Lukpr5vB3wWqq
KnwYZMtAkXRzounoZZatU8jVUxo0BBCizQqQsoOENfzsN8f95HuSb2ziTU5pRiuz
WprJ1qcDKoXzjGa14D1sEKMA7Q1SHVlo3FHJ0ZQU9CrYeB+p8O7Hk4fgRrjxxNLv
zRwTLkXe98p2e6MUKLElGC8i0kwGfekRHAaQQv1trCMPg6r6vU6vC3sCV9VPfnzc
ouqxtj6Uprt/jr5grGiv/SJ0v61JWvsvmUShBDYV+FmASoB9WsWoLvYZVYU0q6TY
X1E0/SmDa0tnJ7ZTftwyw4w7m9WufQpwzKzADHCUeBcY3SnKKTOoNIp11cG/83x2
dA9/RnoouJmK9UA5V5nUpBRwmqzd/Zif0OwvtwSdzfgiTNz8L38QxjHcYyOb0F12
8/eGQvU79SGM5Nl4pfbQz52pCccN38wGDZ5w4hmVhQA7KNNCYjrHRfakrdzcjfm+
f8DQAgJQW3L1OLKr3abrAfx0Vgp5+1EP63+Tq9/iRKxqXVzTT67lLxeSk2e4fRG+
Jjz04Oara/DvIcVw4PAI7r5TA8x9furGfbme88VN00l3zeKwmC3DV9bRaXP8InL4
5IJbGUNBGscMZCq3eKSX9geIDZhR2fQ8quNxbB+ZJc6Q+kyoip1N1OUbgbQAWMyt
Oeoo3VVk5xR9wReTZQtFbkJ5r65RDlfqNcouB9ah8QtgCgKQf1tY+aJbkljEHx3n
+gaPglrvrfEbZ9VHZz27TagMblMgX2v78C4DvGaWxHXUSHENKp4iFigemEPUCm29
ie2KEuT4E1TvpM437LEiy1hFgHEXse4airp477WTGLflaMg1QkS12xjlumIlpqZq
u/Xn9VkbCkHdd9K4l5II5Z/+HLkC/EnInZq1kTWPiUi9CTz5zDX3d3J/Jo922xqj
MXYdpS2yNBRnKS86+6y7G4mbj3y9RxvjslOTDOC1m/bUG9DMVpxgoWIyBVTMeCnI
GIE2Kuxmms6Tfv+rbibaBHriitWI3TcsMrWrjv8xntBo/5JLEPMRNUSKlq4OqDfD
ZL1kxulq7Zv1iKlLUi6dhgm0BI/i1CwWVCs7oHIh4UbUC22SJeTFc4X4ELdbfVfp
Xt1kO1ASKH7VEW3IlyXrFpFWXVheaAx646FeHlZeYMBz5fMirqj6OC3cK6TzpaOF
m9PiN2YsflI5hklcBih97nTEa8JSLaA0F+j+RrEUxVG6n87lh0nMz13gB7mCq7vC
akz466zz7fUKLOoIHfaBhZjAUxc3gR2Z/opoMj2yw1CYnkZJJaORBrqgpauld03+
iuYlgZDyArN5lOgAUQksmzrAh58L4Ka59Zxx54HtILRwre01eESZFwDYfpG7b9b0
ZZ3femT+vbeSGyCqVjTfRStcZl3CjkedFw0gIqEyChwJensoCHmZSfasGD7g3+qx
1G0Z3XHiyzMYAM+sucP55xYER3Fsh/qwLTCfsHN561J2/ipYooCYAVb+cyx9SOTk
GatoyNvtkRTPhmaKgxiU38TRdRjnSKIdRAKGI9l1qrbMQaFcnxXv9TcuRNFPjydO
VapxiOMSDgUfreeU5GAWlTRSfBrBfENpvQodg6xsyrquba8cRc/ac22r3bmIMCk2
AZicb3WYQJkKn9dYERbzL/Xllp6YZgnO9J++DuIDDObU+bDZZgENIJNxgJjCM2z/
JVAxkWQf2yktaP5047y8gFDwKLYCQonjxLydw9UFd7mcnsuZ1/XvxcXhd1KDz+ro
Uw7c7xSnXFRqxyDUzsInoVo8h6ypz85WQ+hQg0lcBsRxd6dVXLMf7gIKc92+MvDH
hAV/63W8OHGTIYRuZR2Da9OHlBx2fz59zof1XoRXHRJ9IzVPVpxEMIIVUumtkfuu
hCR2AcJb0KKz8PC27KtTOG1sXaWTgIqE498hgQoKXwcx6HsszwS4MhDulgmo38dZ
O+EOzh9bQfP+1g0DQr627DWJ4oqQ2mo8lAgHbIir5oWtf+wQOQM3n+K05D5dAzlO
7g2LcNH57SQ40/Rno8tuVnoJ3hNNQ8nhJFoS9RaFcWiefUZIx3JdUFz7IH3XrGMa
/i41vnMF9VrlvCdxuHBfwk2fM0vpDVSW5xBxt0uWTRypSMc1ZcWzcWOngiXNSxhQ
jbXBYE2cjivHO16F/IKaqWkKUe6c4+v76+GPw/NHrRkE4FeULRR8BU9L4th6Knel
9FTZfBHOrQcYjvMeEE1mLT+ZFiBDkqzGKJ2ZuAuhyfvru6LvRz73rbsEtfVzKxd2
LcUxpwsMNKe3dcODablsrdBJHlebbVWGbTJBaXSARiw4DKp/CQmuuLD6PNpo5UUF
lA2+HT6xRPVtoQumW1RCo1Z9m+D4qY1l86vL4eKfdmuKOuwe+8WaPTX3E+39x+Uk
mKuq5ZSkCkbhVc931si3/ckldGwkRnyLZIbsB8P8SyfZue8oAzfSXihBsdFqKNri
W0dKpyOeSgaCs3cXAKdYl9enFORpfUO1QO62NJAT2Qc7EiU+To1aeqnDbFQHOzvy
qTeypHtrf8d7KkAAypp4dITAtv22Jyuip4TY1ENJWiuIRlz6JKPDv0jrf/qIpPg8
rHHwTqKf7OVHtdnffpEeADLTIO8hpyOVvdVy/+du2DUEFU0zhsG/uZKri7933crr
IthbDIr19ecrHbJ08fY2PNaM2Y61C4wfQRtdLCe/pS5gh1wo3ckKJPVEfw7zL8IW
STYm2HT4SSylPWQGgOgoKj9/8gBO5BQMsMaaKa54v/jgb/tLQgDfp7n3vCHdHUQp
GjYVZRx3V5haUoZvuJTrBmxeZl+bB1N6KB3qO5BbfC/da5vg/PZTSychuyDOM/vE
2MOImBrdurCdo+Ye6uvdsldXjGlCMJ2um2kasHh5E80FNMUwVrDs21uDbcJw4y9G
o5s3qE+GlmXT3vdqLXYT/jq2w0CQ1g/IRsFqWKp10NDEjaHwtQw1ak5HK9VABAiB
3h7DCkEFiRpbBz5jzNLY7cFmXdqNtTPEp8D1KVQLHUIn8rNj5GJ+5efZuagbbGxf
RTfzp6SI1xYOe9icVVaZjZ4DdYM+ygpQetebM+29vRaBgqJxRS32XXpv4Hr+/UE1
eniRiYC5i6MjeqDqSzR2DkbxnuADZOi0sYRLqs+Uk5MfGCNU3D9yzu0GBqtkVFhB
qIt0VrUTo5w44Iz9PRdvv0NHp8B4vI8Uvj5zhfcAkw4CaytGsJkwJ5lyc+fv8be/
KhyreuL2LXKAodiw0erJvnTTtL8tpDH/feMsnGzEHn/C9hJNxrtqeGYiLBCvpRsS
uShlnHWPLgsTBsF1ygv3OkXkSv8cbxx5yGeOq3/MlPefd/8wUfn5bSJYxJlwwUFM
RRVjbXOXsscQrX7I0hGUqWK/CkQ+m2/pvbhZv95fzv3wqjMrMW+BdH4sFqE5Smx4
QYN1sn+wEtJTC7HTydJ9z0nm5+PUQbrNpbYXc8exhywIbqiRucNHxKe3h2vQG/4D
QNhu2Q+wtsP+VEj8KWw8DsV3gLtwurvkesu+rXeaxTx4Ja2ijGoSDU0N5udq70IT
oowf4YWe4Z/DDli2fX+CK8t1UvyAd+qDyyVr7T0PL+GjXcXbNDMukJG+vb2DDs/i
/8PYCZ3Fg1OB5Pm/SJyRW5/cAFCbPut1jVDikpFQF7apRQdJfIk3ja8olYVp8zE5
xYMyWy2oJjbro7jlRB01YF0t+kqtb9+fn0RYCS9j4xAtWxktrBCMWRH+eQYHTxWi
wzAQORgvEhosSCsHLxkPkrxUu/uOWI3R4rlP4zBWr1EE8G3NAeKb2LoBe1YotONQ
EyttV8tYwaUTbuzdWvWG3k3JesfmZab2uveCvWgXmI/oMo1DDqYo6JRkywmXwQgZ
/bWmhRDD6ku7fhzp8uKHNKboBDnA7M1ZFu4b74v4HaoeydLYozJJXDXUYzhHJW8L
egNiTUIDwDfvnDK6kEcBGhZbs9gzDSLKwuSal8jrBFY/5/u1ckpHsQIBkeIPs4iz
qprKlah1noDRy3L/8hbLFuBGekgPfmkksZ+5+Mr0w9jWvByLs7aqX6g6wFsp0/KP
1M70WarvsDmyH7YTOcX1X+w/5Bd4BWUzZStGZR4NaAcGLeUbPLmYSdJ9YUG/ChKJ
cx67NJD04cfyKUXGRERug9mmh+4hoSlO0DT2T2LKx+YFd6RFkl3IC18GtB0Ntuya
DlCEYnhQ953kQHkGxoGr9wuEB2cFW4hasZ4svNthSrYa0bqIdL3SyMYjoSFFVy5d
1bplX7cw+r1UYAlqftcsD+JGQQds9Byvcae+AZ1Ox/urJJlbIj7DNBDAtY+eaSmP
WLHJRNgQo5BxlLksl3CheoNrtGdYOtS5Os9h/ceEwZhstqenhuWA6Aa1QMgxQnQ1
siVwwOR2MDg/BaHgzwcd/tnhqlAfP5gBPW7P6spxzs6Lqa/XUwjEMh6oBettuRiT
aiGQCvWDiYUZh7TYXEbFn442MDYoRqDgaDxtHPFgxoWcttDqref5KotAb6Ec8OwM
7CnGDCBsxfh5nQVyH2acMw+6CN6nfVvC/E9VI9Gs/I3CNOHZ0F+BV2MVpV5EOIaj
2XyVRy2c+c+jm4QfzRMzoa8vncflKVCFoLly8da8h9zX2xaO57jR0dWN6If76guz
Wg70U1TPbJhbQGNS3yK4TAAjWZMU+6Apc/YIlnZKgPqKe+2hwoPcrLkuHKvs26MZ
N5L3Ixob8IHC5L5OOYs4jOD+Uwib/8t+zdykbjvTX1tI9ozFPlecEE942tiS3xNI
9/IhflFfM/RaoTX9PY114ANL/Zg/Md24863tzK3k4o2XLwg1p007NJSepeM9H1B4
JN60R2A8Pe8fAWY6b0a0RE+h8shL1m7siyOmPfUvcAkaUujcNdUCZ0Oqivwjr2Wh
XHcBtFXRmOXEDfdv8FJRaY9JG9qk36Ixagzy3/hUpFk0DlPcVyHAJ5P81fZcMx2w
FP3JuftEV3P5ulE7Rxw6U/fsLakm9zxHSVqNi+laaZU66RuyfPQfY2//x/fhoRGr
WSJHURu3C74wjjfeKBxBLck2JI6Y4T8Eq6koNkUemYR4yXOANAsf/P9ziUcSHmWE
ikzsiItFeuw/WeDnSAREmQ18AaWslX1/okQCeROI7sThMB5JmVvx4gJgMyrFbCEa
b6YiKEmaZ4zL3++VlyGmz+x3/BzC+h6fu7SasSGjhEqR90u0bAFrS6l9QdWoBLkl
FPJiwzleSe+L7TekNjZxnppr7xXNsD51rsBZZ/gAFBN/yGX0VSEs47dpUOaAZcrm
5W9cU9SCKUzuIDS3/KSoJ+muOY5x5WpOpU29le6tzJE9D8kYaviLnsoizzcGSAS4
IJEcxj88AWFa/OvlIdYzVSDZoAXKD+QvhKjkrYw+RyY7IKOx+OpGhjHSb+NgCXEA
5KcW1e2/ohEf5oXxUxGjFNvc8un0HLyPVBl6PJmTLkII23tKhuMiOhX0GSwHVZpM
TJpIPeo3e170pLp8pCwX0H/8WMew9FvDya+nZAWlfNeOb30mydqJUGxEZyXo82YD
l2PR7H2Owy7dKJcq+2dW5UZdWp9wT134KTUCqY8P3QQ1u2usjVx9+a1C40sZbP7i
399PwAMbsMzHE1R7npuyqBCxd32HSBe3OgGSGg5U4u3gMiOl7Jd4D2/qLwszOL2k
trgJ6V/8xRGguXe4wjeG6lHGO4ltJ4994SlWjB0eF9kSW5zt1bV0Tu7rLQospw9L
U3g8281Tf4EeXcalKE+TCrTXgdEP9cpqgkucZH55oYpHa61OpLnQ9U9QKRtdEEzN
JAbfJVfz8SwOL1XSdQKsn9VOerR6gvOt1Sr5YHRpPVinByV3Gb1YlTfFn2mY5trK
Y64LIACxARNERo77U2wHQzUAVvvGmYxPbOYtAra/TrVX+p/ubjbqbqNKN31ZpeJP
EWroxbdVQtVUwEPe9Djfyldk9lQ19rjtTlGDAxheAURsSt5Oq/UnXehGu4X4Z91q
eEO4kuYSCGYEJ8IewuPYnsGB47/3YfSyB0btHm2yrW2FNONDLWTKdc51rsf1v+1T
yw8hn9O2HsBAthwG6wWZw681w7IhH237Um0pWCVQFSlTbthh9GjCXtWNvC1PFK9D
jesWl7FuZmBk34o1btvnNNhGnDwdbTjXZjFA2qkoWevx1BLFrMdl6jWFc9PRlTrw
NOGDlUakG4ni2k06tdqtDSOSl/s2VAeO50NARivB5T3aA7M2zSMgpzoQqvQ9tqRP
gfFvXI+zAfN+ms7J1ZKhLtvuHESzenvrllBoWxzkKpgNbjhX0iS6bEWKJP5FXl2x
PyAMTYUUuBQHt4Enk1w6d9HaWohDO+YkxxPJYhTkigdG4dIhh9tOSoGMdNp6yPsY
KXPIttL6XiSS15ddrBXFBO3D34EqIASaccSA2St3iRGBL+YLckI+N2njGQmQZpTO
nh91+MGD1jT5ywIprEuo0E4nSVsXHS5+rSWrNVzDXo+Z8GY93kdKKtPlcSiW8W0A
8LFftGJNRfJ2QPpHF27D97VmqlCHNmGG1H3XrHgdc9pqXw2bysxDpyKJMmBhLi43
DBCuOKTwtIzfHo4LPWDJYz4H8as8bEO4YSfaxTHIbmcWSquiWkRvqCi3VDP3ZpYG
h3RZdAOfWnolOk69dcQiM1m8xWyDD8aVX+FdfKTlGoQmD5vq+C4THwtq26lUeMyg
JhObqUEoUdemF8H88ao6qgU8ASQ/6WmQs9rE1fVeu6Nucn9UfZCchd42D/pElsh0
D+G92ll1h+pGomWyuh5+ipUbuzSzS3f69OIObjmIuQtR96LDKkhoLvmGk2gQmzcG
XClUkjgegyre/q+UiWKsjW78tc4ZduO8WEKegP/PqlHeZukDCFrkuEeySI0OwNiQ
6tFVF0Wdx2lN3+YX7DmhPizGE7HOcGH/UZoPaKRtk6sYXA5BPX1ftxWeSlgoGiVt
QGy4d4DWtkH4g/nu/0L6IXtzetHsaKKqd5Q6j8sts7wcOf+txHogatMB4cZstu9V
Zsc1XfJexV8EeATkqpO+GonQusbL5m1bPthjB6f9+c4Waz3VllyYc+rntsndnq2y
Qy9aNlj8/ZhVyZztYM61m4SiFyUatuNCEZiDVKpugrtwcw59HAsurJxWeSANoKt+
XPSAmE6UnEGOW6/sM+fJ/sH6CthnI2QeNAY20qZSua7JI8eYyXe4L28XSDFseEWf
C6DXpsaLamAgLkasPfIFDMI3D+tQlJivcQm4CoIfcFNJJakzHGraVlJ0zgUooVRH
zcudlXhQBlEnF/IiOS5/XD4Qpjl/3lOCU9B9NLZ8IhJkDHdARzerMs+V4rHNx9Ty
K9nCNXCICTaDftTy6kI2e7ZWKAxN6tgMod07Wc+kQ6oykHsmJgcv7NY1S6r7r6pK
/YlbzcL5JD3IS7pjkme9k6bRokjqZqhAqDzqKnmsjKEiIuu7sz50iKjT8OMCqoJ0
y4mul3YC8fVmrQDKZjcmXstlr916I4wR6Y7cF6PlL2draDaKwOdnQUlcK6AKbetM
Xd3TqACwHDwbvz/lP6qvUXEeo96Z12MW8EagHMAh+++3o5QwowszzhScSD4nYHmg
LT9MaEpTdKiCUpbIGUXpZBgOFmREqayNkWjm/3VHxXcVUCkg7svr39YZAuzNVV+O
SVZRvMnsDVWn1zQe0awA9CT/aU+2UTRLBEbRJaz0tIREm1Xf2Ub/MxFX14tJSEQk
LCZTHyCWS+00lk+ZQ2tCQgzGlI2bsINgpWrXLz6emJh2jpSTJrpMWLuppcwijZnh
9cLFAklDyVjXrSPhHCZjP2WOqInbieLqOz7vLDsmlYsYmbElDRoWnv2Ea9p3VuRK
FN+EFC5xw6GE2B/Lrt/WisfE9JFBJp/q9zhfNivRV/YhXrFojrbTcsoh2g4hUAQZ
SUxg/N2YQBeyvlRoHrb0Dt+MxAraH/kcrKZxvS+h3vBLrQldYyxLqr+eQHByw4D8
WIGVlA9qehhRrQLvk+RW6+IOnlrb5EtFEpVHZd5HZyrgp4D08p0fV3xSn7uh6bsc
z6x7tfn6Sj69G92lff64MUrlWaItfRat/eCZ/lRazBaA04c6W7K78mgy5fSWpr0I
hbnhjLoCiYl+VBfCtKQplVWoPZ96Kaaa9j0HODEyHqO21xBCaJBhmdpNGTkbo5fH
PtHfiixhDeiah5Rh86RWC9DOnhGUBblQA4uMCi0S8CauagkYvTZTv0bWSqRJTwr1
RGZj4A1PKSkWb8LCpk89RNZZKO3+7cPkQX6s2JRsh7fE3QlWNjPYRrvbWNUlu9hC
VLWV4UsWS1Lx+gJrzzm98s8dYp6dl27PKqcdcIP8SbJ84LKo8Ks5oYwdorwsLLB2
WAIeItpGMuBcOxqviR6sILE5LSIaKCL5jBvvkz5k9FBlhgyk7Ab7wB/PqukZdF6b
iNZ0R7WV3nyWvsfTShPL9JeZdXCF/x5KZ7EF0IiuL72ihhr5e1dvypP71wEZi9Cl
rqcv8aqw2+dgeW/nowHSre8RsRsxxv2kd7y388Gyd4VJgM2dQyXDu696KpXckMMq
PYijp6+MD9hun50biSoFIY0W6anznzTrdkQE1nTTHsx6v2kuTwf5Rf1j/zHx2sqf
RoCNUnhi/+guQ81k+hpoGV4fmMj6ekXAHs8E/+18i43xRlXnfR57wopV9JYSylr2
oZvpDIdVQYa6w5+5bPhegYLAMxc/Bhuaqxok5kG5b+G1AAus+y1hlow6WNMyD+oD
jmGxzD0dVPlWfNPn26UXkPilWrHWDhGmbZZBqCjYvh7BRS8rIgjm3A/eMFvNrNyf
nVx+cQwNEEi7YcivV6qxcqpf/Swayxso7F+DUO8pLUDZ7Nv8SgzGDjxBS/bohSQO
P/wukIi+4wuFNe+NPilSw7wz3NC+Llgf9LtgdfJJTUC3I7vl+Itk6m7bCvaPbXlx
PcwbrYusdlgZeDaBiPWBjlBr1p31l6CupWV3/ifEZ2PA9REQ0rxkZIrfpKskukIQ
YkV26FXp2MTkyEJTJT1jdNqpxXG6Jpo4v06BlZqONgWJh6GrnnDFgbUIoCvSAR9x
lfAIwm/zelj8DvVUSqena14lX8qijRnlFpiYj8IV43bvJbNmJNZrqmWdH5mpLFKl
CACUqqAd2vwyPD/Jjj47C2YZ57+z0rOnADCndDsfdGm4DAt4xF4zHT+hmyFf1gwg
d6gjgDiMKfPlSS0DwG6meoe+lPgBLPCfeKNm301gM65gse3TfWE6c8t7pSs8lX6c
Yfk2njd+Oxmr+xt7e/bPtOk9Jp1yjKE/VkkikXX05MQ7/5s+qWvjvR6RpcsOTSJ+
GaG8WGBy7B4SyBJaAERO3SJ2HhsXtgz6IoI+wGxvEo9sl1QxIhobWX4ZFwT9+G0G
RVbg1dMnVb3lKFt1TVAa57YtAGIOUOPwXH6lrsP5phyAehXsspyTWDm0iy0vMWI8
mxDFUAxiI7VKAnwMP3Yt3ByRRFW65v4CYRWmiPVy5RHnUA1URaJNaecz272W1j+h
3L8QBJDSpWn2Ml1d+/b8G40SOO6633NMAWPbZS6Hs0FLqTPWE+bXYGVya6GNsIF9
OVtHf13eUaEmdLUyj1ImaiVOq5BL6qguSk5YQPYxRFY5+r2lDnQ9eOtszfbJyk02
nc6ddYSV6vYb88QebeBbYMFAME8JmykGZMmEtHdEZl2I57Nhx8/IDs9A0GSn4Tk8
t06bkBY16MWo7UKTOIAFS7ZTzYQZzBhvmczOFgT+o3y7Bzde7KS1i5TuYZ7wI+xi
KPX94qzHG0Dcxw8jK7jQ1EOslKJ8av0WdPtB4NawkOSmcNDBQ5u3hGBK6ICxywFr
i+lne5nQ//StgOtZSoJj6ntjSN0GN0PXN/mKjNg8lFCi+7E0OlRTuPvl2L3yGI22
5+nIuIrkoDviL1U1VUeZ9cVrL6ts/N7Ymwgx+Taw+2xqNpiBpWWcFWkWYLTtYuiZ
Pmg7fRZIj+Cj+KjivOAC9cEnT2NpGdGbABQUfxN2N03vGceCUS7KZ0yMuOSajNF5
oVhYNwQQf9Ulw+nPkRbS/LdLktjAcXDIQge9ld8mVNshuo6mg9xUh48aKhw0OOzL
SquGHlfAs4mL8Yk2Afp0NP0b7blqQqJVpx4Lw6WnFlQX4IpoGFhxJiJA/A989LN6
UczeCVk7afmHb7fMzNquTHCnrn3UrSdwuvzgRnj4bP/7VG3JbPJPxG9c50iLygy1
TLZTzez1oE6/qg2938ASdDjFJmMfHM4jKy1/im/3ibL9xCMj0zO+HbC0Av9Hcftt
bh/O/cPXpyt/p30/zYdsNed7RnwFH7OwUptke8ntw3f8tPN2xA7XuZPlMx5mNmCp
mVR1FozRQtMLJYK7QlYe3ulrmfmCDkMM9HeHFnjnkv+Nh0rOr7lKCjcuFcNjLffs
AFo0KX4cJOi285uGa2owpZpFa8c6T2CfUrIhbTxmFlQKFNGOWNMiUqnlzAFXLp5q
q0nKOuAxROUfCRepxHMygZ8cz+7hsApzF8OR7zECyaGma5r11QMME5zjTWS53rwf
BaIaAfoACM31PIru7lgtFffyC0vNJbb3EGsifq4JfmGn6DXDci6CkxsZjog//+z+
Ics6N6KT0SBQ2OVgvMoeqP/r7AN6oQ3pQP9P+jto3w20v1K0wsfgpuBo1uDlwzFY
vRwd+5HBbPoOIu3Ui6vN33Gf2qFHe6vjI/KemrRBRSGXd/PJOojcKRbirV0D2XaN
qJyJU6E1Eh74wQZmW5S0CJWwcEugegvlzPQ8DziGLmitbwDZGLObKylY9gnInuTh
qb96aZOG2N66PvawQlGiUZphmBcc+ery7Uq2ui71ZraYW0nIQlew1dAlbLGXmfZA
hiTJpn5ugWEZCR4PCE00/EpuxYM8iZZ1GKU65A/CXxFCCPolvvoLj+tZ4JPhUWDD
yAzmDzLLlkeLc8xsGne93Zrh21ApL1IAgyo/4l/QAQA6YWLPr2SQa4yP308NHYt/
IEB70Lr1d78uXGZuoMc8dbnZweUyWRifnCjTGx4lCGzAOYB/zQmhxAakG5XTIh9I
nhnUJpNyzxx2/PS1IVnHe8rYj3Eq7rkcTpmUscDVEGM5DOSNcLvchScH8gy9vqcX
RMgN139aONf8KTOK5bm/uhrXsvJVCs1DXwqm2fz3NoqSG3GDkcQvIU4/WgljuOdv
zY2rQVw1O+qr+TNyU+/S6+JGpqId8rXbfqVmOOK48krjoqgzQoGWkwU7GzSG7cXy
LxJKaNHZizu1ArjdFwGvclhXphroHaBSiR3bdfcCDk8m+iWkfjeH2AxURsegSSGi
eHKE4gN8fmDzSzbPjA+h4zTtpaXhjFVajnLLy/RzAKO+XRkws4jsNe0cZV/nVXxm
LB9Pg+YPZw3YtOEppzSLi9M8GhuGgsZpRy0D6/hLm3bao1IQu/QsA6K42tJYcZ6P
gAyH0b1t2q+iKEZ7r8U5wp8T7PWnW1+b2txumlk/MUV+wCFE2EUDz4YCtilW3Zs0
e7celfVRK3+gySmuyQr5EImJkRG7d+Zm0WrnaTQILp8hPkknFBEPROrhkaw6Wv49
cjYtrERrY4VV3Tjv3aWnaTWGj64Yv4hz9sGKfflNqfdM4ZZa7z/qwozMpggpHtmi
WnmA5RFN6asqDL9ZGjHONrbWFzvZuaJbHg/Z1E4ibZU7IIra64hpoAnyU3yPwo6M
RKtVd7WaiZvGO8XWBNoT46V6ikzuuHetax03hNidrOSx7qaVg+qc5xiXnw7Nb6Cl
DCMbmvg9NfImWnAfUWCAfrMLNT3atHTKMobBvfbUwn83vrRwDtm91WX7Ir7OaVc1
rhVwCHO1cm1pyIa29wFbheVbJOq4IC4/LG7Er15V0xA7tHauWddNbzuBf6/kkh51
68Q2rL1T3TND3lmMEmugPxDn8ejgG2tU4IkP7VjxVe8zd9nNu7AChlOMp5Y70yUZ
C7uV6pr8VR2m2CxyDHD6LMwzhLvOKfij0l7GYZ5A3h2lQCrYCRPEy9mjLpORTnEb
f1x3SRM5mRIqSTT1xwf1lWu9gghoTtwmobAiDi5NTAd/YVn197XxnCHAV9EeBFV1
try66o0ykQq3OGa+i6Quao96k/SxJVsoTCmddjgCa0+aegOgxGeXaj0AsjFaRZ4T
6APDO5H0WiyT9bwf4y2iu0bI0ZiEUm38FWldQ30uRKd6L0+BkXa53Aaqzr8qskHv
v9O5sl13FpKroNzdQuYxj1VpdfVSovGTX6qmgfdnq9JoC3UZEzKTzl4kuO1FBCxe
aUFid/gtY5CrkXTxA6mUASYtaP0nHz8FTJPmaz4/KDZuFttsAtXWs+R4UciioL94
JJ6TZgkUar2vR2LNQPVS3rh/Y9Dy5Do2w0QBLHYbOVE5yQJa0cba4K0guWhWQfsE
ocA9G9Z8u9tAB/2OYAo76Hyk/dJRcR8hEUxF0pGj2/HhsgkOJOzI5jTkTJbOtjAl
IwnBwuyc3f2yQrdoDlW5kJWp5YD4qsd3PH1o3d0phJkhTQBdFw5gOC3fbTLZGmiz
a8nDjP37iLI6euZq5w8AeBcK6HHrMKCd3YY9zusAgcDamfNgYPl17qvGCC5vlCFh
PasPRIsQAej99wLGnsdjeLWqJEGClNc+56WhJNuYq0l4uwplnCg57GxHTb/h0xxU
6G8sJcCZdJQcl5jbjwzw+AEzWo50jgbSTJ5/veRMvAblpdVPN2bRNQveSUEOXNXR
b8Ud/zzjoyx3xMu41KbttfugpQaYgmmIVBxqKU1PMs/HtcNjUeLak7IgAsi3qIcw
Pnbv9EP0bstXTChr9cSkvp/gv2B91WcT379XcWnIbEl4NsF84AhIO/j8J16Un2In
KhDzsQSj4o57Djuiw+L+SV9Gtfxr+z0a/YWDp+g1N7K7mZMrjGZPDzY3RX5Pc0/g
JXFmgkdeJZOSvTTukQtWpsGOhFkFO18l/W1Dc3aReskj7RGuf1J7oDc08c1abZoj
ph+asV7uP7cYSP43mU/8DK5WEZDN0+/3eZlwDXNJKIe99R4G9S9nM6TTd+LPbJRK
L7d8E9yRaggE4mzKjJFbguyzA2sdELS5/HBtcqoKakxwDGKD6x/unouMo+Z2CAx/
b1856gn+AJ5za0aGsTVgXII/ckApi1eATbnXNDBAzylMqLSXFN0vfWK34s1baryu
oxokmF6NQMsNW8IqA7iZA+qGh7SOHEuHvY4tcUXzHpbnbm/eyXdp3ZysruGfXjTY
4LQMG8GgmQxuFwUk1oDOy8Hl4wKl7hgItaKl1MhV38Vfrk9BY4Yrfn7m0to6nCN5
KUsaolMh3f4v90eFnq0S1I4j4YMiN9qq2kM7M1/pVD5Ajf4Hn2w62WwpF/ktq3xH
4lr1hAKBtBMdZ7T+wpsMZE2IcU0xwG+ny1Mv1y+DvGP/8f6iSboNl80ie8fpi2Hn
W93jAEJl3wVE/bpkd5dynodlikRgheElIbHWzOq0LJh/m98chXxSys1ZGMCYDVyv
aZMgGyxmjZthQBawbv76kqZh7zkNi7H5MUi7R5n3TY3zWVfxrwHMozGlNPFI3L65
mJuMUCO6GfruZqxfjgHOlUZQkk7dv4IkKHzNfOT90ooYhpVvAKOU73gwRjy/yXXW
iwbKcYLMTWtIcGS9g5/axUT9ixQ4ueRhEBwhXqxPqZNOxgL+608TfHW9PmLNyUcJ
OTwb/1WpBe6VSwI/0ArRDzi93t8gH+0uAEKmyitvnqubK1KEX355NHP4PClt2nAw
OHaw8CHzFQmQrqWqevg9n1kHCTkmPnMbjZOsYfiWCcDTOP3FevIDeYJHQbcwjxwQ
dEe8F514FIY/ybMzu7mR297zNoWIfsvBvyCGx2XFJcBiKbeLO+QvA7Tr5t+Rvxp3
+2eq31UUtqenMNTf22eUhfQwKk/ZkjAWn7uZdLzdq7xoXts2/UU09geFiIGXHTyj
oSXcFvR2TgsjcvaBYHxFsOXmB9yGP/yIRPh/GUEGusLrePl3pHbZis8nxl+61lEB
GxtAsIgXK6t+bZx0fHtO47i+OG9XVtOCjVGk8Q8VrFCIMJs205Dk6uRweV1EAVca
5KdA9Hk7dJYHsPs2hLRZWkQvnyZTNF+w4qqUN+g+OI+ahlbfq4xCjVWSRDCHQaNt
8p3BRG5cRTcw4xXLZDRbfFcFaVRvXm1uIrRLKL+wlYlRXZAJUNtkPlYevk62z1tI
80HRxgehZjA1UpproQExEFmKB3mUK/5SDdVIG0s8v20FNZ20b2sO72EUKekRmda5
ghFgRvtlODvKy9vFCSFwli1+Yhswcfz2U/kbNilBzO2RzN3ncpMReV5S+1BNfkxW
fG/DGVZq/OJ2uOoQL9Y095a9ZkkDt4v+hw2z3QDtSL4ji4nmLjvTAXnjsa71wQ1j
zbQaAzTPIbMLlE8m3E8dGQ5Bj3AmU21WOCikw7KH9onzLypZ6ZJMai8vxSWMEnSZ
9j/BwtFL9Tj08hI8D/btSHvv/VJ25Ae0QVrz/dyCm3/s0YV/RMh8TcNiMZTub/Lu
WsZak1/1PFzo+u28f45baGwEgJOVkt8ukP3C7CM69rN/r9pfOYPrNPjLcZXjyfkf
QTLmMxgz1ZrMuH4RuvFC4p/BJEyLfgR30xzAkEtK6UHbWNepMuRAxsJdg698u38K
shFIhKeWuHiQt+ccCT6RGjaWBT9RZgDTZ9cvUKFlHcIGsXKUxKY100fp/EcvCWMx
oi40KckoJc9Q6hpgiuR5Tgv7xWNiXeySRqZ3ZakGhJglF6m0nXk0j0/ZPv7X9uWw
ydo37i5gmVlHSLm83IfcRhQmHrjYIbOd8ir/kHQl7HV5AZuS2I5AxooByCk5AV7k
MCHoysHa8jvhtOUDmeI4JEZDu2tY9907N6TOAMRWwgcs7sz3JtVXLfcXLEmU3MKf
swR+nomPpDJFPUbLfR1hk6EkEDd7aP2gUhXbyLDR8W6rIzqLrCZNmrZirUXmrIRL
x85rf6B3XbZwMfMbNkUZ+eKNdD96PsZ4F9/NfqX81me5HNSa88ZIqhi1njNz6xRu
HqMkPTigXKgZVZKA7G5Y+I56NUPGx7LTU05xQvbqJA2PpEwbRIVtVDX96NQNuAm1
FEg897z5yErM77Xn7AhE+NC9pIByDFMVS8fm4jDBx/xZp9dqRQcemGAd/DnamjNG
KXprdlEFdM898aK7XmZdF3HNTy76kRF4wChTG+olqHM//uhUZ3MPXVdPCiTBXXuM
OMB1I17uLw6JVeDnWD+FXGIxktfc2/cHqzGW9dQ+KCSdn/CzOhZ8RIOEcz7ygIV+
MVmcu+l/SVqOz1x16SMHLwc3tObJV5ubhH3R8/KXhykmRhejgGrtC9HsiksI4yb8
SXatA4g+RE+7R6I9gx0Ytdel/QtEiPmYln4yYk4LPiBOjOWsv1IvTDbennNAQ3G4
ec/h3oFTYX4IfBBPwd+awkUyvkrjgYzhzgmrYMRiOFUHVTNNMsU4DS5kA3Pz89sa
u7ckVmHRkX19mX7KQkyI6Zp2BYzwJoRXPCEFaPGDgotmx1ZLZeVW5M3PQR31udQK
LH4+os8DX8i3Fw5N0tuycde6jSbz227XZ5TRIqX0G+fsoosZfssnvFmmnwtjn71d
YJypztaU9bDQKAJx/mw3Q31z1YJk/IqoAu4kN1aB1pA/VKIQyhc/Lz1UCnGUUBeQ
VAXNevpRY908ieDeUwwZOEbAgsJCm1KyQtW3GbYLGSBk3qjoEb9i5QCWpep6bhAD
CT92RgRkroNv52PEUs6yMEaeTMD4pOandSdw5i1pRF/Eos2SRHH3VZ3Tso2bBXMP
Yt42psoM9+KU7hlzWOsbFC88pfDQ3zH5mwX19B5Gh46H2KCpwXXGzObtjcit2ZWg
4WWjhfnm5mmcxbzUihXB0IERO9iDcF5hEZ573sQ1e4kmOB/4D2GT5gBBIs2/sEUa
f0azm1Tt2fCcFG1t2nFqacLFG8CUZfUQWOQDyJPQgUekw+OYjSj+XCo1K6uR0FHS
T1H5tSovgD9xOB7JU14isbw6J/6fWHpOvH9HKwTk4WVbiw2k6/ekLkYltbnv6Hun
N3W3gjqNZozJp++qWmDxsbhQ1NuHj8dA7t/TD/f9zf8bgirVK1u2MATNnQcm+6i4
y7EY9OpMNILaYoL+nw+p+zQb/xfAJQGUVWyHZU/W0gzawEkA78m1R8Ao1NY4tuyY
cL6oJDwn/jGPfxrsnkmuymyUey1qeCY8yEIi8R8YCh8/KGXgGe417kiWP2hNfRip
1xgWsksDaY1eJRPhrbY/chUvNsXsFpSiHRWoJlnFrbuYUKB1TXpOKkYPGywJfSw6
jMmHD7cBBJ2jtUqULPXlGMx6qU+dCZdh9zagul3QTQNK3hA2ZQvz5a5MOKC0g7JC
VpSVvGn7lmnBWU3SwU7TrZ1K9FlDEhgF4LWU490jakemJQjRH0CHqQ8J2OqERWfN
8C66qFJd2u9RMTst3yizRw9iXzDeA0S4JS/N6XjCr0J2fDKRIogK7CbD9p66DSzL
mVd/iKM+Wohhd/XqYUn1hcdoDlAQ2twE7zdVb0ULmr6kdFXYPbGONKi0Ok2JhPV5
sykEScPID37lzdAoBNaJTYjDN+5i1hnYWj++RJgKdv3zxKH3bvYpJ7PEKWTZVBaC
UMxnyedaLC6tsHjo7n3RhAcJ3DdHMynTivv++98EEU26kFgQvqRkhyc7/82pKS/U
v7rwPwX890vaNIN0YAYiGdVgOX758UUkuMq4cu6aetvdlYgu1fYwQkFy6gvAlobG
ic/1L8gpLL+HHqIr8KihV3U9di597WEtdCE7jwrWb76ltDRqnWat2iBNMhtPIK/l
mnDJs9WNL54+mTUqSwSjY0JsNQkThycGMbZ+7sLp47Yv3P7cK3TLs4tsp0NNjFU3
ofVJhSpiOUS0Gph9HX8CJ0hcbSD6MeeeF65j+FsxuHagmlPHtAeKfS6L5SPmN7m+
VRhig3M3Q8oydfu1sVnGXlcMIz0pnX/iSdyu8n4rs5Ja+dLucm8xPrMCL0cqrD8f
fDYFeeIQL3HcUcqRs4J/ZEYSdbLV1l8FNGscNe6l7pvuGLzN6rvS8TSbeTml+aHB
jEMy1xhZejVhCg0hdq2li5etUzL5+m5HHvpDnaqz8uwGK/ydYt6z8D7iH8zobyWB
o6ATYoP4MJ2KevGVSkNZLJjQQJURSMz7qOaqrNZ0TiLYY9iK5IbcDGdxNnjI+xlx
JT0Mp1oLAhNjDQVbMX3A1KEXAftfjyCtIFGj5W0gM1SpyXt6SK5HYGbiNr4t8Xr0
Sbj80RN9pH/fTTKByi9G4Kth22mfbkYJeXWdagKXGoiSLvJdqJa7VWFPHoZGOdCv
3Q9lA1V1B9E9+Qa4Cf+kw5+1BvPm6NepCM8MCZh/Q0C+VryaAqKStuqfAfX3CPke
CQ8oBlI4VNoTBx+jg9iqMxKnF21CSO+ZSR+a+l6h5tm2VVYTsqNkrfObpEbf2OoV
n4vG1tUZ9HYqo7Ate/uW/ghbYznQthb2CoHeKTVsBoN6rg7VtYWdfxWgru2ZwKko
I4CSYHp2sQiizbHv6cZqueL8Sl0E+KPZMdfAibpLwc8QmQGMlQpyZWdMjWXza00C
uNfz8DeAhYTiGriJ7nMYHMoDVWM7eGAo76rl5ac6Clsp+EpjyFD3gYNjfziLrgI+
wZfvP/eiGB8EJCLL1i858T+ZjD6fEPAfVHXM8ycgVspnNE1S96WuFoEce8BQMqgO
eL04OZ64pmK6CzTBUsJEDf/7PC51wPKKZCK74Lx2mNYw8mb+zJ/RCQ0tMV7mToew
wTzxBG7xZjUTM5qN6sFgpKp7be57dt6+IL6VFLapidDbvJihfBQJE0Vsc3QD91UO
x/d9+bs/RCN2tnTx3MfeHZ6UNotBOTilspv6uMsvWkOvIIcCnzOeyZ5AYbPv+8fo
V8D4qrOLT3E5Yl4Humk3QfMWqpWXPRgM1ZZVhNKzlpvvZJ2x+2BgEO/swRuJg14u
Y+cP9rZm91JbMxPWAMrSOWT1EbXUc0HPlvWzlNx7y4+gVnUoR/h0QaCm8+To+Oic
Iw/rtEHVz63UX9GMoBelUQ8cBrkwTx1Gl7xkJeNmOJIsNtjkYnZxmhIKvEzaQxn8
e0gSb/poWu+E5uilDcLF1BP7WFC13vq+QpPZ/QTPy5rO/f14detSas0awJngPEdP
Sp3apPvzPzoym8o0ykalSjPM3xftAZr2409I3ONyGBtZ2s2l64SQLuaUnl40zolp
hZNfNbIbuRR13G5M7iMZ3umAKujIk/jeuHKBgGxj1DlZHtFvAEu0cfXRlGliwDFp
ndXzX+3vf5TnPk0K0J41ng0q9sszbWUzoa+Z+Ot5L9MweMEQ+SlHzgwp/X6+xtxa
mAVUgExyvjLk2sElgqDQ6fNX6poR/LOow67LnM7bKhn5O8ufbSB4LkVaezhvibZH
4UfmqyWwlCPUkHhuFfJ3kcgxGjeBEfiK3W749KVjuYoAHE8MkgwSFj8RWfTKp0Ro
w5nU/T4uuv4RmNTAKBI56DSDlhi+cghleC18/5kDMROjPfAYqBQ103/ilWR2fLNI
o6LxiWdmhtiJhUb1aJQhy0UIdo36+JUzEjMZ2vzum5md/i22uMfA7dU+kmiL6jrp
7cqRrPOWsh+0dioMaf6aY7/YUl22DmnKRigm690vUOiXLfjtrC7CeiyHXvm9pDDh
TW8KdaxSKE8hHqsZFv9cHv7gs6gD99pMRK4+TYDnIChF9J5tUPvYsMwRJB+uTSBq
Wvn/zFFGw6yLN8bIlohpmElgOYOpmUJmO3Nwo0mz22h21fcKeE4z69PZnWAkx7pJ
0lwW1VTSF9/k2x31kfpUMCJYKCcXx4+yzDtTzfI8PViawrrFJeEcpTdY5wLaUmVs
nxAuNM7saIL6vTuY9tIKXAF4+QtvZRr/mywqTnswRY2wBWyGm0ToD2/y24GE3Z7e
s/aZM24v1JdHYv0XBMF98IvBB1zXWgw00IIbKECGRJAM94loysbWb7floyH4NTS5
v/jJUUGg+bTFYsJUuco9XmUuO/EyfuVCSJJAUGVdzT2HMveqv1B2NQKt9bvQS/vb
A2w+BUNvGLPUbeGunaWQAbxHGK4uD8EgRJIN5iGiCfz38E3JDB10pOJge6QYE0G4
RM47GVitqNDk/KbqQX6RzxoBrDcifF5F0KexaTL1j/hqBzr0pOuKQxScbov/ZXv8
v15I8gZpTi0H0Knlk+8Se0cqKP4h+hNBuo24Uc61YipMMORULzvMZT9tVTZ+rrpw
sr3Uo5QkN7CCbk5OqIG1HUqilxUL2+xQ15sDiaOr50UjJ8RqPuRuqMXDYQb3tvLn
eQXB29TpQWe1wk2ZSmGN3h2JBnAN8fI7GiUyz+EY3N9Rs5vaner0B/gEkV8NI+ed
5hnb3y7MikGTak/C6rqmkaQh25rmJff7gwqMk6uCkgnlXwgDgQYHc73NkhKmh+20
4OPG96AZIlocepbexq8laIavMcaab0w8e4G+SkLvPXYMe9lDfVCcsZMc2VbzvEHq
WdagdlOVR3Mto8gOiuVffPYcn/Kiwl8jHvLEEnGdnWXUOviCWhlOyrqASo6iGOkU
8Gr0Zq6D/UcV4LWW15nsGL/vi2958Y1HD5VNTmWa2XiPsJaQ2SxcUOiHewDqgSsZ
An6TlDe4pGNosXqQU/0b0TDKvJkNfvowLBIX7Zafp4jIgzLvJgC2b8Wgo17PDDVQ
E09w1cQOhY/D9kNx+5CZAUXD/NVS8yxa66qTW6MQO4p7QwqgB5zLwqeif/7OxsnF
whXPatlEvdBIeo93XqaaZD7urKYxpXJjMC1guZ5PuX5z6tomE9sMQK990phAtCVg
J4tK8KhBsN9Tj2PQtYjM+pRCluoJJNqPn0G2kneUiompAeYcduRAdt0ZCQFa+c8/
PYhRZ1GtI2O1hpxn45VFOtIpZ6PuQfBcdRdbFGHy7f2uUXxoQZyR0pIazbnybJ7V
7s9nbyG8wu+q3DsiP/sEtLEOyCAzwqpUz+58vIZ2AfvC/ZFcx9UDrEKTlKXMY5gS
R/M4dqbH/bbtkAYoKJDDQNetg3cUt1tfJ0SEFwIGmPjOmq8EDugdNlHzzjOBKjRP
gU+ern2Vp9Uw+jxe13WjvCaoB5CgiUcnwaIGwdwaY/5r6t9AFvMYkJZC9kxCoci1
ajUEMLBEKfVEKXkTlBuJ+H9OqOwvBg0fWnlk0nP7G8LJfsj1tIXJQ0pIOEpHh+Tb
SKIobiT/4u2X/RyW3sLWyxIHhzt7XBkagyyIwetMLzDgxcxwpCh82vrxhpLvSf0i
T4U3tmE5TM76tPD4V7gAbE1+zK7Py+XCIvBiHEiVZc8MuYewV5lGHBjbvzC/GhEA
gniAbtscxrd0wMKpEjKSNDPwCmaSAJBwvOBbgfFCPecx4G56DBQ1eBsbs32pYdre
IBYR45Kj72bbn1Xp2hWOnDBlowna5CmzPWWfJCvUYrgXM5g9l0sYGrABx4aWjXM8
97ffbdSlL6qlQK+cv/uAbQP5p6T9oN0k6jfK7n0s+Jmcq9WwIrdaYZMmm3CYONj8
qe40/MoohOuqVhWTkW8JbuEadAb/Y3vVnmNIsK7ixUKIXjNhpjV57DYBETKkk/7C
ay5Hj0I0OZS9uFjW5mf/ukiTnCPn7u7Jqi9D/UcRjPuiqD9IwnO5eNXfTULcwrjn
0bwHEjBXtRYvAQYVfeYLMpsv1wgEGSGQg9NqLbrqclJm3g56dOLhpsbPqPry8rhD
Upnd97X8UsIhmDveeJm1S3bxTugqDMDBG2QsBHzKURteGPMh+QTa0iDPHXrFyIOG
AAGP8qH5EhW0FbMU3H/mE3UcmesX3PAuwHSTGoOpAlm7fAau+nQtx5xSlZMfmJdf
/VrQ6+LD4yBY/GmH1Dfv6ZoW1fOGAozg9PblnD/n0LIDPMYR0qa8As5kRaKa7GF4
JD3fIPP6PmDjZYdpXLSQnThgsKdDgTmjTtGuPwOlfHiWEnsnusV5vgiyLJpc8z3d
PfKR0JO1a++U4xGLZ5SY1L1md30aBz8O5HRTVjIJoeqHzDzHRa4yehr3IkuMAFQr
eTOmW2PCsqM2X9Bq4PRZ58f/wrBNyTX+8+CS2W6yti+HO/+sK09/TIAOP2qHLeWV
u70n5UpDRHscWDXUm0FTpXYT1fkp/lt3W3DMx+NSOndmHW4kCn61r/HmE3N0mfTa
mMDBbrje/Gnx6cglJS8ilY41bHukglMikd9Rbd+9k3bkh0X33RtrJQXtZMyBvnJL
mVa83BiTtCD091lmWdo7Y3piV/FkCdbCqVhoxICHZmPmRVcfXNrtJm82dkxeaxLR
32IHBFuT2WwTQf37QJn7/PIFA7sZZMf04Rtwnt74LOCa/dFXtO4G1Q44tfCIQZyD
LTy6i7Rf6ke4r95fCwvs5IzShq6NZv6N584BLefOCbEGlQCLg6fN8zxHJdBDIbgu
Yjlw4yXtp3zM/rWwJ1P3HQLBppKLi8mbAv0QvCsrgydmcvHo30vuWbdDkqCePOfh
NJhdmuMGsQDQEtJa0JrwOfSYNYl16kXyR8q7MpBoz7wCSiL+fhJeE4giiClP8qs7
Rm7XE+ru03LVJNOavAb+M+ELIn7VfDHJDsmqLSsgNF/PE/zEidszUJWqeCrOLZdH
ZXSjryd61dJJHcP9egcWi5twj9HCGn1eDCZ+JdTzNTQCraUkiukwG6jn98KyAcuR
9WUEwnWBhYpmz1pOYi/xrcd0SHFIPUXSPoZ7JR6pZ5Q45PVgRU6dbxOCl44/XRgy
j0SzwPZI+SDGaKV3CIxBFe68BxD8HDNGbxaJx3z+fOUVWMejmKfEvY40hsYnpFru
S5DjkHmsNi5rp63Tzr26G+/1cYQ0FaiUsvdPG5MiRxVsiY7oNS/Re9O2qo1TTWkF
IdlAlUExejv0pTVeQ63k4XdEQFmBj/49emEbffsEgbPOLTo4oX58mKsuxw0bMAGO
a7hJ7YiaRicAbjaJFzynv27M7VZC8Qb3k4t+jFNa5M2GBRXH8nvUAZjqvMhfgdGt
TRuoj66EsmqxZEin7a+CQ6HNSOpeN3OwSy7hau0CCINzxLVBMeSZ+hxuhnWfXbNI
FwhaG+HEhl2trVBzBS3weswlv0FvSh/RmWgSB90fm5keWGxcm6F3T0M2IN4UWbeB
6K1Co1t/lmpVQzKpA93S2N6Tf9qPjoVZPjmCPMJ3dgL4VE28q6UIVk59pzq6FpdX
qjCN+tdJeRAG+a9GwEm8tOs1vIExJwXy4StaiDVWg4jr3WiNNgeQ6ZbfiEvD8ISA
yffKIFiHJuIX1zcnTiQWJgT+G72W8CIElTV0sieR9sfnIBLq1t+eJfocjcNib2UL
5qTKJdo+yexjWzp6XlwRiFc/W11DN+Ue1VvK2nq8C+AtErj6pukcppfznas/NGfL
jcQrD7FxDtWJxw+Y6oIFgr1LsnOxpurPo6RKsVwLH//gFFMENBS55qTil1CLKwf1
ejcGCFS+Mkn2P4kYMpqXGjBBLXZ/dgzOHuPzvKNoxxlaB782ACrDrTATNxsANoR4
z4Mii1HU13E9dfOXJ1tcuy28A17KJII2wKrZQQrOJm5TX04+nKmETcY9yqfO7rwy
HLyyGaknqV5jhHwvRmzlDtBKoj7rMtUnuSyHPobdiIqRm28wGAIsYo4rIhldDQBF
Ox0vdcBcyh21IpuQuProgg/jScjN5YEfPK5QjVv12yDtrydcLB99X0naBYPDgICO
qH7QLezBALed/G6HBrmDQLHCa7cKioA3+U+7EpCH8d0YRjpt1FnIFU6dVpyXEkT0
rJeuvC3h0ILMMKl20FmCvJ0U6VSHS1vj9H8ppDHGGabvpjxii2cwagL4J+GFCdU5
cpE92ZhcS8VoP4qSy2pz7dIqUcK5N+XU0qXUzyxb9TWJ0PBJwCI0UkAoO0saKRZn
vWyxlWQvpYve7zOZTwanRnR6ojQWvvkRiYYutXegakoeALdNS2l2x1iMV3v0Ppbv
sQz4pqM8Elykcs2peP2/CRfal2gBqToQDGWrtEdktW48nodahiM66RqmEqoiIGKG
0G+KrRfELEMC8EEZ3BdISF4P8iRursnv4VO/eN5l3317WSaSCXEdg9iD7Ll+lvNj
CB8SwpkEVl8mwf81oXXaWaUIJVDk6MEnxuVNEEYOfe4Kk8ffCHjXxhLFXdF3Q8sb
zbG/5bi4bThdirTfuddrXxWKrtvrewUzovCmhwEkRejfXbaQmhpMv6UhwTd6CQSj
9j2xcllOPu85GJxGv3D71fSIvYzWmMqMLMpFztYAty8MxLagyrvthMvj9oX2aGQX
+QB13eAk3yLsqcL6fGUPtHSiDeOmRleYrzZA2/ygCU1h59wgpJHtPN00cs/4k/FO
AdYaZkhW1tU21aBW9/izQg6/JEPimPCQyJkZSzL3V6F/T1Qf8KAhkuXWZurDtmGR
kN+KPDl1IJ/Yi6RPjUGaEbmfNkNTS7bFMoIlKHR9JgO73I/Q6iJvHYyR7S4omCTr
iuw27KojFD7XyZrmzHT9Ji8iLCc8uhNJ/KGtb6hJgqgInRobVjp7iemnpm0THF7t
KILh2batWVGQ916uVznwD9XX/J1TvN9VzU/+Kp7e9pzXlOvI6O1yMAxA1TStuZRh
3X2srJRXnUcwLtHyOWBZKveY+j9Xp/cSD5ReyaNAtbz/I0iwaVzR9tulVH06CCXn
8sLxzs7lof520O6icLE1okY8EqwczTzVnU+xsDy/fmtxbLvnMFVI1IBLu0GSg8hW
cy/J8YwIB/UWQB8eUw6+oo0c6el9M1ncFpsI3g1l4fDqxxvpCPxeVPeCH/aBSEUn
QGX6PEtn0xPCtQnaDHoPLLgyPIk6i+mmnnxLivDVlDv3Q4ksw6AGM2m2wRFWwt2Z
NuJg+XUG7+9TpY4itnueJ34mQ5smw/qdRzrLKxslf7dX2VhZpeh+JSYRFMS6ZKGI
7I2PJW13GiU6bWpC1ioxQZNT5/KV1ZonL2wBoPPyUMAJF2CTLVizPaOnknHWmtrQ
5BQ33cIDttj+JPWzpLyvj5VLlNK7Jo6o/eEJwFO5wiqaoPhDZWaO5OloagBsJxVg
r29Cv0lT3SxSJf2iTNEe42CcV1WtpTsuLmX45Ipk6xMBzniCI78Bat0N4p1E5wXP
QJg0KZGJaO6H8/g9KwNHI864Vnj8UDF2NO+GOoA1YsP52qbCkrmIp1ZIb3gBbSwK
ViMYviJpe/GPWfV/YB16RDmdUqXujeZE9PbJ9PAjQsv5ePfmAz4zvO0IjZFpsfca
OUeBoWzu1Lr2qrVOV7pUE6BQj9R+YTuK4fdAa/J/wa3g15QrZMTJtOHd3TwoZhYh
Na4sPNhEt1MhUZRtgps1yQSxFt32vWh9Wb45qzsKhEviUQ26AQU1a54xJ6Jqmy4H
xfI6YQCZzuuHAoh6diB9XR2lUAwdpwdu0Yyn4tMeQHxh9xI73V1/emxS+8GUkK1o
0EnuQR11YQuCKnwBZJAzWt5oLzF0ThyRz5Q6AOpKXiqEWKHHO2aDVP/Xkr7xK2+S
5K5JQmXRyEX601Zb0c9CrWhBj1FzHvDBmMnSS1/R6dkZgk73c0FGjFHQboq5L0FR
Czs4SuOEcoTkEHMaWfWraT0bqEzO24Ky4trz6Xnx2dSF4spcZl8kNKoUhaPQM8Nb
x/xKJFvjC1THJXXEy201BneJ8ns4Echglt1PUUfeyQubfNp/7u//exGyNIViVvyl
Lduo8qEpQ+rLNZKCTPcD8SIFtK1RhhghPS1YtiHZ7JTd0wBGwpj5u8ulZJUmcZ+X
R0tzjn5L88m9BLE3X5VsBXUeUZnbgiicYnL+VOyxwypglGXXgsO0RhwEki0xH3bw
QOEuaKScuOSKiOypdXjugGawq8o9fTMa/hNAZVbKO2YDrNANhG10WOHzGC5QXVkG
JT4oWyt12v6E4UhfYO//NHKVuA18Gk75GF97diicmDab3zWAX0dprNfGSsCdv7i6
MOwrdwshQCAprkj/aIqG2OcC2INICnP8axSmtukUQJH2OwRykwP8BMUMyDGSKUeh
rvu1W5WqeGXOFtI0nS/dEcrP3Yhj1xj0bgRdIT6vnTva58V0WOIUDIkMzH/d180z
CY5mgvqI99c9IEP+b3+6cbufDnGAyBPBobu4WdpsqaKmZzqeKtWCbqdxf0REU9r1
VPXyNhGuSx/HHyv4lWih7HceMJ3qv26o9oWchxSRNkKk1tSa04+pZQ9+GiMM6HNb
QI+c5rtgzQXTS0wwww/dYiTzCAbxn9zKDC3HbMrkQbRP3CGlwCtHKan3hSJs8elL
bjMatdajlCEBFhAcyNhRgIOEZ1hypWO8YZv7SIgJqo9g4qThtOmy+DqgxQWVdIT0
tJrGRGmXKC/E9SOFy9t+4kB/826jANjgQxL8k8PGB7l9lkt/Nm3oaVISSg35pDHU
v6Krzh9dTmPDd8Ecr1rns9orQjjWS0cXqULEkXzhXrjE2vGwiFKbjG4JOWeuCEQu
bby+W/wbZ8qb1zbnpWnM+jKbatFDczMw5FAG+n2jXP+qEPycFCSM7mvdVlftHVuD
bP+BubJj3AwYVrzelGJ8upBXiwBWgSsRNWF2/2nQuJgGuz/JkjQvhH9HxfeiZKNc
xoqstOp/8HxwPNzS4eJZzbBt5tkC+0Gj6ZBLlQRFyiHkaErzEf5ystkzjF477668
S6Wq8D0b
=z1C9
-----END PGP MESSAGE-----
