SN:3K60180500001584 BD:Jul 23 2018 VC:834b9c1 MD5:48f99e4865ed8b810be1bb0eaaabf929
SysTime,                      Time,         Batt_v,      Batt_v_sd,   BATT_PERCENT,BATT_PERCENT_sd,      [CH4]_ppm,   [CH4]_ppm_sd,      [H2O]_ppm,   [H2O]_ppm_sd,      [CO2]_ppm,   [CO2]_ppm_sd,     [CH4]d_ppm,  [CH4]d_ppm_sd,     [CO2]d_ppm,  [CO2]d_ppm_sd,      GasP_torr,   GasP_torr_sd,         GasT_C,      GasT_C_sd,         AmbT_C,      AmbT_C_sd,         RD0_us,      RD0_us_sd,         RD1_us,      RD1_us_sd, Temp_Status_mA,Temp_Status_mA_sd,Analyzer_Status_mA,Analyzer_Status_mA_sd,       Fit_Flag,      MIU_VALVE,       MIU_DESC
06/28/2023 15:21:58.407, 06/28/2023 15:21:58.348, 4.15791e+0, 0.00000e+0, -2.11465e+2, 0.00000e+0, 1.95757e+0, 0.00000e+0, 1.85548e+4, 0.00000e+0, 5.45872e+2, 0.00000e+0, 9.97291e-1, 0.00000e+0, 2.78096e+2, 0.00000e+0, 4.81023e+2, 0.00000e+0, 3.21910e+1, 0.00000e+0, 3.25764e+1, 0.00000e+0, 3.78922e+0, 0.00000e+0, 3.27261e+0, 0.00000e+0, 2.00000e+1, 0.00000e+0, 2.00000e+1, 0.00000e+0, 2, 1, 
06/28/2023 15:21:59.399, 06/28/2023 15:21:59.342, 4.15788e+0, 0.00000e+0, 9.78991e+1, 0.00000e+0, 1.96884e+0, 0.00000e+0, 2.05769e+4, 0.00000e+0, 5.56284e+2, 0.00000e+0, 2.01020e+0, 0.00000e+0, 5.67971e+2, 0.00000e+0, 4.81106e+2, 0.00000e+0, 3.21884e+1, 0.00000e+0, 3.25814e+1, 0.00000e+0, 3.78909e+0, 0.00000e+0, 3.27258e+0, 0.00000e+0, 2.00000e+1, 0.00000e+0, 2.00000e+1, 0.00000e+0, 2, 1, 
06/28/2023 15:22:00.396, 06/28/2023 15:22:00.338, 4.15793e+0, 0.00000e+0, 9.79070e+1, 0.00000e+0, 1.96942e+0, 0.00000e+0, 2.05903e+4, 0.00000e+0, 5.56797e+2, 0.00000e+0, 2.01082e+0, 0.00000e+0, 5.68502e+2, 0.00000e+0, 4.81135e+2, 0.00000e+0, 3.21891e+1, 0.00000e+0, 3.25766e+1, 0.00000e+0, 3.78866e+0, 0.00000e+0, 3.27301e+0, 0.00000e+0, 2.00000e+1, 0.00000e+0, 2.00000e+1, 0.00000e+0, 2, 1, 
06/28/2023 15:22:01.389, 06/28/2023 15:22:01.332, 4.15789e+0, 0.00000e+0, 9.79010e+1, 0.00000e+0, 1.96670e+0, 0.00000e+0, 2.05790e+4, 0.00000e+0, 5.54905e+2, 0.00000e+0, 2.00803e+0, 0.00000e+0, 5.66564e+2, 0.00000e+0, 4.81182e+2, 0.00000e+0, 3.21917e+1, 0.00000e+0, 3.25695e+1, 0.00000e+0, 3.78998e+0, 0.00000e+0, 3.27366e+0, 0.00000e+0, 2.00000e+1, 0.00000e+0, 2.00000e+1, 0.00000e+0, 2, 1, 
06/28/2023 15:22:02.383, 06/28/2023 15:22:02.327, 4.15796e+0, 0.00000e+0, 9.79109e+1, 0.00000e+0, 1.96986e+0, 0.00000e+0, 2.06059e+4, 0.00000e+0, 5.54015e+2, 0.00000e+0, 2.01130e+0, 0.00000e+0, 5.65671e+2, 0.00000e+0, 4.81136e+2, 0.00000e+0, 3.21919e+1, 0.00000e+0, 3.25674e+1, 0.00000e+0, 3.79027e+0, 0.00000e+0, 3.27391e+0, 0.00000e+0, 2.00000e+1, 0.00000e+0, 2.00000e+1, 0.00000e+0, 2, 1, 
06/28/2023 15:22:03.401, 06/28/2023 15:22:03.321, 4.15785e+0, 0.00000e+0, 9.78943e+1, 0.00000e+0, 1.96941e+0, 0.00000e+0, 2.06129e+4, 0.00000e+0, 5.54606e+2, 0.00000e+0, 2.01086e+0, 0.00000e+0, 5.66279e+2, 0.00000e+0, 4.81151e+2, 0.00000e+0, 3.21901e+1, 0.00000e+0, 3.25671e+1, 0.00000e+0, 3.78969e+0, 0.00000e+0, 3.27326e+0, 0.00000e+0, 2.00000e+1, 0.00000e+0, 2.00000e+1, 0.00000e+0, 2, 1, 
06/28/2023 15:22:04.377, 06/28/2023 15:22:04.316, 4.15788e+0, 0.00000e+0, 9.78982e+1, 0.00000e+0, 1.96891e+0, 0.00000e+0, 2.06833e+4, 0.00000e+0, 5.53945e+2, 0.00000e+0, 2.01049e+0, 0.00000e+0, 5.65645e+2, 0.00000e+0, 4.81204e+2, 0.00000e+0, 3.22043e+1, 0.00000e+0, 3.25609e+1, 0.00000e+0, 3.78879e+0, 0.00000e+0, 3.27261e+0, 0.00000e+0, 2.00000e+1, 0.00000e+0, 2.00000e+1, 0.00000e+0, 2, 1, 
06/28/2023 15:22:05.365, 06/28/2023 15:22:05.310, 4.15789e+0, 0.00000e+0, 9.78999e+1, 0.00000e+0, 1.96701e+0, 0.00000e+0, 2.06134e+4, 0.00000e+0, 5.50990e+2, 0.00000e+0, 2.00841e+0, 0.00000e+0, 5.62586e+2, 0.00000e+0, 4.81260e+2, 0.00000e+0, 3.21872e+1, 0.00000e+0, 3.25592e+1, 0.00000e+0, 3.79012e+0, 0.00000e+0, 3.27303e+0, 0.00000e+0, 2.00000e+1, 0.00000e+0, 2.00000e+1, 0.00000e+0, 2, 1, 
06/28/2023 15:22:06.377, 06/28/2023 15:22:06.305, 4.15805e+0, 0.00000e+0, 9.79243e+1, 0.00000e+0, 1.96744e+0, 0.00000e+0, 2.07283e+4, 0.00000e+0, 5.53319e+2, 0.00000e+0, 2.00909e+0, 0.00000e+0, 5.65031e+2, 0.00000e+0, 4.81313e+2, 0.00000e+0, 3.21841e+1, 0.00000e+0, 3.25607e+1, 0.00000e+0, 3.78897e+0, 0.00000e+0, 3.27349e+0, 0.00000e+0, 2.00000e+1, 0.00000e+0, 2.00000e+1, 0.00000e+0, 2, 1, 
06/28/2023 15:22:07.353, 06/28/2023 15:22:07.300, 4.15796e+0, 0.00000e+0, 9.79110e+1, 0.00000e+0, 1.96805e+0, 0.00000e+0, 2.08466e+4, 0.00000e+0, 5.54755e+2, 0.00000e+0, 2.00995e+0, 0.00000e+0, 5.66566e+2, 0.00000e+0, 4.81213e+2, 0.00000e+0, 3.21876e+1, 0.00000e+0, 3.25525e+1, 0.00000e+0, 3.78887e+0, 0.00000e+0, 3.27221e+0, 0.00000e+0, 2.00000e+1, 0.00000e+0, 2.00000e+1, 0.00000e+0, 2, 1, 
06/28/2023 15:22:08.352, 06/28/2023 15:22:08.294, 4.15795e+0, 0.00000e+0, 9.79087e+1, 0.00000e+0, 1.96938e+0, 0.00000e+0, 2.09076e+4, 0.00000e+0, 5.55266e+2, 0.00000e+0, 2.01144e+0, 0.00000e+0, 5.67123e+2, 0.00000e+0, 4.81174e+2, 0.00000e+0, 3.21797e+1, 0.00000e+0, 3.25585e+1, 0.00000e+0, 3.78949e+0, 0.00000e+0, 3.27276e+0, 0.00000e+0, 2.00000e+1, 0.00000e+0, 2.00000e+1, 0.00000e+0, 2, 1, 
06/28/2023 15:22:09.377, 06/28/2023 15:22:09.289, 4.15802e+0, 0.00000e+0, 9.79203e+1, 0.00000e+0, 1.96961e+0, 0.00000e+0, 2.08647e+4, 0.00000e+0, 5.53910e+2, 0.00000e+0, 2.01158e+0, 0.00000e+0, 5.65714e+2, 0.00000e+0, 4.81223e+2, 0.00000e+0, 3.21942e+1, 0.00000e+0, 3.25582e+1, 0.00000e+0, 3.78912e+0, 0.00000e+0, 3.27257e+0, 0.00000e+0, 2.00000e+1, 0.00000e+0, 2.00000e+1, 0.00000e+0, 3, 1, 
06/28/2023 15:22:10.351, 06/28/2023 15:22:10.284, 4.15793e+0, 0.00000e+0, 9.79063e+1, 0.00000e+0, 1.96646e+0, 0.00000e+0, 2.09498e+4, 0.00000e+0, 5.52732e+2, 0.00000e+0, 2.00854e+0, 0.00000e+0, 5.64560e+2, 0.00000e+0, 4.81323e+2, 0.00000e+0, 3.21730e+1, 0.00000e+0, 3.25465e+1, 0.00000e+0, 3.78862e+0, 0.00000e+0, 3.27256e+0, 0.00000e+0, 2.00000e+1, 0.00000e+0, 2.00000e+1, 0.00000e+0, 3, 1, 
06/28/2023 15:22:11.338, 06/28/2023 15:22:11.277, 4.15809e+0, 0.00000e+0, 9.79305e+1, 0.00000e+0, 1.96709e+0, 0.00000e+0, 2.09823e+4, 0.00000e+0, 5.51534e+2, 0.00000e+0, 2.00924e+0, 0.00000e+0, 5.63354e+2, 0.00000e+0, 4.81355e+2, 0.00000e+0, 3.21738e+1, 0.00000e+0, 3.25488e+1, 0.00000e+0, 3.78938e+0, 0.00000e+0, 3.27297e+0, 0.00000e+0, 2.00000e+1, 0.00000e+0, 2.00000e+1, 0.00000e+0, 3, 1, 
06/28/2023 15:22:12.328, 06/28/2023 15:22:12.272, 4.15800e+0, 0.00000e+0, 9.79159e+1, 0.00000e+0, 1.96829e+0, 0.00000e+0, 2.10611e+4, 0.00000e+0, 5.52464e+2, 0.00000e+0, 2.01064e+0, 0.00000e+0, 5.64350e+2, 0.00000e+0, 4.81259e+2, 0.00000e+0, 3.21785e+1, 0.00000e+0, 3.25415e+1, 0.00000e+0, 3.78857e+0, 0.00000e+0, 3.27238e+0, 0.00000e+0, 2.00000e+1, 0.00000e+0, 2.00000e+1, 0.00000e+0, 3, 1, 
06/28/2023 15:22:13.325, 06/28/2023 15:22:13.266, 4.15797e+0, 0.00000e+0, 9.79123e+1, 0.00000e+0, 1.96767e+0, 0.00000e+0, 2.11282e+4, 0.00000e+0, 5.51074e+2, 0.00000e+0, 2.01014e+0, 0.00000e+0, 5.62969e+2, 0.00000e+0, 4.81283e+2, 0.00000e+0, 3.21766e+1, 0.00000e+0, 3.25370e+1, 0.00000e+0, 3.78888e+0, 0.00000e+0, 3.27277e+0, 0.00000e+0, 2.00000e+1, 0.00000e+0, 2.00000e+1, 0.00000e+0, 3, 1, 
06/28/2023 15:22:14.329, 06/28/2023 15:22:14.261, 4.15792e+0, 0.00000e+0, 9.79046e+1, 0.00000e+0, 1.96984e+0, 0.00000e+0, 2.11355e+4, 0.00000e+0, 5.49452e+2, 0.00000e+0, 2.01238e+0, 0.00000e+0, 5.61316e+2, 0.00000e+0, 4.81316e+2, 0.00000e+0, 3.21725e+1, 0.00000e+0, 3.25377e+1, 0.00000e+0, 3.78795e+0, 0.00000e+0, 3.27210e+0, 0.00000e+0, 2.00000e+1, 0.00000e+0, 2.00000e+1, 0.00000e+0, 3, 1, 
06/28/2023 15:22:15.307, 06/28/2023 15:22:15.256, 4.15798e+0, 0.00000e+0, 9.79131e+1, 0.00000e+0, 1.96825e+0, 0.00000e+0, 2.11424e+4, 0.00000e+0, 5.48985e+2, 0.00000e+0, 2.01077e+0, 0.00000e+0, 5.60843e+2, 0.00000e+0, 4.81255e+2, 0.00000e+0, 3.21769e+1, 0.00000e+0, 3.25308e+1, 0.00000e+0, 3.78794e+0, 0.00000e+0, 3.27260e+0, 0.00000e+0, 2.00000e+1, 0.00000e+0, 2.00000e+1, 0.00000e+0, 3, 1, 
06/28/2023 15:22:16.325, 06/28/2023 15:22:16.250, 4.15786e+0, 0.00000e+0, 9.78958e+1, 0.00000e+0, 1.97269e+0, 0.00000e+0, 2.10079e+4, 0.00000e+0, 5.48834e+2, 0.00000e+0, 2.01502e+0, 0.00000e+0, 5.60612e+2, 0.00000e+0, 4.81349e+2, 0.00000e+0, 3.21782e+1, 0.00000e+0, 3.25194e+1, 0.00000e+0, 3.78806e+0, 0.00000e+0, 3.27245e+0, 0.00000e+0, 2.00000e+1, 0.00000e+0, 2.00000e+1, 0.00000e+0, 3, 1, 
06/28/2023 15:22:17.295, 06/28/2023 15:22:17.245, 4.15793e+0, 0.00000e+0, 9.79058e+1, 0.00000e+0, 1.97006e+0, 0.00000e+0, 2.11574e+4, 0.00000e+0, 5.48350e+2, 0.00000e+0, 2.01265e+0, 0.00000e+0, 5.60202e+2, 0.00000e+0, 4.81443e+2, 0.00000e+0, 3.21867e+1, 0.00000e+0, 3.25162e+1, 0.00000e+0, 3.78794e+0, 0.00000e+0, 3.27233e+0, 0.00000e+0, 2.00000e+1, 0.00000e+0, 2.00000e+1, 0.00000e+0, 3, 1, 
06/28/2023 15:22:18.297, 06/28/2023 15:22:18.239, 4.15805e+0, 0.00000e+0, 9.79240e+1, 0.00000e+0, 1.96673e+0, 0.00000e+0, 2.10811e+4, 0.00000e+0, 5.47988e+2, 0.00000e+0, 2.00908e+0, 0.00000e+0, 5.59789e+2, 0.00000e+0, 4.81367e+2, 0.00000e+0, 3.21616e+1, 0.00000e+0, 3.25195e+1, 0.00000e+0, 3.78853e+0, 0.00000e+0, 3.27260e+0, 0.00000e+0, 2.00000e+1, 0.00000e+0, 2.00000e+1, 0.00000e+0, 3, 1, 
06/28/2023 15:22:19.285, 06/28/2023 15:22:19.234, 4.15808e+0, 0.00000e+0, 9.79282e+1, 0.00000e+0, 1.96758e+0, 0.00000e+0, 2.10904e+4, 0.00000e+0, 5.47902e+2, 0.00000e+0, 2.00997e+0, 0.00000e+0, 5.59707e+2, 0.00000e+0, 4.81394e+2, 0.00000e+0, 3.21609e+1, 0.00000e+0, 3.25175e+1, 0.00000e+0, 3.78889e+0, 0.00000e+0, 3.27111e+0, 0.00000e+0, 2.00000e+1, 0.00000e+0, 2.00000e+1, 0.00000e+0, 3, 1, 
06/28/2023 15:22:20.282, 06/28/2023 15:22:20.229, 4.15816e+0, 0.00000e+0, 9.79405e+1, 0.00000e+0, 1.96651e+0, 0.00000e+0, 2.09659e+4, 0.00000e+0, 5.45603e+2, 0.00000e+0, 2.00862e+0, 0.00000e+0, 5.57287e+2, 0.00000e+0, 4.81381e+2, 0.00000e+0, 3.21562e+1, 0.00000e+0, 3.25177e+1, 0.00000e+0, 3.78808e+0, 0.00000e+0, 3.27181e+0, 0.00000e+0, 2.00000e+1, 0.00000e+0, 2.00000e+1, 0.00000e+0, 3, 1, 
06/28/2023 15:22:21.279, 06/28/2023 15:22:21.222, 4.15813e+0, 0.00000e+0, 9.79366e+1, 0.00000e+0, 1.96791e+0, 0.00000e+0, 2.11241e+4, 0.00000e+0, 5.47273e+2, 0.00000e+0, 2.01037e+0, 0.00000e+0, 5.59083e+2, 0.00000e+0, 4.81354e+2, 0.00000e+0, 3.21603e+1, 0.00000e+0, 3.25200e+1, 0.00000e+0, 3.78775e+0, 0.00000e+0, 3.27159e+0, 0.00000e+0, 2.00000e+1, 0.00000e+0, 2.00000e+1, 0.00000e+0, 3, 1, 
06/28/2023 15:22:22.283, 06/28/2023 15:22:22.217, 4.15811e+0, 0.00000e+0, 9.79337e+1, 0.00000e+0, 1.96799e+0, 0.00000e+0, 2.11337e+4, 0.00000e+0, 5.47357e+2, 0.00000e+0, 2.01048e+0, 0.00000e+0, 5.59175e+2, 0.00000e+0, 4.81386e+2, 0.00000e+0, 3.21496e+1, 0.00000e+0, 3.25099e+1, 0.00000e+0, 3.78814e+0, 0.00000e+0, 3.27127e+0, 0.00000e+0, 2.00000e+1, 0.00000e+0, 2.00000e+1, 0.00000e+0, 3, 1, 
06/28/2023 15:22:23.283, 06/28/2023 15:22:23.213, 4.15813e+0, 0.00000e+0, 9.79353e+1, 0.00000e+0, 1.96537e+0, 0.00000e+0, 2.12565e+4, 0.00000e+0, 5.46789e+2, 0.00000e+0, 2.00806e+0, 0.00000e+0, 5.58664e+2, 0.00000e+0, 4.81487e+2, 0.00000e+0, 3.21548e+1, 0.00000e+0, 3.25112e+1, 0.00000e+0, 3.78832e+0, 0.00000e+0, 3.27165e+0, 0.00000e+0, 2.00000e+1, 0.00000e+0, 2.00000e+1, 0.00000e+0, 3, 1, 
06/28/2023 15:22:24.265, 06/28/2023 15:22:24.206, 4.15811e+0, 0.00000e+0, 9.79328e+1, 0.00000e+0, 1.96795e+0, 0.00000e+0, 2.12475e+4, 0.00000e+0, 5.46844e+2, 0.00000e+0, 2.01067e+0, 0.00000e+0, 5.58715e+2, 0.00000e+0, 4.81473e+2, 0.00000e+0, 3.21480e+1, 0.00000e+0, 3.25074e+1, 0.00000e+0, 3.78751e+0, 0.00000e+0, 3.27138e+0, 0.00000e+0, 2.00000e+1, 0.00000e+0, 2.00000e+1, 0.00000e+0, 3, 1, 
06/28/2023 15:22:25.255, 06/28/2023 15:22:25.201, 4.15816e+0, 0.00000e+0, 9.79403e+1, 0.00000e+0, 1.97018e+0, 0.00000e+0, 2.12753e+4, 0.00000e+0, 5.47336e+2, 0.00000e+0, 2.01301e+0, 0.00000e+0, 5.59234e+2, 0.00000e+0, 4.81439e+2, 0.00000e+0, 3.21466e+1, 0.00000e+0, 3.25032e+1, 0.00000e+0, 3.78730e+0, 0.00000e+0, 3.27186e+0, 0.00000e+0, 2.00000e+1, 0.00000e+0, 2.00000e+1, 0.00000e+0, 3, 1, 
06/28/2023 15:22:26.256, 06/28/2023 15:22:26.195, 4.15816e+0, 0.00000e+0, 9.79407e+1, 0.00000e+0, 1.97053e+0, 0.00000e+0, 2.13836e+4, 0.00000e+0, 5.47915e+2, 0.00000e+0, 2.01359e+0, 0.00000e+0, 5.59888e+2, 0.00000e+0, 4.81408e+2, 0.00000e+0, 3.21470e+1, 0.00000e+0, 3.24968e+1, 0.00000e+0, 3.78681e+0, 0.00000e+0, 3.27180e+0, 0.00000e+0, 2.00000e+1, 0.00000e+0, 2.00000e+1, 0.00000e+0, 3, 1, 
06/28/2023 15:22:27.249, 06/28/2023 15:22:27.190, 4.15810e+0, 0.00000e+0, 9.79319e+1, 0.00000e+0, 1.96687e+0, 0.00000e+0, 2.12548e+4, 0.00000e+0, 5.49113e+2, 0.00000e+0, 2.00958e+0, 0.00000e+0, 5.61038e+2, 0.00000e+0, 4.81454e+2, 0.00000e+0, 3.21459e+1, 0.00000e+0, 3.25024e+1, 0.00000e+0, 3.78793e+0, 0.00000e+0, 3.27137e+0, 0.00000e+0, 2.00000e+1, 0.00000e+0, 2.00000e+1, 0.00000e+0, 3, 1, 
06/28/2023 15:22:28.242, 06/28/2023 15:22:28.184, 4.15812e+0, 0.00000e+0, 9.79342e+1, 0.00000e+0, 1.96585e+0, 0.00000e+0, 2.12677e+4, 0.00000e+0, 5.47858e+2, 0.00000e+0, 2.00857e+0, 0.00000e+0, 5.59762e+2, 0.00000e+0, 4.81470e+2, 0.00000e+0, 3.21433e+1, 0.00000e+0, 3.24966e+1, 0.00000e+0, 3.78759e+0, 0.00000e+0, 3.27187e+0, 0.00000e+0, 2.00000e+1, 0.00000e+0, 2.00000e+1, 0.00000e+0, 3, 1, 
06/28/2023 15:22:29.238, 06/28/2023 15:22:29.179, 4.15818e+0, 0.00000e+0, 9.79436e+1, 0.00000e+0, 1.96973e+0, 0.00000e+0, 2.11928e+4, 0.00000e+0, 5.46729e+2, 0.00000e+0, 2.01237e+0, 0.00000e+0, 5.58566e+2, 0.00000e+0, 4.81532e+2, 0.00000e+0, 3.21496e+1, 0.00000e+0, 3.24960e+1, 0.00000e+0, 3.78770e+0, 0.00000e+0, 3.27152e+0, 0.00000e+0, 2.00000e+1, 0.00000e+0, 2.00000e+1, 0.00000e+0, 3, 1, 
06/28/2023 15:22:30.235, 06/28/2023 15:22:30.173, 4.15813e+0, 0.00000e+0, 9.79358e+1, 0.00000e+0, 1.96809e+0, 0.00000e+0, 2.12801e+4, 0.00000e+0, 5.46839e+2, 0.00000e+0, 2.01088e+0, 0.00000e+0, 5.58729e+2, 0.00000e+0, 4.81562e+2, 0.00000e+0, 3.21395e+1, 0.00000e+0, 3.24852e+1, 0.00000e+0, 3.78695e+0, 0.00000e+0, 3.27155e+0, 0.00000e+0, 2.00000e+1, 0.00000e+0, 2.00000e+1, 0.00000e+0, 3, 1, 
06/28/2023 15:22:31.226, 06/28/2023 15:22:31.168, 4.15809e+0, 0.00000e+0, 9.79294e+1, 0.00000e+0, 1.97133e+0, 0.00000e+0, 2.13080e+4, 0.00000e+0, 5.50858e+2, 0.00000e+0, 2.01425e+0, 0.00000e+0, 5.62852e+2, 0.00000e+0, 4.81553e+2, 0.00000e+0, 3.21352e+1, 0.00000e+0, 3.24849e+1, 0.00000e+0, 3.78681e+0, 0.00000e+0, 3.27170e+0, 0.00000e+0, 2.00000e+1, 0.00000e+0, 2.00000e+1, 0.00000e+0, 3, 1, 
06/28/2023 15:22:32.223, 06/28/2023 15:22:32.163, 4.15785e+0, 0.00000e+0, 9.78947e+1, 0.00000e+0, 1.97185e+0, 0.00000e+0, 2.14952e+4, 0.00000e+0, 5.56156e+2, 0.00000e+0, 2.01516e+0, 0.00000e+0, 5.68374e+2, 0.00000e+0, 4.81467e+2, 0.00000e+0, 3.21556e+1, 0.00000e+0, 3.24798e+1, 0.00000e+0, 3.78748e+0, 0.00000e+0, 3.27135e+0, 0.00000e+0, 2.00000e+1, 0.00000e+0, 2.00000e+1, 0.00000e+0, 3, 1, 
06/28/2023 15:22:33.215, 06/28/2023 15:22:33.158, 4.15813e+0, 0.00000e+0, 9.79355e+1, 0.00000e+0, 1.97115e+0, 0.00000e+0, 2.13399e+4, 0.00000e+0, 5.56975e+2, 0.00000e+0, 2.01413e+0, 0.00000e+0, 5.69120e+2, 0.00000e+0, 4.81399e+2, 0.00000e+0, 3.21402e+1, 0.00000e+0, 3.24894e+1, 0.00000e+0, 3.78805e+0, 0.00000e+0, 3.27198e+0, 0.00000e+0, 2.00000e+1, 0.00000e+0, 2.00000e+1, 0.00000e+0, 3, 1, 
06/28/2023 15:22:34.209, 06/28/2023 15:22:34.152, 4.15821e+0, 0.00000e+0, 9.79484e+1, 0.00000e+0, 1.96749e+0, 0.00000e+0, 2.14344e+4, 0.00000e+0, 5.52553e+2, 0.00000e+0, 2.01059e+0, 0.00000e+0, 5.64656e+2, 0.00000e+0, 4.81472e+2, 0.00000e+0, 3.21346e+1, 0.00000e+0, 3.24849e+1, 0.00000e+0, 3.78763e+0, 0.00000e+0, 3.27164e+0, 0.00000e+0, 2.00000e+1, 0.00000e+0, 2.00000e+1, 0.00000e+0, 3, 1, 
06/28/2023 15:22:35.208, 06/28/2023 15:22:35.147, 4.15812e+0, 0.00000e+0, 9.79345e+1, 0.00000e+0, 1.96934e+0, 0.00000e+0, 2.13047e+4, 0.00000e+0, 5.48310e+2, 0.00000e+0, 2.01221e+0, 0.00000e+0, 5.60246e+2, 0.00000e+0, 4.81610e+2, 0.00000e+0, 3.21358e+1, 0.00000e+0, 3.24809e+1, 0.00000e+0, 3.78791e+0, 0.00000e+0, 3.27166e+0, 0.00000e+0, 2.00000e+1, 0.00000e+0, 2.00000e+1, 0.00000e+0, 3, 1, 
06/28/2023 15:22:36.199, 06/28/2023 15:22:36.142, 4.15814e+0, 0.00000e+0, 9.79382e+1, 0.00000e+0, 1.97146e+0, 0.00000e+0, 2.13842e+4, 0.00000e+0, 5.49633e+2, 0.00000e+0, 2.01454e+0, 0.00000e+0, 5.61643e+2, 0.00000e+0, 4.81459e+2, 0.00000e+0, 3.21521e+1, 0.00000e+0, 3.24832e+1, 0.00000e+0, 3.78783e+0, 0.00000e+0, 3.27164e+0, 0.00000e+0, 2.00000e+1, 0.00000e+0, 2.00000e+1, 0.00000e+0, 3, 1, 
06/28/2023 15:22:37.193, 06/28/2023 15:22:37.135, 4.15817e+0, 0.00000e+0, 9.79418e+1, 0.00000e+0, 1.96636e+0, 0.00000e+0, 2.13242e+4, 0.00000e+0, 5.46739e+2, 0.00000e+0, 2.00921e+0, 0.00000e+0, 5.58652e+2, 0.00000e+0, 4.81495e+2, 0.00000e+0, 3.21462e+1, 0.00000e+0, 3.24801e+1, 0.00000e+0, 3.78731e+0, 0.00000e+0, 3.27207e+0, 0.00000e+0, 2.00000e+1, 0.00000e+0, 2.00000e+1, 0.00000e+0, 3, 1, 
06/28/2023 15:22:38.186, 06/28/2023 15:22:38.130, 4.15802e+0, 0.00000e+0, 9.79192e+1, 0.00000e+0, 1.96787e+0, 0.00000e+0, 2.14996e+4, 0.00000e+0, 5.47289e+2, 0.00000e+0, 2.01111e+0, 0.00000e+0, 5.59314e+2, 0.00000e+0, 4.81524e+2, 0.00000e+0, 3.21318e+1, 0.00000e+0, 3.24706e+1, 0.00000e+0, 3.78698e+0, 0.00000e+0, 3.27164e+0, 0.00000e+0, 2.00000e+1, 0.00000e+0, 2.00000e+1, 0.00000e+0, 3, 1, 
06/28/2023 15:22:39.184, 06/28/2023 15:22:39.124, 4.15819e+0, 0.00000e+0, 9.79442e+1, 0.00000e+0, 1.96949e+0, 0.00000e+0, 2.13280e+4, 0.00000e+0, 5.48403e+2, 0.00000e+0, 2.01241e+0, 0.00000e+0, 5.60355e+2, 0.00000e+0, 4.81517e+2, 0.00000e+0, 3.21334e+1, 0.00000e+0, 3.24697e+1, 0.00000e+0, 3.78593e+0, 0.00000e+0, 3.27232e+0, 0.00000e+0, 2.00000e+1, 0.00000e+0, 2.00000e+1, 0.00000e+0, 3, 1, 
06/28/2023 15:22:40.175, 06/28/2023 15:22:40.120, 4.15813e+0, 0.00000e+0, 9.79365e+1, 0.00000e+0, 1.96827e+0, 0.00000e+0, 2.13166e+4, 0.00000e+0, 5.51048e+2, 0.00000e+0, 2.01114e+0, 0.00000e+0, 5.63050e+2, 0.00000e+0, 4.81536e+2, 0.00000e+0, 3.21308e+1, 0.00000e+0, 3.24644e+1, 0.00000e+0, 3.78654e+0, 0.00000e+0, 3.27151e+0, 0.00000e+0, 2.00000e+1, 0.00000e+0, 2.00000e+1, 0.00000e+0, 3, 1, 
06/28/2023 15:22:41.171, 06/28/2023 15:22:41.113, 4.15819e+0, 0.00000e+0, 9.79446e+1, 0.00000e+0, 1.96747e+0, 0.00000e+0, 2.13915e+4, 0.00000e+0, 5.51219e+2, 0.00000e+0, 2.01048e+0, 0.00000e+0, 5.63268e+2, 0.00000e+0, 4.81577e+2, 0.00000e+0, 3.21372e+1, 0.00000e+0, 3.24596e+1, 0.00000e+0, 3.78782e+0, 0.00000e+0, 3.27113e+0, 0.00000e+0, 2.00000e+1, 0.00000e+0, 2.00000e+1, 0.00000e+0, 3, 1, 
06/28/2023 15:22:42.165, 06/28/2023 15:22:42.108, 4.15819e+0, 0.00000e+0, 9.79449e+1, 0.00000e+0, 1.97077e+0, 0.00000e+0, 2.14603e+4, 0.00000e+0, 5.49817e+2, 0.00000e+0, 2.01399e+0, 0.00000e+0, 5.61875e+2, 0.00000e+0, 4.81605e+2, 0.00000e+0, 3.21372e+1, 0.00000e+0, 3.24588e+1, 0.00000e+0, 3.78586e+0, 0.00000e+0, 3.27133e+0, 0.00000e+0, 2.00000e+1, 0.00000e+0, 2.00000e+1, 0.00000e+0, 3, 1, 
06/28/2023 15:22:43.189, 06/28/2023 15:22:43.103, 4.15832e+0, 0.00000e+0, 9.79636e+1, 0.00000e+0, 1.96835e+0, 0.00000e+0, 2.14001e+4, 0.00000e+0, 5.47559e+2, 0.00000e+0, 2.01139e+0, 0.00000e+0, 5.59533e+2, 0.00000e+0, 4.81612e+2, 0.00000e+0, 3.21345e+1, 0.00000e+0, 3.24582e+1, 0.00000e+0, 3.78701e+0, 0.00000e+0, 3.27131e+0, 0.00000e+0, 2.00000e+1, 0.00000e+0, 2.00000e+1, 0.00000e+0, 3, 1, 
06/28/2023 15:22:44.153, 06/28/2023 15:22:44.098, 4.15807e+0, 0.00000e+0, 9.79269e+1, 0.00000e+0, 1.96702e+0, 0.00000e+0, 2.12173e+4, 0.00000e+0, 5.45074e+2, 0.00000e+0, 2.00966e+0, 0.00000e+0, 5.56889e+2, 0.00000e+0, 4.81606e+2, 0.00000e+0, 3.21318e+1, 0.00000e+0, 3.24475e+1, 0.00000e+0, 3.78633e+0, 0.00000e+0, 3.27146e+0, 0.00000e+0, 2.00000e+1, 0.00000e+0, 2.00000e+1, 0.00000e+0, 3, 1, 
06/28/2023 15:22:45.151, 06/28/2023 15:22:45.093, 4.15827e+0, 0.00000e+0, 9.79564e+1, 0.00000e+0, 1.97118e+0, 0.00000e+0, 2.12235e+4, 0.00000e+0, 5.43939e+2, 0.00000e+0, 2.01392e+0, 0.00000e+0, 5.55734e+2, 0.00000e+0, 4.81436e+2, 0.00000e+0, 3.21295e+1, 0.00000e+0, 3.24501e+1, 0.00000e+0, 3.78635e+0, 0.00000e+0, 3.27069e+0, 0.00000e+0, 2.00000e+1, 0.00000e+0, 2.00000e+1, 0.00000e+0, 3, 1, 
06/28/2023 15:22:46.138, 06/28/2023 15:22:46.087, 4.15822e+0, 0.00000e+0, 9.79497e+1, 0.00000e+0, 1.96703e+0, 0.00000e+0, 2.13052e+4, 0.00000e+0, 5.42848e+2, 0.00000e+0, 2.00985e+0, 0.00000e+0, 5.54665e+2, 0.00000e+0, 4.81519e+2, 0.00000e+0, 3.21269e+1, 0.00000e+0, 3.24478e+1, 0.00000e+0, 3.78631e+0, 0.00000e+0, 3.27074e+0, 0.00000e+0, 2.00000e+1, 0.00000e+0, 2.00000e+1, 0.00000e+0, 3, 1, 
06/28/2023 15:22:47.134, 06/28/2023 15:22:47.081, 4.15830e+0, 0.00000e+0, 9.79616e+1, 0.00000e+0, 1.96650e+0, 0.00000e+0, 2.10209e+4, 0.00000e+0, 5.40848e+2, 0.00000e+0, 2.00872e+0, 0.00000e+0, 5.52462e+2, 0.00000e+0, 4.81534e+2, 0.00000e+0, 3.21243e+1, 0.00000e+0, 3.24437e+1, 0.00000e+0, 3.78659e+0, 0.00000e+0, 3.27147e+0, 0.00000e+0, 2.00000e+1, 0.00000e+0, 2.00000e+1, 0.00000e+0, 3, 1, 
06/28/2023 15:22:48.134, 06/28/2023 15:22:48.076, 4.15825e+0, 0.00000e+0, 9.79541e+1, 0.00000e+0, 1.96785e+0, 0.00000e+0, 2.10985e+4, 0.00000e+0, 5.41992e+2, 0.00000e+0, 2.01027e+0, 0.00000e+0, 5.53673e+2, 0.00000e+0, 4.81653e+2, 0.00000e+0, 3.21252e+1, 0.00000e+0, 3.24433e+1, 0.00000e+0, 3.78619e+0, 0.00000e+0, 3.27101e+0, 0.00000e+0, 2.00000e+1, 0.00000e+0, 2.00000e+1, 0.00000e+0, 3, 2, 
06/28/2023 15:22:49.124, 06/28/2023 15:22:49.070, 4.15827e+0, 0.00000e+0, 9.79573e+1, 0.00000e+0, 1.96938e+0, 0.00000e+0, 2.09763e+4, 0.00000e+0, 5.41926e+2, 0.00000e+0, 2.01157e+0, 0.00000e+0, 5.53537e+2, 0.00000e+0, 4.81736e+2, 0.00000e+0, 3.21248e+1, 0.00000e+0, 3.24364e+1, 0.00000e+0, 3.78640e+0, 0.00000e+0, 3.27053e+0, 0.00000e+0, 2.00000e+1, 0.00000e+0, 2.00000e+1, 0.00000e+0, 3, 2, 
06/28/2023 15:22:50.124, 06/28/2023 15:22:50.064, 4.15812e+0, 0.00000e+0, 9.79340e+1, 0.00000e+0, 1.96920e+0, 0.00000e+0, 2.09296e+4, 0.00000e+0, 5.41309e+2, 0.00000e+0, 2.01130e+0, 0.00000e+0, 5.52881e+2, 0.00000e+0, 4.81554e+2, 0.00000e+0, 3.21550e+1, 0.00000e+0, 3.24336e+1, 0.00000e+0, 3.78559e+0, 0.00000e+0, 3.27152e+0, 0.00000e+0, 2.00000e+1, 0.00000e+0, 5.00000e+0, 0.00000e+0, 3, 2, 
06/28/2023 15:22:51.117, 06/28/2023 15:22:51.058, 4.15823e+0, 0.00000e+0, 9.79507e+1, 0.00000e+0, 1.96539e+0, 0.00000e+0, 2.09447e+4, 0.00000e+0, 5.42107e+2, 0.00000e+0, 2.00744e+0, 0.00000e+0, 5.53704e+2, 0.00000e+0, 4.81651e+2, 0.00000e+0, 3.21260e+1, 0.00000e+0, 3.24332e+1, 0.00000e+0, 3.78709e+0, 0.00000e+0, 3.27104e+0, 0.00000e+0, 2.00000e+1, 0.00000e+0, 5.00000e+0, 0.00000e+0, 3, 2, 
06/28/2023 15:22:52.116, 06/28/2023 15:22:52.054, 4.15822e+0, 0.00000e+0, 9.79487e+1, 0.00000e+0, 1.96651e+0, 0.00000e+0, 2.09514e+4, 0.00000e+0, 5.42472e+2, 0.00000e+0, 2.00859e+0, 0.00000e+0, 5.54081e+2, 0.00000e+0, 4.81721e+2, 0.00000e+0, 3.21284e+1, 0.00000e+0, 3.24334e+1, 0.00000e+0, 3.78691e+0, 0.00000e+0, 3.27053e+0, 0.00000e+0, 2.00000e+1, 0.00000e+0, 5.00000e+0, 0.00000e+0, 3, 2, 
06/28/2023 15:22:53.099, 06/28/2023 15:22:53.049, 4.15814e+0, 0.00000e+0, 9.79368e+1, 0.00000e+0, 1.97031e+0, 0.00000e+0, 2.09254e+4, 0.00000e+0, 5.42661e+2, 0.00000e+0, 2.01242e+0, 0.00000e+0, 5.54259e+2, 0.00000e+0, 4.81616e+2, 0.00000e+0, 3.21394e+1, 0.00000e+0, 3.24325e+1, 0.00000e+0, 3.78726e+0, 0.00000e+0, 3.27187e+0, 0.00000e+0, 2.00000e+1, 0.00000e+0, 5.00000e+0, 0.00000e+0, 3, 2, 
06/28/2023 15:22:54.114, 06/28/2023 15:22:54.042, 4.15828e+0, 0.00000e+0, 9.79581e+1, 0.00000e+0, 1.96471e+0, 0.00000e+0, 2.07797e+4, 0.00000e+0, 5.44078e+2, 0.00000e+0, 2.00641e+0, 0.00000e+0, 5.55623e+2, 0.00000e+0, 4.81682e+2, 0.00000e+0, 3.21311e+1, 0.00000e+0, 3.24401e+1, 0.00000e+0, 3.78674e+0, 0.00000e+0, 3.27110e+0, 0.00000e+0, 2.00000e+1, 0.00000e+0, 5.00000e+0, 0.00000e+0, 3, 2, 
06/28/2023 15:22:55.104, 06/28/2023 15:22:55.037, 4.15828e+0, 0.00000e+0, 9.79588e+1, 0.00000e+0, 1.96888e+0, 0.00000e+0, 2.08790e+4, 0.00000e+0, 5.43516e+2, 0.00000e+0, 2.01087e+0, 0.00000e+0, 5.55106e+2, 0.00000e+0, 4.81579e+2, 0.00000e+0, 3.21295e+1, 0.00000e+0, 3.24342e+1, 0.00000e+0, 3.78642e+0, 0.00000e+0, 3.27069e+0, 0.00000e+0, 2.00000e+1, 0.00000e+0, 5.00000e+0, 0.00000e+0, 3, 2, 
06/28/2023 15:22:56.089, 06/28/2023 15:22:56.031, 4.15802e+0, 0.00000e+0, 9.79198e+1, 0.00000e+0, 1.96985e+0, 0.00000e+0, 2.09341e+4, 0.00000e+0, 5.44545e+2, 0.00000e+0, 2.01196e+0, 0.00000e+0, 5.56188e+2, 0.00000e+0, 4.81702e+2, 0.00000e+0, 3.21707e+1, 0.00000e+0, 3.24321e+1, 0.00000e+0, 3.78725e+0, 0.00000e+0, 3.27123e+0, 0.00000e+0, 2.00000e+1, 0.00000e+0, 5.00000e+0, 0.00000e+0, 3, 2, 
06/28/2023 15:22:57.111, 06/28/2023 15:22:57.027, 4.15816e+0, 0.00000e+0, 9.79407e+1, 0.00000e+0, 1.96581e+0, 0.00000e+0, 2.08726e+4, 0.00000e+0, 5.43068e+2, 0.00000e+0, 2.00772e+0, 0.00000e+0, 5.54645e+2, 0.00000e+0, 4.81697e+2, 0.00000e+0, 3.21348e+1, 0.00000e+0, 3.24339e+1, 0.00000e+0, 3.78675e+0, 0.00000e+0, 3.27116e+0, 0.00000e+0, 2.00000e+1, 0.00000e+0, 5.00000e+0, 0.00000e+0, 3, 2, 
06/28/2023 15:22:58.091, 06/28/2023 15:22:58.021, 4.15835e+0, 0.00000e+0, 9.79680e+1, 0.00000e+0, 1.96358e+0, 0.00000e+0, 2.09874e+4, 0.00000e+0, 5.44146e+2, 0.00000e+0, 2.00567e+0, 0.00000e+0, 5.55811e+2, 0.00000e+0, 4.81768e+2, 0.00000e+0, 3.21407e+1, 0.00000e+0, 3.24320e+1, 0.00000e+0, 3.78702e+0, 0.00000e+0, 3.27044e+0, 0.00000e+0, 2.00000e+1, 0.00000e+0, 5.00000e+0, 0.00000e+0, 3, 2, 
06/28/2023 15:22:59.072, 06/28/2023 15:22:59.015, 4.15831e+0, 0.00000e+0, 9.79622e+1, 0.00000e+0, 1.96719e+0, 0.00000e+0, 2.09245e+4, 0.00000e+0, 5.44600e+2, 0.00000e+0, 2.00924e+0, 0.00000e+0, 5.56239e+2, 0.00000e+0, 4.81715e+2, 0.00000e+0, 3.21237e+1, 0.00000e+0, 3.24326e+1, 0.00000e+0, 3.78711e+0, 0.00000e+0, 3.27050e+0, 0.00000e+0, 2.00000e+1, 0.00000e+0, 5.00000e+0, 0.00000e+0, 3, 2, 
06/28/2023 15:23:00.066, 06/28/2023 15:23:00.009, 4.15831e+0, 0.00000e+0, 9.79629e+1, 0.00000e+0, 1.96449e+0, 0.00000e+0, 2.08695e+4, 0.00000e+0, 5.44448e+2, 0.00000e+0, 2.00636e+0, 0.00000e+0, 5.56052e+2, 0.00000e+0, 4.81695e+2, 0.00000e+0, 3.21225e+1, 0.00000e+0, 3.24365e+1, 0.00000e+0, 3.78684e+0, 0.00000e+0, 3.27009e+0, 0.00000e+0, 2.00000e+1, 0.00000e+0, 5.00000e+0, 0.00000e+0, 3, 2, 
06/28/2023 15:23:01.070, 06/28/2023 15:23:01.004, 4.15825e+0, 0.00000e+0, 9.79546e+1, 0.00000e+0, 1.97030e+0, 0.00000e+0, 2.08505e+4, 0.00000e+0, 5.45149e+2, 0.00000e+0, 2.01225e+0, 0.00000e+0, 5.56757e+2, 0.00000e+0, 4.81672e+2, 0.00000e+0, 3.21402e+1, 0.00000e+0, 3.24379e+1, 0.00000e+0, 3.78713e+0, 0.00000e+0, 3.26990e+0, 0.00000e+0, 2.00000e+1, 0.00000e+0, 5.00000e+0, 0.00000e+0, 3, 2, 
06/28/2023 15:23:02.055, 06/28/2023 15:23:02.000, 4.15828e+0, 0.00000e+0, 9.79584e+1, 0.00000e+0, 1.96403e+0, 0.00000e+0, 2.10247e+4, 0.00000e+0, 5.45951e+2, 0.00000e+0, 2.00621e+0, 0.00000e+0, 5.57676e+2, 0.00000e+0, 4.81767e+2, 0.00000e+0, 3.21471e+1, 0.00000e+0, 3.24337e+1, 0.00000e+0, 3.78621e+0, 0.00000e+0, 3.27049e+0, 0.00000e+0, 2.00000e+1, 0.00000e+0, 5.00000e+0, 0.00000e+0, 3, 2, 
06/28/2023 15:23:03.051, 06/28/2023 15:23:02.993, 4.15823e+0, 0.00000e+0, 9.79508e+1, 0.00000e+0, 1.96957e+0, 0.00000e+0, 2.11101e+4, 0.00000e+0, 5.48296e+2, 0.00000e+0, 2.01204e+0, 0.00000e+0, 5.60120e+2, 0.00000e+0, 4.81761e+2, 0.00000e+0, 3.21287e+1, 0.00000e+0, 3.24328e+1, 0.00000e+0, 3.78627e+0, 0.00000e+0, 3.27039e+0, 0.00000e+0, 2.00000e+1, 0.00000e+0, 5.00000e+0, 0.00000e+0, 3, 2, 
06/28/2023 15:23:04.050, 06/28/2023 15:23:03.995, 4.15831e+0, 0.00000e+0, 9.79632e+1, 0.00000e+0, 1.96752e+0, 0.00000e+0, 2.11118e+4, 0.00000e+0, 5.46381e+2, 0.00000e+0, 2.00995e+0, 0.00000e+0, 5.58165e+2, 0.00000e+0, 4.81692e+2, 0.00000e+0, 3.21248e+1, 0.00000e+0, 3.24333e+1, 0.00000e+0, 3.78613e+0, 0.00000e+0, 3.27039e+0, 0.00000e+0, 2.00000e+1, 0.00000e+0, 5.00000e+0, 0.00000e+0, 3, 2, 
06/28/2023 15:23:05.049, 06/28/2023 15:23:04.990, 4.15817e+0, 0.00000e+0, 9.79421e+1, 0.00000e+0, 1.97016e+0, 0.00000e+0, 2.10722e+4, 0.00000e+0, 5.47357e+2, 0.00000e+0, 2.01257e+0, 0.00000e+0, 5.59140e+2, 0.00000e+0, 4.81494e+2, 0.00000e+0, 3.21309e+1, 0.00000e+0, 3.24280e+1, 0.00000e+0, 3.78643e+0, 0.00000e+0, 3.27002e+0, 0.00000e+0, 2.00000e+1, 0.00000e+0, 5.00000e+0, 0.00000e+0, 3, 2, 
06/28/2023 15:23:06.044, 06/28/2023 15:23:05.985, 4.15831e+0, 0.00000e+0, 9.79626e+1, 0.00000e+0, 1.96864e+0, 0.00000e+0, 2.11408e+4, 0.00000e+0, 5.47031e+2, 0.00000e+0, 2.01116e+0, 0.00000e+0, 5.58845e+2, 0.00000e+0, 4.81765e+2, 0.00000e+0, 3.21205e+1, 0.00000e+0, 3.24326e+1, 0.00000e+0, 3.78658e+0, 0.00000e+0, 3.26978e+0, 0.00000e+0, 2.00000e+1, 0.00000e+0, 5.00000e+0, 0.00000e+0, 3, 2, 
06/28/2023 15:23:07.040, 06/28/2023 15:23:06.979, 4.15829e+0, 0.00000e+0, 9.79602e+1, 0.00000e+0, 1.96738e+0, 0.00000e+0, 2.10393e+4, 0.00000e+0, 5.45090e+2, 0.00000e+0, 2.00966e+0, 0.00000e+0, 5.56805e+2, 0.00000e+0, 4.81600e+2, 0.00000e+0, 3.21177e+1, 0.00000e+0, 3.24384e+1, 0.00000e+0, 3.78719e+0, 0.00000e+0, 3.27082e+0, 0.00000e+0, 2.00000e+1, 0.00000e+0, 5.00000e+0, 0.00000e+0, 3, 2, 
06/28/2023 15:23:08.026, 06/28/2023 15:23:07.974, 4.15824e+0, 0.00000e+0, 9.79519e+1, 0.00000e+0, 1.96977e+0, 0.00000e+0, 2.09791e+4, 0.00000e+0, 5.47572e+2, 0.00000e+0, 2.01198e+0, 0.00000e+0, 5.59306e+2, 0.00000e+0, 4.81391e+2, 0.00000e+0, 3.21174e+1, 0.00000e+0, 3.24345e+1, 0.00000e+0, 3.78705e+0, 0.00000e+0, 3.27038e+0, 0.00000e+0, 2.00000e+1, 0.00000e+0, 5.00000e+0, 0.00000e+0, 3, 2, 
06/28/2023 15:23:09.033, 06/28/2023 15:23:08.967, 4.15834e+0, 0.00000e+0, 9.79669e+1, 0.00000e+0, 1.97020e+0, 0.00000e+0, 2.10115e+4, 0.00000e+0, 5.47700e+2, 0.00000e+0, 2.01248e+0, 0.00000e+0, 5.59455e+2, 0.00000e+0, 4.81530e+2, 0.00000e+0, 3.21205e+1, 0.00000e+0, 3.24283e+1, 0.00000e+0, 3.78629e+0, 0.00000e+0, 3.26998e+0, 0.00000e+0, 2.00000e+1, 0.00000e+0, 5.00000e+0, 0.00000e+0, 3, 2, 
06/28/2023 15:23:10.022, 06/28/2023 15:23:09.963, 4.15831e+0, 0.00000e+0, 9.79631e+1, 0.00000e+0, 1.96600e+0, 0.00000e+0, 2.09538e+4, 0.00000e+0, 5.45209e+2, 0.00000e+0, 2.00808e+0, 0.00000e+0, 5.56878e+2, 0.00000e+0, 4.81706e+2, 0.00000e+0, 3.21255e+1, 0.00000e+0, 3.24281e+1, 0.00000e+0, 3.78683e+0, 0.00000e+0, 3.27058e+0, 0.00000e+0, 2.00000e+1, 0.00000e+0, 5.00000e+0, 0.00000e+0, 3, 2, 
06/28/2023 15:23:11.035, 06/28/2023 15:23:10.957, 4.15826e+0, 0.00000e+0, 9.79550e+1, 0.00000e+0, 1.96915e+0, 0.00000e+0, 2.07822e+4, 0.00000e+0, 5.43995e+2, 0.00000e+0, 2.01094e+0, 0.00000e+0, 5.55540e+2, 0.00000e+0, 4.81784e+2, 0.00000e+0, 3.21111e+1, 0.00000e+0, 3.24149e+1, 0.00000e+0, 3.78618e+0, 0.00000e+0, 3.26997e+0, 0.00000e+0, 2.00000e+1, 0.00000e+0, 5.00000e+0, 0.00000e+0, 3, 2, 
06/28/2023 15:23:12.009, 06/28/2023 15:23:11.950, 4.15840e+0, 0.00000e+0, 9.79767e+1, 0.00000e+0, 1.96711e+0, 0.00000e+0, 2.10102e+4, 0.00000e+0, 5.45370e+2, 0.00000e+0, 2.00932e+0, 0.00000e+0, 5.57075e+2, 0.00000e+0, 4.81840e+2, 0.00000e+0, 3.21069e+1, 0.00000e+0, 3.24186e+1, 0.00000e+0, 3.78729e+0, 0.00000e+0, 3.26952e+0, 0.00000e+0, 2.00000e+1, 0.00000e+0, 5.00000e+0, 0.00000e+0, 3, 2, 
06/28/2023 15:23:13.008, 06/28/2023 15:23:12.945, 4.15837e+0, 0.00000e+0, 9.79713e+1, 0.00000e+0, 1.96993e+0, 0.00000e+0, 2.09153e+4, 0.00000e+0, 5.45321e+2, 0.00000e+0, 2.01201e+0, 0.00000e+0, 5.56971e+2, 0.00000e+0, 4.81735e+2, 0.00000e+0, 3.20986e+1, 0.00000e+0, 3.24106e+1, 0.00000e+0, 3.78626e+0, 0.00000e+0, 3.26961e+0, 0.00000e+0, 2.00000e+1, 0.00000e+0, 5.00000e+0, 0.00000e+0, 3, 2, 
06/28/2023 15:23:13.995, 06/28/2023 15:23:13.939, 4.15816e+0, 0.00000e+0, 9.79410e+1, 0.00000e+0, 1.96725e+0, 0.00000e+0, 2.09984e+4, 0.00000e+0, 5.44608e+2, 0.00000e+0, 2.00944e+0, 0.00000e+0, 5.56289e+2, 0.00000e+0, 4.81633e+2, 0.00000e+0, 3.21013e+1, 0.00000e+0, 3.24083e+1, 0.00000e+0, 3.78651e+0, 0.00000e+0, 3.27026e+0, 0.00000e+0, 2.00000e+1, 0.00000e+0, 5.00000e+0, 0.00000e+0, 3, 2, 
06/28/2023 15:23:15.044, 06/28/2023 15:23:14.935, 4.15829e+0, 0.00000e+0, 9.79604e+1, 0.00000e+0, 1.96998e+0, 0.00000e+0, 2.08709e+4, 0.00000e+0, 5.43866e+2, 0.00000e+0, 2.01198e+0, 0.00000e+0, 5.55459e+2, 0.00000e+0, 4.81810e+2, 0.00000e+0, 3.21010e+1, 0.00000e+0, 3.24095e+1, 0.00000e+0, 3.78650e+0, 0.00000e+0, 3.26976e+0, 0.00000e+0, 2.00000e+1, 0.00000e+0, 5.00000e+0, 0.00000e+0, 3, 2, 
06/28/2023 15:23:15.984, 06/28/2023 15:23:15.930, 4.15829e+0, 0.00000e+0, 9.79597e+1, 0.00000e+0, 1.96585e+0, 0.00000e+0, 2.08388e+4, 0.00000e+0, 5.45592e+2, 0.00000e+0, 2.00769e+0, 0.00000e+0, 5.57203e+2, 0.00000e+0, 4.81759e+2, 0.00000e+0, 3.21118e+1, 0.00000e+0, 3.24052e+1, 0.00000e+0, 3.78647e+0, 0.00000e+0, 3.27021e+0, 0.00000e+0, 2.00000e+1, 0.00000e+0, 5.00000e+0, 0.00000e+0, 3, 2, 
06/28/2023 15:23:16.991, 06/28/2023 15:23:16.930, 4.15842e+0, 0.00000e+0, 9.79794e+1, 0.00000e+0, 1.97120e+0, 0.00000e+0, 2.10628e+4, 0.00000e+0, 5.44131e+2, 0.00000e+0, 2.01361e+0, 0.00000e+0, 5.55838e+2, 0.00000e+0, 4.81714e+2, 0.00000e+0, 3.21180e+1, 0.00000e+0, 3.24126e+1, 0.00000e+0, 3.78488e+0, 0.00000e+0, 3.27080e+0, 0.00000e+0, 2.00000e+1, 0.00000e+0, 5.00000e+0, 0.00000e+0, 3, 2, 
06/28/2023 15:23:17.978, 06/28/2023 15:23:17.925, 4.15821e+0, 0.00000e+0, 9.79484e+1, 0.00000e+0, 1.97078e+0, 0.00000e+0, 2.10393e+4, 0.00000e+0, 5.43800e+2, 0.00000e+0, 2.01313e+0, 0.00000e+0, 5.55487e+2, 0.00000e+0, 4.81749e+2, 0.00000e+0, 3.21240e+1, 0.00000e+0, 3.24103e+1, 0.00000e+0, 3.78581e+0, 0.00000e+0, 3.26994e+0, 0.00000e+0, 2.00000e+1, 0.00000e+0, 5.00000e+0, 0.00000e+0, 3, 2, 
06/28/2023 15:23:18.976, 06/28/2023 15:23:18.919, 4.15837e+0, 0.00000e+0, 9.79724e+1, 0.00000e+0, 1.96796e+0, 0.00000e+0, 2.11971e+4, 0.00000e+0, 5.43824e+2, 0.00000e+0, 2.01057e+0, 0.00000e+0, 5.55601e+2, 0.00000e+0, 4.81710e+2, 0.00000e+0, 3.21133e+1, 0.00000e+0, 3.24084e+1, 0.00000e+0, 3.78672e+0, 0.00000e+0, 3.27007e+0, 0.00000e+0, 2.00000e+1, 0.00000e+0, 5.00000e+0, 0.00000e+0, 3, 2, 
06/28/2023 15:23:19.991, 06/28/2023 15:23:19.914, 4.15839e+0, 0.00000e+0, 9.79747e+1, 0.00000e+0, 1.97046e+0, 0.00000e+0, 2.09829e+4, 0.00000e+0, 5.44396e+2, 0.00000e+0, 2.01269e+0, 0.00000e+0, 5.56064e+2, 0.00000e+0, 4.81699e+2, 0.00000e+0, 3.21194e+1, 0.00000e+0, 3.24054e+1, 0.00000e+0, 3.78591e+0, 0.00000e+0, 3.26985e+0, 0.00000e+0, 2.00000e+1, 0.00000e+0, 5.00000e+0, 0.00000e+0, 3, 2, 
06/28/2023 15:23:20.964, 06/28/2023 15:23:20.909, 4.15848e+0, 0.00000e+0, 9.79885e+1, 0.00000e+0, 1.96883e+0, 0.00000e+0, 2.08405e+4, 0.00000e+0, 5.44458e+2, 0.00000e+0, 2.01074e+0, 0.00000e+0, 5.56046e+2, 0.00000e+0, 4.81707e+2, 0.00000e+0, 3.21149e+1, 0.00000e+0, 3.24057e+1, 0.00000e+0, 3.78580e+0, 0.00000e+0, 3.26914e+0, 0.00000e+0, 2.00000e+1, 0.00000e+0, 5.00000e+0, 0.00000e+0, 3, 2, 
06/28/2023 15:23:21.961, 06/28/2023 15:23:21.902, 4.15844e+0, 0.00000e+0, 9.79824e+1, 0.00000e+0, 1.96995e+0, 0.00000e+0, 2.06835e+4, 0.00000e+0, 5.44669e+2, 0.00000e+0, 2.01155e+0, 0.00000e+0, 5.56173e+2, 0.00000e+0, 4.81675e+2, 0.00000e+0, 3.21228e+1, 0.00000e+0, 3.24096e+1, 0.00000e+0, 3.78649e+0, 0.00000e+0, 3.26888e+0, 0.00000e+0, 2.00000e+1, 0.00000e+0, 5.00000e+0, 0.00000e+0, 3, 2, 
06/28/2023 15:23:22.958, 06/28/2023 15:23:22.898, 4.15819e+0, 0.00000e+0, 9.79447e+1, 0.00000e+0, 1.96679e+0, 0.00000e+0, 2.09360e+4, 0.00000e+0, 5.44316e+2, 0.00000e+0, 2.00885e+0, 0.00000e+0, 5.55955e+2, 0.00000e+0, 4.81687e+2, 0.00000e+0, 3.21229e+1, 0.00000e+0, 3.24128e+1, 0.00000e+0, 3.78517e+0, 0.00000e+0, 3.27025e+0, 0.00000e+0, 2.00000e+1, 0.00000e+0, 5.00000e+0, 0.00000e+0, 3, 2, 
06/28/2023 15:23:23.950, 06/28/2023 15:23:23.891, 4.15830e+0, 0.00000e+0, 9.79613e+1, 0.00000e+0, 1.96905e+0, 0.00000e+0, 2.06898e+4, 0.00000e+0, 5.44439e+2, 0.00000e+0, 2.01064e+0, 0.00000e+0, 5.55941e+2, 0.00000e+0, 4.81667e+2, 0.00000e+0, 3.21018e+1, 0.00000e+0, 3.24019e+1, 0.00000e+0, 3.78590e+0, 0.00000e+0, 3.27035e+0, 0.00000e+0, 2.00000e+1, 0.00000e+0, 5.00000e+0, 0.00000e+0, 3, 2, 
06/28/2023 15:23:24.945, 06/28/2023 15:23:24.887, 4.15831e+0, 0.00000e+0, 9.79630e+1, 0.00000e+0, 1.96600e+0, 0.00000e+0, 2.06638e+4, 0.00000e+0, 5.44141e+2, 0.00000e+0, 2.00748e+0, 0.00000e+0, 5.55622e+2, 0.00000e+0, 4.81742e+2, 0.00000e+0, 3.21035e+1, 0.00000e+0, 3.24028e+1, 0.00000e+0, 3.78667e+0, 0.00000e+0, 3.27058e+0, 0.00000e+0, 2.00000e+1, 0.00000e+0, 5.00000e+0, 0.00000e+0, 3, 2, 
06/28/2023 15:23:25.939, 06/28/2023 15:23:25.882, 4.15831e+0, 0.00000e+0, 9.79624e+1, 0.00000e+0, 1.96767e+0, 0.00000e+0, 2.06404e+4, 0.00000e+0, 5.44270e+2, 0.00000e+0, 2.00914e+0, 0.00000e+0, 5.55741e+2, 0.00000e+0, 4.81557e+2, 0.00000e+0, 3.21009e+1, 0.00000e+0, 3.24086e+1, 0.00000e+0, 3.78656e+0, 0.00000e+0, 3.27025e+0, 0.00000e+0, 2.00000e+1, 0.00000e+0, 5.00000e+0, 0.00000e+0, 3, 2, 
06/28/2023 15:23:26.947, 06/28/2023 15:23:26.876, 4.15839e+0, 0.00000e+0, 9.79748e+1, 0.00000e+0, 1.96264e+0, 0.00000e+0, 2.08208e+4, 0.00000e+0, 5.43421e+2, 0.00000e+0, 2.00437e+0, 0.00000e+0, 5.54976e+2, 0.00000e+0, 4.81513e+2, 0.00000e+0, 3.20995e+1, 0.00000e+0, 3.24132e+1, 0.00000e+0, 3.78661e+0, 0.00000e+0, 3.27041e+0, 0.00000e+0, 2.00000e+1, 0.00000e+0, 5.00000e+0, 0.00000e+0, 3, 2, 
06/28/2023 15:23:27.929, 06/28/2023 15:23:27.870, 4.15835e+0, 0.00000e+0, 9.79693e+1, 0.00000e+0, 1.96760e+0, 0.00000e+0, 2.06204e+4, 0.00000e+0, 5.43408e+2, 0.00000e+0, 2.00902e+0, 0.00000e+0, 5.54850e+2, 0.00000e+0, 4.81556e+2, 0.00000e+0, 3.20934e+1, 0.00000e+0, 3.24017e+1, 0.00000e+0, 3.78664e+0, 0.00000e+0, 3.27034e+0, 0.00000e+0, 2.00000e+1, 0.00000e+0, 5.00000e+0, 0.00000e+0, 3, 2, 
06/28/2023 15:23:28.918, 06/28/2023 15:23:28.865, 4.15830e+0, 0.00000e+0, 9.79609e+1, 0.00000e+0, 1.96875e+0, 0.00000e+0, 2.08169e+4, 0.00000e+0, 5.44753e+2, 0.00000e+0, 2.01060e+0, 0.00000e+0, 5.56334e+2, 0.00000e+0, 4.81575e+2, 0.00000e+0, 3.21090e+1, 0.00000e+0, 3.24078e+1, 0.00000e+0, 3.78751e+0, 0.00000e+0, 3.27006e+0, 0.00000e+0, 2.00000e+1, 0.00000e+0, 5.00000e+0, 0.00000e+0, 3, 2, 
06/28/2023 15:23:29.915, 06/28/2023 15:23:29.859, 4.15846e+0, 0.00000e+0, 9.79854e+1, 0.00000e+0, 1.97020e+0, 0.00000e+0, 2.07852e+4, 0.00000e+0, 5.43527e+2, 0.00000e+0, 2.01202e+0, 0.00000e+0, 5.55064e+2, 0.00000e+0, 4.81881e+2, 0.00000e+0, 3.21046e+1, 0.00000e+0, 3.24037e+1, 0.00000e+0, 3.78642e+0, 0.00000e+0, 3.26980e+0, 0.00000e+0, 2.00000e+1, 0.00000e+0, 5.00000e+0, 0.00000e+0, 3, 2, 
06/28/2023 15:23:30.908, 06/28/2023 15:23:30.854, 4.15840e+0, 0.00000e+0, 9.79761e+1, 0.00000e+0, 1.96683e+0, 0.00000e+0, 2.07494e+4, 0.00000e+0, 5.43975e+2, 0.00000e+0, 2.00851e+0, 0.00000e+0, 5.55501e+2, 0.00000e+0, 4.81942e+2, 0.00000e+0, 3.20908e+1, 0.00000e+0, 3.24055e+1, 0.00000e+0, 3.78677e+0, 0.00000e+0, 3.27065e+0, 0.00000e+0, 2.00000e+1, 0.00000e+0, 5.00000e+0, 0.00000e+0, 3, 2, 
06/28/2023 15:23:31.907, 06/28/2023 15:23:31.849, 4.15836e+0, 0.00000e+0, 9.79704e+1, 0.00000e+0, 1.96967e+0, 0.00000e+0, 2.07727e+4, 0.00000e+0, 5.44414e+2, 0.00000e+0, 2.01146e+0, 0.00000e+0, 5.55963e+2, 0.00000e+0, 4.81948e+2, 0.00000e+0, 3.21020e+1, 0.00000e+0, 3.24117e+1, 0.00000e+0, 3.78631e+0, 0.00000e+0, 3.26937e+0, 0.00000e+0, 2.00000e+1, 0.00000e+0, 5.00000e+0, 0.00000e+0, 3, 2, 
06/28/2023 15:23:32.905, 06/28/2023 15:23:32.843, 4.15846e+0, 0.00000e+0, 9.79845e+1, 0.00000e+0, 1.96726e+0, 0.00000e+0, 2.05901e+4, 0.00000e+0, 5.44976e+2, 0.00000e+0, 2.00861e+0, 0.00000e+0, 5.56433e+2, 0.00000e+0, 4.81948e+2, 0.00000e+0, 3.20910e+1, 0.00000e+0, 3.24089e+1, 0.00000e+0, 3.78619e+0, 0.00000e+0, 3.27032e+0, 0.00000e+0, 2.00000e+1, 0.00000e+0, 5.00000e+0, 0.00000e+0, 3, 2, 
06/28/2023 15:23:33.892, 06/28/2023 15:23:33.837, 4.15857e+0, 0.00000e+0, 9.80016e+1, 0.00000e+0, 1.97177e+0, 0.00000e+0, 2.05813e+4, 0.00000e+0, 5.43263e+2, 0.00000e+0, 2.01320e+0, 0.00000e+0, 5.54679e+2, 0.00000e+0, 4.81922e+2, 0.00000e+0, 3.20868e+1, 0.00000e+0, 3.24120e+1, 0.00000e+0, 3.78639e+0, 0.00000e+0, 3.26978e+0, 0.00000e+0, 2.00000e+1, 0.00000e+0, 5.00000e+0, 0.00000e+0, 3, 2, 
06/28/2023 15:23:34.887, 06/28/2023 15:23:34.832, 4.15848e+0, 0.00000e+0, 9.79885e+1, 0.00000e+0, 1.96898e+0, 0.00000e+0, 2.05340e+4, 0.00000e+0, 5.44133e+2, 0.00000e+0, 2.01025e+0, 0.00000e+0, 5.55540e+2, 0.00000e+0, 4.81733e+2, 0.00000e+0, 3.20844e+1, 0.00000e+0, 3.24101e+1, 0.00000e+0, 3.78719e+0, 0.00000e+0, 3.27079e+0, 0.00000e+0, 2.00000e+1, 0.00000e+0, 5.00000e+0, 0.00000e+0, 3, 2, 
06/28/2023 15:23:35.882, 06/28/2023 15:23:35.826, 4.15839e+0, 0.00000e+0, 9.79747e+1, 0.00000e+0, 1.96790e+0, 0.00000e+0, 2.03394e+4, 0.00000e+0, 5.43339e+2, 0.00000e+0, 2.00875e+0, 0.00000e+0, 5.54620e+2, 0.00000e+0, 4.81838e+2, 0.00000e+0, 3.20850e+1, 0.00000e+0, 3.24061e+1, 0.00000e+0, 3.78627e+0, 0.00000e+0, 3.27059e+0, 0.00000e+0, 2.00000e+1, 0.00000e+0, 5.00000e+0, 0.00000e+0, 3, 2, 
06/28/2023 15:23:36.879, 06/28/2023 15:23:36.821, 4.15843e+0, 0.00000e+0, 9.79812e+1, 0.00000e+0, 1.96576e+0, 0.00000e+0, 2.04529e+4, 0.00000e+0, 5.43357e+2, 0.00000e+0, 2.00680e+0, 0.00000e+0, 5.54703e+2, 0.00000e+0, 4.81940e+2, 0.00000e+0, 3.20857e+1, 0.00000e+0, 3.23986e+1, 0.00000e+0, 3.78686e+0, 0.00000e+0, 3.27084e+0, 0.00000e+0, 2.00000e+1, 0.00000e+0, 5.00000e+0, 0.00000e+0, 3, 2, 
06/28/2023 15:23:37.874, 06/28/2023 15:23:37.815, 4.15848e+0, 0.00000e+0, 9.79882e+1, 0.00000e+0, 1.96924e+0, 0.00000e+0, 2.04288e+4, 0.00000e+0, 5.43054e+2, 0.00000e+0, 2.01031e+0, 0.00000e+0, 5.54379e+2, 0.00000e+0, 4.81924e+2, 0.00000e+0, 3.20850e+1, 0.00000e+0, 3.24023e+1, 0.00000e+0, 3.78674e+0, 0.00000e+0, 3.27097e+0, 0.00000e+0, 2.00000e+1, 0.00000e+0, 5.00000e+0, 0.00000e+0, 3, 2, 
06/28/2023 15:23:38.871, 06/28/2023 15:23:38.810, 4.15855e+0, 0.00000e+0, 9.79981e+1, 0.00000e+0, 1.96724e+0, 0.00000e+0, 2.06070e+4, 0.00000e+0, 5.42890e+2, 0.00000e+0, 2.00864e+0, 0.00000e+0, 5.54312e+2, 0.00000e+0, 4.81967e+2, 0.00000e+0, 3.20834e+1, 0.00000e+0, 3.24002e+1, 0.00000e+0, 3.78806e+0, 0.00000e+0, 3.27009e+0, 0.00000e+0, 2.00000e+1, 0.00000e+0, 5.00000e+0, 0.00000e+0, 3, 2, 
06/28/2023 15:23:39.865, 06/28/2023 15:23:39.805, 4.15851e+0, 0.00000e+0, 9.79933e+1, 0.00000e+0, 1.96650e+0, 0.00000e+0, 2.04285e+4, 0.00000e+0, 5.43954e+2, 0.00000e+0, 2.00752e+0, 0.00000e+0, 5.55298e+2, 0.00000e+0, 4.81992e+2, 0.00000e+0, 3.20872e+1, 0.00000e+0, 3.23892e+1, 0.00000e+0, 3.78752e+0, 0.00000e+0, 3.27036e+0, 0.00000e+0, 2.00000e+1, 0.00000e+0, 5.00000e+0, 0.00000e+0, 3, 2, 
06/28/2023 15:23:40.857, 06/28/2023 15:23:40.799, 4.15848e+0, 0.00000e+0, 9.79882e+1, 0.00000e+0, 1.96527e+0, 0.00000e+0, 2.05000e+4, 0.00000e+0, 5.44714e+2, 0.00000e+0, 2.00640e+0, 0.00000e+0, 5.56114e+2, 0.00000e+0, 4.82050e+2, 0.00000e+0, 3.20894e+1, 0.00000e+0, 3.23985e+1, 0.00000e+0, 3.78623e+0, 0.00000e+0, 3.27050e+0, 0.00000e+0, 2.00000e+1, 0.00000e+0, 5.00000e+0, 0.00000e+0, 3, 2, 
06/28/2023 15:23:41.848, 06/28/2023 15:23:41.794, 4.15846e+0, 0.00000e+0, 9.79854e+1, 0.00000e+0, 1.96830e+0, 0.00000e+0, 2.04680e+4, 0.00000e+0, 5.44389e+2, 0.00000e+0, 2.00943e+0, 0.00000e+0, 5.55765e+2, 0.00000e+0, 4.81977e+2, 0.00000e+0, 3.20958e+1, 0.00000e+0, 3.23945e+1, 0.00000e+0, 3.78718e+0, 0.00000e+0, 3.27121e+0, 0.00000e+0, 2.00000e+1, 0.00000e+0, 5.00000e+0, 0.00000e+0, 3, 2, 
06/28/2023 15:23:42.843, 06/28/2023 15:23:42.788, 4.15843e+0, 0.00000e+0, 9.79802e+1, 0.00000e+0, 1.96781e+0, 0.00000e+0, 2.06281e+4, 0.00000e+0, 5.42824e+2, 0.00000e+0, 2.00925e+0, 0.00000e+0, 5.54257e+2, 0.00000e+0, 4.81958e+2, 0.00000e+0, 3.20861e+1, 0.00000e+0, 3.23961e+1, 0.00000e+0, 3.78647e+0, 0.00000e+0, 3.26998e+0, 0.00000e+0, 2.00000e+1, 0.00000e+0, 5.00000e+0, 0.00000e+0, 3, 2, 
06/28/2023 15:23:43.862, 06/28/2023 15:23:43.783, 4.15825e+0, 0.00000e+0, 9.79540e+1, 0.00000e+0, 1.96885e+0, 0.00000e+0, 2.04157e+4, 0.00000e+0, 5.42333e+2, 0.00000e+0, 2.00989e+0, 0.00000e+0, 5.53636e+2, 0.00000e+0, 4.81908e+2, 0.00000e+0, 3.21174e+1, 0.00000e+0, 3.23938e+1, 0.00000e+0, 3.78685e+0, 0.00000e+0, 3.27025e+0, 0.00000e+0, 2.00000e+1, 0.00000e+0, 5.00000e+0, 0.00000e+0, 3, 2, 
06/28/2023 15:23:44.828, 06/28/2023 15:23:44.777, 4.15829e+0, 0.00000e+0, 9.79594e+1, 0.00000e+0, 1.96586e+0, 0.00000e+0, 2.02640e+4, 0.00000e+0, 5.42084e+2, 0.00000e+0, 2.00652e+0, 0.00000e+0, 5.53296e+2, 0.00000e+0, 4.81921e+2, 0.00000e+0, 3.20880e+1, 0.00000e+0, 3.23959e+1, 0.00000e+0, 3.78687e+0, 0.00000e+0, 3.27050e+0, 0.00000e+0, 2.00000e+1, 0.00000e+0, 5.00000e+0, 0.00000e+0, 3, 2, 
06/28/2023 15:23:45.830, 06/28/2023 15:23:45.772, 4.15845e+0, 0.00000e+0, 9.79835e+1, 0.00000e+0, 1.96910e+0, 0.00000e+0, 2.02595e+4, 0.00000e+0, 5.40363e+2, 0.00000e+0, 2.00982e+0, 0.00000e+0, 5.51537e+2, 0.00000e+0, 4.81966e+2, 0.00000e+0, 3.20807e+1, 0.00000e+0, 3.24031e+1, 0.00000e+0, 3.78527e+0, 0.00000e+0, 3.27012e+0, 0.00000e+0, 2.00000e+1, 0.00000e+0, 5.00000e+0, 0.00000e+0, 3, 2, 
06/28/2023 15:23:46.826, 06/28/2023 15:23:46.766, 4.15846e+0, 0.00000e+0, 9.79856e+1, 0.00000e+0, 1.96884e+0, 0.00000e+0, 2.03287e+4, 0.00000e+0, 5.42146e+2, 0.00000e+0, 2.00970e+0, 0.00000e+0, 5.53396e+2, 0.00000e+0, 4.81894e+2, 0.00000e+0, 3.20820e+1, 0.00000e+0, 3.23981e+1, 0.00000e+0, 3.78659e+0, 0.00000e+0, 3.27076e+0, 0.00000e+0, 2.00000e+1, 0.00000e+0, 5.00000e+0, 0.00000e+0, 3, 2, 
06/28/2023 15:23:47.820, 06/28/2023 15:23:47.761, 4.15848e+0, 0.00000e+0, 9.79887e+1, 0.00000e+0, 1.97045e+0, 0.00000e+0, 2.03838e+4, 0.00000e+0, 5.41593e+2, 0.00000e+0, 2.01145e+0, 0.00000e+0, 5.52862e+2, 0.00000e+0, 4.81995e+2, 0.00000e+0, 3.20905e+1, 0.00000e+0, 3.23974e+1, 0.00000e+0, 3.78551e+0, 0.00000e+0, 3.27033e+0, 0.00000e+0, 2.00000e+1, 0.00000e+0, 5.00000e+0, 0.00000e+0, 3, 2, 
06/28/2023 15:23:48.811, 06/28/2023 15:23:48.756, 4.15854e+0, 0.00000e+0, 9.79975e+1, 0.00000e+0, 1.96625e+0, 0.00000e+0, 2.03164e+4, 0.00000e+0, 5.42492e+2, 0.00000e+0, 2.00703e+0, 0.00000e+0, 5.53742e+2, 0.00000e+0, 4.82076e+2, 0.00000e+0, 3.20676e+1, 0.00000e+0, 3.23995e+1, 0.00000e+0, 3.78691e+0, 0.00000e+0, 3.27058e+0, 0.00000e+0, 2.00000e+1, 0.00000e+0, 5.00000e+0, 0.00000e+0, 3, 1, 
06/28/2023 15:23:49.814, 06/28/2023 15:23:49.751, 4.15846e+0, 0.00000e+0, 9.79852e+1, 0.00000e+0, 1.96718e+0, 0.00000e+0, 2.04356e+4, 0.00000e+0, 5.42972e+2, 0.00000e+0, 2.00822e+0, 0.00000e+0, 5.54300e+2, 0.00000e+0, 4.82066e+2, 0.00000e+0, 3.20731e+1, 0.00000e+0, 3.23908e+1, 0.00000e+0, 3.78653e+0, 0.00000e+0, 3.27092e+0, 0.00000e+0, 2.00000e+1, 0.00000e+0, 5.00000e+0, 0.00000e+0, 3, 1, 
06/28/2023 15:23:50.799, 06/28/2023 15:23:50.745, 4.15845e+0, 0.00000e+0, 9.79834e+1, 0.00000e+0, 1.97145e+0, 0.00000e+0, 2.04254e+4, 0.00000e+0, 5.43249e+2, 0.00000e+0, 2.01256e+0, 0.00000e+0, 5.54576e+2, 0.00000e+0, 4.82072e+2, 0.00000e+0, 3.20788e+1, 0.00000e+0, 3.23886e+1, 0.00000e+0, 3.78705e+0, 0.00000e+0, 3.27003e+0, 0.00000e+0, 2.00000e+1, 0.00000e+0, 5.00000e+0, 0.00000e+0, 3, 1, 
06/28/2023 15:23:51.791, 06/28/2023 15:23:51.739, 4.15839e+0, 0.00000e+0, 9.79740e+1, 0.00000e+0, 1.96790e+0, 0.00000e+0, 2.02069e+4, 0.00000e+0, 5.43172e+2, 0.00000e+0, 2.00848e+0, 0.00000e+0, 5.54375e+2, 0.00000e+0, 4.81991e+2, 0.00000e+0, 3.20813e+1, 0.00000e+0, 3.23945e+1, 0.00000e+0, 3.78733e+0, 0.00000e+0, 3.26993e+0, 0.00000e+0, 2.00000e+1, 0.00000e+0, 5.00000e+0, 0.00000e+0, 3, 1, 
06/28/2023 15:23:52.789, 06/28/2023 15:23:52.735, 4.15849e+0, 0.00000e+0, 9.79900e+1, 0.00000e+0, 1.96790e+0, 0.00000e+0, 2.04095e+4, 0.00000e+0, 5.43243e+2, 0.00000e+0, 2.00890e+0, 0.00000e+0, 5.54561e+2, 0.00000e+0, 4.81903e+2, 0.00000e+0, 3.20818e+1, 0.00000e+0, 3.23877e+1, 0.00000e+0, 3.78659e+0, 0.00000e+0, 3.27090e+0, 0.00000e+0, 2.00000e+1, 0.00000e+0, 5.00000e+0, 0.00000e+0, 3, 1, 
06/28/2023 15:23:53.786, 06/28/2023 15:23:53.728, 4.15846e+0, 0.00000e+0, 9.79856e+1, 0.00000e+0, 1.97098e+0, 0.00000e+0, 2.04809e+4, 0.00000e+0, 5.43131e+2, 0.00000e+0, 2.01219e+0, 0.00000e+0, 5.54487e+2, 0.00000e+0, 4.81925e+2, 0.00000e+0, 3.20870e+1, 0.00000e+0, 3.23838e+1, 0.00000e+0, 3.78710e+0, 0.00000e+0, 3.27068e+0, 0.00000e+0, 2.00000e+1, 0.00000e+0, 5.00000e+0, 0.00000e+0, 3, 1, 
06/28/2023 15:23:54.782, 06/28/2023 15:23:54.723, 4.15849e+0, 0.00000e+0, 9.79894e+1, 0.00000e+0, 1.96646e+0, 0.00000e+0, 2.02393e+4, 0.00000e+0, 5.43903e+2, 0.00000e+0, 2.00708e+0, 0.00000e+0, 5.55139e+2, 0.00000e+0, 4.81915e+2, 0.00000e+0, 3.20914e+1, 0.00000e+0, 3.23846e+1, 0.00000e+0, 3.78703e+0, 0.00000e+0, 3.27127e+0, 0.00000e+0, 2.00000e+1, 0.00000e+0, 5.00000e+0, 0.00000e+0, 3, 1, 
06/28/2023 15:23:55.777, 06/28/2023 15:23:55.717, 4.15819e+0, 0.00000e+0, 9.79453e+1, 0.00000e+0, 1.96615e+0, 0.00000e+0, 2.04549e+4, 0.00000e+0, 5.42843e+2, 0.00000e+0, 2.00720e+0, 0.00000e+0, 5.54179e+2, 0.00000e+0, 4.81970e+2, 0.00000e+0, 3.20872e+1, 0.00000e+0, 3.23791e+1, 0.00000e+0, 3.78701e+0, 0.00000e+0, 3.27209e+0, 0.00000e+0, 2.00000e+1, 0.00000e+0, 5.00000e+0, 0.00000e+0, 3, 1, 
06/28/2023 15:23:56.816, 06/28/2023 15:23:56.765, 4.15778e+0, 0.00000e+0, 9.78845e+1, 0.00000e+0, 1.96976e+0, 0.00000e+0, 2.03962e+4, 0.00000e+0, 5.44580e+2, 0.00000e+0, 2.01077e+0, 0.00000e+0, 5.55918e+2, 0.00000e+0, 4.81633e+2, 0.00000e+0, 3.21114e+1, 0.00000e+0, 3.23843e+1, 0.00000e+0, 3.78785e+0, 0.00000e+0, 3.27136e+0, 0.00000e+0, 2.00000e+1, 0.00000e+0, 5.00000e+0, 0.00000e+0, 3, 1, 
06/28/2023 15:23:57.760, 06/28/2023 15:23:57.707, 4.15828e+0, 0.00000e+0, 9.79578e+1, 0.00000e+0, 1.97122e+0, 0.00000e+0, 2.02163e+4, 0.00000e+0, 5.44866e+2, 0.00000e+0, 2.01190e+0, 0.00000e+0, 5.56108e+2, 0.00000e+0, 4.81796e+2, 0.00000e+0, 3.21009e+1, 0.00000e+0, 3.23828e+1, 0.00000e+0, 3.78706e+0, 0.00000e+0, 3.27130e+0, 0.00000e+0, 2.00000e+1, 0.00000e+0, 5.00000e+0, 0.00000e+0, 3, 1, 
06/28/2023 15:23:58.782, 06/28/2023 15:23:58.724, 4.15733e+0, 0.00000e+0, 9.78164e+1, 0.00000e+0, 1.96753e+0, 0.00000e+0, 2.03198e+4, 0.00000e+0, 5.44345e+2, 0.00000e+0, 2.00834e+0, 0.00000e+0, 5.55636e+2, 0.00000e+0, 4.81583e+2, 0.00000e+0, 3.21110e+1, 0.00000e+0, 3.23717e+1, 0.00000e+0, 3.78795e+0, 0.00000e+0, 3.27186e+0, 0.00000e+0, 2.00000e+1, 0.00000e+0, 5.00000e+0, 0.00000e+0, 3, 1, 
06/28/2023 15:23:59.753, 06/28/2023 15:23:59.695, 4.15695e+0, 0.00000e+0, 9.77610e+1, 0.00000e+0, 1.96943e+0, 0.00000e+0, 2.02549e+4, 0.00000e+0, 5.46046e+2, 0.00000e+0, 2.01015e+0, 0.00000e+0, 5.57335e+2, 0.00000e+0, 4.81635e+2, 0.00000e+0, 3.20980e+1, 0.00000e+0, 3.23682e+1, 0.00000e+0, 3.78672e+0, 0.00000e+0, 3.27135e+0, 0.00000e+0, 2.00000e+1, 0.00000e+0, 5.00000e+0, 0.00000e+0, 3, 1, 
06/28/2023 15:24:00.769, 06/28/2023 15:24:00.690, 4.15832e+0, 0.00000e+0, 9.79646e+1, 0.00000e+0, 1.96853e+0, 0.00000e+0, 2.03279e+4, 0.00000e+0, 5.46027e+2, 0.00000e+0, 2.00938e+0, 0.00000e+0, 5.57357e+2, 0.00000e+0, 4.81966e+2, 0.00000e+0, 3.20869e+1, 0.00000e+0, 3.23885e+1, 0.00000e+0, 3.78771e+0, 0.00000e+0, 3.27110e+0, 0.00000e+0, 2.00000e+1, 0.00000e+0, 5.00000e+0, 0.00000e+0, 3, 1, 
06/28/2023 15:24:01.782, 06/28/2023 15:24:01.730, 4.15778e+0, 0.00000e+0, 9.78835e+1, 0.00000e+0, 1.96897e+0, 0.00000e+0, 2.02680e+4, 0.00000e+0, 5.46987e+2, 0.00000e+0, 2.00970e+0, 0.00000e+0, 5.58303e+2, 0.00000e+0, 4.81390e+2, 0.00000e+0, 3.20963e+1, 0.00000e+0, 3.23780e+1, 0.00000e+0, 3.78708e+0, 0.00000e+0, 3.27144e+0, 0.00000e+0, 2.00000e+1, 0.00000e+0, 5.00000e+0, 0.00000e+0, 3, 1, 
06/28/2023 15:24:02.734, 06/28/2023 15:24:02.680, 4.15734e+0, 0.00000e+0, 9.78188e+1, 0.00000e+0, 1.96636e+0, 0.00000e+0, 2.03499e+4, 0.00000e+0, 5.46695e+2, 0.00000e+0, 2.00721e+0, 0.00000e+0, 5.58052e+2, 0.00000e+0, 4.81298e+2, 0.00000e+0, 3.21159e+1, 0.00000e+0, 3.23699e+1, 0.00000e+0, 3.78779e+0, 0.00000e+0, 3.27137e+0, 0.00000e+0, 2.00000e+1, 0.00000e+0, 5.00000e+0, 0.00000e+0, 3, 1, 
06/28/2023 15:24:03.734, 06/28/2023 15:24:03.673, 4.15837e+0, 0.00000e+0, 9.79723e+1, 0.00000e+0, 1.96724e+0, 0.00000e+0, 2.04832e+4, 0.00000e+0, 5.46830e+2, 0.00000e+0, 2.00838e+0, 0.00000e+0, 5.58265e+2, 0.00000e+0, 4.81712e+2, 0.00000e+0, 3.20922e+1, 0.00000e+0, 3.23717e+1, 0.00000e+0, 3.78803e+0, 0.00000e+0, 3.27129e+0, 0.00000e+0, 2.00000e+1, 0.00000e+0, 5.00000e+0, 0.00000e+0, 3, 1, 
06/28/2023 15:24:04.726, 06/28/2023 15:24:04.669, 4.15854e+0, 0.00000e+0, 9.79972e+1, 0.00000e+0, 1.96785e+0, 0.00000e+0, 2.02405e+4, 0.00000e+0, 5.45070e+2, 0.00000e+0, 2.00851e+0, 0.00000e+0, 5.56330e+2, 0.00000e+0, 4.81963e+2, 0.00000e+0, 3.20859e+1, 0.00000e+0, 3.23890e+1, 0.00000e+0, 3.78820e+0, 0.00000e+0, 3.27120e+0, 0.00000e+0, 2.00000e+1, 0.00000e+0, 5.00000e+0, 0.00000e+0, 3, 1, 
06/28/2023 15:24:05.753, 06/28/2023 15:24:05.701, 4.15799e+0, 0.00000e+0, 9.79155e+1, 0.00000e+0, 1.97071e+0, 0.00000e+0, 2.04727e+4, 0.00000e+0, 5.46610e+2, 0.00000e+0, 2.01190e+0, 0.00000e+0, 5.58034e+2, 0.00000e+0, 4.81770e+2, 0.00000e+0, 3.20789e+1, 0.00000e+0, 3.23717e+1, 0.00000e+0, 3.78803e+0, 0.00000e+0, 3.27108e+0, 0.00000e+0, 2.00000e+1, 0.00000e+0, 5.00000e+0, 0.00000e+0, 3, 1, 
06/28/2023 15:24:06.715, 06/28/2023 15:24:06.658, 4.15719e+0, 0.00000e+0, 9.77961e+1, 0.00000e+0, 1.96904e+0, 0.00000e+0, 2.02761e+4, 0.00000e+0, 5.45427e+2, 0.00000e+0, 2.00979e+0, 0.00000e+0, 5.56715e+2, 0.00000e+0, 4.81490e+2, 0.00000e+0, 3.21111e+1, 0.00000e+0, 3.23596e+1, 0.00000e+0, 3.78809e+0, 0.00000e+0, 3.27064e+0, 0.00000e+0, 2.00000e+1, 0.00000e+0, 5.00000e+0, 0.00000e+0, 3, 1, 
06/28/2023 15:24:07.707, 06/28/2023 15:24:07.652, 4.15829e+0, 0.00000e+0, 9.79597e+1, 0.00000e+0, 1.97088e+0, 0.00000e+0, 2.02445e+4, 0.00000e+0, 5.44914e+2, 0.00000e+0, 2.01161e+0, 0.00000e+0, 5.56173e+2, 0.00000e+0, 4.82053e+2, 0.00000e+0, 3.20785e+1, 0.00000e+0, 3.23662e+1, 0.00000e+0, 3.78763e+0, 0.00000e+0, 3.27100e+0, 0.00000e+0, 2.00000e+1, 0.00000e+0, 5.00000e+0, 0.00000e+0, 3, 1, 
06/28/2023 15:24:08.699, 06/28/2023 15:24:08.646, 4.15820e+0, 0.00000e+0, 9.79468e+1, 0.00000e+0, 1.96906e+0, 0.00000e+0, 2.03147e+4, 0.00000e+0, 5.44576e+2, 0.00000e+0, 2.00989e+0, 0.00000e+0, 5.55868e+2, 0.00000e+0, 4.81888e+2, 0.00000e+0, 3.21010e+1, 0.00000e+0, 3.23667e+1, 0.00000e+0, 3.78837e+0, 0.00000e+0, 3.27042e+0, 0.00000e+0, 2.00000e+1, 0.00000e+0, 5.00000e+0, 0.00000e+0, 3, 1, 
06/28/2023 15:24:10.021, 06/28/2023 15:24:09.964, 4.15803e+0, 0.00000e+0, 9.79207e+1, 0.00000e+0, 1.96736e+0, 0.00000e+0, 2.03292e+4, 0.00000e+0, 5.44841e+2, 0.00000e+0, 2.00818e+0, 0.00000e+0, 5.56148e+2, 0.00000e+0, 4.81861e+2, 0.00000e+0, 3.20872e+1, 0.00000e+0, 3.23596e+1, 0.00000e+0, 3.78825e+0, 0.00000e+0, 3.27056e+0, 0.00000e+0, 2.00000e+1, 0.00000e+0, 5.00000e+0, 0.00000e+0, 3, 1, 
06/28/2023 15:24:10.698, 06/28/2023 15:24:10.635, 4.15801e+0, 0.00000e+0, 9.79180e+1, 0.00000e+0, 1.96839e+0, 0.00000e+0, 2.03299e+4, 0.00000e+0, 5.45011e+2, 0.00000e+0, 2.00924e+0, 0.00000e+0, 5.56321e+2, 0.00000e+0, 4.81992e+2, 0.00000e+0, 3.20722e+1, 0.00000e+0, 3.23511e+1, 0.00000e+0, 3.78780e+0, 0.00000e+0, 3.27109e+0, 0.00000e+0, 2.00000e+1, 0.00000e+0, 5.00000e+0, 0.00000e+0, 3, 1, 
06/28/2023 15:24:11.690, 06/28/2023 15:24:11.629, 4.15829e+0, 0.00000e+0, 9.79595e+1, 0.00000e+0, 1.96885e+0, 0.00000e+0, 2.04150e+4, 0.00000e+0, 5.46012e+2, 0.00000e+0, 2.00988e+0, 0.00000e+0, 5.57391e+2, 0.00000e+0, 4.82053e+2, 0.00000e+0, 3.20774e+1, 0.00000e+0, 3.23557e+1, 0.00000e+0, 3.78719e+0, 0.00000e+0, 3.27023e+0, 0.00000e+0, 2.00000e+1, 0.00000e+0, 5.00000e+0, 0.00000e+0, 3, 1, 
06/28/2023 15:24:12.715, 06/28/2023 15:24:12.665, 4.15830e+0, 0.00000e+0, 9.79618e+1, 0.00000e+0, 1.96770e+0, 0.00000e+0, 2.04365e+4, 0.00000e+0, 5.47418e+2, 0.00000e+0, 2.00875e+0, 0.00000e+0, 5.58839e+2, 0.00000e+0, 4.82060e+2, 0.00000e+0, 3.20778e+1, 0.00000e+0, 3.23465e+1, 0.00000e+0, 3.78819e+0, 0.00000e+0, 3.27068e+0, 0.00000e+0, 2.00000e+1, 0.00000e+0, 5.00000e+0, 0.00000e+0, 3, 1, 
06/28/2023 15:24:13.729, 06/28/2023 15:24:13.677, 4.15647e+0, 0.00000e+0, 9.76892e+1, 0.00000e+0, 1.96895e+0, 0.00000e+0, 2.04171e+4, 0.00000e+0, 5.48328e+2, 0.00000e+0, 2.00999e+0, 0.00000e+0, 5.59756e+2, 0.00000e+0, 4.81409e+2, 0.00000e+0, 3.20993e+1, 0.00000e+0, 3.23171e+1, 0.00000e+0, 3.78728e+0, 0.00000e+0, 3.27084e+0, 0.00000e+0, 2.00000e+1, 0.00000e+0, 5.00000e+0, 0.00000e+0, 3, 1, 
06/28/2023 15:24:14.670, 06/28/2023 15:24:14.613, 4.15830e+0, 0.00000e+0, 9.79609e+1, 0.00000e+0, 1.96880e+0, 0.00000e+0, 2.04266e+4, 0.00000e+0, 5.47407e+2, 0.00000e+0, 2.00986e+0, 0.00000e+0, 5.58822e+2, 0.00000e+0, 4.82037e+2, 0.00000e+0, 3.20754e+1, 0.00000e+0, 3.23375e+1, 0.00000e+0, 3.78793e+0, 0.00000e+0, 3.27010e+0, 0.00000e+0, 2.00000e+1, 0.00000e+0, 5.00000e+0, 0.00000e+0, 3, 1, 
06/28/2023 15:24:15.664, 06/28/2023 15:24:15.613, 4.15808e+0, 0.00000e+0, 9.79287e+1, 0.00000e+0, 1.96687e+0, 0.00000e+0, 2.04266e+4, 0.00000e+0, 5.45790e+2, 0.00000e+0, 2.00788e+0, 0.00000e+0, 5.57171e+2, 0.00000e+0, 4.81861e+2, 0.00000e+0, 3.20783e+1, 0.00000e+0, 3.23403e+1, 0.00000e+0, 3.78725e+0, 0.00000e+0, 3.27031e+0, 0.00000e+0, 2.00000e+1, 0.00000e+0, 5.00000e+0, 0.00000e+0, 3, 1, 
06/28/2023 15:24:16.755, 06/28/2023 15:24:16.688, 4.15609e+0, 0.00000e+0, 9.76323e+1, 0.00000e+0, 1.96991e+0, 0.00000e+0, 2.04674e+4, 0.00000e+0, 5.48063e+2, 0.00000e+0, 2.01107e+0, 0.00000e+0, 5.59515e+2, 0.00000e+0, 4.81223e+2, 0.00000e+0, 3.21088e+1, 0.00000e+0, 3.23156e+1, 0.00000e+0, 3.78873e+0, 0.00000e+0, 3.27106e+0, 0.00000e+0, 2.00000e+1, 0.00000e+0, 5.00000e+0, 0.00000e+0, 3, 1, 
