SN:3K60180500001584 BD:Jul 23 2018 VC:834b9c1 MD5:48f99e4865ed8b810be1bb0eaaabf929
SysTime,                      Time,         Batt_v,      Batt_v_sd,   BATT_PERCENT,BATT_PERCENT_sd,      [CH4]_ppm,   [CH4]_ppm_sd,      [H2O]_ppm,   [H2O]_ppm_sd,      [CO2]_ppm,   [CO2]_ppm_sd,     [CH4]d_ppm,  [CH4]d_ppm_sd,     [CO2]d_ppm,  [CO2]d_ppm_sd,      GasP_torr,   GasP_torr_sd,         GasT_C,      GasT_C_sd,         AmbT_C,      AmbT_C_sd,         RD0_us,      RD0_us_sd,         RD1_us,      RD1_us_sd, Temp_Status_mA,Temp_Status_mA_sd,Analyzer_Status_mA,Analyzer_Status_mA_sd,       Fit_Flag,      MIU_VALVE,       MIU_DESC
07/12/2023 15:30:51.389, 07/12/2023 15:30:51.327, 4.15858e+0, 0.00000e+0, -2.11415e+2, 0.00000e+0, 2.09124e+0, 0.00000e+0, 1.62758e+4, 0.00000e+0, 1.10062e+3, 0.00000e+0, 1.06292e+0, 0.00000e+0, 5.59416e+2, 0.00000e+0, 4.83725e+2, 0.00000e+0, 3.48306e+1, 0.00000e+0, 3.59345e+1, 0.00000e+0, 3.77230e+0, 0.00000e+0, 3.26147e+0, 0.00000e+0, 2.00000e+1, 0.00000e+0, 2.00000e+1, 0.00000e+0, 2, 1, 
07/12/2023 15:30:52.376, 07/12/2023 15:30:52.323, 4.15847e+0, 0.00000e+0, 9.79871e+1, 0.00000e+0, 2.10243e+0, 0.00000e+0, 1.79899e+4, 0.00000e+0, 1.11740e+3, 0.00000e+0, 2.14094e+0, 0.00000e+0, 1.13787e+3, 0.00000e+0, 4.83693e+2, 0.00000e+0, 3.48295e+1, 0.00000e+0, 3.59283e+1, 0.00000e+0, 3.77376e+0, 0.00000e+0, 3.26088e+0, 0.00000e+0, 2.00000e+1, 0.00000e+0, 2.00000e+1, 0.00000e+0, 2, 1, 
07/12/2023 15:30:53.374, 07/12/2023 15:30:53.316, 4.15864e+0, 0.00000e+0, 9.80119e+1, 0.00000e+0, 2.10135e+0, 0.00000e+0, 1.78813e+4, 0.00000e+0, 1.11729e+3, 0.00000e+0, 2.13961e+0, 0.00000e+0, 1.13764e+3, 0.00000e+0, 4.83803e+2, 0.00000e+0, 3.48237e+1, 0.00000e+0, 3.59291e+1, 0.00000e+0, 3.77323e+0, 0.00000e+0, 3.26131e+0, 0.00000e+0, 2.00000e+1, 0.00000e+0, 2.00000e+1, 0.00000e+0, 2, 1, 
07/12/2023 15:30:54.366, 07/12/2023 15:30:54.312, 4.15865e+0, 0.00000e+0, 9.80139e+1, 0.00000e+0, 2.10008e+0, 0.00000e+0, 1.78271e+4, 0.00000e+0, 1.11690e+3, 0.00000e+0, 2.13819e+0, 0.00000e+0, 1.13717e+3, 0.00000e+0, 4.83766e+2, 0.00000e+0, 3.48204e+1, 0.00000e+0, 3.59336e+1, 0.00000e+0, 3.77381e+0, 0.00000e+0, 3.26038e+0, 0.00000e+0, 2.00000e+1, 0.00000e+0, 2.00000e+1, 0.00000e+0, 2, 1, 
07/12/2023 15:30:55.363, 07/12/2023 15:30:55.305, 4.15867e+0, 0.00000e+0, 9.80171e+1, 0.00000e+0, 2.10152e+0, 0.00000e+0, 1.77986e+4, 0.00000e+0, 1.11698e+3, 0.00000e+0, 2.13960e+0, 0.00000e+0, 1.13722e+3, 0.00000e+0, 4.83764e+2, 0.00000e+0, 3.48194e+1, 0.00000e+0, 3.59337e+1, 0.00000e+0, 3.77337e+0, 0.00000e+0, 3.26113e+0, 0.00000e+0, 2.00000e+1, 0.00000e+0, 2.00000e+1, 0.00000e+0, 2, 1, 
07/12/2023 15:30:56.354, 07/12/2023 15:30:56.301, 4.15873e+0, 0.00000e+0, 9.80260e+1, 0.00000e+0, 2.10189e+0, 0.00000e+0, 1.78065e+4, 0.00000e+0, 1.11796e+3, 0.00000e+0, 2.14000e+0, 0.00000e+0, 1.13823e+3, 0.00000e+0, 4.83852e+2, 0.00000e+0, 3.48181e+1, 0.00000e+0, 3.59340e+1, 0.00000e+0, 3.77328e+0, 0.00000e+0, 3.26046e+0, 0.00000e+0, 2.00000e+1, 0.00000e+0, 2.00000e+1, 0.00000e+0, 2, 1, 
07/12/2023 15:30:57.354, 07/12/2023 15:30:57.295, 4.15872e+0, 0.00000e+0, 9.80243e+1, 0.00000e+0, 2.10059e+0, 0.00000e+0, 1.77135e+4, 0.00000e+0, 1.11616e+3, 0.00000e+0, 2.13847e+0, 0.00000e+0, 1.13628e+3, 0.00000e+0, 4.83739e+2, 0.00000e+0, 3.48254e+1, 0.00000e+0, 3.59366e+1, 0.00000e+0, 3.77448e+0, 0.00000e+0, 3.26052e+0, 0.00000e+0, 2.00000e+1, 0.00000e+0, 2.00000e+1, 0.00000e+0, 2, 1, 
07/12/2023 15:30:58.350, 07/12/2023 15:30:58.290, 4.15878e+0, 0.00000e+0, 9.80328e+1, 0.00000e+0, 2.10015e+0, 0.00000e+0, 1.76709e+4, 0.00000e+0, 1.11372e+3, 0.00000e+0, 2.13793e+0, 0.00000e+0, 1.13376e+3, 0.00000e+0, 4.83754e+2, 0.00000e+0, 3.48259e+1, 0.00000e+0, 3.59371e+1, 0.00000e+0, 3.77427e+0, 0.00000e+0, 3.26062e+0, 0.00000e+0, 2.00000e+1, 0.00000e+0, 2.00000e+1, 0.00000e+0, 2, 1, 
07/12/2023 15:30:59.340, 07/12/2023 15:30:59.284, 4.15874e+0, 0.00000e+0, 9.80263e+1, 0.00000e+0, 2.10025e+0, 0.00000e+0, 1.75953e+4, 0.00000e+0, 1.11268e+3, 0.00000e+0, 2.13787e+0, 0.00000e+0, 1.13261e+3, 0.00000e+0, 4.83855e+2, 0.00000e+0, 3.48268e+1, 0.00000e+0, 3.59373e+1, 0.00000e+0, 3.77450e+0, 0.00000e+0, 3.26094e+0, 0.00000e+0, 2.00000e+1, 0.00000e+0, 2.00000e+1, 0.00000e+0, 2, 1, 
07/12/2023 15:31:00.355, 07/12/2023 15:31:00.279, 4.15878e+0, 0.00000e+0, 9.80333e+1, 0.00000e+0, 2.09982e+0, 0.00000e+0, 1.77750e+4, 0.00000e+0, 1.11375e+3, 0.00000e+0, 2.13782e+0, 0.00000e+0, 1.13391e+3, 0.00000e+0, 4.83905e+2, 0.00000e+0, 3.48252e+1, 0.00000e+0, 3.59308e+1, 0.00000e+0, 3.77366e+0, 0.00000e+0, 3.26066e+0, 0.00000e+0, 2.00000e+1, 0.00000e+0, 2.00000e+1, 0.00000e+0, 2, 1, 
07/12/2023 15:31:01.348, 07/12/2023 15:31:01.273, 4.15876e+0, 0.00000e+0, 9.80300e+1, 0.00000e+0, 2.10077e+0, 0.00000e+0, 1.77292e+4, 0.00000e+0, 1.11430e+3, 0.00000e+0, 2.13869e+0, 0.00000e+0, 1.13441e+3, 0.00000e+0, 4.83819e+2, 0.00000e+0, 3.48187e+1, 0.00000e+0, 3.59326e+1, 0.00000e+0, 3.77340e+0, 0.00000e+0, 3.26064e+0, 0.00000e+0, 2.00000e+1, 0.00000e+0, 2.00000e+1, 0.00000e+0, 2, 1, 
07/12/2023 15:31:02.323, 07/12/2023 15:31:02.267, 4.15865e+0, 0.00000e+0, 9.80133e+1, 0.00000e+0, 2.10113e+0, 0.00000e+0, 1.79426e+4, 0.00000e+0, 1.11522e+3, 0.00000e+0, 2.13952e+0, 0.00000e+0, 1.13559e+3, 0.00000e+0, 4.83774e+2, 0.00000e+0, 3.48183e+1, 0.00000e+0, 3.59334e+1, 0.00000e+0, 3.77330e+0, 0.00000e+0, 3.26066e+0, 0.00000e+0, 2.00000e+1, 0.00000e+0, 2.00000e+1, 0.00000e+0, 2, 1, 
07/12/2023 15:31:03.349, 07/12/2023 15:31:03.262, 4.15873e+0, 0.00000e+0, 9.80256e+1, 0.00000e+0, 2.09922e+0, 0.00000e+0, 1.79219e+4, 0.00000e+0, 1.11722e+3, 0.00000e+0, 2.13752e+0, 0.00000e+0, 1.13761e+3, 0.00000e+0, 4.83882e+2, 0.00000e+0, 3.48209e+1, 0.00000e+0, 3.59325e+1, 0.00000e+0, 3.77412e+0, 0.00000e+0, 3.26096e+0, 0.00000e+0, 2.00000e+1, 0.00000e+0, 2.00000e+1, 0.00000e+0, 3, 1, 
07/12/2023 15:31:04.333, 07/12/2023 15:31:04.257, 4.15877e+0, 0.00000e+0, 9.80318e+1, 0.00000e+0, 2.09961e+0, 0.00000e+0, 1.78434e+4, 0.00000e+0, 1.11892e+3, 0.00000e+0, 2.13775e+0, 0.00000e+0, 1.13925e+3, 0.00000e+0, 4.83852e+2, 0.00000e+0, 3.48284e+1, 0.00000e+0, 3.59373e+1, 0.00000e+0, 3.77257e+0, 0.00000e+0, 3.26037e+0, 0.00000e+0, 2.00000e+1, 0.00000e+0, 2.00000e+1, 0.00000e+0, 3, 1, 
07/12/2023 15:31:05.324, 07/12/2023 15:31:05.251, 4.15879e+0, 0.00000e+0, 9.80339e+1, 0.00000e+0, 2.09895e+0, 0.00000e+0, 1.81130e+4, 0.00000e+0, 1.12181e+3, 0.00000e+0, 2.13767e+0, 0.00000e+0, 1.14251e+3, 0.00000e+0, 4.83834e+2, 0.00000e+0, 3.48276e+1, 0.00000e+0, 3.59416e+1, 0.00000e+0, 3.77348e+0, 0.00000e+0, 3.26028e+0, 0.00000e+0, 2.00000e+1, 0.00000e+0, 2.00000e+1, 0.00000e+0, 3, 1, 
07/12/2023 15:31:06.339, 07/12/2023 15:31:06.245, 4.15888e+0, 0.00000e+0, 9.80472e+1, 0.00000e+0, 2.09596e+0, 0.00000e+0, 1.81089e+4, 0.00000e+0, 1.12089e+3, 0.00000e+0, 2.13461e+0, 0.00000e+0, 1.14156e+3, 0.00000e+0, 4.83950e+2, 0.00000e+0, 3.48241e+1, 0.00000e+0, 3.59407e+1, 0.00000e+0, 3.77426e+0, 0.00000e+0, 3.26025e+0, 0.00000e+0, 2.00000e+1, 0.00000e+0, 2.00000e+1, 0.00000e+0, 3, 1, 
07/12/2023 15:31:07.309, 07/12/2023 15:31:07.241, 4.15865e+0, 0.00000e+0, 9.80128e+1, 0.00000e+0, 2.10001e+0, 0.00000e+0, 1.79961e+4, 0.00000e+0, 1.11955e+3, 0.00000e+0, 2.13849e+0, 0.00000e+0, 1.14007e+3, 0.00000e+0, 4.83953e+2, 0.00000e+0, 3.48538e+1, 0.00000e+0, 3.59474e+1, 0.00000e+0, 3.77424e+0, 0.00000e+0, 3.26090e+0, 0.00000e+0, 2.00000e+1, 0.00000e+0, 2.00000e+1, 0.00000e+0, 3, 1, 
07/12/2023 15:31:08.301, 07/12/2023 15:31:08.234, 4.15874e+0, 0.00000e+0, 9.80265e+1, 0.00000e+0, 2.09869e+0, 0.00000e+0, 1.80183e+4, 0.00000e+0, 1.11208e+3, 0.00000e+0, 2.13720e+0, 0.00000e+0, 1.13249e+3, 0.00000e+0, 4.83937e+2, 0.00000e+0, 3.48396e+1, 0.00000e+0, 3.59460e+1, 0.00000e+0, 3.77366e+0, 0.00000e+0, 3.26125e+0, 0.00000e+0, 2.00000e+1, 0.00000e+0, 2.00000e+1, 0.00000e+0, 3, 1, 
07/12/2023 15:31:09.306, 07/12/2023 15:31:09.229, 4.15881e+0, 0.00000e+0, 9.80376e+1, 0.00000e+0, 2.09973e+0, 0.00000e+0, 1.79828e+4, 0.00000e+0, 1.11481e+3, 0.00000e+0, 2.13818e+0, 0.00000e+0, 1.13523e+3, 0.00000e+0, 4.83854e+2, 0.00000e+0, 3.48192e+1, 0.00000e+0, 3.59498e+1, 0.00000e+0, 3.77384e+0, 0.00000e+0, 3.25998e+0, 0.00000e+0, 2.00000e+1, 0.00000e+0, 2.00000e+1, 0.00000e+0, 3, 1, 
07/12/2023 15:31:10.281, 07/12/2023 15:31:10.224, 4.15882e+0, 0.00000e+0, 9.80390e+1, 0.00000e+0, 2.09900e+0, 0.00000e+0, 1.80082e+4, 0.00000e+0, 1.11658e+3, 0.00000e+0, 2.13750e+0, 0.00000e+0, 1.13705e+3, 0.00000e+0, 4.83960e+2, 0.00000e+0, 3.48225e+1, 0.00000e+0, 3.59545e+1, 0.00000e+0, 3.77364e+0, 0.00000e+0, 3.26008e+0, 0.00000e+0, 2.00000e+1, 0.00000e+0, 2.00000e+1, 0.00000e+0, 3, 1, 
07/12/2023 15:31:11.278, 07/12/2023 15:31:11.218, 4.15885e+0, 0.00000e+0, 9.80438e+1, 0.00000e+0, 2.09924e+0, 0.00000e+0, 1.78071e+4, 0.00000e+0, 1.11883e+3, 0.00000e+0, 2.13730e+0, 0.00000e+0, 1.13912e+3, 0.00000e+0, 4.83908e+2, 0.00000e+0, 3.48175e+1, 0.00000e+0, 3.59537e+1, 0.00000e+0, 3.77421e+0, 0.00000e+0, 3.26006e+0, 0.00000e+0, 2.00000e+1, 0.00000e+0, 2.00000e+1, 0.00000e+0, 3, 1, 
07/12/2023 15:31:12.273, 07/12/2023 15:31:12.213, 4.15889e+0, 0.00000e+0, 9.80497e+1, 0.00000e+0, 2.09737e+0, 0.00000e+0, 1.79344e+4, 0.00000e+0, 1.11745e+3, 0.00000e+0, 2.13567e+0, 0.00000e+0, 1.13786e+3, 0.00000e+0, 4.83895e+2, 0.00000e+0, 3.48120e+1, 0.00000e+0, 3.59504e+1, 0.00000e+0, 3.77259e+0, 0.00000e+0, 3.26001e+0, 0.00000e+0, 2.00000e+1, 0.00000e+0, 2.00000e+1, 0.00000e+0, 3, 1, 
07/12/2023 15:31:13.266, 07/12/2023 15:31:13.207, 4.15896e+0, 0.00000e+0, 9.80590e+1, 0.00000e+0, 2.09987e+0, 0.00000e+0, 1.79878e+4, 0.00000e+0, 1.11603e+3, 0.00000e+0, 2.13833e+0, 0.00000e+0, 1.13647e+3, 0.00000e+0, 4.83994e+2, 0.00000e+0, 3.48207e+1, 0.00000e+0, 3.59536e+1, 0.00000e+0, 3.77330e+0, 0.00000e+0, 3.25997e+0, 0.00000e+0, 2.00000e+1, 0.00000e+0, 2.00000e+1, 0.00000e+0, 3, 1, 
07/12/2023 15:31:14.257, 07/12/2023 15:31:14.203, 4.15888e+0, 0.00000e+0, 9.80480e+1, 0.00000e+0, 2.09882e+0, 0.00000e+0, 1.79908e+4, 0.00000e+0, 1.11487e+3, 0.00000e+0, 2.13727e+0, 0.00000e+0, 1.13530e+3, 0.00000e+0, 4.84031e+2, 0.00000e+0, 3.48200e+1, 0.00000e+0, 3.59519e+1, 0.00000e+0, 3.77383e+0, 0.00000e+0, 3.25962e+0, 0.00000e+0, 2.00000e+1, 0.00000e+0, 2.00000e+1, 0.00000e+0, 3, 1, 
07/12/2023 15:31:15.260, 07/12/2023 15:31:15.196, 4.15885e+0, 0.00000e+0, 9.80428e+1, 0.00000e+0, 2.09875e+0, 0.00000e+0, 1.78877e+4, 0.00000e+0, 1.11563e+3, 0.00000e+0, 2.13697e+0, 0.00000e+0, 1.13595e+3, 0.00000e+0, 4.83929e+2, 0.00000e+0, 3.48179e+1, 0.00000e+0, 3.59599e+1, 0.00000e+0, 3.77373e+0, 0.00000e+0, 3.25945e+0, 0.00000e+0, 2.00000e+1, 0.00000e+0, 2.00000e+1, 0.00000e+0, 3, 1, 
07/12/2023 15:31:16.266, 07/12/2023 15:31:16.191, 4.15898e+0, 0.00000e+0, 9.80624e+1, 0.00000e+0, 2.10137e+0, 0.00000e+0, 1.79054e+4, 0.00000e+0, 1.11804e+3, 0.00000e+0, 2.13968e+0, 0.00000e+0, 1.13842e+3, 0.00000e+0, 4.83976e+2, 0.00000e+0, 3.48188e+1, 0.00000e+0, 3.59651e+1, 0.00000e+0, 3.77343e+0, 0.00000e+0, 3.25986e+0, 0.00000e+0, 2.00000e+1, 0.00000e+0, 2.00000e+1, 0.00000e+0, 3, 1, 
07/12/2023 15:31:17.236, 07/12/2023 15:31:17.185, 4.15893e+0, 0.00000e+0, 9.80553e+1, 0.00000e+0, 2.09993e+0, 0.00000e+0, 1.80156e+4, 0.00000e+0, 1.11923e+3, 0.00000e+0, 2.13846e+0, 0.00000e+0, 1.13976e+3, 0.00000e+0, 4.84114e+2, 0.00000e+0, 3.48206e+1, 0.00000e+0, 3.59638e+1, 0.00000e+0, 3.77333e+0, 0.00000e+0, 3.26022e+0, 0.00000e+0, 2.00000e+1, 0.00000e+0, 2.00000e+1, 0.00000e+0, 3, 1, 
07/12/2023 15:31:18.248, 07/12/2023 15:31:18.180, 4.15894e+0, 0.00000e+0, 9.80567e+1, 0.00000e+0, 2.09789e+0, 0.00000e+0, 1.80155e+4, 0.00000e+0, 1.11817e+3, 0.00000e+0, 2.13638e+0, 0.00000e+0, 1.13868e+3, 0.00000e+0, 4.84038e+2, 0.00000e+0, 3.48213e+1, 0.00000e+0, 3.59606e+1, 0.00000e+0, 3.77294e+0, 0.00000e+0, 3.25977e+0, 0.00000e+0, 2.00000e+1, 0.00000e+0, 2.00000e+1, 0.00000e+0, 3, 1, 
07/12/2023 15:31:19.233, 07/12/2023 15:31:19.175, 4.15900e+0, 0.00000e+0, 9.80654e+1, 0.00000e+0, 2.09820e+0, 0.00000e+0, 1.80474e+4, 0.00000e+0, 1.11675e+3, 0.00000e+0, 2.13676e+0, 0.00000e+0, 1.13727e+3, 0.00000e+0, 4.84026e+2, 0.00000e+0, 3.48132e+1, 0.00000e+0, 3.59625e+1, 0.00000e+0, 3.77300e+0, 0.00000e+0, 3.26010e+0, 0.00000e+0, 2.00000e+1, 0.00000e+0, 2.00000e+1, 0.00000e+0, 3, 1, 
07/12/2023 15:31:20.229, 07/12/2023 15:31:20.169, 4.15892e+0, 0.00000e+0, 9.80530e+1, 0.00000e+0, 2.09961e+0, 0.00000e+0, 1.81507e+4, 0.00000e+0, 1.11873e+3, 0.00000e+0, 2.13842e+0, 0.00000e+0, 1.13941e+3, 0.00000e+0, 4.84109e+2, 0.00000e+0, 3.48124e+1, 0.00000e+0, 3.59632e+1, 0.00000e+0, 3.77285e+0, 0.00000e+0, 3.26045e+0, 0.00000e+0, 2.00000e+1, 0.00000e+0, 2.00000e+1, 0.00000e+0, 3, 1, 
07/12/2023 15:31:21.216, 07/12/2023 15:31:21.165, 4.15886e+0, 0.00000e+0, 9.80451e+1, 0.00000e+0, 2.09911e+0, 0.00000e+0, 1.82982e+4, 0.00000e+0, 1.12469e+3, 0.00000e+0, 2.13824e+0, 0.00000e+0, 1.14565e+3, 0.00000e+0, 4.84069e+2, 0.00000e+0, 3.48184e+1, 0.00000e+0, 3.59698e+1, 0.00000e+0, 3.77212e+0, 0.00000e+0, 3.25991e+0, 0.00000e+0, 2.00000e+1, 0.00000e+0, 2.00000e+1, 0.00000e+0, 3, 1, 
07/12/2023 15:31:22.220, 07/12/2023 15:31:22.158, 4.15897e+0, 0.00000e+0, 9.80611e+1, 0.00000e+0, 2.09790e+0, 0.00000e+0, 1.83797e+4, 0.00000e+0, 1.12101e+3, 0.00000e+0, 2.13718e+0, 0.00000e+0, 1.14200e+3, 0.00000e+0, 4.84040e+2, 0.00000e+0, 3.48150e+1, 0.00000e+0, 3.59693e+1, 0.00000e+0, 3.77387e+0, 0.00000e+0, 3.25981e+0, 0.00000e+0, 2.00000e+1, 0.00000e+0, 2.00000e+1, 0.00000e+0, 3, 1, 
07/12/2023 15:31:23.212, 07/12/2023 15:31:23.154, 4.15893e+0, 0.00000e+0, 9.80556e+1, 0.00000e+0, 2.09806e+0, 0.00000e+0, 1.81277e+4, 0.00000e+0, 1.11518e+3, 0.00000e+0, 2.13679e+0, 0.00000e+0, 1.13577e+3, 0.00000e+0, 4.84082e+2, 0.00000e+0, 3.48326e+1, 0.00000e+0, 3.59734e+1, 0.00000e+0, 3.77320e+0, 0.00000e+0, 3.26051e+0, 0.00000e+0, 2.00000e+1, 0.00000e+0, 2.00000e+1, 0.00000e+0, 3, 1, 
07/12/2023 15:31:24.203, 07/12/2023 15:31:24.147, 4.15889e+0, 0.00000e+0, 9.80485e+1, 0.00000e+0, 2.09996e+0, 0.00000e+0, 1.80690e+4, 0.00000e+0, 1.10976e+3, 0.00000e+0, 2.13861e+0, 0.00000e+0, 1.13018e+3, 0.00000e+0, 4.84060e+2, 0.00000e+0, 3.48150e+1, 0.00000e+0, 3.59689e+1, 0.00000e+0, 3.77315e+0, 0.00000e+0, 3.25993e+0, 0.00000e+0, 2.00000e+1, 0.00000e+0, 2.00000e+1, 0.00000e+0, 3, 1, 
07/12/2023 15:31:25.198, 07/12/2023 15:31:25.142, 4.15897e+0, 0.00000e+0, 9.80605e+1, 0.00000e+0, 2.09697e+0, 0.00000e+0, 1.79098e+4, 0.00000e+0, 1.11112e+3, 0.00000e+0, 2.13521e+0, 0.00000e+0, 1.13139e+3, 0.00000e+0, 4.84047e+2, 0.00000e+0, 3.48091e+1, 0.00000e+0, 3.59730e+1, 0.00000e+0, 3.77265e+0, 0.00000e+0, 3.26061e+0, 0.00000e+0, 2.00000e+1, 0.00000e+0, 2.00000e+1, 0.00000e+0, 3, 1, 
07/12/2023 15:31:26.193, 07/12/2023 15:31:26.136, 4.15896e+0, 0.00000e+0, 9.80601e+1, 0.00000e+0, 2.09861e+0, 0.00000e+0, 1.80232e+4, 0.00000e+0, 1.11312e+3, 0.00000e+0, 2.13713e+0, 0.00000e+0, 1.13355e+3, 0.00000e+0, 4.84037e+2, 0.00000e+0, 3.48107e+1, 0.00000e+0, 3.59664e+1, 0.00000e+0, 3.77277e+0, 0.00000e+0, 3.26006e+0, 0.00000e+0, 2.00000e+1, 0.00000e+0, 2.00000e+1, 0.00000e+0, 3, 1, 
07/12/2023 15:31:27.187, 07/12/2023 15:31:27.131, 4.15895e+0, 0.00000e+0, 9.80573e+1, 0.00000e+0, 2.09771e+0, 0.00000e+0, 1.80336e+4, 0.00000e+0, 1.11144e+3, 0.00000e+0, 2.13623e+0, 0.00000e+0, 1.13185e+3, 0.00000e+0, 4.84140e+2, 0.00000e+0, 3.48089e+1, 0.00000e+0, 3.59672e+1, 0.00000e+0, 3.77190e+0, 0.00000e+0, 3.26020e+0, 0.00000e+0, 2.00000e+1, 0.00000e+0, 2.00000e+1, 0.00000e+0, 3, 1, 
07/12/2023 15:31:28.178, 07/12/2023 15:31:28.126, 4.15897e+0, 0.00000e+0, 9.80616e+1, 0.00000e+0, 2.09986e+0, 0.00000e+0, 1.79988e+4, 0.00000e+0, 1.11349e+3, 0.00000e+0, 2.13835e+0, 0.00000e+0, 1.13390e+3, 0.00000e+0, 4.84283e+2, 0.00000e+0, 3.48063e+1, 0.00000e+0, 3.59737e+1, 0.00000e+0, 3.77181e+0, 0.00000e+0, 3.26010e+0, 0.00000e+0, 2.00000e+1, 0.00000e+0, 2.00000e+1, 0.00000e+0, 3, 1, 
07/12/2023 15:31:29.180, 07/12/2023 15:31:29.120, 4.15897e+0, 0.00000e+0, 9.80608e+1, 0.00000e+0, 2.10120e+0, 0.00000e+0, 1.80532e+4, 0.00000e+0, 1.11605e+3, 0.00000e+0, 2.13983e+0, 0.00000e+0, 1.13657e+3, 0.00000e+0, 4.84064e+2, 0.00000e+0, 3.48077e+1, 0.00000e+0, 3.59702e+1, 0.00000e+0, 3.77320e+0, 0.00000e+0, 3.26026e+0, 0.00000e+0, 2.00000e+1, 0.00000e+0, 2.00000e+1, 0.00000e+0, 3, 1, 
07/12/2023 15:31:30.173, 07/12/2023 15:31:30.114, 4.15894e+0, 0.00000e+0, 9.80566e+1, 0.00000e+0, 2.09640e+0, 0.00000e+0, 1.79118e+4, 0.00000e+0, 1.11676e+3, 0.00000e+0, 2.13464e+0, 0.00000e+0, 1.13713e+3, 0.00000e+0, 4.84121e+2, 0.00000e+0, 3.48070e+1, 0.00000e+0, 3.59761e+1, 0.00000e+0, 3.77305e+0, 0.00000e+0, 3.26036e+0, 0.00000e+0, 2.00000e+1, 0.00000e+0, 2.00000e+1, 0.00000e+0, 3, 1, 
07/12/2023 15:31:31.168, 07/12/2023 15:31:31.109, 4.15895e+0, 0.00000e+0, 9.80583e+1, 0.00000e+0, 2.10075e+0, 0.00000e+0, 1.80906e+4, 0.00000e+0, 1.11814e+3, 0.00000e+0, 2.13946e+0, 0.00000e+0, 1.13874e+3, 0.00000e+0, 4.84205e+2, 0.00000e+0, 3.48064e+1, 0.00000e+0, 3.59755e+1, 0.00000e+0, 3.77277e+0, 0.00000e+0, 3.26038e+0, 0.00000e+0, 2.00000e+1, 0.00000e+0, 2.00000e+1, 0.00000e+0, 3, 1, 
07/12/2023 15:31:32.158, 07/12/2023 15:31:32.105, 4.15899e+0, 0.00000e+0, 9.80638e+1, 0.00000e+0, 2.09992e+0, 0.00000e+0, 1.79914e+4, 0.00000e+0, 1.11347e+3, 0.00000e+0, 2.13839e+0, 0.00000e+0, 1.13387e+3, 0.00000e+0, 4.84252e+2, 0.00000e+0, 3.48049e+1, 0.00000e+0, 3.59794e+1, 0.00000e+0, 3.77308e+0, 0.00000e+0, 3.26050e+0, 0.00000e+0, 2.00000e+1, 0.00000e+0, 2.00000e+1, 0.00000e+0, 3, 1, 
07/12/2023 15:31:33.159, 07/12/2023 15:31:33.098, 4.15904e+0, 0.00000e+0, 9.80718e+1, 0.00000e+0, 2.09859e+0, 0.00000e+0, 1.78546e+4, 0.00000e+0, 1.11329e+3, 0.00000e+0, 2.13675e+0, 0.00000e+0, 1.13353e+3, 0.00000e+0, 4.84117e+2, 0.00000e+0, 3.48055e+1, 0.00000e+0, 3.59845e+1, 0.00000e+0, 3.77334e+0, 0.00000e+0, 3.26021e+0, 0.00000e+0, 2.00000e+1, 0.00000e+0, 2.00000e+1, 0.00000e+0, 3, 1, 
07/12/2023 15:31:34.148, 07/12/2023 15:31:34.092, 4.15902e+0, 0.00000e+0, 9.80680e+1, 0.00000e+0, 2.10056e+0, 0.00000e+0, 1.79074e+4, 0.00000e+0, 1.11643e+3, 0.00000e+0, 2.13886e+0, 0.00000e+0, 1.13678e+3, 0.00000e+0, 4.84210e+2, 0.00000e+0, 3.48071e+1, 0.00000e+0, 3.59867e+1, 0.00000e+0, 3.77262e+0, 0.00000e+0, 3.25953e+0, 0.00000e+0, 2.00000e+1, 0.00000e+0, 2.00000e+1, 0.00000e+0, 3, 1, 
07/12/2023 15:31:35.141, 07/12/2023 15:31:35.087, 4.15904e+0, 0.00000e+0, 9.80719e+1, 0.00000e+0, 2.09811e+0, 0.00000e+0, 1.81233e+4, 0.00000e+0, 1.11675e+3, 0.00000e+0, 2.13684e+0, 0.00000e+0, 1.13737e+3, 0.00000e+0, 4.84227e+2, 0.00000e+0, 3.47944e+1, 0.00000e+0, 3.59819e+1, 0.00000e+0, 3.77276e+0, 0.00000e+0, 3.26061e+0, 0.00000e+0, 2.00000e+1, 0.00000e+0, 2.00000e+1, 0.00000e+0, 3, 1, 
07/12/2023 15:31:36.140, 07/12/2023 15:31:36.083, 4.15894e+0, 0.00000e+0, 9.80558e+1, 0.00000e+0, 2.09947e+0, 0.00000e+0, 1.79634e+4, 0.00000e+0, 1.11682e+3, 0.00000e+0, 2.13787e+0, 0.00000e+0, 1.13725e+3, 0.00000e+0, 4.84156e+2, 0.00000e+0, 3.48059e+1, 0.00000e+0, 3.59835e+1, 0.00000e+0, 3.77388e+0, 0.00000e+0, 3.26038e+0, 0.00000e+0, 2.00000e+1, 0.00000e+0, 2.00000e+1, 0.00000e+0, 3, 1, 
07/12/2023 15:31:37.136, 07/12/2023 15:31:37.076, 4.15906e+0, 0.00000e+0, 9.80745e+1, 0.00000e+0, 2.09988e+0, 0.00000e+0, 1.80709e+4, 0.00000e+0, 1.11720e+3, 0.00000e+0, 2.13853e+0, 0.00000e+0, 1.13776e+3, 0.00000e+0, 4.84065e+2, 0.00000e+0, 3.47920e+1, 0.00000e+0, 3.59846e+1, 0.00000e+0, 3.77352e+0, 0.00000e+0, 3.26019e+0, 0.00000e+0, 2.00000e+1, 0.00000e+0, 2.00000e+1, 0.00000e+0, 3, 1, 
07/12/2023 15:31:38.143, 07/12/2023 15:31:38.071, 4.15895e+0, 0.00000e+0, 9.80587e+1, 0.00000e+0, 2.10325e+0, 0.00000e+0, 1.78554e+4, 0.00000e+0, 1.11352e+3, 0.00000e+0, 2.14148e+0, 0.00000e+0, 1.13376e+3, 0.00000e+0, 4.84204e+2, 0.00000e+0, 3.47962e+1, 0.00000e+0, 3.59897e+1, 0.00000e+0, 3.77267e+0, 0.00000e+0, 3.26037e+0, 0.00000e+0, 2.00000e+1, 0.00000e+0, 2.00000e+1, 0.00000e+0, 3, 1, 
07/12/2023 15:31:39.126, 07/12/2023 15:31:39.066, 4.15891e+0, 0.00000e+0, 9.80519e+1, 0.00000e+0, 2.09925e+0, 0.00000e+0, 1.78316e+4, 0.00000e+0, 1.11227e+3, 0.00000e+0, 2.13737e+0, 0.00000e+0, 1.13247e+3, 0.00000e+0, 4.84371e+2, 0.00000e+0, 3.48062e+1, 0.00000e+0, 3.59881e+1, 0.00000e+0, 3.77232e+0, 0.00000e+0, 3.25981e+0, 0.00000e+0, 2.00000e+1, 0.00000e+0, 2.00000e+1, 0.00000e+0, 3, 1, 
07/12/2023 15:31:40.116, 07/12/2023 15:31:40.060, 4.15891e+0, 0.00000e+0, 9.80523e+1, 0.00000e+0, 2.10055e+0, 0.00000e+0, 1.79383e+4, 0.00000e+0, 1.11343e+3, 0.00000e+0, 2.13892e+0, 0.00000e+0, 1.13377e+3, 0.00000e+0, 4.84175e+2, 0.00000e+0, 3.48010e+1, 0.00000e+0, 3.59979e+1, 0.00000e+0, 3.77182e+0, 0.00000e+0, 3.26024e+0, 0.00000e+0, 2.00000e+1, 0.00000e+0, 2.00000e+1, 0.00000e+0, 3, 1, 
07/12/2023 15:31:41.117, 07/12/2023 15:31:41.055, 4.15888e+0, 0.00000e+0, 9.80474e+1, 0.00000e+0, 2.09883e+0, 0.00000e+0, 1.78369e+4, 0.00000e+0, 1.11382e+3, 0.00000e+0, 2.13695e+0, 0.00000e+0, 1.13404e+3, 0.00000e+0, 4.84229e+2, 0.00000e+0, 3.48027e+1, 0.00000e+0, 3.59947e+1, 0.00000e+0, 3.77271e+0, 0.00000e+0, 3.25959e+0, 0.00000e+0, 2.00000e+1, 0.00000e+0, 2.00000e+1, 0.00000e+0, 3, 2, 
07/12/2023 15:31:42.102, 07/12/2023 15:31:42.049, 4.15898e+0, 0.00000e+0, 9.80631e+1, 0.00000e+0, 2.09750e+0, 0.00000e+0, 1.77668e+4, 0.00000e+0, 1.11996e+3, 0.00000e+0, 2.13544e+0, 0.00000e+0, 1.14022e+3, 0.00000e+0, 4.84396e+2, 0.00000e+0, 3.48084e+1, 0.00000e+0, 3.59967e+1, 0.00000e+0, 3.77267e+0, 0.00000e+0, 3.26010e+0, 0.00000e+0, 2.00000e+1, 0.00000e+0, 2.00000e+1, 0.00000e+0, 3, 2, 
07/12/2023 15:31:43.100, 07/12/2023 15:31:43.044, 4.15891e+0, 0.00000e+0, 9.80527e+1, 0.00000e+0, 2.10068e+0, 0.00000e+0, 1.79938e+4, 0.00000e+0, 1.12065e+3, 0.00000e+0, 2.13917e+0, 0.00000e+0, 1.14119e+3, 0.00000e+0, 4.84177e+2, 0.00000e+0, 3.48105e+1, 0.00000e+0, 3.60015e+1, 0.00000e+0, 3.77254e+0, 0.00000e+0, 3.25897e+0, 0.00000e+0, 2.00000e+1, 0.00000e+0, 5.00000e+0, 0.00000e+0, 3, 2, 
07/12/2023 15:31:44.091, 07/12/2023 15:31:44.039, 4.15897e+0, 0.00000e+0, 9.80617e+1, 0.00000e+0, 2.09772e+0, 0.00000e+0, 1.78029e+4, 0.00000e+0, 1.12380e+3, 0.00000e+0, 2.13574e+0, 0.00000e+0, 1.14417e+3, 0.00000e+0, 4.84204e+2, 0.00000e+0, 3.48055e+1, 0.00000e+0, 3.60036e+1, 0.00000e+0, 3.77265e+0, 0.00000e+0, 3.25961e+0, 0.00000e+0, 2.00000e+1, 0.00000e+0, 5.00000e+0, 0.00000e+0, 3, 2, 
07/12/2023 15:31:45.091, 07/12/2023 15:31:45.032, 4.15894e+0, 0.00000e+0, 9.80565e+1, 0.00000e+0, 2.09963e+0, 0.00000e+0, 1.77743e+4, 0.00000e+0, 1.12303e+3, 0.00000e+0, 2.13762e+0, 0.00000e+0, 1.14336e+3, 0.00000e+0, 4.84265e+2, 0.00000e+0, 3.48108e+1, 0.00000e+0, 3.60097e+1, 0.00000e+0, 3.77310e+0, 0.00000e+0, 3.25994e+0, 0.00000e+0, 2.00000e+1, 0.00000e+0, 5.00000e+0, 0.00000e+0, 3, 2, 
07/12/2023 15:31:46.079, 07/12/2023 15:31:46.028, 4.15901e+0, 0.00000e+0, 9.80677e+1, 0.00000e+0, 2.09952e+0, 0.00000e+0, 1.78778e+4, 0.00000e+0, 1.11873e+3, 0.00000e+0, 2.13774e+0, 0.00000e+0, 1.13910e+3, 0.00000e+0, 4.84407e+2, 0.00000e+0, 3.47999e+1, 0.00000e+0, 3.60077e+1, 0.00000e+0, 3.77229e+0, 0.00000e+0, 3.25989e+0, 0.00000e+0, 2.00000e+1, 0.00000e+0, 5.00000e+0, 0.00000e+0, 3, 2, 
07/12/2023 15:31:47.077, 07/12/2023 15:31:47.022, 4.15900e+0, 0.00000e+0, 9.80653e+1, 0.00000e+0, 2.09962e+0, 0.00000e+0, 1.78438e+4, 0.00000e+0, 1.11712e+3, 0.00000e+0, 2.13777e+0, 0.00000e+0, 1.13741e+3, 0.00000e+0, 4.84392e+2, 0.00000e+0, 3.47999e+1, 0.00000e+0, 3.60090e+1, 0.00000e+0, 3.77173e+0, 0.00000e+0, 3.25963e+0, 0.00000e+0, 2.00000e+1, 0.00000e+0, 5.00000e+0, 0.00000e+0, 3, 2, 
07/12/2023 15:31:48.073, 07/12/2023 15:31:48.016, 4.15888e+0, 0.00000e+0, 9.80473e+1, 0.00000e+0, 2.10003e+0, 0.00000e+0, 1.78598e+4, 0.00000e+0, 1.12050e+3, 0.00000e+0, 2.13822e+0, 0.00000e+0, 1.14088e+3, 0.00000e+0, 4.84275e+2, 0.00000e+0, 3.48370e+1, 0.00000e+0, 3.60158e+1, 0.00000e+0, 3.77238e+0, 0.00000e+0, 3.25982e+0, 0.00000e+0, 2.00000e+1, 0.00000e+0, 5.00000e+0, 0.00000e+0, 3, 2, 
07/12/2023 15:31:49.069, 07/12/2023 15:31:49.011, 4.15899e+0, 0.00000e+0, 9.80638e+1, 0.00000e+0, 2.10184e+0, 0.00000e+0, 1.78230e+4, 0.00000e+0, 1.12160e+3, 0.00000e+0, 2.13998e+0, 0.00000e+0, 1.14195e+3, 0.00000e+0, 4.84342e+2, 0.00000e+0, 3.48136e+1, 0.00000e+0, 3.60165e+1, 0.00000e+0, 3.77215e+0, 0.00000e+0, 3.25995e+0, 0.00000e+0, 2.00000e+1, 0.00000e+0, 5.00000e+0, 0.00000e+0, 3, 2, 
07/12/2023 15:31:50.060, 07/12/2023 15:31:50.005, 4.15896e+0, 0.00000e+0, 9.80599e+1, 0.00000e+0, 2.09978e+0, 0.00000e+0, 1.78843e+4, 0.00000e+0, 1.12487e+3, 0.00000e+0, 2.13802e+0, 0.00000e+0, 1.14535e+3, 0.00000e+0, 4.84445e+2, 0.00000e+0, 3.48071e+1, 0.00000e+0, 3.60240e+1, 0.00000e+0, 3.77185e+0, 0.00000e+0, 3.25961e+0, 0.00000e+0, 2.00000e+1, 0.00000e+0, 5.00000e+0, 0.00000e+0, 3, 2, 
07/12/2023 15:31:51.055, 07/12/2023 15:31:51.000, 4.15903e+0, 0.00000e+0, 9.80695e+1, 0.00000e+0, 2.10200e+0, 0.00000e+0, 1.78120e+4, 0.00000e+0, 1.12557e+3, 0.00000e+0, 2.14011e+0, 0.00000e+0, 1.14599e+3, 0.00000e+0, 4.84244e+2, 0.00000e+0, 3.48019e+1, 0.00000e+0, 3.60236e+1, 0.00000e+0, 3.77210e+0, 0.00000e+0, 3.25897e+0, 0.00000e+0, 2.00000e+1, 0.00000e+0, 5.00000e+0, 0.00000e+0, 3, 2, 
07/12/2023 15:31:52.051, 07/12/2023 15:31:51.995, 4.15902e+0, 0.00000e+0, 9.80679e+1, 0.00000e+0, 2.10096e+0, 0.00000e+0, 1.78436e+4, 0.00000e+0, 1.12856e+3, 0.00000e+0, 2.13913e+0, 0.00000e+0, 1.14907e+3, 0.00000e+0, 4.84317e+2, 0.00000e+0, 3.48048e+1, 0.00000e+0, 3.60212e+1, 0.00000e+0, 3.77198e+0, 0.00000e+0, 3.26003e+0, 0.00000e+0, 2.00000e+1, 0.00000e+0, 5.00000e+0, 0.00000e+0, 3, 2, 
07/12/2023 15:31:53.043, 07/12/2023 15:31:52.990, 4.15895e+0, 0.00000e+0, 9.80574e+1, 0.00000e+0, 2.10093e+0, 0.00000e+0, 1.77963e+4, 0.00000e+0, 1.12539e+3, 0.00000e+0, 2.13899e+0, 0.00000e+0, 1.14578e+3, 0.00000e+0, 4.84492e+2, 0.00000e+0, 3.48129e+1, 0.00000e+0, 3.60162e+1, 0.00000e+0, 3.77193e+0, 0.00000e+0, 3.25919e+0, 0.00000e+0, 2.00000e+1, 0.00000e+0, 5.00000e+0, 0.00000e+0, 3, 2, 
07/12/2023 15:31:54.044, 07/12/2023 15:31:53.985, 4.15900e+0, 0.00000e+0, 9.80647e+1, 0.00000e+0, 2.09935e+0, 0.00000e+0, 1.78637e+4, 0.00000e+0, 1.12647e+3, 0.00000e+0, 2.13753e+0, 0.00000e+0, 1.14695e+3, 0.00000e+0, 4.84291e+2, 0.00000e+0, 3.48155e+1, 0.00000e+0, 3.60180e+1, 0.00000e+0, 3.77222e+0, 0.00000e+0, 3.25976e+0, 0.00000e+0, 2.00000e+1, 0.00000e+0, 5.00000e+0, 0.00000e+0, 3, 2, 
07/12/2023 15:31:55.036, 07/12/2023 15:31:54.979, 4.15902e+0, 0.00000e+0, 9.80677e+1, 0.00000e+0, 2.10091e+0, 0.00000e+0, 1.78270e+4, 0.00000e+0, 1.12171e+3, 0.00000e+0, 2.13904e+0, 0.00000e+0, 1.14207e+3, 0.00000e+0, 4.84261e+2, 0.00000e+0, 3.47989e+1, 0.00000e+0, 3.60175e+1, 0.00000e+0, 3.77209e+0, 0.00000e+0, 3.25964e+0, 0.00000e+0, 2.00000e+1, 0.00000e+0, 5.00000e+0, 0.00000e+0, 3, 2, 
07/12/2023 15:31:56.030, 07/12/2023 15:31:55.972, 4.15901e+0, 0.00000e+0, 9.80676e+1, 0.00000e+0, 2.10014e+0, 0.00000e+0, 1.80422e+4, 0.00000e+0, 1.11928e+3, 0.00000e+0, 2.13872e+0, 0.00000e+0, 1.13984e+3, 0.00000e+0, 4.84410e+2, 0.00000e+0, 3.48099e+1, 0.00000e+0, 3.60188e+1, 0.00000e+0, 3.77169e+0, 0.00000e+0, 3.25866e+0, 0.00000e+0, 2.00000e+1, 0.00000e+0, 5.00000e+0, 0.00000e+0, 3, 2, 
07/12/2023 15:31:57.022, 07/12/2023 15:31:56.968, 4.15901e+0, 0.00000e+0, 9.80670e+1, 0.00000e+0, 2.10010e+0, 0.00000e+0, 1.79113e+4, 0.00000e+0, 1.12031e+3, 0.00000e+0, 2.13840e+0, 0.00000e+0, 1.14074e+3, 0.00000e+0, 4.84426e+2, 0.00000e+0, 3.48069e+1, 0.00000e+0, 3.60180e+1, 0.00000e+0, 3.77187e+0, 0.00000e+0, 3.25937e+0, 0.00000e+0, 2.00000e+1, 0.00000e+0, 5.00000e+0, 0.00000e+0, 3, 2, 
07/12/2023 15:31:58.021, 07/12/2023 15:31:57.962, 4.15901e+0, 0.00000e+0, 9.80664e+1, 0.00000e+0, 2.09711e+0, 0.00000e+0, 1.79958e+4, 0.00000e+0, 1.11949e+3, 0.00000e+0, 2.13555e+0, 0.00000e+0, 1.14000e+3, 0.00000e+0, 4.84370e+2, 0.00000e+0, 3.48047e+1, 0.00000e+0, 3.60162e+1, 0.00000e+0, 3.77216e+0, 0.00000e+0, 3.25987e+0, 0.00000e+0, 2.00000e+1, 0.00000e+0, 5.00000e+0, 0.00000e+0, 3, 2, 
07/12/2023 15:31:59.013, 07/12/2023 15:31:58.956, 4.15891e+0, 0.00000e+0, 9.80522e+1, 0.00000e+0, 2.09803e+0, 0.00000e+0, 1.80956e+4, 0.00000e+0, 1.12000e+3, 0.00000e+0, 2.13669e+0, 0.00000e+0, 1.14064e+3, 0.00000e+0, 4.84277e+2, 0.00000e+0, 3.48105e+1, 0.00000e+0, 3.60191e+1, 0.00000e+0, 3.77099e+0, 0.00000e+0, 3.25926e+0, 0.00000e+0, 2.00000e+1, 0.00000e+0, 5.00000e+0, 0.00000e+0, 3, 2, 
07/12/2023 15:32:00.000, 07/12/2023 15:31:59.950, 4.15893e+0, 0.00000e+0, 9.80554e+1, 0.00000e+0, 2.09612e+0, 0.00000e+0, 1.79458e+4, 0.00000e+0, 1.12003e+3, 0.00000e+0, 2.13442e+0, 0.00000e+0, 1.14050e+3, 0.00000e+0, 4.84419e+2, 0.00000e+0, 3.48071e+1, 0.00000e+0, 3.60247e+1, 0.00000e+0, 3.77197e+0, 0.00000e+0, 3.25965e+0, 0.00000e+0, 2.00000e+1, 0.00000e+0, 5.00000e+0, 0.00000e+0, 3, 2, 
07/12/2023 15:32:00.995, 07/12/2023 15:32:00.946, 4.15885e+0, 0.00000e+0, 9.80431e+1, 0.00000e+0, 2.09670e+0, 0.00000e+0, 1.80247e+4, 0.00000e+0, 1.12047e+3, 0.00000e+0, 2.13518e+0, 0.00000e+0, 1.14104e+3, 0.00000e+0, 4.84422e+2, 0.00000e+0, 3.48060e+1, 0.00000e+0, 3.60242e+1, 0.00000e+0, 3.77206e+0, 0.00000e+0, 3.26008e+0, 0.00000e+0, 2.00000e+1, 0.00000e+0, 5.00000e+0, 0.00000e+0, 3, 2, 
07/12/2023 15:32:01.998, 07/12/2023 15:32:01.939, 4.15887e+0, 0.00000e+0, 9.80464e+1, 0.00000e+0, 2.09971e+0, 0.00000e+0, 1.81373e+4, 0.00000e+0, 1.12069e+3, 0.00000e+0, 2.13850e+0, 0.00000e+0, 1.14139e+3, 0.00000e+0, 4.84376e+2, 0.00000e+0, 3.48005e+1, 0.00000e+0, 3.60212e+1, 0.00000e+0, 3.77193e+0, 0.00000e+0, 3.25908e+0, 0.00000e+0, 2.00000e+1, 0.00000e+0, 5.00000e+0, 0.00000e+0, 3, 2, 
07/12/2023 15:32:02.992, 07/12/2023 15:32:02.934, 4.15893e+0, 0.00000e+0, 9.80547e+1, 0.00000e+0, 2.09897e+0, 0.00000e+0, 1.80146e+4, 0.00000e+0, 1.12194e+3, 0.00000e+0, 2.13748e+0, 0.00000e+0, 1.14252e+3, 0.00000e+0, 4.84441e+2, 0.00000e+0, 3.47972e+1, 0.00000e+0, 3.60287e+1, 0.00000e+0, 3.77261e+0, 0.00000e+0, 3.25908e+0, 0.00000e+0, 2.00000e+1, 0.00000e+0, 5.00000e+0, 0.00000e+0, 3, 2, 
07/12/2023 15:32:03.998, 07/12/2023 15:32:03.930, 4.15887e+0, 0.00000e+0, 9.80454e+1, 0.00000e+0, 2.09490e+0, 0.00000e+0, 1.80232e+4, 0.00000e+0, 1.12173e+3, 0.00000e+0, 2.13335e+0, 0.00000e+0, 1.14232e+3, 0.00000e+0, 4.84492e+2, 0.00000e+0, 3.48134e+1, 0.00000e+0, 3.60305e+1, 0.00000e+0, 3.77211e+0, 0.00000e+0, 3.25912e+0, 0.00000e+0, 2.00000e+1, 0.00000e+0, 5.00000e+0, 0.00000e+0, 3, 2, 
07/12/2023 15:32:05.007, 07/12/2023 15:32:04.923, 4.15902e+0, 0.00000e+0, 9.80679e+1, 0.00000e+0, 2.09700e+0, 0.00000e+0, 1.80088e+4, 0.00000e+0, 1.12403e+3, 0.00000e+0, 2.13546e+0, 0.00000e+0, 1.14464e+3, 0.00000e+0, 4.84489e+2, 0.00000e+0, 3.47954e+1, 0.00000e+0, 3.60280e+1, 0.00000e+0, 3.77180e+0, 0.00000e+0, 3.25927e+0, 0.00000e+0, 2.00000e+1, 0.00000e+0, 5.00000e+0, 0.00000e+0, 3, 2, 
07/12/2023 15:32:05.973, 07/12/2023 15:32:05.918, 4.15898e+0, 0.00000e+0, 9.80629e+1, 0.00000e+0, 2.09922e+0, 0.00000e+0, 1.81430e+4, 0.00000e+0, 1.12446e+3, 0.00000e+0, 2.13801e+0, 0.00000e+0, 1.14524e+3, 0.00000e+0, 4.84407e+2, 0.00000e+0, 3.47972e+1, 0.00000e+0, 3.60277e+1, 0.00000e+0, 3.77142e+0, 0.00000e+0, 3.25926e+0, 0.00000e+0, 2.00000e+1, 0.00000e+0, 5.00000e+0, 0.00000e+0, 3, 2, 
07/12/2023 15:32:06.967, 07/12/2023 15:32:06.912, 4.15892e+0, 0.00000e+0, 9.80536e+1, 0.00000e+0, 2.10190e+0, 0.00000e+0, 1.79788e+4, 0.00000e+0, 1.12132e+3, 0.00000e+0, 2.14038e+0, 0.00000e+0, 1.14185e+3, 0.00000e+0, 4.84435e+2, 0.00000e+0, 3.47954e+1, 0.00000e+0, 3.60264e+1, 0.00000e+0, 3.77240e+0, 0.00000e+0, 3.25930e+0, 0.00000e+0, 2.00000e+1, 0.00000e+0, 5.00000e+0, 0.00000e+0, 3, 2, 
07/12/2023 15:32:07.965, 07/12/2023 15:32:07.908, 4.15889e+0, 0.00000e+0, 9.80489e+1, 0.00000e+0, 2.09801e+0, 0.00000e+0, 1.80217e+4, 0.00000e+0, 1.12441e+3, 0.00000e+0, 2.13652e+0, 0.00000e+0, 1.14505e+3, 0.00000e+0, 4.84479e+2, 0.00000e+0, 3.47959e+1, 0.00000e+0, 3.60243e+1, 0.00000e+0, 3.77171e+0, 0.00000e+0, 3.25854e+0, 0.00000e+0, 2.00000e+1, 0.00000e+0, 5.00000e+0, 0.00000e+0, 3, 2, 
07/12/2023 15:32:08.960, 07/12/2023 15:32:08.902, 4.15900e+0, 0.00000e+0, 9.80650e+1, 0.00000e+0, 2.09746e+0, 0.00000e+0, 1.79683e+4, 0.00000e+0, 1.12392e+3, 0.00000e+0, 2.13584e+0, 0.00000e+0, 1.14448e+3, 0.00000e+0, 4.84535e+2, 0.00000e+0, 3.48056e+1, 0.00000e+0, 3.60299e+1, 0.00000e+0, 3.77127e+0, 0.00000e+0, 3.25852e+0, 0.00000e+0, 2.00000e+1, 0.00000e+0, 5.00000e+0, 0.00000e+0, 3, 2, 
07/12/2023 15:32:09.955, 07/12/2023 15:32:09.896, 4.15905e+0, 0.00000e+0, 9.80724e+1, 0.00000e+0, 2.09805e+0, 0.00000e+0, 1.80019e+4, 0.00000e+0, 1.11889e+3, 0.00000e+0, 2.13651e+0, 0.00000e+0, 1.13940e+3, 0.00000e+0, 4.84472e+2, 0.00000e+0, 3.47868e+1, 0.00000e+0, 3.60283e+1, 0.00000e+0, 3.77220e+0, 0.00000e+0, 3.25933e+0, 0.00000e+0, 2.00000e+1, 0.00000e+0, 5.00000e+0, 0.00000e+0, 3, 2, 
07/12/2023 15:32:10.943, 07/12/2023 15:32:10.892, 4.15909e+0, 0.00000e+0, 9.80791e+1, 0.00000e+0, 2.09933e+0, 0.00000e+0, 1.79660e+4, 0.00000e+0, 1.11659e+3, 0.00000e+0, 2.13774e+0, 0.00000e+0, 1.13702e+3, 0.00000e+0, 4.84584e+2, 0.00000e+0, 3.47922e+1, 0.00000e+0, 3.60320e+1, 0.00000e+0, 3.77158e+0, 0.00000e+0, 3.25847e+0, 0.00000e+0, 2.00000e+1, 0.00000e+0, 5.00000e+0, 0.00000e+0, 3, 2, 
07/12/2023 15:32:11.939, 07/12/2023 15:32:11.885, 4.15899e+0, 0.00000e+0, 9.80639e+1, 0.00000e+0, 2.10125e+0, 0.00000e+0, 1.77905e+4, 0.00000e+0, 1.11373e+3, 0.00000e+0, 2.13931e+0, 0.00000e+0, 1.13390e+3, 0.00000e+0, 4.84473e+2, 0.00000e+0, 3.47834e+1, 0.00000e+0, 3.60335e+1, 0.00000e+0, 3.77091e+0, 0.00000e+0, 3.25891e+0, 0.00000e+0, 2.00000e+1, 0.00000e+0, 5.00000e+0, 0.00000e+0, 3, 2, 
07/12/2023 15:32:12.941, 07/12/2023 15:32:12.880, 4.15898e+0, 0.00000e+0, 9.80629e+1, 0.00000e+0, 2.09731e+0, 0.00000e+0, 1.78861e+4, 0.00000e+0, 1.11360e+3, 0.00000e+0, 2.13551e+0, 0.00000e+0, 1.13388e+3, 0.00000e+0, 4.84410e+2, 0.00000e+0, 3.47934e+1, 0.00000e+0, 3.60404e+1, 0.00000e+0, 3.77163e+0, 0.00000e+0, 3.25927e+0, 0.00000e+0, 2.00000e+1, 0.00000e+0, 5.00000e+0, 0.00000e+0, 3, 2, 
07/12/2023 15:32:13.925, 07/12/2023 15:32:13.874, 4.15906e+0, 0.00000e+0, 9.80742e+1, 0.00000e+0, 2.09990e+0, 0.00000e+0, 1.78206e+4, 0.00000e+0, 1.11273e+3, 0.00000e+0, 2.13800e+0, 0.00000e+0, 1.13292e+3, 0.00000e+0, 4.84471e+2, 0.00000e+0, 3.47899e+1, 0.00000e+0, 3.60371e+1, 0.00000e+0, 3.77193e+0, 0.00000e+0, 3.25901e+0, 0.00000e+0, 2.00000e+1, 0.00000e+0, 5.00000e+0, 0.00000e+0, 3, 2, 
07/12/2023 15:32:14.925, 07/12/2023 15:32:14.870, 4.15898e+0, 0.00000e+0, 9.80629e+1, 0.00000e+0, 2.09657e+0, 0.00000e+0, 1.77539e+4, 0.00000e+0, 1.11119e+3, 0.00000e+0, 2.13446e+0, 0.00000e+0, 1.13128e+3, 0.00000e+0, 4.84583e+2, 0.00000e+0, 3.47864e+1, 0.00000e+0, 3.60400e+1, 0.00000e+0, 3.77068e+0, 0.00000e+0, 3.25899e+0, 0.00000e+0, 2.00000e+1, 0.00000e+0, 5.00000e+0, 0.00000e+0, 3, 2, 
07/12/2023 15:32:15.916, 07/12/2023 15:32:15.864, 4.15904e+0, 0.00000e+0, 9.80713e+1, 0.00000e+0, 2.09827e+0, 0.00000e+0, 1.77636e+4, 0.00000e+0, 1.11002e+3, 0.00000e+0, 2.13622e+0, 0.00000e+0, 1.13010e+3, 0.00000e+0, 4.84575e+2, 0.00000e+0, 3.47901e+1, 0.00000e+0, 3.60401e+1, 0.00000e+0, 3.77181e+0, 0.00000e+0, 3.25867e+0, 0.00000e+0, 2.00000e+1, 0.00000e+0, 5.00000e+0, 0.00000e+0, 3, 2, 
07/12/2023 15:32:16.914, 07/12/2023 15:32:16.858, 4.15897e+0, 0.00000e+0, 9.80617e+1, 0.00000e+0, 2.10152e+0, 0.00000e+0, 1.79262e+4, 0.00000e+0, 1.11285e+3, 0.00000e+0, 2.13988e+0, 0.00000e+0, 1.13316e+3, 0.00000e+0, 4.84547e+2, 0.00000e+0, 3.47872e+1, 0.00000e+0, 3.60403e+1, 0.00000e+0, 3.77085e+0, 0.00000e+0, 3.25939e+0, 0.00000e+0, 2.00000e+1, 0.00000e+0, 5.00000e+0, 0.00000e+0, 3, 2, 
07/12/2023 15:32:17.906, 07/12/2023 15:32:17.853, 4.15911e+0, 0.00000e+0, 9.80822e+1, 0.00000e+0, 2.09703e+0, 0.00000e+0, 1.78004e+4, 0.00000e+0, 1.11226e+3, 0.00000e+0, 2.13503e+0, 0.00000e+0, 1.13242e+3, 0.00000e+0, 4.84497e+2, 0.00000e+0, 3.47844e+1, 0.00000e+0, 3.60448e+1, 0.00000e+0, 3.77154e+0, 0.00000e+0, 3.25833e+0, 0.00000e+0, 2.00000e+1, 0.00000e+0, 5.00000e+0, 0.00000e+0, 3, 2, 
07/12/2023 15:32:18.906, 07/12/2023 15:32:18.847, 4.15907e+0, 0.00000e+0, 9.80752e+1, 0.00000e+0, 2.09922e+0, 0.00000e+0, 1.78439e+4, 0.00000e+0, 1.11144e+3, 0.00000e+0, 2.13736e+0, 0.00000e+0, 1.13164e+3, 0.00000e+0, 4.84651e+2, 0.00000e+0, 3.47884e+1, 0.00000e+0, 3.60531e+1, 0.00000e+0, 3.77180e+0, 0.00000e+0, 3.25844e+0, 0.00000e+0, 2.00000e+1, 0.00000e+0, 5.00000e+0, 0.00000e+0, 3, 2, 
07/12/2023 15:32:19.903, 07/12/2023 15:32:19.842, 4.15912e+0, 0.00000e+0, 9.80829e+1, 0.00000e+0, 2.09557e+0, 0.00000e+0, 1.77427e+4, 0.00000e+0, 1.10810e+3, 0.00000e+0, 2.13342e+0, 0.00000e+0, 1.12811e+3, 0.00000e+0, 4.84768e+2, 0.00000e+0, 3.47881e+1, 0.00000e+0, 3.60515e+1, 0.00000e+0, 3.77206e+0, 0.00000e+0, 3.25890e+0, 0.00000e+0, 2.00000e+1, 0.00000e+0, 5.00000e+0, 0.00000e+0, 3, 2, 
07/12/2023 15:32:20.894, 07/12/2023 15:32:20.836, 4.15913e+0, 0.00000e+0, 9.80850e+1, 0.00000e+0, 2.09978e+0, 0.00000e+0, 1.77974e+4, 0.00000e+0, 1.11076e+3, 0.00000e+0, 2.13783e+0, 0.00000e+0, 1.13088e+3, 0.00000e+0, 4.84624e+2, 0.00000e+0, 3.47877e+1, 0.00000e+0, 3.60485e+1, 0.00000e+0, 3.77088e+0, 0.00000e+0, 3.25872e+0, 0.00000e+0, 2.00000e+1, 0.00000e+0, 5.00000e+0, 0.00000e+0, 3, 2, 
07/12/2023 15:32:21.886, 07/12/2023 15:32:21.831, 4.15901e+0, 0.00000e+0, 9.80668e+1, 0.00000e+0, 2.10200e+0, 0.00000e+0, 1.79325e+4, 0.00000e+0, 1.11107e+3, 0.00000e+0, 2.14038e+0, 0.00000e+0, 1.13136e+3, 0.00000e+0, 4.84505e+2, 0.00000e+0, 3.47882e+1, 0.00000e+0, 3.60489e+1, 0.00000e+0, 3.77007e+0, 0.00000e+0, 3.25923e+0, 0.00000e+0, 2.00000e+1, 0.00000e+0, 5.00000e+0, 0.00000e+0, 3, 2, 
07/12/2023 15:32:22.881, 07/12/2023 15:32:22.825, 4.15912e+0, 0.00000e+0, 9.80838e+1, 0.00000e+0, 2.09989e+0, 0.00000e+0, 1.78938e+4, 0.00000e+0, 1.11240e+3, 0.00000e+0, 2.13815e+0, 0.00000e+0, 1.13267e+3, 0.00000e+0, 4.84600e+2, 0.00000e+0, 3.47853e+1, 0.00000e+0, 3.60557e+1, 0.00000e+0, 3.77075e+0, 0.00000e+0, 3.25835e+0, 0.00000e+0, 2.00000e+1, 0.00000e+0, 5.00000e+0, 0.00000e+0, 3, 2, 
07/12/2023 15:32:23.875, 07/12/2023 15:32:23.821, 4.15911e+0, 0.00000e+0, 9.80815e+1, 0.00000e+0, 2.09976e+0, 0.00000e+0, 1.80584e+4, 0.00000e+0, 1.11628e+3, 0.00000e+0, 2.13838e+0, 0.00000e+0, 1.13681e+3, 0.00000e+0, 4.84612e+2, 0.00000e+0, 3.47833e+1, 0.00000e+0, 3.60578e+1, 0.00000e+0, 3.77183e+0, 0.00000e+0, 3.25894e+0, 0.00000e+0, 2.00000e+1, 0.00000e+0, 5.00000e+0, 0.00000e+0, 3, 2, 
07/12/2023 15:32:24.868, 07/12/2023 15:32:24.814, 4.15908e+0, 0.00000e+0, 9.80774e+1, 0.00000e+0, 2.09841e+0, 0.00000e+0, 1.80680e+4, 0.00000e+0, 1.11657e+3, 0.00000e+0, 2.13702e+0, 0.00000e+0, 1.13711e+3, 0.00000e+0, 4.84499e+2, 0.00000e+0, 3.47798e+1, 0.00000e+0, 3.60588e+1, 0.00000e+0, 3.77096e+0, 0.00000e+0, 3.25877e+0, 0.00000e+0, 2.00000e+1, 0.00000e+0, 5.00000e+0, 0.00000e+0, 3, 2, 
07/12/2023 15:32:25.890, 07/12/2023 15:32:25.809, 4.15912e+0, 0.00000e+0, 9.80827e+1, 0.00000e+0, 2.09773e+0, 0.00000e+0, 1.83499e+4, 0.00000e+0, 1.11710e+3, 0.00000e+0, 2.13695e+0, 0.00000e+0, 1.13798e+3, 0.00000e+0, 4.84536e+2, 0.00000e+0, 3.47786e+1, 0.00000e+0, 3.60561e+1, 0.00000e+0, 3.77233e+0, 0.00000e+0, 3.25824e+0, 0.00000e+0, 2.00000e+1, 0.00000e+0, 5.00000e+0, 0.00000e+0, 3, 2, 
07/12/2023 15:32:26.862, 07/12/2023 15:32:26.803, 4.15901e+0, 0.00000e+0, 9.80676e+1, 0.00000e+0, 2.09690e+0, 0.00000e+0, 1.82434e+4, 0.00000e+0, 1.11405e+3, 0.00000e+0, 2.13586e+0, 0.00000e+0, 1.13476e+3, 0.00000e+0, 4.84709e+2, 0.00000e+0, 3.47809e+1, 0.00000e+0, 3.60548e+1, 0.00000e+0, 3.77195e+0, 0.00000e+0, 3.25860e+0, 0.00000e+0, 2.00000e+1, 0.00000e+0, 5.00000e+0, 0.00000e+0, 3, 2, 
07/12/2023 15:32:27.856, 07/12/2023 15:32:27.798, 4.15908e+0, 0.00000e+0, 9.80773e+1, 0.00000e+0, 2.09801e+0, 0.00000e+0, 1.80785e+4, 0.00000e+0, 1.11448e+3, 0.00000e+0, 2.13663e+0, 0.00000e+0, 1.13500e+3, 0.00000e+0, 4.84640e+2, 0.00000e+0, 3.47826e+1, 0.00000e+0, 3.60531e+1, 0.00000e+0, 3.77146e+0, 0.00000e+0, 3.25779e+0, 0.00000e+0, 2.00000e+1, 0.00000e+0, 5.00000e+0, 0.00000e+0, 3, 2, 
07/12/2023 15:32:28.851, 07/12/2023 15:32:28.792, 4.15899e+0, 0.00000e+0, 9.80647e+1, 0.00000e+0, 2.09835e+0, 0.00000e+0, 1.80677e+4, 0.00000e+0, 1.11159e+3, 0.00000e+0, 2.13696e+0, 0.00000e+0, 1.13204e+3, 0.00000e+0, 4.84612e+2, 0.00000e+0, 3.47880e+1, 0.00000e+0, 3.60487e+1, 0.00000e+0, 3.77024e+0, 0.00000e+0, 3.25847e+0, 0.00000e+0, 2.00000e+1, 0.00000e+0, 5.00000e+0, 0.00000e+0, 3, 2, 
07/12/2023 15:32:29.847, 07/12/2023 15:32:29.788, 4.15894e+0, 0.00000e+0, 9.80563e+1, 0.00000e+0, 2.10114e+0, 0.00000e+0, 1.81381e+4, 0.00000e+0, 1.11126e+3, 0.00000e+0, 2.13995e+0, 0.00000e+0, 1.13178e+3, 0.00000e+0, 4.84517e+2, 0.00000e+0, 3.47919e+1, 0.00000e+0, 3.60525e+1, 0.00000e+0, 3.77150e+0, 0.00000e+0, 3.25831e+0, 0.00000e+0, 2.00000e+1, 0.00000e+0, 5.00000e+0, 0.00000e+0, 3, 2, 
07/12/2023 15:32:30.837, 07/12/2023 15:32:30.781, 4.15901e+0, 0.00000e+0, 9.80664e+1, 0.00000e+0, 2.09715e+0, 0.00000e+0, 1.80258e+4, 0.00000e+0, 1.10802e+3, 0.00000e+0, 2.13565e+0, 0.00000e+0, 1.12836e+3, 0.00000e+0, 4.84670e+2, 0.00000e+0, 3.48075e+1, 0.00000e+0, 3.60547e+1, 0.00000e+0, 3.77138e+0, 0.00000e+0, 3.25860e+0, 0.00000e+0, 2.00000e+1, 0.00000e+0, 5.00000e+0, 0.00000e+0, 3, 2, 
07/12/2023 15:32:31.829, 07/12/2023 15:32:31.775, 4.15906e+0, 0.00000e+0, 9.80750e+1, 0.00000e+0, 2.09942e+0, 0.00000e+0, 1.79170e+4, 0.00000e+0, 1.10542e+3, 0.00000e+0, 2.13772e+0, 0.00000e+0, 1.12559e+3, 0.00000e+0, 4.84611e+2, 0.00000e+0, 3.47932e+1, 0.00000e+0, 3.60570e+1, 0.00000e+0, 3.77140e+0, 0.00000e+0, 3.25877e+0, 0.00000e+0, 2.00000e+1, 0.00000e+0, 5.00000e+0, 0.00000e+0, 3, 2, 
07/12/2023 15:32:32.828, 07/12/2023 15:32:32.770, 4.15903e+0, 0.00000e+0, 9.80706e+1, 0.00000e+0, 2.09697e+0, 0.00000e+0, 1.79281e+4, 0.00000e+0, 1.10593e+3, 0.00000e+0, 2.13526e+0, 0.00000e+0, 1.12612e+3, 0.00000e+0, 4.84698e+2, 0.00000e+0, 3.47839e+1, 0.00000e+0, 3.60590e+1, 0.00000e+0, 3.77134e+0, 0.00000e+0, 3.25771e+0, 0.00000e+0, 2.00000e+1, 0.00000e+0, 5.00000e+0, 0.00000e+0, 3, 2, 
07/12/2023 15:32:33.824, 07/12/2023 15:32:33.765, 4.15869e+0, 0.00000e+0, 9.80186e+1, 0.00000e+0, 2.10146e+0, 0.00000e+0, 1.78323e+4, 0.00000e+0, 1.10766e+3, 0.00000e+0, 2.13961e+0, 0.00000e+0, 1.12777e+3, 0.00000e+0, 4.84388e+2, 0.00000e+0, 3.47831e+1, 0.00000e+0, 3.60545e+1, 0.00000e+0, 3.77195e+0, 0.00000e+0, 3.25865e+0, 0.00000e+0, 2.00000e+1, 0.00000e+0, 5.00000e+0, 0.00000e+0, 3, 2, 
07/12/2023 15:32:34.835, 07/12/2023 15:32:34.759, 4.15912e+0, 0.00000e+0, 9.80827e+1, 0.00000e+0, 2.09418e+0, 0.00000e+0, 1.81995e+4, 0.00000e+0, 1.11553e+3, 0.00000e+0, 2.13300e+0, 0.00000e+0, 1.13621e+3, 0.00000e+0, 4.84636e+2, 0.00000e+0, 3.47831e+1, 0.00000e+0, 3.60636e+1, 0.00000e+0, 3.77135e+0, 0.00000e+0, 3.25840e+0, 0.00000e+0, 2.00000e+1, 0.00000e+0, 5.00000e+0, 0.00000e+0, 3, 2, 
07/12/2023 15:32:35.810, 07/12/2023 15:32:35.755, 4.15896e+0, 0.00000e+0, 9.80600e+1, 0.00000e+0, 2.09673e+0, 0.00000e+0, 1.83210e+4, 0.00000e+0, 1.11582e+3, 0.00000e+0, 2.13586e+0, 0.00000e+0, 1.13664e+3, 0.00000e+0, 4.84690e+2, 0.00000e+0, 3.47918e+1, 0.00000e+0, 3.60635e+1, 0.00000e+0, 3.77239e+0, 0.00000e+0, 3.25862e+0, 0.00000e+0, 2.00000e+1, 0.00000e+0, 5.00000e+0, 0.00000e+0, 3, 2, 
07/12/2023 15:32:36.807, 07/12/2023 15:32:36.750, 4.15904e+0, 0.00000e+0, 9.80715e+1, 0.00000e+0, 2.10037e+0, 0.00000e+0, 1.82888e+4, 0.00000e+0, 1.11627e+3, 0.00000e+0, 2.13950e+0, 0.00000e+0, 1.13707e+3, 0.00000e+0, 4.84521e+2, 0.00000e+0, 3.47971e+1, 0.00000e+0, 3.60654e+1, 0.00000e+0, 3.77083e+0, 0.00000e+0, 3.25838e+0, 0.00000e+0, 2.00000e+1, 0.00000e+0, 5.00000e+0, 0.00000e+0, 3, 2, 
07/12/2023 15:32:37.807, 07/12/2023 15:32:37.744, 4.15908e+0, 0.00000e+0, 9.80769e+1, 0.00000e+0, 2.09931e+0, 0.00000e+0, 1.82232e+4, 0.00000e+0, 1.11327e+3, 0.00000e+0, 2.13827e+0, 0.00000e+0, 1.13393e+3, 0.00000e+0, 4.84568e+2, 0.00000e+0, 3.47945e+1, 0.00000e+0, 3.60657e+1, 0.00000e+0, 3.77171e+0, 0.00000e+0, 3.25890e+0, 0.00000e+0, 2.00000e+1, 0.00000e+0, 5.00000e+0, 0.00000e+0, 3, 2, 
07/12/2023 15:32:38.796, 07/12/2023 15:32:38.738, 4.15921e+0, 0.00000e+0, 9.80972e+1, 0.00000e+0, 2.09885e+0, 0.00000e+0, 1.81803e+4, 0.00000e+0, 1.11374e+3, 0.00000e+0, 2.13772e+0, 0.00000e+0, 1.13436e+3, 0.00000e+0, 4.84760e+2, 0.00000e+0, 3.47906e+1, 0.00000e+0, 3.60611e+1, 0.00000e+0, 3.77093e+0, 0.00000e+0, 3.25833e+0, 0.00000e+0, 2.00000e+1, 0.00000e+0, 5.00000e+0, 0.00000e+0, 3, 2, 
07/12/2023 15:32:39.790, 07/12/2023 15:32:39.732, 4.15918e+0, 0.00000e+0, 9.80928e+1, 0.00000e+0, 2.09890e+0, 0.00000e+0, 1.83606e+4, 0.00000e+0, 1.11631e+3, 0.00000e+0, 2.13816e+0, 0.00000e+0, 1.13719e+3, 0.00000e+0, 4.84695e+2, 0.00000e+0, 3.47842e+1, 0.00000e+0, 3.60671e+1, 0.00000e+0, 3.77042e+0, 0.00000e+0, 3.25803e+0, 0.00000e+0, 2.00000e+1, 0.00000e+0, 5.00000e+0, 0.00000e+0, 3, 2, 
07/12/2023 15:32:40.783, 07/12/2023 15:32:40.726, 4.15914e+0, 0.00000e+0, 9.80856e+1, 0.00000e+0, 2.09710e+0, 0.00000e+0, 1.83900e+4, 0.00000e+0, 1.11889e+3, 0.00000e+0, 2.13639e+0, 0.00000e+0, 1.13985e+3, 0.00000e+0, 4.84611e+2, 0.00000e+0, 3.47958e+1, 0.00000e+0, 3.60665e+1, 0.00000e+0, 3.77186e+0, 0.00000e+0, 3.25851e+0, 0.00000e+0, 2.00000e+1, 0.00000e+0, 5.00000e+0, 0.00000e+0, 3, 2, 
07/12/2023 15:32:41.781, 07/12/2023 15:32:41.722, 4.15895e+0, 0.00000e+0, 9.80585e+1, 0.00000e+0, 2.09521e+0, 0.00000e+0, 1.83991e+4, 0.00000e+0, 1.11780e+3, 0.00000e+0, 2.13449e+0, 0.00000e+0, 1.13876e+3, 0.00000e+0, 4.84770e+2, 0.00000e+0, 3.47981e+1, 0.00000e+0, 3.60754e+1, 0.00000e+0, 3.77111e+0, 0.00000e+0, 3.25816e+0, 0.00000e+0, 2.00000e+1, 0.00000e+0, 5.00000e+0, 0.00000e+0, 3, 1, 
07/12/2023 15:32:42.777, 07/12/2023 15:32:42.716, 4.15899e+0, 0.00000e+0, 9.80644e+1, 0.00000e+0, 2.09681e+0, 0.00000e+0, 1.87204e+4, 0.00000e+0, 1.11648e+3, 0.00000e+0, 2.13681e+0, 0.00000e+0, 1.13778e+3, 0.00000e+0, 4.84809e+2, 0.00000e+0, 3.47958e+1, 0.00000e+0, 3.60761e+1, 0.00000e+0, 3.77107e+0, 0.00000e+0, 3.25891e+0, 0.00000e+0, 2.00000e+1, 0.00000e+0, 5.00000e+0, 0.00000e+0, 3, 1, 
07/12/2023 15:32:43.771, 07/12/2023 15:32:43.710, 4.15897e+0, 0.00000e+0, 9.80609e+1, 0.00000e+0, 2.09696e+0, 0.00000e+0, 1.86516e+4, 0.00000e+0, 1.11699e+3, 0.00000e+0, 2.13682e+0, 0.00000e+0, 1.13822e+3, 0.00000e+0, 4.84606e+2, 0.00000e+0, 3.47953e+1, 0.00000e+0, 3.60882e+1, 0.00000e+0, 3.77203e+0, 0.00000e+0, 3.25843e+0, 0.00000e+0, 2.00000e+1, 0.00000e+0, 5.00000e+0, 0.00000e+0, 3, 1, 
07/12/2023 15:32:44.761, 07/12/2023 15:32:44.706, 4.15911e+0, 0.00000e+0, 9.80814e+1, 0.00000e+0, 2.09813e+0, 0.00000e+0, 1.85527e+4, 0.00000e+0, 1.11628e+3, 0.00000e+0, 2.13779e+0, 0.00000e+0, 1.13738e+3, 0.00000e+0, 4.84329e+2, 0.00000e+0, 3.47842e+1, 0.00000e+0, 3.60845e+1, 0.00000e+0, 3.77064e+0, 0.00000e+0, 3.25867e+0, 0.00000e+0, 2.00000e+1, 0.00000e+0, 5.00000e+0, 0.00000e+0, 3, 1, 
07/12/2023 15:32:45.762, 07/12/2023 15:32:45.699, 4.15922e+0, 0.00000e+0, 9.80975e+1, 0.00000e+0, 2.09846e+0, 0.00000e+0, 1.86160e+4, 0.00000e+0, 1.11775e+3, 0.00000e+0, 2.13827e+0, 0.00000e+0, 1.13895e+3, 0.00000e+0, 4.84389e+2, 0.00000e+0, 3.47789e+1, 0.00000e+0, 3.60915e+1, 0.00000e+0, 3.77147e+0, 0.00000e+0, 3.25855e+0, 0.00000e+0, 2.00000e+1, 0.00000e+0, 5.00000e+0, 0.00000e+0, 3, 1, 
07/12/2023 15:32:46.747, 07/12/2023 15:32:46.694, 4.15901e+0, 0.00000e+0, 9.80665e+1, 0.00000e+0, 2.09867e+0, 0.00000e+0, 1.84807e+4, 0.00000e+0, 1.13362e+3, 0.00000e+0, 2.13818e+0, 0.00000e+0, 1.15496e+3, 0.00000e+0, 4.84577e+2, 0.00000e+0, 3.47901e+1, 0.00000e+0, 3.61048e+1, 0.00000e+0, 3.77126e+0, 0.00000e+0, 3.25881e+0, 0.00000e+0, 2.00000e+1, 0.00000e+0, 5.00000e+0, 0.00000e+0, 3, 1, 
07/12/2023 15:32:47.746, 07/12/2023 15:32:47.688, 4.15837e+0, 0.00000e+0, 9.79719e+1, 0.00000e+0, 2.09900e+0, 0.00000e+0, 1.86593e+4, 0.00000e+0, 1.12950e+3, 0.00000e+0, 2.13891e+0, 0.00000e+0, 1.15098e+3, 0.00000e+0, 4.84294e+2, 0.00000e+0, 3.47907e+1, 0.00000e+0, 3.60987e+1, 0.00000e+0, 3.77084e+0, 0.00000e+0, 3.25870e+0, 0.00000e+0, 2.00000e+1, 0.00000e+0, 5.00000e+0, 0.00000e+0, 3, 1, 
07/12/2023 15:32:48.733, 07/12/2023 15:32:48.683, 4.15847e+0, 0.00000e+0, 9.79865e+1, 0.00000e+0, 2.09911e+0, 0.00000e+0, 1.86908e+4, 0.00000e+0, 1.12908e+3, 0.00000e+0, 2.13909e+0, 0.00000e+0, 1.15059e+3, 0.00000e+0, 4.84239e+2, 0.00000e+0, 3.47963e+1, 0.00000e+0, 3.60863e+1, 0.00000e+0, 3.77135e+0, 0.00000e+0, 3.25848e+0, 0.00000e+0, 2.00000e+1, 0.00000e+0, 5.00000e+0, 0.00000e+0, 3, 1, 
07/12/2023 15:32:49.728, 07/12/2023 15:32:49.678, 4.15811e+0, 0.00000e+0, 9.79336e+1, 0.00000e+0, 2.09995e+0, 0.00000e+0, 1.85703e+4, 0.00000e+0, 1.12578e+3, 0.00000e+0, 2.13969e+0, 0.00000e+0, 1.14708e+3, 0.00000e+0, 4.84102e+2, 0.00000e+0, 3.48061e+1, 0.00000e+0, 3.60841e+1, 0.00000e+0, 3.77109e+0, 0.00000e+0, 3.25832e+0, 0.00000e+0, 2.00000e+1, 0.00000e+0, 5.00000e+0, 0.00000e+0, 3, 1, 
07/12/2023 15:32:50.992, 07/12/2023 15:32:50.935, 4.15804e+0, 0.00000e+0, 9.79231e+1, 0.00000e+0, 2.09814e+0, 0.00000e+0, 1.84786e+4, 0.00000e+0, 1.12564e+3, 0.00000e+0, 2.13764e+0, 0.00000e+0, 1.14683e+3, 0.00000e+0, 4.84083e+2, 0.00000e+0, 3.47959e+1, 0.00000e+0, 3.60934e+1, 0.00000e+0, 3.77067e+0, 0.00000e+0, 3.25800e+0, 0.00000e+0, 2.00000e+1, 0.00000e+0, 5.00000e+0, 0.00000e+0, 3, 1, 
07/12/2023 15:32:51.726, 07/12/2023 15:32:51.667, 4.15817e+0, 0.00000e+0, 9.79415e+1, 0.00000e+0, 2.09823e+0, 0.00000e+0, 1.83489e+4, 0.00000e+0, 1.11967e+3, 0.00000e+0, 2.13745e+0, 0.00000e+0, 1.14060e+3, 0.00000e+0, 4.84158e+2, 0.00000e+0, 3.48088e+1, 0.00000e+0, 3.60999e+1, 0.00000e+0, 3.77108e+0, 0.00000e+0, 3.25915e+0, 0.00000e+0, 2.00000e+1, 0.00000e+0, 5.00000e+0, 0.00000e+0, 3, 1, 
07/12/2023 15:32:52.729, 07/12/2023 15:32:52.661, 4.15831e+0, 0.00000e+0, 9.79624e+1, 0.00000e+0, 2.09848e+0, 0.00000e+0, 1.82997e+4, 0.00000e+0, 1.11975e+3, 0.00000e+0, 2.13760e+0, 0.00000e+0, 1.14062e+3, 0.00000e+0, 4.84181e+2, 0.00000e+0, 3.48093e+1, 0.00000e+0, 3.61083e+1, 0.00000e+0, 3.77142e+0, 0.00000e+0, 3.25826e+0, 0.00000e+0, 2.00000e+1, 0.00000e+0, 5.00000e+0, 0.00000e+0, 3, 1, 
07/12/2023 15:32:53.719, 07/12/2023 15:32:53.656, 4.15847e+0, 0.00000e+0, 9.79872e+1, 0.00000e+0, 2.10054e+0, 0.00000e+0, 1.83659e+4, 0.00000e+0, 1.11981e+3, 0.00000e+0, 2.13984e+0, 0.00000e+0, 1.14076e+3, 0.00000e+0, 4.84277e+2, 0.00000e+0, 3.48035e+1, 0.00000e+0, 3.61069e+1, 0.00000e+0, 3.77091e+0, 0.00000e+0, 3.25940e+0, 0.00000e+0, 2.00000e+1, 0.00000e+0, 5.00000e+0, 0.00000e+0, 3, 1, 
07/12/2023 15:32:54.715, 07/12/2023 15:32:54.650, 4.15821e+0, 0.00000e+0, 9.79477e+1, 0.00000e+0, 2.09811e+0, 0.00000e+0, 1.81752e+4, 0.00000e+0, 1.11524e+3, 0.00000e+0, 2.13695e+0, 0.00000e+0, 1.13589e+3, 0.00000e+0, 4.84193e+2, 0.00000e+0, 3.48048e+1, 0.00000e+0, 3.61025e+1, 0.00000e+0, 3.77099e+0, 0.00000e+0, 3.25890e+0, 0.00000e+0, 2.00000e+1, 0.00000e+0, 5.00000e+0, 0.00000e+0, 3, 1, 
07/12/2023 15:32:55.700, 07/12/2023 15:32:55.646, 4.15813e+0, 0.00000e+0, 9.79358e+1, 0.00000e+0, 2.09689e+0, 0.00000e+0, 1.81445e+4, 0.00000e+0, 1.11341e+3, 0.00000e+0, 2.13564e+0, 0.00000e+0, 1.13399e+3, 0.00000e+0, 4.84322e+2, 0.00000e+0, 3.48115e+1, 0.00000e+0, 3.61033e+1, 0.00000e+0, 3.77159e+0, 0.00000e+0, 3.25862e+0, 0.00000e+0, 2.00000e+1, 0.00000e+0, 5.00000e+0, 0.00000e+0, 3, 1, 
07/12/2023 15:32:56.697, 07/12/2023 15:32:56.639, 4.15837e+0, 0.00000e+0, 9.79710e+1, 0.00000e+0, 2.09892e+0, 0.00000e+0, 1.81361e+4, 0.00000e+0, 1.11650e+3, 0.00000e+0, 2.13769e+0, 0.00000e+0, 1.13712e+3, 0.00000e+0, 4.84189e+2, 0.00000e+0, 3.48110e+1, 0.00000e+0, 3.61021e+1, 0.00000e+0, 3.77093e+0, 0.00000e+0, 3.25896e+0, 0.00000e+0, 2.00000e+1, 0.00000e+0, 5.00000e+0, 0.00000e+0, 3, 1, 
07/12/2023 15:32:57.692, 07/12/2023 15:32:57.635, 4.15827e+0, 0.00000e+0, 9.79569e+1, 0.00000e+0, 2.09715e+0, 0.00000e+0, 1.81198e+4, 0.00000e+0, 1.14718e+3, 0.00000e+0, 2.13585e+0, 0.00000e+0, 1.16835e+3, 0.00000e+0, 4.84182e+2, 0.00000e+0, 3.48042e+1, 0.00000e+0, 3.61081e+1, 0.00000e+0, 3.77084e+0, 0.00000e+0, 3.25867e+0, 0.00000e+0, 2.00000e+1, 0.00000e+0, 5.00000e+0, 0.00000e+0, 3, 1, 
07/12/2023 15:32:59.829, 07/12/2023 15:32:59.776, 4.15813e+0, 0.00000e+0, 9.79356e+1, 0.00000e+0, 2.10136e+0, 0.00000e+0, 1.81315e+4, 0.00000e+0, 1.26936e+3, 0.00000e+0, 2.14016e+0, 0.00000e+0, 1.29280e+3, 0.00000e+0, 4.84061e+2, 0.00000e+0, 3.48171e+1, 0.00000e+0, 3.61134e+1, 0.00000e+0, 3.77113e+0, 0.00000e+0, 3.25858e+0, 0.00000e+0, 2.00000e+1, 0.00000e+0, 5.00000e+0, 0.00000e+0, 3, 1, 
07/12/2023 15:32:59.891, 07/12/2023 15:32:59.839, 4.15814e+0, 0.00000e+0, 9.79370e+1, 0.00000e+0, 2.09977e+0, 0.00000e+0, 1.79439e+4, 0.00000e+0, 1.22089e+3, 0.00000e+0, 2.13814e+0, 0.00000e+0, 1.24320e+3, 0.00000e+0, 4.84081e+2, 0.00000e+0, 3.48165e+1, 0.00000e+0, 3.61137e+1, 0.00000e+0, 3.77061e+0, 0.00000e+0, 3.25875e+0, 0.00000e+0, 2.00000e+1, 0.00000e+0, 5.00000e+0, 0.00000e+0, 3, 1, 
07/12/2023 15:33:00.680, 07/12/2023 15:33:00.618, 4.15800e+0, 0.00000e+0, 9.79173e+1, 0.00000e+0, 2.09652e+0, 0.00000e+0, 1.82188e+4, 0.00000e+0, 1.14420e+3, 0.00000e+0, 2.13542e+0, 0.00000e+0, 1.16543e+3, 0.00000e+0, 4.84154e+2, 0.00000e+0, 3.48055e+1, 0.00000e+0, 3.61158e+1, 0.00000e+0, 3.77109e+0, 0.00000e+0, 3.25833e+0, 0.00000e+0, 2.00000e+1, 0.00000e+0, 5.00000e+0, 0.00000e+0, 3, 1, 
07/12/2023 15:33:01.676, 07/12/2023 15:33:01.612, 4.15866e+0, 0.00000e+0, 9.80156e+1, 0.00000e+0, 2.10019e+0, 0.00000e+0, 1.82276e+4, 0.00000e+0, 1.13982e+3, 0.00000e+0, 2.13918e+0, 0.00000e+0, 1.16098e+3, 0.00000e+0, 4.84253e+2, 0.00000e+0, 3.48105e+1, 0.00000e+0, 3.61219e+1, 0.00000e+0, 3.77059e+0, 0.00000e+0, 3.25813e+0, 0.00000e+0, 2.00000e+1, 0.00000e+0, 5.00000e+0, 0.00000e+0, 3, 1, 
07/12/2023 15:33:02.665, 07/12/2023 15:33:02.607, 4.15854e+0, 0.00000e+0, 9.79971e+1, 0.00000e+0, 2.09666e+0, 0.00000e+0, 1.82419e+4, 0.00000e+0, 1.14495e+3, 0.00000e+0, 2.13562e+0, 0.00000e+0, 1.16622e+3, 0.00000e+0, 4.84450e+2, 0.00000e+0, 3.48060e+1, 0.00000e+0, 3.61326e+1, 0.00000e+0, 3.76954e+0, 0.00000e+0, 3.25818e+0, 0.00000e+0, 2.00000e+1, 0.00000e+0, 5.00000e+0, 0.00000e+0, 3, 1, 
07/12/2023 15:33:03.655, 07/12/2023 15:33:03.601, 4.15796e+0, 0.00000e+0, 9.79106e+1, 0.00000e+0, 2.09864e+0, 0.00000e+0, 1.82801e+4, 0.00000e+0, 1.13623e+3, 0.00000e+0, 2.13772e+0, 0.00000e+0, 1.15738e+3, 0.00000e+0, 4.84216e+2, 0.00000e+0, 3.48234e+1, 0.00000e+0, 3.61261e+1, 0.00000e+0, 3.77046e+0, 0.00000e+0, 3.25818e+0, 0.00000e+0, 2.00000e+1, 0.00000e+0, 5.00000e+0, 0.00000e+0, 3, 1, 
07/12/2023 15:33:04.655, 07/12/2023 15:33:04.597, 4.15862e+0, 0.00000e+0, 9.80091e+1, 0.00000e+0, 2.09879e+0, 0.00000e+0, 1.83770e+4, 0.00000e+0, 1.13583e+3, 0.00000e+0, 2.13808e+0, 0.00000e+0, 1.15709e+3, 0.00000e+0, 4.84263e+2, 0.00000e+0, 3.48123e+1, 0.00000e+0, 3.61335e+1, 0.00000e+0, 3.77142e+0, 0.00000e+0, 3.25859e+0, 0.00000e+0, 2.00000e+1, 0.00000e+0, 5.00000e+0, 0.00000e+0, 3, 1, 
07/12/2023 15:33:05.656, 07/12/2023 15:33:05.597, 4.15858e+0, 0.00000e+0, 9.80036e+1, 0.00000e+0, 2.09990e+0, 0.00000e+0, 1.82607e+4, 0.00000e+0, 1.14217e+3, 0.00000e+0, 2.13896e+0, 0.00000e+0, 1.16341e+3, 0.00000e+0, 4.84187e+2, 0.00000e+0, 3.48065e+1, 0.00000e+0, 3.61219e+1, 0.00000e+0, 3.77055e+0, 0.00000e+0, 3.25831e+0, 0.00000e+0, 2.00000e+1, 0.00000e+0, 5.00000e+0, 0.00000e+0, 3, 1, 
07/12/2023 15:33:06.654, 07/12/2023 15:33:06.592, 4.15852e+0, 0.00000e+0, 9.79937e+1, 0.00000e+0, 2.09918e+0, 0.00000e+0, 1.84852e+4, 0.00000e+0, 1.15204e+3, 0.00000e+0, 2.13871e+0, 0.00000e+0, 1.17374e+3, 0.00000e+0, 4.84367e+2, 0.00000e+0, 3.48044e+1, 0.00000e+0, 3.61336e+1, 0.00000e+0, 3.77045e+0, 0.00000e+0, 3.25870e+0, 0.00000e+0, 2.00000e+1, 0.00000e+0, 5.00000e+0, 0.00000e+0, 3, 1, 
07/12/2023 15:33:07.677, 07/12/2023 15:33:07.599, 4.15829e+0, 0.00000e+0, 9.79596e+1, 0.00000e+0, 2.09885e+0, 0.00000e+0, 1.83958e+4, 0.00000e+0, 1.18100e+3, 0.00000e+0, 2.13818e+0, 0.00000e+0, 1.20313e+3, 0.00000e+0, 4.84280e+2, 0.00000e+0, 3.48037e+1, 0.00000e+0, 3.61402e+1, 0.00000e+0, 3.77039e+0, 0.00000e+0, 3.25845e+0, 0.00000e+0, 2.00000e+1, 0.00000e+0, 5.00000e+0, 0.00000e+0, 3, 1, 
07/12/2023 15:33:08.634, 07/12/2023 15:33:08.580, 4.15802e+0, 0.00000e+0, 9.79196e+1, 0.00000e+0, 2.10165e+0, 0.00000e+0, 1.80678e+4, 0.00000e+0, 1.17224e+3, 0.00000e+0, 2.14032e+0, 0.00000e+0, 1.19381e+3, 0.00000e+0, 4.84199e+2, 0.00000e+0, 3.48065e+1, 0.00000e+0, 3.61290e+1, 0.00000e+0, 3.77021e+0, 0.00000e+0, 3.25885e+0, 0.00000e+0, 2.00000e+1, 0.00000e+0, 5.00000e+0, 0.00000e+0, 3, 1, 
07/12/2023 15:33:09.654, 07/12/2023 15:33:09.575, 4.15850e+0, 0.00000e+0, 9.79911e+1, 0.00000e+0, 2.09803e+0, 0.00000e+0, 1.82948e+4, 0.00000e+0, 1.13363e+3, 0.00000e+0, 2.13713e+0, 0.00000e+0, 1.15476e+3, 0.00000e+0, 4.84299e+2, 0.00000e+0, 3.48115e+1, 0.00000e+0, 3.61436e+1, 0.00000e+0, 3.77123e+0, 0.00000e+0, 3.25815e+0, 0.00000e+0, 2.00000e+1, 0.00000e+0, 5.00000e+0, 0.00000e+0, 3, 1, 
07/12/2023 15:33:10.630, 07/12/2023 15:33:10.571, 4.15865e+0, 0.00000e+0, 9.80129e+1, 0.00000e+0, 2.10077e+0, 0.00000e+0, 1.83169e+4, 0.00000e+0, 1.12630e+3, 0.00000e+0, 2.13996e+0, 0.00000e+0, 1.14731e+3, 0.00000e+0, 4.84380e+2, 0.00000e+0, 3.48083e+1, 0.00000e+0, 3.61323e+1, 0.00000e+0, 3.77090e+0, 0.00000e+0, 3.25868e+0, 0.00000e+0, 2.00000e+1, 0.00000e+0, 5.00000e+0, 0.00000e+0, 3, 1, 
07/12/2023 15:33:11.763, 07/12/2023 15:33:11.708, 4.15830e+0, 0.00000e+0, 9.79619e+1, 0.00000e+0, 2.09768e+0, 0.00000e+0, 1.82621e+4, 0.00000e+0, 1.12544e+3, 0.00000e+0, 2.13670e+0, 0.00000e+0, 1.14637e+3, 0.00000e+0, 4.84271e+2, 0.00000e+0, 3.48052e+1, 0.00000e+0, 3.61370e+1, 0.00000e+0, 3.76991e+0, 0.00000e+0, 3.25858e+0, 0.00000e+0, 2.00000e+1, 0.00000e+0, 5.00000e+0, 0.00000e+0, 3, 1, 
07/12/2023 15:33:12.612, 07/12/2023 15:33:12.559, 4.15861e+0, 0.00000e+0, 9.80077e+1, 0.00000e+0, 2.09570e+0, 0.00000e+0, 1.84522e+4, 0.00000e+0, 1.12329e+3, 0.00000e+0, 2.13510e+0, 0.00000e+0, 1.14441e+3, 0.00000e+0, 4.84308e+2, 0.00000e+0, 3.48134e+1, 0.00000e+0, 3.61460e+1, 0.00000e+0, 3.77142e+0, 0.00000e+0, 3.25795e+0, 0.00000e+0, 2.00000e+1, 0.00000e+0, 5.00000e+0, 0.00000e+0, 3, 1, 
07/12/2023 15:33:13.616, 07/12/2023 15:33:13.559, 4.15871e+0, 0.00000e+0, 9.80217e+1, 0.00000e+0, 2.09856e+0, 0.00000e+0, 1.82502e+4, 0.00000e+0, 1.12193e+3, 0.00000e+0, 2.13757e+0, 0.00000e+0, 1.14279e+3, 0.00000e+0, 4.84394e+2, 0.00000e+0, 3.47984e+1, 0.00000e+0, 3.61405e+1, 0.00000e+0, 3.77150e+0, 0.00000e+0, 3.25884e+0, 0.00000e+0, 2.00000e+1, 0.00000e+0, 5.00000e+0, 0.00000e+0, 3, 1, 
07/12/2023 15:33:14.633, 07/12/2023 15:33:14.554, 4.15857e+0, 0.00000e+0, 9.80008e+1, 0.00000e+0, 2.10072e+0, 0.00000e+0, 1.82034e+4, 0.00000e+0, 1.12154e+3, 0.00000e+0, 2.13967e+0, 0.00000e+0, 1.14233e+3, 0.00000e+0, 4.84302e+2, 0.00000e+0, 3.47898e+1, 0.00000e+0, 3.61587e+1, 0.00000e+0, 3.77068e+0, 0.00000e+0, 3.25864e+0, 0.00000e+0, 2.00000e+1, 0.00000e+0, 5.00000e+0, 0.00000e+0, 3, 1, 
07/12/2023 15:33:15.605, 07/12/2023 15:33:15.550, 4.15836e+0, 0.00000e+0, 9.79705e+1, 0.00000e+0, 2.09829e+0, 0.00000e+0, 1.83442e+4, 0.00000e+0, 1.12223e+3, 0.00000e+0, 2.13751e+0, 0.00000e+0, 1.14320e+3, 0.00000e+0, 4.84344e+2, 0.00000e+0, 3.48029e+1, 0.00000e+0, 3.61570e+1, 0.00000e+0, 3.77009e+0, 0.00000e+0, 3.25862e+0, 0.00000e+0, 2.00000e+1, 0.00000e+0, 5.00000e+0, 0.00000e+0, 3, 1, 
07/12/2023 15:33:16.600, 07/12/2023 15:33:16.544, 4.15844e+0, 0.00000e+0, 9.79817e+1, 0.00000e+0, 2.09819e+0, 0.00000e+0, 1.83805e+4, 0.00000e+0, 1.13254e+3, 0.00000e+0, 2.13748e+0, 0.00000e+0, 1.15375e+3, 0.00000e+0, 4.84368e+2, 0.00000e+0, 3.48169e+1, 0.00000e+0, 3.61759e+1, 0.00000e+0, 3.77097e+0, 0.00000e+0, 3.25843e+0, 0.00000e+0, 2.00000e+1, 0.00000e+0, 5.00000e+0, 0.00000e+0, 3, 1, 
07/12/2023 15:33:17.597, 07/12/2023 15:33:17.539, 4.15857e+0, 0.00000e+0, 9.80010e+1, 0.00000e+0, 2.09866e+0, 0.00000e+0, 1.81353e+4, 0.00000e+0, 1.14154e+3, 0.00000e+0, 2.13742e+0, 0.00000e+0, 1.16263e+3, 0.00000e+0, 4.84314e+2, 0.00000e+0, 3.48179e+1, 0.00000e+0, 3.61717e+1, 0.00000e+0, 3.77090e+0, 0.00000e+0, 3.25783e+0, 0.00000e+0, 2.00000e+1, 0.00000e+0, 5.00000e+0, 0.00000e+0, 3, 1, 
07/12/2023 15:33:18.590, 07/12/2023 15:33:18.532, 4.15856e+0, 0.00000e+0, 9.80004e+1, 0.00000e+0, 2.09849e+0, 0.00000e+0, 1.82052e+4, 0.00000e+0, 1.12902e+3, 0.00000e+0, 2.13740e+0, 0.00000e+0, 1.14996e+3, 0.00000e+0, 4.84310e+2, 0.00000e+0, 3.48119e+1, 0.00000e+0, 3.61799e+1, 0.00000e+0, 3.77043e+0, 0.00000e+0, 3.25899e+0, 0.00000e+0, 2.00000e+1, 0.00000e+0, 5.00000e+0, 0.00000e+0, 3, 1, 
07/12/2023 15:33:19.589, 07/12/2023 15:33:19.527, 4.15873e+0, 0.00000e+0, 9.80256e+1, 0.00000e+0, 2.09997e+0, 0.00000e+0, 1.81570e+4, 0.00000e+0, 1.14845e+3, 0.00000e+0, 2.13881e+0, 0.00000e+0, 1.16968e+3, 0.00000e+0, 4.84347e+2, 0.00000e+0, 3.48060e+1, 0.00000e+0, 3.61713e+1, 0.00000e+0, 3.77004e+0, 0.00000e+0, 3.25812e+0, 0.00000e+0, 2.00000e+1, 0.00000e+0, 5.00000e+0, 0.00000e+0, 3, 1, 
07/12/2023 15:33:20.574, 07/12/2023 15:33:20.522, 4.15880e+0, 0.00000e+0, 9.80362e+1, 0.00000e+0, 2.09951e+0, 0.00000e+0, 1.82723e+4, 0.00000e+0, 1.13436e+3, 0.00000e+0, 2.13859e+0, 0.00000e+0, 1.15547e+3, 0.00000e+0, 4.84473e+2, 0.00000e+0, 3.48069e+1, 0.00000e+0, 3.61761e+1, 0.00000e+0, 3.77073e+0, 0.00000e+0, 3.25824e+0, 0.00000e+0, 2.00000e+1, 0.00000e+0, 5.00000e+0, 0.00000e+0, 3, 1, 
07/12/2023 15:33:21.577, 07/12/2023 15:33:21.517, 4.15868e+0, 0.00000e+0, 9.80174e+1, 0.00000e+0, 2.09627e+0, 0.00000e+0, 1.80904e+4, 0.00000e+0, 1.12102e+3, 0.00000e+0, 2.13489e+0, 0.00000e+0, 1.14168e+3, 0.00000e+0, 4.84330e+2, 0.00000e+0, 3.48120e+1, 0.00000e+0, 3.61736e+1, 0.00000e+0, 3.77097e+0, 0.00000e+0, 3.25853e+0, 0.00000e+0, 2.00000e+1, 0.00000e+0, 5.00000e+0, 0.00000e+0, 3, 1, 
07/12/2023 15:33:22.566, 07/12/2023 15:33:22.510, 4.15879e+0, 0.00000e+0, 9.80345e+1, 0.00000e+0, 2.09846e+0, 0.00000e+0, 1.80167e+4, 0.00000e+0, 1.11817e+3, 0.00000e+0, 2.13696e+0, 0.00000e+0, 1.13869e+3, 0.00000e+0, 4.84303e+2, 0.00000e+0, 3.48077e+1, 0.00000e+0, 3.61798e+1, 0.00000e+0, 3.77114e+0, 0.00000e+0, 3.25748e+0, 0.00000e+0, 2.00000e+1, 0.00000e+0, 5.00000e+0, 0.00000e+0, 3, 1, 
07/12/2023 15:33:23.561, 07/12/2023 15:33:23.506, 4.15872e+0, 0.00000e+0, 9.80235e+1, 0.00000e+0, 2.09974e+0, 0.00000e+0, 1.80986e+4, 0.00000e+0, 1.11764e+3, 0.00000e+0, 2.13844e+0, 0.00000e+0, 1.13824e+3, 0.00000e+0, 4.84433e+2, 0.00000e+0, 3.47983e+1, 0.00000e+0, 3.61734e+1, 0.00000e+0, 3.77127e+0, 0.00000e+0, 3.25805e+0, 0.00000e+0, 2.00000e+1, 0.00000e+0, 5.00000e+0, 0.00000e+0, 3, 1, 
07/12/2023 15:33:24.554, 07/12/2023 15:33:24.501, 4.15861e+0, 0.00000e+0, 9.80069e+1, 0.00000e+0, 2.09854e+0, 0.00000e+0, 1.81791e+4, 0.00000e+0, 1.11845e+3, 0.00000e+0, 2.13740e+0, 0.00000e+0, 1.13916e+3, 0.00000e+0, 4.84521e+2, 0.00000e+0, 3.47947e+1, 0.00000e+0, 3.61587e+1, 0.00000e+0, 3.77059e+0, 0.00000e+0, 3.25773e+0, 0.00000e+0, 2.00000e+1, 0.00000e+0, 5.00000e+0, 0.00000e+0, 3, 1, 
07/12/2023 15:33:25.555, 07/12/2023 15:33:25.494, 4.15866e+0, 0.00000e+0, 9.80149e+1, 0.00000e+0, 2.09965e+0, 0.00000e+0, 1.81190e+4, 0.00000e+0, 1.11805e+3, 0.00000e+0, 2.13840e+0, 0.00000e+0, 1.13868e+3, 0.00000e+0, 4.84476e+2, 0.00000e+0, 3.47819e+1, 0.00000e+0, 3.61727e+1, 0.00000e+0, 3.77043e+0, 0.00000e+0, 3.25832e+0, 0.00000e+0, 2.00000e+1, 0.00000e+0, 5.00000e+0, 0.00000e+0, 3, 1, 
07/12/2023 15:33:26.550, 07/12/2023 15:33:26.489, 4.15874e+0, 0.00000e+0, 9.80264e+1, 0.00000e+0, 2.09860e+0, 0.00000e+0, 1.80580e+4, 0.00000e+0, 1.11608e+3, 0.00000e+0, 2.13720e+0, 0.00000e+0, 1.13661e+3, 0.00000e+0, 4.84401e+2, 0.00000e+0, 3.47805e+1, 0.00000e+0, 3.61648e+1, 0.00000e+0, 3.77142e+0, 0.00000e+0, 3.25820e+0, 0.00000e+0, 2.00000e+1, 0.00000e+0, 5.00000e+0, 0.00000e+0, 3, 1, 
07/12/2023 15:33:27.538, 07/12/2023 15:33:27.484, 4.15859e+0, 0.00000e+0, 9.80038e+1, 0.00000e+0, 2.09802e+0, 0.00000e+0, 1.82483e+4, 0.00000e+0, 1.11681e+3, 0.00000e+0, 2.13702e+0, 0.00000e+0, 1.13757e+3, 0.00000e+0, 4.84455e+2, 0.00000e+0, 3.47895e+1, 0.00000e+0, 3.61679e+1, 0.00000e+0, 3.77082e+0, 0.00000e+0, 3.25821e+0, 0.00000e+0, 2.00000e+1, 0.00000e+0, 5.00000e+0, 0.00000e+0, 3, 1, 
07/12/2023 15:33:28.537, 07/12/2023 15:33:28.485, 4.15841e+0, 0.00000e+0, 9.79784e+1, 0.00000e+0, 2.09706e+0, 0.00000e+0, 1.83559e+4, 0.00000e+0, 1.11605e+3, 0.00000e+0, 2.13628e+0, 0.00000e+0, 1.13691e+3, 0.00000e+0, 4.84361e+2, 0.00000e+0, 3.47897e+1, 0.00000e+0, 3.61754e+1, 0.00000e+0, 3.77158e+0, 0.00000e+0, 3.25821e+0, 0.00000e+0, 2.00000e+1, 0.00000e+0, 5.00000e+0, 0.00000e+0, 3, 1, 
07/12/2023 15:33:29.544, 07/12/2023 15:33:29.480, 4.15826e+0, 0.00000e+0, 9.79547e+1, 0.00000e+0, 2.09675e+0, 0.00000e+0, 1.82921e+4, 0.00000e+0, 1.11735e+3, 0.00000e+0, 2.13582e+0, 0.00000e+0, 1.13817e+3, 0.00000e+0, 4.84338e+2, 0.00000e+0, 3.47855e+1, 0.00000e+0, 3.61779e+1, 0.00000e+0, 3.77116e+0, 0.00000e+0, 3.25807e+0, 0.00000e+0, 2.00000e+1, 0.00000e+0, 5.00000e+0, 0.00000e+0, 3, 1, 
07/12/2023 15:33:30.533, 07/12/2023 15:33:30.474, 4.15861e+0, 0.00000e+0, 9.80077e+1, 0.00000e+0, 2.09625e+0, 0.00000e+0, 1.81913e+4, 0.00000e+0, 1.12147e+3, 0.00000e+0, 2.13509e+0, 0.00000e+0, 1.14225e+3, 0.00000e+0, 4.84296e+2, 0.00000e+0, 3.47959e+1, 0.00000e+0, 3.61818e+1, 0.00000e+0, 3.77146e+0, 0.00000e+0, 3.25837e+0, 0.00000e+0, 2.00000e+1, 0.00000e+0, 5.00000e+0, 0.00000e+0, 3, 1, 
07/12/2023 15:33:31.534, 07/12/2023 15:33:31.468, 4.15861e+0, 0.00000e+0, 9.80075e+1, 0.00000e+0, 2.09748e+0, 0.00000e+0, 1.82877e+4, 0.00000e+0, 1.13169e+3, 0.00000e+0, 2.13655e+0, 0.00000e+0, 1.15277e+3, 0.00000e+0, 4.84369e+2, 0.00000e+0, 3.47820e+1, 0.00000e+0, 3.61914e+1, 0.00000e+0, 3.77079e+0, 0.00000e+0, 3.25775e+0, 0.00000e+0, 2.00000e+1, 0.00000e+0, 5.00000e+0, 0.00000e+0, 3, 1, 
07/12/2023 15:33:32.526, 07/12/2023 15:33:32.463, 4.15859e+0, 0.00000e+0, 9.80041e+1, 0.00000e+0, 2.09865e+0, 0.00000e+0, 1.80055e+4, 0.00000e+0, 1.12130e+3, 0.00000e+0, 2.13713e+0, 0.00000e+0, 1.14186e+3, 0.00000e+0, 4.84441e+2, 0.00000e+0, 3.47850e+1, 0.00000e+0, 3.61966e+1, 0.00000e+0, 3.76969e+0, 0.00000e+0, 3.25825e+0, 0.00000e+0, 2.00000e+1, 0.00000e+0, 5.00000e+0, 0.00000e+0, 3, 1, 
07/12/2023 15:33:33.520, 07/12/2023 15:33:33.458, 4.15852e+0, 0.00000e+0, 9.79946e+1, 0.00000e+0, 2.10120e+0, 0.00000e+0, 1.81301e+4, 0.00000e+0, 1.11982e+3, 0.00000e+0, 2.14000e+0, 0.00000e+0, 1.14050e+3, 0.00000e+0, 4.84523e+2, 0.00000e+0, 3.47906e+1, 0.00000e+0, 3.61914e+1, 0.00000e+0, 3.77182e+0, 0.00000e+0, 3.25811e+0, 0.00000e+0, 2.00000e+1, 0.00000e+0, 5.00000e+0, 0.00000e+0, 3, 1, 
07/12/2023 15:33:34.512, 07/12/2023 15:33:34.453, 4.15857e+0, 0.00000e+0, 9.80016e+1, 0.00000e+0, 2.10002e+0, 0.00000e+0, 1.82935e+4, 0.00000e+0, 1.11971e+3, 0.00000e+0, 2.13915e+0, 0.00000e+0, 1.14057e+3, 0.00000e+0, 4.84330e+2, 0.00000e+0, 3.47837e+1, 0.00000e+0, 3.62065e+1, 0.00000e+0, 3.77149e+0, 0.00000e+0, 3.25829e+0, 0.00000e+0, 2.00000e+1, 0.00000e+0, 5.00000e+0, 0.00000e+0, 3, 1, 
07/12/2023 15:33:35.503, 07/12/2023 15:33:35.447, 4.15824e+0, 0.00000e+0, 9.79526e+1, 0.00000e+0, 2.09808e+0, 0.00000e+0, 1.79883e+4, 0.00000e+0, 1.11935e+3, 0.00000e+0, 2.13651e+0, 0.00000e+0, 1.13986e+3, 0.00000e+0, 4.84326e+2, 0.00000e+0, 3.47919e+1, 0.00000e+0, 3.61876e+1, 0.00000e+0, 3.77125e+0, 0.00000e+0, 3.25767e+0, 0.00000e+0, 2.00000e+1, 0.00000e+0, 5.00000e+0, 0.00000e+0, 3, 1, 
07/12/2023 15:33:36.500, 07/12/2023 15:33:36.442, 4.15845e+0, 0.00000e+0, 9.79839e+1, 0.00000e+0, 2.09838e+0, 0.00000e+0, 1.80219e+4, 0.00000e+0, 1.12260e+3, 0.00000e+0, 2.13689e+0, 0.00000e+0, 1.14320e+3, 0.00000e+0, 4.84373e+2, 0.00000e+0, 3.48162e+1, 0.00000e+0, 3.61901e+1, 0.00000e+0, 3.77114e+0, 0.00000e+0, 3.25862e+0, 0.00000e+0, 2.00000e+1, 0.00000e+0, 5.00000e+0, 0.00000e+0, 3, 1, 
07/12/2023 15:33:37.493, 07/12/2023 15:33:37.436, 4.15826e+0, 0.00000e+0, 9.79557e+1, 0.00000e+0, 2.09614e+0, 0.00000e+0, 1.80911e+4, 0.00000e+0, 1.12829e+3, 0.00000e+0, 2.13476e+0, 0.00000e+0, 1.14908e+3, 0.00000e+0, 4.84371e+2, 0.00000e+0, 3.48262e+1, 0.00000e+0, 3.61918e+1, 0.00000e+0, 3.77089e+0, 0.00000e+0, 3.25780e+0, 0.00000e+0, 2.00000e+1, 0.00000e+0, 5.00000e+0, 0.00000e+0, 3, 1, 
07/12/2023 15:33:38.490, 07/12/2023 15:33:38.431, 4.15854e+0, 0.00000e+0, 9.79972e+1, 0.00000e+0, 2.09742e+0, 0.00000e+0, 1.81554e+4, 0.00000e+0, 1.13142e+3, 0.00000e+0, 2.13620e+0, 0.00000e+0, 1.15234e+3, 0.00000e+0, 4.84338e+2, 0.00000e+0, 3.48212e+1, 0.00000e+0, 3.62089e+1, 0.00000e+0, 3.77084e+0, 0.00000e+0, 3.25807e+0, 0.00000e+0, 2.00000e+1, 0.00000e+0, 5.00000e+0, 0.00000e+0, 3, 1, 
07/12/2023 15:33:39.484, 07/12/2023 15:33:39.424, 4.15796e+0, 0.00000e+0, 9.79104e+1, 0.00000e+0, 2.10160e+0, 0.00000e+0, 1.80288e+4, 0.00000e+0, 1.13268e+3, 0.00000e+0, 2.14018e+0, 0.00000e+0, 1.15347e+3, 0.00000e+0, 4.84127e+2, 0.00000e+0, 3.48345e+1, 0.00000e+0, 3.61977e+1, 0.00000e+0, 3.77127e+0, 0.00000e+0, 3.25847e+0, 0.00000e+0, 2.00000e+1, 0.00000e+0, 5.00000e+0, 0.00000e+0, 3, 1, 
07/12/2023 15:33:40.471, 07/12/2023 15:33:40.419, 4.15799e+0, 0.00000e+0, 9.79153e+1, 0.00000e+0, 2.09823e+0, 0.00000e+0, 1.80057e+4, 0.00000e+0, 1.12900e+3, 0.00000e+0, 2.13670e+0, 0.00000e+0, 1.14970e+3, 0.00000e+0, 4.84203e+2, 0.00000e+0, 3.48337e+1, 0.00000e+0, 3.62254e+1, 0.00000e+0, 3.77157e+0, 0.00000e+0, 3.25817e+0, 0.00000e+0, 2.00000e+1, 0.00000e+0, 5.00000e+0, 0.00000e+0, 3, 1, 
07/12/2023 15:33:41.471, 07/12/2023 15:33:41.415, 4.15811e+0, 0.00000e+0, 9.79324e+1, 0.00000e+0, 2.10074e+0, 0.00000e+0, 1.79152e+4, 0.00000e+0, 1.12484e+3, 0.00000e+0, 2.13907e+0, 0.00000e+0, 1.14536e+3, 0.00000e+0, 4.84316e+2, 0.00000e+0, 3.48281e+1, 0.00000e+0, 3.62400e+1, 0.00000e+0, 3.77079e+0, 0.00000e+0, 3.25819e+0, 0.00000e+0, 2.00000e+1, 0.00000e+0, 5.00000e+0, 0.00000e+0, 3, 2, 
07/12/2023 15:33:42.467, 07/12/2023 15:33:42.409, 4.15796e+0, 0.00000e+0, 9.79107e+1, 0.00000e+0, 2.09875e+0, 0.00000e+0, 1.78546e+4, 0.00000e+0, 1.12183e+3, 0.00000e+0, 2.13691e+0, 0.00000e+0, 1.14222e+3, 0.00000e+0, 4.84255e+2, 0.00000e+0, 3.48279e+1, 0.00000e+0, 3.62342e+1, 0.00000e+0, 3.77165e+0, 0.00000e+0, 3.25848e+0, 0.00000e+0, 2.00000e+1, 0.00000e+0, 5.00000e+0, 0.00000e+0, 3, 2, 
07/12/2023 15:33:43.460, 07/12/2023 15:33:43.403, 4.15809e+0, 0.00000e+0, 9.79303e+1, 0.00000e+0, 2.09782e+0, 0.00000e+0, 1.78738e+4, 0.00000e+0, 1.12325e+3, 0.00000e+0, 2.13600e+0, 0.00000e+0, 1.14370e+3, 0.00000e+0, 4.84333e+2, 0.00000e+0, 3.48245e+1, 0.00000e+0, 3.62415e+1, 0.00000e+0, 3.77145e+0, 0.00000e+0, 3.25776e+0, 0.00000e+0, 2.00000e+1, 0.00000e+0, 5.00000e+0, 0.00000e+0, 3, 2, 
07/12/2023 15:33:44.451, 07/12/2023 15:33:44.398, 4.15824e+0, 0.00000e+0, 9.79523e+1, 0.00000e+0, 2.09780e+0, 0.00000e+0, 1.79968e+4, 0.00000e+0, 1.12725e+3, 0.00000e+0, 2.13625e+0, 0.00000e+0, 1.14791e+3, 0.00000e+0, 4.84226e+2, 0.00000e+0, 3.48212e+1, 0.00000e+0, 3.62587e+1, 0.00000e+0, 3.77147e+0, 0.00000e+0, 3.25744e+0, 0.00000e+0, 2.00000e+1, 0.00000e+0, 5.00000e+0, 0.00000e+0, 3, 2, 
07/12/2023 15:33:45.453, 07/12/2023 15:33:45.393, 4.15834e+0, 0.00000e+0, 9.79669e+1, 0.00000e+0, 2.09895e+0, 0.00000e+0, 1.79537e+4, 0.00000e+0, 1.12204e+3, 0.00000e+0, 2.13732e+0, 0.00000e+0, 1.14255e+3, 0.00000e+0, 4.84411e+2, 0.00000e+0, 3.48305e+1, 0.00000e+0, 3.62545e+1, 0.00000e+0, 3.77017e+0, 0.00000e+0, 3.25872e+0, 0.00000e+0, 2.00000e+1, 0.00000e+0, 5.00000e+0, 0.00000e+0, 3, 2, 
07/12/2023 15:33:46.449, 07/12/2023 15:33:46.386, 4.15838e+0, 0.00000e+0, 9.79731e+1, 0.00000e+0, 2.09802e+0, 0.00000e+0, 1.78433e+4, 0.00000e+0, 1.12629e+3, 0.00000e+0, 2.13614e+0, 0.00000e+0, 1.14675e+3, 0.00000e+0, 4.84511e+2, 0.00000e+0, 3.48522e+1, 0.00000e+0, 3.62527e+1, 0.00000e+0, 3.77183e+0, 0.00000e+0, 3.25761e+0, 0.00000e+0, 2.00000e+1, 0.00000e+0, 5.00000e+0, 0.00000e+0, 3, 2, 
07/12/2023 15:33:47.439, 07/12/2023 15:33:47.381, 4.15808e+0, 0.00000e+0, 9.79287e+1, 0.00000e+0, 2.10202e+0, 0.00000e+0, 1.77647e+4, 0.00000e+0, 1.12910e+3, 0.00000e+0, 2.14004e+0, 0.00000e+0, 1.14952e+3, 0.00000e+0, 4.84225e+2, 0.00000e+0, 3.48670e+1, 0.00000e+0, 3.62509e+1, 0.00000e+0, 3.77153e+0, 0.00000e+0, 3.25758e+0, 0.00000e+0, 2.00000e+1, 0.00000e+0, 5.00000e+0, 0.00000e+0, 3, 2, 
07/12/2023 15:33:48.430, 07/12/2023 15:33:48.375, 4.15812e+0, 0.00000e+0, 9.79350e+1, 0.00000e+0, 2.09975e+0, 0.00000e+0, 1.79589e+4, 0.00000e+0, 1.12618e+3, 0.00000e+0, 2.13815e+0, 0.00000e+0, 1.14677e+3, 0.00000e+0, 4.84212e+2, 0.00000e+0, 3.48492e+1, 0.00000e+0, 3.62606e+1, 0.00000e+0, 3.77222e+0, 0.00000e+0, 3.25830e+0, 0.00000e+0, 2.00000e+1, 0.00000e+0, 5.00000e+0, 0.00000e+0, 3, 2, 
07/12/2023 15:33:49.426, 07/12/2023 15:33:49.371, 4.15838e+0, 0.00000e+0, 9.79740e+1, 0.00000e+0, 2.09869e+0, 0.00000e+0, 1.79130e+4, 0.00000e+0, 1.12119e+3, 0.00000e+0, 2.13697e+0, 0.00000e+0, 1.14164e+3, 0.00000e+0, 4.84322e+2, 0.00000e+0, 3.48408e+1, 0.00000e+0, 3.62522e+1, 0.00000e+0, 3.77076e+0, 0.00000e+0, 3.25869e+0, 0.00000e+0, 2.00000e+1, 0.00000e+0, 5.00000e+0, 0.00000e+0, 3, 2, 
07/12/2023 15:33:50.421, 07/12/2023 15:33:50.365, 4.15797e+0, 0.00000e+0, 9.79128e+1, 0.00000e+0, 2.09935e+0, 0.00000e+0, 1.79975e+4, 0.00000e+0, 1.11990e+3, 0.00000e+0, 2.13782e+0, 0.00000e+0, 1.14042e+3, 0.00000e+0, 4.84310e+2, 0.00000e+0, 3.48637e+1, 0.00000e+0, 3.62505e+1, 0.00000e+0, 3.77118e+0, 0.00000e+0, 3.25861e+0, 0.00000e+0, 2.00000e+1, 0.00000e+0, 5.00000e+0, 0.00000e+0, 3, 2, 
07/12/2023 15:33:51.415, 07/12/2023 15:33:51.359, 4.15799e+0, 0.00000e+0, 9.79156e+1, 0.00000e+0, 2.09817e+0, 0.00000e+0, 1.78164e+4, 0.00000e+0, 1.11702e+3, 0.00000e+0, 2.13623e+0, 0.00000e+0, 1.13728e+3, 0.00000e+0, 4.84211e+2, 0.00000e+0, 3.48614e+1, 0.00000e+0, 3.62498e+1, 0.00000e+0, 3.77140e+0, 0.00000e+0, 3.25780e+0, 0.00000e+0, 2.00000e+1, 0.00000e+0, 5.00000e+0, 0.00000e+0, 3, 2, 
07/12/2023 15:33:52.414, 07/12/2023 15:33:52.355, 4.15832e+0, 0.00000e+0, 9.79650e+1, 0.00000e+0, 2.09650e+0, 0.00000e+0, 1.78700e+4, 0.00000e+0, 1.11659e+3, 0.00000e+0, 2.13464e+0, 0.00000e+0, 1.13691e+3, 0.00000e+0, 4.84290e+2, 0.00000e+0, 3.48426e+1, 0.00000e+0, 3.62490e+1, 0.00000e+0, 3.77202e+0, 0.00000e+0, 3.25841e+0, 0.00000e+0, 2.00000e+1, 0.00000e+0, 5.00000e+0, 0.00000e+0, 3, 2, 
07/12/2023 15:33:53.410, 07/12/2023 15:33:53.349, 4.15807e+0, 0.00000e+0, 9.79267e+1, 0.00000e+0, 2.09713e+0, 0.00000e+0, 1.79211e+4, 0.00000e+0, 1.11738e+3, 0.00000e+0, 2.13539e+0, 0.00000e+0, 1.13777e+3, 0.00000e+0, 4.84358e+2, 0.00000e+0, 3.48635e+1, 0.00000e+0, 3.62666e+1, 0.00000e+0, 3.77183e+0, 0.00000e+0, 3.25846e+0, 0.00000e+0, 2.00000e+1, 0.00000e+0, 5.00000e+0, 0.00000e+0, 3, 2, 
07/12/2023 15:33:54.407, 07/12/2023 15:33:54.343, 4.15847e+0, 0.00000e+0, 9.79867e+1, 0.00000e+0, 2.09838e+0, 0.00000e+0, 1.78668e+4, 0.00000e+0, 1.11770e+3, 0.00000e+0, 2.13655e+0, 0.00000e+0, 1.13804e+3, 0.00000e+0, 4.84479e+2, 0.00000e+0, 3.48385e+1, 0.00000e+0, 3.62785e+1, 0.00000e+0, 3.77117e+0, 0.00000e+0, 3.25807e+0, 0.00000e+0, 2.00000e+1, 0.00000e+0, 5.00000e+0, 0.00000e+0, 3, 2, 
07/12/2023 15:33:55.399, 07/12/2023 15:33:55.337, 4.15824e+0, 0.00000e+0, 9.79517e+1, 0.00000e+0, 2.09961e+0, 0.00000e+0, 1.79736e+4, 0.00000e+0, 1.11546e+3, 0.00000e+0, 2.13804e+0, 0.00000e+0, 1.13588e+3, 0.00000e+0, 4.84410e+2, 0.00000e+0, 3.48466e+1, 0.00000e+0, 3.62797e+1, 0.00000e+0, 3.77158e+0, 0.00000e+0, 3.25873e+0, 0.00000e+0, 2.00000e+1, 0.00000e+0, 5.00000e+0, 0.00000e+0, 3, 2, 
07/12/2023 15:33:56.389, 07/12/2023 15:33:56.333, 4.15855e+0, 0.00000e+0, 9.79990e+1, 0.00000e+0, 2.09572e+0, 0.00000e+0, 1.79833e+4, 0.00000e+0, 1.11495e+3, 0.00000e+0, 2.13410e+0, 0.00000e+0, 1.13537e+3, 0.00000e+0, 4.84435e+2, 0.00000e+0, 3.48345e+1, 0.00000e+0, 3.62726e+1, 0.00000e+0, 3.77160e+0, 0.00000e+0, 3.25889e+0, 0.00000e+0, 2.00000e+1, 0.00000e+0, 5.00000e+0, 0.00000e+0, 3, 2, 
07/12/2023 15:33:57.389, 07/12/2023 15:33:57.326, 4.15875e+0, 0.00000e+0, 9.80278e+1, 0.00000e+0, 2.09848e+0, 0.00000e+0, 1.80102e+4, 0.00000e+0, 1.11548e+3, 0.00000e+0, 2.13697e+0, 0.00000e+0, 1.13594e+3, 0.00000e+0, 4.84403e+2, 0.00000e+0, 3.48302e+1, 0.00000e+0, 3.62698e+1, 0.00000e+0, 3.77138e+0, 0.00000e+0, 3.25818e+0, 0.00000e+0, 2.00000e+1, 0.00000e+0, 5.00000e+0, 0.00000e+0, 3, 2, 
07/12/2023 15:33:58.381, 07/12/2023 15:33:58.321, 4.15846e+0, 0.00000e+0, 9.79853e+1, 0.00000e+0, 2.10105e+0, 0.00000e+0, 1.80140e+4, 0.00000e+0, 1.11483e+3, 0.00000e+0, 2.13959e+0, 0.00000e+0, 1.13528e+3, 0.00000e+0, 4.84330e+2, 0.00000e+0, 3.48311e+1, 0.00000e+0, 3.62767e+1, 0.00000e+0, 3.77127e+0, 0.00000e+0, 3.25844e+0, 0.00000e+0, 2.00000e+1, 0.00000e+0, 5.00000e+0, 0.00000e+0, 3, 2, 
07/12/2023 15:33:59.369, 07/12/2023 15:33:59.315, 4.15818e+0, 0.00000e+0, 9.79431e+1, 0.00000e+0, 2.09657e+0, 0.00000e+0, 1.80045e+4, 0.00000e+0, 1.11426e+3, 0.00000e+0, 2.13501e+0, 0.00000e+0, 1.13469e+3, 0.00000e+0, 4.84499e+2, 0.00000e+0, 3.48195e+1, 0.00000e+0, 3.62845e+1, 0.00000e+0, 3.77114e+0, 0.00000e+0, 3.25816e+0, 0.00000e+0, 2.00000e+1, 0.00000e+0, 5.00000e+0, 0.00000e+0, 3, 2, 
07/12/2023 15:34:00.370, 07/12/2023 15:34:00.311, 4.15874e+0, 0.00000e+0, 9.80269e+1, 0.00000e+0, 2.09882e+0, 0.00000e+0, 1.77395e+4, 0.00000e+0, 1.11518e+3, 0.00000e+0, 2.13672e+0, 0.00000e+0, 1.13532e+3, 0.00000e+0, 4.84460e+2, 0.00000e+0, 3.48190e+1, 0.00000e+0, 3.62831e+1, 0.00000e+0, 3.77165e+0, 0.00000e+0, 3.25846e+0, 0.00000e+0, 2.00000e+1, 0.00000e+0, 5.00000e+0, 0.00000e+0, 3, 2, 
07/12/2023 15:34:01.362, 07/12/2023 15:34:01.305, 4.15881e+0, 0.00000e+0, 9.80376e+1, 0.00000e+0, 2.09872e+0, 0.00000e+0, 1.79950e+4, 0.00000e+0, 1.11670e+3, 0.00000e+0, 2.13718e+0, 0.00000e+0, 1.13717e+3, 0.00000e+0, 4.84436e+2, 0.00000e+0, 3.48221e+1, 0.00000e+0, 3.62691e+1, 0.00000e+0, 3.77135e+0, 0.00000e+0, 3.25785e+0, 0.00000e+0, 2.00000e+1, 0.00000e+0, 5.00000e+0, 0.00000e+0, 3, 2, 
07/12/2023 15:34:02.360, 07/12/2023 15:34:02.299, 4.15867e+0, 0.00000e+0, 9.80160e+1, 0.00000e+0, 2.09704e+0, 0.00000e+0, 1.80055e+4, 0.00000e+0, 1.11657e+3, 0.00000e+0, 2.13549e+0, 0.00000e+0, 1.13704e+3, 0.00000e+0, 4.84488e+2, 0.00000e+0, 3.48171e+1, 0.00000e+0, 3.62826e+1, 0.00000e+0, 3.77247e+0, 0.00000e+0, 3.25808e+0, 0.00000e+0, 2.00000e+1, 0.00000e+0, 5.00000e+0, 0.00000e+0, 3, 2, 
07/12/2023 15:34:03.349, 07/12/2023 15:34:03.294, 4.15864e+0, 0.00000e+0, 9.80113e+1, 0.00000e+0, 2.09905e+0, 0.00000e+0, 1.80103e+4, 0.00000e+0, 1.11397e+3, 0.00000e+0, 2.13755e+0, 0.00000e+0, 1.13440e+3, 0.00000e+0, 4.84508e+2, 0.00000e+0, 3.48253e+1, 0.00000e+0, 3.62835e+1, 0.00000e+0, 3.77143e+0, 0.00000e+0, 3.25906e+0, 0.00000e+0, 2.00000e+1, 0.00000e+0, 5.00000e+0, 0.00000e+0, 3, 2, 
07/12/2023 15:34:04.352, 07/12/2023 15:34:04.288, 4.15888e+0, 0.00000e+0, 9.80471e+1, 0.00000e+0, 2.09810e+0, 0.00000e+0, 1.80202e+4, 0.00000e+0, 1.11415e+3, 0.00000e+0, 2.13660e+0, 0.00000e+0, 1.13460e+3, 0.00000e+0, 4.84601e+2, 0.00000e+0, 3.48155e+1, 0.00000e+0, 3.62921e+1, 0.00000e+0, 3.77069e+0, 0.00000e+0, 3.25770e+0, 0.00000e+0, 2.00000e+1, 0.00000e+0, 5.00000e+0, 0.00000e+0, 3, 2, 
07/12/2023 15:34:05.383, 07/12/2023 15:34:05.329, 4.15839e+0, 0.00000e+0, 9.79748e+1, 0.00000e+0, 2.09874e+0, 0.00000e+0, 1.80671e+4, 0.00000e+0, 1.11433e+3, 0.00000e+0, 2.13736e+0, 0.00000e+0, 1.13484e+3, 0.00000e+0, 4.84372e+2, 0.00000e+0, 3.48142e+1, 0.00000e+0, 3.62787e+1, 0.00000e+0, 3.77133e+0, 0.00000e+0, 3.25830e+0, 0.00000e+0, 2.00000e+1, 0.00000e+0, 5.00000e+0, 0.00000e+0, 3, 2, 
07/12/2023 15:34:06.335, 07/12/2023 15:34:06.277, 4.15871e+0, 0.00000e+0, 9.80228e+1, 0.00000e+0, 2.09801e+0, 0.00000e+0, 1.79406e+4, 0.00000e+0, 1.11452e+3, 0.00000e+0, 2.13634e+0, 0.00000e+0, 1.13488e+3, 0.00000e+0, 4.84489e+2, 0.00000e+0, 3.48224e+1, 0.00000e+0, 3.62747e+1, 0.00000e+0, 3.77135e+0, 0.00000e+0, 3.25857e+0, 0.00000e+0, 2.00000e+1, 0.00000e+0, 5.00000e+0, 0.00000e+0, 3, 2, 
07/12/2023 15:34:07.335, 07/12/2023 15:34:07.272, 4.15878e+0, 0.00000e+0, 9.80324e+1, 0.00000e+0, 2.09786e+0, 0.00000e+0, 1.79260e+4, 0.00000e+0, 1.11573e+3, 0.00000e+0, 2.13615e+0, 0.00000e+0, 1.13609e+3, 0.00000e+0, 4.84490e+2, 0.00000e+0, 3.48283e+1, 0.00000e+0, 3.62858e+1, 0.00000e+0, 3.77092e+0, 0.00000e+0, 3.25861e+0, 0.00000e+0, 2.00000e+1, 0.00000e+0, 5.00000e+0, 0.00000e+0, 3, 2, 
07/12/2023 15:34:08.335, 07/12/2023 15:34:08.266, 4.15874e+0, 0.00000e+0, 9.80269e+1, 0.00000e+0, 2.09319e+0, 0.00000e+0, 1.80555e+4, 0.00000e+0, 1.11960e+3, 0.00000e+0, 2.13168e+0, 0.00000e+0, 1.14019e+3, 0.00000e+0, 4.84601e+2, 0.00000e+0, 3.48244e+1, 0.00000e+0, 3.62962e+1, 0.00000e+0, 3.77171e+0, 0.00000e+0, 3.25819e+0, 0.00000e+0, 2.00000e+1, 0.00000e+0, 5.00000e+0, 0.00000e+0, 3, 2, 
07/12/2023 15:34:09.316, 07/12/2023 15:34:09.262, 4.15836e+0, 0.00000e+0, 9.79704e+1, 0.00000e+0, 2.09785e+0, 0.00000e+0, 1.79248e+4, 0.00000e+0, 1.11715e+3, 0.00000e+0, 2.13614e+0, 0.00000e+0, 1.13754e+3, 0.00000e+0, 4.84458e+2, 0.00000e+0, 3.48360e+1, 0.00000e+0, 3.62895e+1, 0.00000e+0, 3.77184e+0, 0.00000e+0, 3.25746e+0, 0.00000e+0, 2.00000e+1, 0.00000e+0, 5.00000e+0, 0.00000e+0, 3, 2, 
07/12/2023 15:34:10.311, 07/12/2023 15:34:10.256, 4.15880e+0, 0.00000e+0, 9.80358e+1, 0.00000e+0, 2.09904e+0, 0.00000e+0, 1.77867e+4, 0.00000e+0, 1.11666e+3, 0.00000e+0, 2.13705e+0, 0.00000e+0, 1.13688e+3, 0.00000e+0, 4.84544e+2, 0.00000e+0, 3.48417e+1, 0.00000e+0, 3.62933e+1, 0.00000e+0, 3.77142e+0, 0.00000e+0, 3.25827e+0, 0.00000e+0, 2.00000e+1, 0.00000e+0, 5.00000e+0, 0.00000e+0, 3, 2, 
07/12/2023 15:34:11.309, 07/12/2023 15:34:11.251, 4.15878e+0, 0.00000e+0, 9.80332e+1, 0.00000e+0, 2.09883e+0, 0.00000e+0, 1.78127e+4, 0.00000e+0, 1.12010e+3, 0.00000e+0, 2.13689e+0, 0.00000e+0, 1.14041e+3, 0.00000e+0, 4.84593e+2, 0.00000e+0, 3.48446e+1, 0.00000e+0, 3.62857e+1, 0.00000e+0, 3.77134e+0, 0.00000e+0, 3.25858e+0, 0.00000e+0, 2.00000e+1, 0.00000e+0, 5.00000e+0, 0.00000e+0, 3, 2, 
07/12/2023 15:34:12.306, 07/12/2023 15:34:12.245, 4.15851e+0, 0.00000e+0, 9.79922e+1, 0.00000e+0, 2.09571e+0, 0.00000e+0, 1.79683e+4, 0.00000e+0, 1.11858e+3, 0.00000e+0, 2.13406e+0, 0.00000e+0, 1.13904e+3, 0.00000e+0, 4.84517e+2, 0.00000e+0, 3.48408e+1, 0.00000e+0, 3.62890e+1, 0.00000e+0, 3.77125e+0, 0.00000e+0, 3.25892e+0, 0.00000e+0, 2.00000e+1, 0.00000e+0, 5.00000e+0, 0.00000e+0, 3, 2, 
07/12/2023 15:34:13.297, 07/12/2023 15:34:13.240, 4.15868e+0, 0.00000e+0, 9.80179e+1, 0.00000e+0, 2.09617e+0, 0.00000e+0, 1.80245e+4, 0.00000e+0, 1.11963e+3, 0.00000e+0, 2.13464e+0, 0.00000e+0, 1.14018e+3, 0.00000e+0, 4.84616e+2, 0.00000e+0, 3.48501e+1, 0.00000e+0, 3.62990e+1, 0.00000e+0, 3.77252e+0, 0.00000e+0, 3.25933e+0, 0.00000e+0, 2.00000e+1, 0.00000e+0, 5.00000e+0, 0.00000e+0, 3, 2, 
07/12/2023 15:34:14.287, 07/12/2023 15:34:14.235, 4.15871e+0, 0.00000e+0, 9.80223e+1, 0.00000e+0, 2.09648e+0, 0.00000e+0, 1.82005e+4, 0.00000e+0, 1.11869e+3, 0.00000e+0, 2.13534e+0, 0.00000e+0, 1.13943e+3, 0.00000e+0, 4.84592e+2, 0.00000e+0, 3.48510e+1, 0.00000e+0, 3.63132e+1, 0.00000e+0, 3.77127e+0, 0.00000e+0, 3.25843e+0, 0.00000e+0, 2.00000e+1, 0.00000e+0, 5.00000e+0, 0.00000e+0, 3, 2, 
07/12/2023 15:34:15.286, 07/12/2023 15:34:15.228, 4.15880e+0, 0.00000e+0, 9.80354e+1, 0.00000e+0, 2.09874e+0, 0.00000e+0, 1.79799e+4, 0.00000e+0, 1.11951e+3, 0.00000e+0, 2.13717e+0, 0.00000e+0, 1.14001e+3, 0.00000e+0, 4.84620e+2, 0.00000e+0, 3.48440e+1, 0.00000e+0, 3.63141e+1, 0.00000e+0, 3.77062e+0, 0.00000e+0, 3.25795e+0, 0.00000e+0, 2.00000e+1, 0.00000e+0, 5.00000e+0, 0.00000e+0, 3, 2, 
07/12/2023 15:34:16.371, 07/12/2023 15:34:16.317, 4.15855e+0, 0.00000e+0, 9.79992e+1, 0.00000e+0, 2.09550e+0, 0.00000e+0, 1.79443e+4, 0.00000e+0, 1.11848e+3, 0.00000e+0, 2.13379e+0, 0.00000e+0, 1.13892e+3, 0.00000e+0, 4.84520e+2, 0.00000e+0, 3.48401e+1, 0.00000e+0, 3.63075e+1, 0.00000e+0, 3.77135e+0, 0.00000e+0, 3.25813e+0, 0.00000e+0, 2.00000e+1, 0.00000e+0, 5.00000e+0, 0.00000e+0, 3, 2, 
07/12/2023 15:34:17.278, 07/12/2023 15:34:17.218, 4.15873e+0, 0.00000e+0, 9.80255e+1, 0.00000e+0, 2.09728e+0, 0.00000e+0, 1.79480e+4, 0.00000e+0, 1.11560e+3, 0.00000e+0, 2.13561e+0, 0.00000e+0, 1.13599e+3, 0.00000e+0, 4.84620e+2, 0.00000e+0, 3.48372e+1, 0.00000e+0, 3.63044e+1, 0.00000e+0, 3.77211e+0, 0.00000e+0, 3.25874e+0, 0.00000e+0, 2.00000e+1, 0.00000e+0, 5.00000e+0, 0.00000e+0, 3, 2, 
07/12/2023 15:34:18.272, 07/12/2023 15:34:18.211, 4.15877e+0, 0.00000e+0, 9.80307e+1, 0.00000e+0, 2.09617e+0, 0.00000e+0, 1.79426e+4, 0.00000e+0, 1.11649e+3, 0.00000e+0, 2.13446e+0, 0.00000e+0, 1.13689e+3, 0.00000e+0, 4.84512e+2, 0.00000e+0, 3.48381e+1, 0.00000e+0, 3.63047e+1, 0.00000e+0, 3.77196e+0, 0.00000e+0, 3.25834e+0, 0.00000e+0, 2.00000e+1, 0.00000e+0, 5.00000e+0, 0.00000e+0, 3, 2, 
07/12/2023 15:34:19.271, 07/12/2023 15:34:19.206, 4.15834e+0, 0.00000e+0, 9.79667e+1, 0.00000e+0, 2.10016e+0, 0.00000e+0, 1.80467e+4, 0.00000e+0, 1.11872e+3, 0.00000e+0, 2.13876e+0, 0.00000e+0, 1.13928e+3, 0.00000e+0, 4.84454e+2, 0.00000e+0, 3.48425e+1, 0.00000e+0, 3.63042e+1, 0.00000e+0, 3.77191e+0, 0.00000e+0, 3.25793e+0, 0.00000e+0, 2.00000e+1, 0.00000e+0, 5.00000e+0, 0.00000e+0, 3, 2, 
07/12/2023 15:34:20.261, 07/12/2023 15:34:20.202, 4.15828e+0, 0.00000e+0, 9.79584e+1, 0.00000e+0, 2.09821e+0, 0.00000e+0, 1.82859e+4, 0.00000e+0, 1.11775e+3, 0.00000e+0, 2.13729e+0, 0.00000e+0, 1.13857e+3, 0.00000e+0, 4.84429e+2, 0.00000e+0, 3.48320e+1, 0.00000e+0, 3.63181e+1, 0.00000e+0, 3.77108e+0, 0.00000e+0, 3.25829e+0, 0.00000e+0, 2.00000e+1, 0.00000e+0, 5.00000e+0, 0.00000e+0, 3, 2, 
07/12/2023 15:34:21.262, 07/12/2023 15:34:21.195, 4.15757e+0, 0.00000e+0, 9.78525e+1, 0.00000e+0, 2.09701e+0, 0.00000e+0, 1.80559e+4, 0.00000e+0, 1.11808e+3, 0.00000e+0, 2.13557e+0, 0.00000e+0, 1.13864e+3, 0.00000e+0, 4.84314e+2, 0.00000e+0, 3.48548e+1, 0.00000e+0, 3.63224e+1, 0.00000e+0, 3.77122e+0, 0.00000e+0, 3.25895e+0, 0.00000e+0, 2.00000e+1, 0.00000e+0, 5.00000e+0, 0.00000e+0, 3, 2, 
