SN:3K60180500001583 BD:Jul 23 2018 VC:834b9c1 MD5:48f99e4865ed8b810be1bb0eaaabf929
SysTime,                      Time,         Batt_v,      Batt_v_sd,   BATT_PERCENT,BATT_PERCENT_sd,      [CH4]_ppm,   [CH4]_ppm_sd,      [H2O]_ppm,   [H2O]_ppm_sd,      [CO2]_ppm,   [CO2]_ppm_sd,     [CH4]d_ppm,  [CH4]d_ppm_sd,     [CO2]d_ppm,  [CO2]d_ppm_sd,      GasP_torr,   GasP_torr_sd,         GasT_C,      GasT_C_sd,         AmbT_C,      AmbT_C_sd,         RD0_us,      RD0_us_sd,         RD1_us,      RD1_us_sd, Temp_Status_mA,Temp_Status_mA_sd,Analyzer_Status_mA,Analyzer_Status_mA_sd,       Fit_Flag,      MIU_VALVE,       MIU_DESC
12/08/2020 11:03:18.693, 12/08/2020 11:03:18.614, 4.13551e+0, 0.00000e+0, 9.37332e+1, 0.00000e+0, 1.99556e+0, 0.00000e+0, 4.16720e+3, 0.00000e+0, 3.80161e+2, 0.00000e+0, 2.00391e+0, 0.00000e+0, 3.81752e+2, 0.00000e+0, 5.02466e+2, 0.00000e+0, 5.06833e+0, 0.00000e+0, 5.52841e+0, 0.00000e+0, 3.59698e+0, 0.00000e+0, 3.19662e+0, 0.00000e+0, 2.00000e+1, 0.00000e+0, 1.00000e+1, 0.00000e+0, 3, 4, 
12/08/2020 11:03:19.357, 12/08/2020 11:03:19.305, 4.13563e+0, 0.00000e+0, 9.37514e+1, 0.00000e+0, 1.99899e+0, 0.00000e+0, 4.03807e+3, 0.00000e+0, 3.80850e+2, 0.00000e+0, 2.00709e+0, 0.00000e+0, 3.82394e+2, 0.00000e+0, 5.02564e+2, 0.00000e+0, 5.11148e+0, 0.00000e+0, 5.52990e+0, 0.00000e+0, 3.59572e+0, 0.00000e+0, 3.19453e+0, 0.00000e+0, 2.00000e+1, 0.00000e+0, 1.00000e+1, 0.00000e+0, 3, 4, 
12/08/2020 11:03:20.359, 12/08/2020 11:03:20.299, 4.13661e+0, 0.00000e+0, 9.38952e+1, 0.00000e+0, 1.99876e+0, 0.00000e+0, 3.60378e+3, 0.00000e+0, 3.80363e+2, 0.00000e+0, 2.00599e+0, 0.00000e+0, 3.81739e+2, 0.00000e+0, 5.02360e+2, 0.00000e+0, 5.05803e+0, 0.00000e+0, 5.56838e+0, 0.00000e+0, 3.59488e+0, 0.00000e+0, 3.19810e+0, 0.00000e+0, 2.00000e+1, 0.00000e+0, 1.00000e+1, 0.00000e+0, 3, 4, 
12/08/2020 11:03:21.347, 12/08/2020 11:03:21.294, 4.13665e+0, 0.00000e+0, 9.39017e+1, 0.00000e+0, 1.99788e+0, 0.00000e+0, 3.50385e+3, 0.00000e+0, 3.81156e+2, 0.00000e+0, 2.00490e+0, 0.00000e+0, 3.82496e+2, 0.00000e+0, 5.02422e+2, 0.00000e+0, 5.05836e+0, 0.00000e+0, 5.56726e+0, 0.00000e+0, 3.59455e+0, 0.00000e+0, 3.19856e+0, 0.00000e+0, 2.00000e+1, 0.00000e+0, 1.00000e+1, 0.00000e+0, 3, 4, 
12/08/2020 11:03:22.342, 12/08/2020 11:03:22.288, 4.13650e+0, 0.00000e+0, 9.38794e+1, 0.00000e+0, 1.99892e+0, 0.00000e+0, 3.74576e+3, 0.00000e+0, 3.81024e+2, 0.00000e+0, 2.00644e+0, 0.00000e+0, 3.82457e+2, 0.00000e+0, 5.02459e+2, 0.00000e+0, 5.08210e+0, 0.00000e+0, 5.56239e+0, 0.00000e+0, 3.59405e+0, 0.00000e+0, 3.19609e+0, 0.00000e+0, 2.00000e+1, 0.00000e+0, 1.00000e+1, 0.00000e+0, 3, 4, 
12/08/2020 11:03:23.333, 12/08/2020 11:03:23.282, 4.13654e+0, 0.00000e+0, 9.38854e+1, 0.00000e+0, 1.99772e+0, 0.00000e+0, 4.14484e+3, 0.00000e+0, 3.80294e+2, 0.00000e+0, 2.00604e+0, 0.00000e+0, 3.81877e+2, 0.00000e+0, 5.02394e+2, 0.00000e+0, 5.05409e+0, 0.00000e+0, 5.56844e+0, 0.00000e+0, 3.59582e+0, 0.00000e+0, 3.19716e+0, 0.00000e+0, 2.00000e+1, 0.00000e+0, 1.00000e+1, 0.00000e+0, 3, 5, 
12/08/2020 11:03:24.330, 12/08/2020 11:03:24.278, 4.13645e+0, 0.00000e+0, 9.38719e+1, 0.00000e+0, 1.99849e+0, 0.00000e+0, 3.56567e+3, 0.00000e+0, 3.81307e+2, 0.00000e+0, 2.00564e+0, 0.00000e+0, 3.82671e+2, 0.00000e+0, 5.02432e+2, 0.00000e+0, 5.06346e+0, 0.00000e+0, 5.57676e+0, 0.00000e+0, 3.59612e+0, 0.00000e+0, 3.19524e+0, 0.00000e+0, 2.00000e+1, 0.00000e+0, 1.00000e+1, 0.00000e+0, 3, 5, 
12/08/2020 11:03:25.323, 12/08/2020 11:03:25.272, 4.13634e+0, 0.00000e+0, 9.38558e+1, 0.00000e+0, 1.99863e+0, 0.00000e+0, 3.65258e+3, 0.00000e+0, 3.80018e+2, 0.00000e+0, 2.00596e+0, 0.00000e+0, 3.81412e+2, 0.00000e+0, 5.02403e+2, 0.00000e+0, 5.06883e+0, 0.00000e+0, 5.57539e+0, 0.00000e+0, 3.59674e+0, 0.00000e+0, 3.19722e+0, 0.00000e+0, 2.00000e+1, 0.00000e+0, 1.00000e+1, 0.00000e+0, 3, 5, 
12/08/2020 11:03:26.323, 12/08/2020 11:03:26.266, 4.13634e+0, 0.00000e+0, 9.38562e+1, 0.00000e+0, 2.00033e+0, 0.00000e+0, 3.74989e+3, 0.00000e+0, 3.80706e+2, 0.00000e+0, 2.00786e+0, 0.00000e+0, 3.82139e+2, 0.00000e+0, 5.02415e+2, 0.00000e+0, 5.05394e+0, 0.00000e+0, 5.57080e+0, 0.00000e+0, 3.59571e+0, 0.00000e+0, 3.19683e+0, 0.00000e+0, 2.00000e+1, 0.00000e+0, 1.00000e+1, 0.00000e+0, 3, 5, 
12/08/2020 11:03:27.319, 12/08/2020 11:03:27.261, 4.13622e+0, 0.00000e+0, 9.38370e+1, 0.00000e+0, 1.99859e+0, 0.00000e+0, 3.53947e+3, 0.00000e+0, 3.80117e+2, 0.00000e+0, 2.00569e+0, 0.00000e+0, 3.81467e+2, 0.00000e+0, 5.02444e+2, 0.00000e+0, 5.07142e+0, 0.00000e+0, 5.56189e+0, 0.00000e+0, 3.59336e+0, 0.00000e+0, 3.19529e+0, 0.00000e+0, 2.00000e+1, 0.00000e+0, 1.00000e+1, 0.00000e+0, 3, 5, 
12/08/2020 11:03:28.308, 12/08/2020 11:03:28.255, 4.13614e+0, 0.00000e+0, 9.38265e+1, 0.00000e+0, 1.99965e+0, 0.00000e+0, 3.72403e+3, 0.00000e+0, 3.79818e+2, 0.00000e+0, 2.00713e+0, 0.00000e+0, 3.81237e+2, 0.00000e+0, 5.02399e+2, 0.00000e+0, 5.07833e+0, 0.00000e+0, 5.56410e+0, 0.00000e+0, 3.59588e+0, 0.00000e+0, 3.19743e+0, 0.00000e+0, 2.00000e+1, 0.00000e+0, 1.00000e+1, 0.00000e+0, 3, 5, 
12/08/2020 11:03:29.311, 12/08/2020 11:03:29.250, 4.13602e+0, 0.00000e+0, 9.38090e+1, 0.00000e+0, 2.00050e+0, 0.00000e+0, 3.66480e+3, 0.00000e+0, 3.79934e+2, 0.00000e+0, 2.00786e+0, 0.00000e+0, 3.81332e+2, 0.00000e+0, 5.02402e+2, 0.00000e+0, 5.06283e+0, 0.00000e+0, 5.55826e+0, 0.00000e+0, 3.59607e+0, 0.00000e+0, 3.19497e+0, 0.00000e+0, 2.00000e+1, 0.00000e+0, 1.00000e+1, 0.00000e+0, 3, 5, 
12/08/2020 11:03:30.298, 12/08/2020 11:03:30.245, 4.13597e+0, 0.00000e+0, 9.38011e+1, 0.00000e+0, 1.99981e+0, 0.00000e+0, 3.92205e+3, 0.00000e+0, 3.80423e+2, 0.00000e+0, 2.00768e+0, 0.00000e+0, 3.81921e+2, 0.00000e+0, 5.02461e+2, 0.00000e+0, 5.06303e+0, 0.00000e+0, 5.54775e+0, 0.00000e+0, 3.59569e+0, 0.00000e+0, 3.19712e+0, 0.00000e+0, 2.00000e+1, 0.00000e+0, 1.00000e+1, 0.00000e+0, 3, 5, 
12/08/2020 11:03:31.293, 12/08/2020 11:03:31.239, 4.13586e+0, 0.00000e+0, 9.37841e+1, 0.00000e+0, 2.00041e+0, 0.00000e+0, 3.57502e+3, 0.00000e+0, 3.79420e+2, 0.00000e+0, 2.00758e+0, 0.00000e+0, 3.80781e+2, 0.00000e+0, 5.02400e+2, 0.00000e+0, 5.06922e+0, 0.00000e+0, 5.54839e+0, 0.00000e+0, 3.59421e+0, 0.00000e+0, 3.19635e+0, 0.00000e+0, 2.00000e+1, 0.00000e+0, 1.00000e+1, 0.00000e+0, 3, 5, 
12/08/2020 11:03:32.284, 12/08/2020 11:03:32.234, 4.13582e+0, 0.00000e+0, 9.37788e+1, 0.00000e+0, 2.00116e+0, 0.00000e+0, 3.40889e+3, 0.00000e+0, 3.80279e+2, 0.00000e+0, 2.00800e+0, 0.00000e+0, 3.81579e+2, 0.00000e+0, 5.02418e+2, 0.00000e+0, 5.08983e+0, 0.00000e+0, 5.54524e+0, 0.00000e+0, 3.59516e+0, 0.00000e+0, 3.19623e+0, 0.00000e+0, 2.00000e+1, 0.00000e+0, 1.00000e+1, 0.00000e+0, 3, 5, 
12/08/2020 11:03:33.283, 12/08/2020 11:03:33.228, 4.13569e+0, 0.00000e+0, 9.37602e+1, 0.00000e+0, 1.99955e+0, 0.00000e+0, 3.41339e+3, 0.00000e+0, 3.84535e+2, 0.00000e+0, 2.00640e+0, 0.00000e+0, 3.85853e+2, 0.00000e+0, 5.02415e+2, 0.00000e+0, 5.07363e+0, 0.00000e+0, 5.53961e+0, 0.00000e+0, 3.59228e+0, 0.00000e+0, 3.19665e+0, 0.00000e+0, 2.00000e+1, 0.00000e+0, 1.00000e+1, 0.00000e+0, 3, 5, 
12/08/2020 11:03:34.279, 12/08/2020 11:03:34.223, 4.13575e+0, 0.00000e+0, 9.37681e+1, 0.00000e+0, 1.99967e+0, 0.00000e+0, 3.48499e+3, 0.00000e+0, 3.87999e+2, 0.00000e+0, 2.00667e+0, 0.00000e+0, 3.89356e+2, 0.00000e+0, 5.02407e+2, 0.00000e+0, 5.06045e+0, 0.00000e+0, 5.54197e+0, 0.00000e+0, 3.59539e+0, 0.00000e+0, 3.19523e+0, 0.00000e+0, 2.00000e+1, 0.00000e+0, 1.00000e+1, 0.00000e+0, 3, 5, 
12/08/2020 11:03:35.274, 12/08/2020 11:03:35.217, 4.13554e+0, 0.00000e+0, 9.37368e+1, 0.00000e+0, 1.99948e+0, 0.00000e+0, 3.45579e+3, 0.00000e+0, 3.88457e+2, 0.00000e+0, 2.00641e+0, 0.00000e+0, 3.89805e+2, 0.00000e+0, 5.02401e+2, 0.00000e+0, 5.04742e+0, 0.00000e+0, 5.53489e+0, 0.00000e+0, 3.59534e+0, 0.00000e+0, 3.19740e+0, 0.00000e+0, 2.00000e+1, 0.00000e+0, 1.00000e+1, 0.00000e+0, 3, 5, 
12/08/2020 11:03:36.269, 12/08/2020 11:03:36.218, 4.13571e+0, 0.00000e+0, 9.37623e+1, 0.00000e+0, 1.99920e+0, 0.00000e+0, 3.51623e+3, 0.00000e+0, 3.86586e+2, 0.00000e+0, 2.00625e+0, 0.00000e+0, 3.87951e+2, 0.00000e+0, 5.02412e+2, 0.00000e+0, 5.05805e+0, 0.00000e+0, 5.54009e+0, 0.00000e+0, 3.59472e+0, 0.00000e+0, 3.19683e+0, 0.00000e+0, 2.00000e+1, 0.00000e+0, 1.00000e+1, 0.00000e+0, 3, 5, 
12/08/2020 11:03:37.268, 12/08/2020 11:03:37.213, 4.13547e+0, 0.00000e+0, 9.37278e+1, 0.00000e+0, 2.00394e+0, 0.00000e+0, 3.50899e+3, 0.00000e+0, 3.86062e+2, 0.00000e+0, 2.01099e+0, 0.00000e+0, 3.87421e+2, 0.00000e+0, 5.02420e+2, 0.00000e+0, 5.06878e+0, 0.00000e+0, 5.53232e+0, 0.00000e+0, 3.59442e+0, 0.00000e+0, 3.19623e+0, 0.00000e+0, 2.00000e+1, 0.00000e+0, 1.00000e+1, 0.00000e+0, 3, 5, 
12/08/2020 11:03:38.266, 12/08/2020 11:03:38.208, 4.13560e+0, 0.00000e+0, 9.37469e+1, 0.00000e+0, 2.00085e+0, 0.00000e+0, 3.53597e+3, 0.00000e+0, 3.85543e+2, 0.00000e+0, 2.00795e+0, 0.00000e+0, 3.86911e+2, 0.00000e+0, 5.02390e+2, 0.00000e+0, 5.05601e+0, 0.00000e+0, 5.53481e+0, 0.00000e+0, 3.59593e+0, 0.00000e+0, 3.19657e+0, 0.00000e+0, 2.00000e+1, 0.00000e+0, 1.00000e+1, 0.00000e+0, 3, 5, 
12/08/2020 11:03:39.254, 12/08/2020 11:03:39.202, 4.13553e+0, 0.00000e+0, 9.37358e+1, 0.00000e+0, 1.99668e+0, 0.00000e+0, 3.77124e+3, 0.00000e+0, 3.84923e+2, 0.00000e+0, 2.00423e+0, 0.00000e+0, 3.86380e+2, 0.00000e+0, 5.02398e+2, 0.00000e+0, 5.06260e+0, 0.00000e+0, 5.52618e+0, 0.00000e+0, 3.59557e+0, 0.00000e+0, 3.19647e+0, 0.00000e+0, 2.00000e+1, 0.00000e+0, 1.00000e+1, 0.00000e+0, 3, 5, 
12/08/2020 11:03:40.250, 12/08/2020 11:03:40.197, 4.13557e+0, 0.00000e+0, 9.37417e+1, 0.00000e+0, 1.99903e+0, 0.00000e+0, 3.67093e+3, 0.00000e+0, 3.85307e+2, 0.00000e+0, 2.00640e+0, 0.00000e+0, 3.86727e+2, 0.00000e+0, 5.02382e+2, 0.00000e+0, 5.06122e+0, 0.00000e+0, 5.52790e+0, 0.00000e+0, 3.59482e+0, 0.00000e+0, 3.19598e+0, 0.00000e+0, 2.00000e+1, 0.00000e+0, 1.00000e+1, 0.00000e+0, 3, 5, 
12/08/2020 11:03:41.251, 12/08/2020 11:03:41.191, 4.13538e+0, 0.00000e+0, 9.37135e+1, 0.00000e+0, 1.99885e+0, 0.00000e+0, 3.46102e+3, 0.00000e+0, 3.83795e+2, 0.00000e+0, 2.00580e+0, 0.00000e+0, 3.85128e+2, 0.00000e+0, 5.02413e+2, 0.00000e+0, 5.06005e+0, 0.00000e+0, 5.52637e+0, 0.00000e+0, 3.59435e+0, 0.00000e+0, 3.19616e+0, 0.00000e+0, 2.00000e+1, 0.00000e+0, 1.00000e+1, 0.00000e+0, 3, 5, 
12/08/2020 11:03:42.234, 12/08/2020 11:03:42.186, 4.13529e+0, 0.00000e+0, 9.37003e+1, 0.00000e+0, 1.99754e+0, 0.00000e+0, 3.61474e+3, 0.00000e+0, 3.85184e+2, 0.00000e+0, 2.00479e+0, 0.00000e+0, 3.86581e+2, 0.00000e+0, 5.02414e+2, 0.00000e+0, 5.05685e+0, 0.00000e+0, 5.52219e+0, 0.00000e+0, 3.59695e+0, 0.00000e+0, 3.19658e+0, 0.00000e+0, 2.00000e+1, 0.00000e+0, 1.00000e+1, 0.00000e+0, 3, 5, 
12/08/2020 11:03:43.230, 12/08/2020 11:03:43.181, 4.13525e+0, 0.00000e+0, 9.36948e+1, 0.00000e+0, 1.99773e+0, 0.00000e+0, 3.80860e+3, 0.00000e+0, 3.86758e+2, 0.00000e+0, 2.00536e+0, 0.00000e+0, 3.88237e+2, 0.00000e+0, 5.02412e+2, 0.00000e+0, 5.07818e+0, 0.00000e+0, 5.52391e+0, 0.00000e+0, 3.59608e+0, 0.00000e+0, 3.19678e+0, 0.00000e+0, 2.00000e+1, 0.00000e+0, 1.00000e+1, 0.00000e+0, 3, 5, 
12/08/2020 11:03:44.228, 12/08/2020 11:03:44.174, 4.13528e+0, 0.00000e+0, 9.36992e+1, 0.00000e+0, 1.99808e+0, 0.00000e+0, 3.75592e+3, 0.00000e+0, 3.85147e+2, 0.00000e+0, 2.00562e+0, 0.00000e+0, 3.86599e+2, 0.00000e+0, 5.02389e+2, 0.00000e+0, 5.05872e+0, 0.00000e+0, 5.52493e+0, 0.00000e+0, 3.59460e+0, 0.00000e+0, 3.19723e+0, 0.00000e+0, 2.00000e+1, 0.00000e+0, 1.00000e+1, 0.00000e+0, 3, 5, 
12/08/2020 11:03:45.219, 12/08/2020 11:03:45.170, 4.13533e+0, 0.00000e+0, 9.37071e+1, 0.00000e+0, 1.99774e+0, 0.00000e+0, 3.50381e+3, 0.00000e+0, 3.84436e+2, 0.00000e+0, 2.00476e+0, 0.00000e+0, 3.85787e+2, 0.00000e+0, 5.02401e+2, 0.00000e+0, 5.05255e+0, 0.00000e+0, 5.53070e+0, 0.00000e+0, 3.59606e+0, 0.00000e+0, 3.19514e+0, 0.00000e+0, 2.00000e+1, 0.00000e+0, 1.00000e+1, 0.00000e+0, 3, 5, 
12/08/2020 11:03:46.221, 12/08/2020 11:03:46.164, 4.13509e+0, 0.00000e+0, 9.36711e+1, 0.00000e+0, 1.99867e+0, 0.00000e+0, 3.64942e+3, 0.00000e+0, 3.84512e+2, 0.00000e+0, 2.00599e+0, 0.00000e+0, 3.85921e+2, 0.00000e+0, 5.02421e+2, 0.00000e+0, 5.05829e+0, 0.00000e+0, 5.52449e+0, 0.00000e+0, 3.59513e+0, 0.00000e+0, 3.19561e+0, 0.00000e+0, 2.00000e+1, 0.00000e+0, 1.00000e+1, 0.00000e+0, 3, 5, 
12/08/2020 11:03:47.213, 12/08/2020 11:03:47.158, 4.13501e+0, 0.00000e+0, 9.36589e+1, 0.00000e+0, 1.99932e+0, 0.00000e+0, 3.77803e+3, 0.00000e+0, 3.88036e+2, 0.00000e+0, 2.00690e+0, 0.00000e+0, 3.89507e+2, 0.00000e+0, 5.02407e+2, 0.00000e+0, 5.05822e+0, 0.00000e+0, 5.52239e+0, 0.00000e+0, 3.59517e+0, 0.00000e+0, 3.19555e+0, 0.00000e+0, 2.00000e+1, 0.00000e+0, 1.00000e+1, 0.00000e+0, 3, 5, 
12/08/2020 11:03:48.205, 12/08/2020 11:03:48.153, 4.13509e+0, 0.00000e+0, 9.36710e+1, 0.00000e+0, 1.99734e+0, 0.00000e+0, 3.44145e+3, 0.00000e+0, 3.90443e+2, 0.00000e+0, 2.00424e+0, 0.00000e+0, 3.91792e+2, 0.00000e+0, 5.02406e+2, 0.00000e+0, 5.06094e+0, 0.00000e+0, 5.52513e+0, 0.00000e+0, 3.59680e+0, 0.00000e+0, 3.19608e+0, 0.00000e+0, 2.00000e+1, 0.00000e+0, 1.00000e+1, 0.00000e+0, 3, 5, 
12/08/2020 11:03:49.204, 12/08/2020 11:03:49.147, 4.13507e+0, 0.00000e+0, 9.36684e+1, 0.00000e+0, 2.00096e+0, 0.00000e+0, 3.08079e+3, 0.00000e+0, 3.92887e+2, 0.00000e+0, 2.00714e+0, 0.00000e+0, 3.94101e+2, 0.00000e+0, 5.02410e+2, 0.00000e+0, 5.06627e+0, 0.00000e+0, 5.52493e+0, 0.00000e+0, 3.59464e+0, 0.00000e+0, 3.19614e+0, 0.00000e+0, 2.00000e+1, 0.00000e+0, 1.00000e+1, 0.00000e+0, 3, 5, 
12/08/2020 11:03:50.199, 12/08/2020 11:03:50.142, 4.13502e+0, 0.00000e+0, 9.36600e+1, 0.00000e+0, 1.99858e+0, 0.00000e+0, 3.42924e+3, 0.00000e+0, 3.94511e+2, 0.00000e+0, 2.00546e+0, 0.00000e+0, 3.95868e+2, 0.00000e+0, 5.02392e+2, 0.00000e+0, 5.05841e+0, 0.00000e+0, 5.52332e+0, 0.00000e+0, 3.59348e+0, 0.00000e+0, 3.19631e+0, 0.00000e+0, 2.00000e+1, 0.00000e+0, 1.00000e+1, 0.00000e+0, 3, 5, 
12/08/2020 11:03:51.189, 12/08/2020 11:03:51.137, 4.13498e+0, 0.00000e+0, 9.36543e+1, 0.00000e+0, 2.00105e+0, 0.00000e+0, 3.46897e+3, 0.00000e+0, 3.95871e+2, 0.00000e+0, 2.00801e+0, 0.00000e+0, 3.97249e+2, 0.00000e+0, 5.02409e+2, 0.00000e+0, 5.06600e+0, 0.00000e+0, 5.51982e+0, 0.00000e+0, 3.59415e+0, 0.00000e+0, 3.19569e+0, 0.00000e+0, 2.00000e+1, 0.00000e+0, 1.00000e+1, 0.00000e+0, 3, 5, 
12/08/2020 11:03:52.182, 12/08/2020 11:03:52.132, 4.13489e+0, 0.00000e+0, 9.36414e+1, 0.00000e+0, 2.00044e+0, 0.00000e+0, 3.67521e+3, 0.00000e+0, 3.95560e+2, 0.00000e+0, 2.00782e+0, 0.00000e+0, 3.97019e+2, 0.00000e+0, 5.02423e+2, 0.00000e+0, 5.06047e+0, 0.00000e+0, 5.52063e+0, 0.00000e+0, 3.59319e+0, 0.00000e+0, 3.19610e+0, 0.00000e+0, 2.00000e+1, 0.00000e+0, 1.00000e+1, 0.00000e+0, 3, 5, 
12/08/2020 11:03:53.180, 12/08/2020 11:03:53.126, 4.13484e+0, 0.00000e+0, 9.36342e+1, 0.00000e+0, 2.00066e+0, 0.00000e+0, 3.52823e+3, 0.00000e+0, 3.96734e+2, 0.00000e+0, 2.00775e+0, 0.00000e+0, 3.98139e+2, 0.00000e+0, 5.02414e+2, 0.00000e+0, 5.05898e+0, 0.00000e+0, 5.52237e+0, 0.00000e+0, 3.59286e+0, 0.00000e+0, 3.19703e+0, 0.00000e+0, 2.00000e+1, 0.00000e+0, 1.00000e+1, 0.00000e+0, 3, 6, 
12/08/2020 11:03:54.172, 12/08/2020 11:03:54.120, 4.13478e+0, 0.00000e+0, 9.36255e+1, 0.00000e+0, 1.99865e+0, 0.00000e+0, 3.67670e+3, 0.00000e+0, 3.98064e+2, 0.00000e+0, 2.00602e+0, 0.00000e+0, 3.99533e+2, 0.00000e+0, 5.02411e+2, 0.00000e+0, 5.05487e+0, 0.00000e+0, 5.51713e+0, 0.00000e+0, 3.59383e+0, 0.00000e+0, 3.19595e+0, 0.00000e+0, 2.00000e+1, 0.00000e+0, 1.00000e+1, 0.00000e+0, 3, 6, 
12/08/2020 11:03:55.171, 12/08/2020 11:03:55.114, 4.13467e+0, 0.00000e+0, 9.36095e+1, 0.00000e+0, 1.99847e+0, 0.00000e+0, 4.22738e+3, 0.00000e+0, 3.98344e+2, 0.00000e+0, 2.00696e+0, 0.00000e+0, 4.00035e+2, 0.00000e+0, 5.02423e+2, 0.00000e+0, 5.05234e+0, 0.00000e+0, 5.51551e+0, 0.00000e+0, 3.59433e+0, 0.00000e+0, 3.19621e+0, 0.00000e+0, 2.00000e+1, 0.00000e+0, 1.00000e+1, 0.00000e+0, 3, 6, 
12/08/2020 11:03:56.170, 12/08/2020 11:03:56.109, 4.13463e+0, 0.00000e+0, 9.36036e+1, 0.00000e+0, 1.99926e+0, 0.00000e+0, 3.41165e+3, 0.00000e+0, 3.98570e+2, 0.00000e+0, 2.00611e+0, 0.00000e+0, 3.99934e+2, 0.00000e+0, 5.02449e+2, 0.00000e+0, 5.07151e+0, 0.00000e+0, 5.51826e+0, 0.00000e+0, 3.59528e+0, 0.00000e+0, 3.19520e+0, 0.00000e+0, 2.00000e+1, 0.00000e+0, 1.00000e+1, 0.00000e+0, 3, 6, 
12/08/2020 11:03:57.156, 12/08/2020 11:03:57.103, 4.13466e+0, 0.00000e+0, 9.36080e+1, 0.00000e+0, 1.99870e+0, 0.00000e+0, 3.76618e+3, 0.00000e+0, 3.99205e+2, 0.00000e+0, 2.00626e+0, 0.00000e+0, 4.00714e+2, 0.00000e+0, 5.02403e+2, 0.00000e+0, 5.06022e+0, 0.00000e+0, 5.51906e+0, 0.00000e+0, 3.59387e+0, 0.00000e+0, 3.19425e+0, 0.00000e+0, 2.00000e+1, 0.00000e+0, 1.00000e+1, 0.00000e+0, 3, 6, 
12/08/2020 11:03:58.155, 12/08/2020 11:03:58.098, 4.13452e+0, 0.00000e+0, 9.35870e+1, 0.00000e+0, 2.00032e+0, 0.00000e+0, 4.08047e+3, 0.00000e+0, 4.00072e+2, 0.00000e+0, 2.00852e+0, 0.00000e+0, 4.01712e+2, 0.00000e+0, 5.02416e+2, 0.00000e+0, 5.06224e+0, 0.00000e+0, 5.51826e+0, 0.00000e+0, 3.59408e+0, 0.00000e+0, 3.19610e+0, 0.00000e+0, 2.00000e+1, 0.00000e+0, 1.00000e+1, 0.00000e+0, 3, 6, 
12/08/2020 11:03:59.145, 12/08/2020 11:03:59.093, 4.13443e+0, 0.00000e+0, 9.35741e+1, 0.00000e+0, 1.99851e+0, 0.00000e+0, 3.75068e+3, 0.00000e+0, 4.00992e+2, 0.00000e+0, 2.00604e+0, 0.00000e+0, 4.02502e+2, 0.00000e+0, 5.02416e+2, 0.00000e+0, 5.05501e+0, 0.00000e+0, 5.51245e+0, 0.00000e+0, 3.59412e+0, 0.00000e+0, 3.19597e+0, 0.00000e+0, 2.00000e+1, 0.00000e+0, 1.00000e+1, 0.00000e+0, 3, 6, 
12/08/2020 11:04:00.139, 12/08/2020 11:04:00.087, 4.13449e+0, 0.00000e+0, 9.35825e+1, 0.00000e+0, 1.99877e+0, 0.00000e+0, 3.84125e+3, 0.00000e+0, 4.01196e+2, 0.00000e+0, 2.00648e+0, 0.00000e+0, 4.02743e+2, 0.00000e+0, 5.02429e+2, 0.00000e+0, 5.06473e+0, 0.00000e+0, 5.51106e+0, 0.00000e+0, 3.59326e+0, 0.00000e+0, 3.19611e+0, 0.00000e+0, 2.00000e+1, 0.00000e+0, 1.00000e+1, 0.00000e+0, 3, 6, 
12/08/2020 11:04:01.137, 12/08/2020 11:04:01.082, 4.13441e+0, 0.00000e+0, 9.35709e+1, 0.00000e+0, 2.00057e+0, 0.00000e+0, 4.13958e+3, 0.00000e+0, 4.02139e+2, 0.00000e+0, 2.00889e+0, 0.00000e+0, 4.03810e+2, 0.00000e+0, 5.02478e+2, 0.00000e+0, 5.06529e+0, 0.00000e+0, 5.51184e+0, 0.00000e+0, 3.59139e+0, 0.00000e+0, 3.19635e+0, 0.00000e+0, 2.00000e+1, 0.00000e+0, 1.00000e+1, 0.00000e+0, 3, 6, 
12/08/2020 11:04:02.133, 12/08/2020 11:04:02.076, 4.13445e+0, 0.00000e+0, 9.35765e+1, 0.00000e+0, 1.99995e+0, 0.00000e+0, 4.12127e+3, 0.00000e+0, 4.02467e+2, 0.00000e+0, 2.00823e+0, 0.00000e+0, 4.04132e+2, 0.00000e+0, 5.02403e+2, 0.00000e+0, 5.05240e+0, 0.00000e+0, 5.51980e+0, 0.00000e+0, 3.59218e+0, 0.00000e+0, 3.19536e+0, 0.00000e+0, 2.00000e+1, 0.00000e+0, 1.00000e+1, 0.00000e+0, 3, 6, 
12/08/2020 11:04:03.127, 12/08/2020 11:04:03.071, 4.13446e+0, 0.00000e+0, 9.35774e+1, 0.00000e+0, 1.99939e+0, 0.00000e+0, 4.13009e+3, 0.00000e+0, 4.03061e+2, 0.00000e+0, 2.00768e+0, 0.00000e+0, 4.04733e+2, 0.00000e+0, 5.02417e+2, 0.00000e+0, 5.05371e+0, 0.00000e+0, 5.51737e+0, 0.00000e+0, 3.59245e+0, 0.00000e+0, 3.19610e+0, 0.00000e+0, 2.00000e+1, 0.00000e+0, 1.00000e+1, 0.00000e+0, 3, 6, 
12/08/2020 11:04:04.117, 12/08/2020 11:04:04.065, 4.13431e+0, 0.00000e+0, 9.35554e+1, 0.00000e+0, 2.00062e+0, 0.00000e+0, 4.07596e+3, 0.00000e+0, 4.03890e+2, 0.00000e+0, 2.00881e+0, 0.00000e+0, 4.05543e+2, 0.00000e+0, 5.02441e+2, 0.00000e+0, 5.05612e+0, 0.00000e+0, 5.51984e+0, 0.00000e+0, 3.59394e+0, 0.00000e+0, 3.19514e+0, 0.00000e+0, 2.00000e+1, 0.00000e+0, 1.00000e+1, 0.00000e+0, 3, 6, 
12/08/2020 11:04:05.112, 12/08/2020 11:04:05.060, 4.13427e+0, 0.00000e+0, 9.35494e+1, 0.00000e+0, 1.99927e+0, 0.00000e+0, 4.00569e+3, 0.00000e+0, 4.04723e+2, 0.00000e+0, 2.00731e+0, 0.00000e+0, 4.06351e+2, 0.00000e+0, 5.02409e+2, 0.00000e+0, 5.05537e+0, 0.00000e+0, 5.52462e+0, 0.00000e+0, 3.59227e+0, 0.00000e+0, 3.19514e+0, 0.00000e+0, 2.00000e+1, 0.00000e+0, 1.00000e+1, 0.00000e+0, 3, 6, 
12/08/2020 11:04:06.114, 12/08/2020 11:04:06.055, 4.13406e+0, 0.00000e+0, 9.35198e+1, 0.00000e+0, 1.99943e+0, 0.00000e+0, 4.25571e+3, 0.00000e+0, 4.04691e+2, 0.00000e+0, 2.00798e+0, 0.00000e+0, 4.06421e+2, 0.00000e+0, 5.02440e+2, 0.00000e+0, 5.08004e+0, 0.00000e+0, 5.51708e+0, 0.00000e+0, 3.59220e+0, 0.00000e+0, 3.19691e+0, 0.00000e+0, 2.00000e+1, 0.00000e+0, 1.00000e+1, 0.00000e+0, 3, 6, 
12/08/2020 11:04:07.098, 12/08/2020 11:04:07.049, 4.13413e+0, 0.00000e+0, 9.35298e+1, 0.00000e+0, 2.00108e+0, 0.00000e+0, 4.14396e+3, 0.00000e+0, 4.04512e+2, 0.00000e+0, 2.00940e+0, 0.00000e+0, 4.06196e+2, 0.00000e+0, 5.02431e+2, 0.00000e+0, 5.06069e+0, 0.00000e+0, 5.51995e+0, 0.00000e+0, 3.59288e+0, 0.00000e+0, 3.19466e+0, 0.00000e+0, 2.00000e+1, 0.00000e+0, 1.00000e+1, 0.00000e+0, 3, 6, 
12/08/2020 11:04:08.098, 12/08/2020 11:04:08.044, 4.13412e+0, 0.00000e+0, 9.35286e+1, 0.00000e+0, 1.99914e+0, 0.00000e+0, 4.02707e+3, 0.00000e+0, 4.04594e+2, 0.00000e+0, 2.00723e+0, 0.00000e+0, 4.06230e+2, 0.00000e+0, 5.02455e+2, 0.00000e+0, 5.07096e+0, 0.00000e+0, 5.52942e+0, 0.00000e+0, 3.59241e+0, 0.00000e+0, 3.19576e+0, 0.00000e+0, 2.00000e+1, 0.00000e+0, 1.00000e+1, 0.00000e+0, 3, 6, 
12/08/2020 11:04:09.094, 12/08/2020 11:04:09.038, 4.13411e+0, 0.00000e+0, 9.35261e+1, 0.00000e+0, 2.00121e+0, 0.00000e+0, 3.91860e+3, 0.00000e+0, 4.04337e+2, 0.00000e+0, 2.00909e+0, 0.00000e+0, 4.05928e+2, 0.00000e+0, 5.02434e+2, 0.00000e+0, 5.05865e+0, 0.00000e+0, 5.53558e+0, 0.00000e+0, 3.59092e+0, 0.00000e+0, 3.19437e+0, 0.00000e+0, 2.00000e+1, 0.00000e+0, 1.00000e+1, 0.00000e+0, 3, 6, 
12/08/2020 11:04:10.088, 12/08/2020 11:04:10.032, 4.13407e+0, 0.00000e+0, 9.35208e+1, 0.00000e+0, 2.00082e+0, 0.00000e+0, 4.11573e+3, 0.00000e+0, 4.03621e+2, 0.00000e+0, 2.00909e+0, 0.00000e+0, 4.05289e+2, 0.00000e+0, 5.02437e+2, 0.00000e+0, 5.06921e+0, 0.00000e+0, 5.54264e+0, 0.00000e+0, 3.59326e+0, 0.00000e+0, 3.19477e+0, 0.00000e+0, 2.00000e+1, 0.00000e+0, 1.00000e+1, 0.00000e+0, 3, 6, 
12/08/2020 11:04:11.082, 12/08/2020 11:04:11.027, 4.13383e+0, 0.00000e+0, 9.34854e+1, 0.00000e+0, 2.00155e+0, 0.00000e+0, 4.12724e+3, 0.00000e+0, 4.05505e+2, 0.00000e+0, 2.00985e+0, 0.00000e+0, 4.07186e+2, 0.00000e+0, 5.02491e+2, 0.00000e+0, 5.11272e+0, 0.00000e+0, 5.54003e+0, 0.00000e+0, 3.59325e+0, 0.00000e+0, 3.19486e+0, 0.00000e+0, 2.00000e+1, 0.00000e+0, 1.00000e+1, 0.00000e+0, 3, 6, 
12/08/2020 11:04:12.070, 12/08/2020 11:04:12.023, 4.13389e+0, 0.00000e+0, 9.34936e+1, 0.00000e+0, 2.00006e+0, 0.00000e+0, 4.23152e+3, 0.00000e+0, 4.03622e+2, 0.00000e+0, 2.00856e+0, 0.00000e+0, 4.05337e+2, 0.00000e+0, 5.02480e+2, 0.00000e+0, 5.06750e+0, 0.00000e+0, 5.54719e+0, 0.00000e+0, 3.59113e+0, 0.00000e+0, 3.19625e+0, 0.00000e+0, 2.00000e+1, 0.00000e+0, 1.00000e+1, 0.00000e+0, 3, 6, 
12/08/2020 11:04:13.068, 12/08/2020 11:04:13.016, 4.13399e+0, 0.00000e+0, 9.35087e+1, 0.00000e+0, 2.00177e+0, 0.00000e+0, 3.97598e+3, 0.00000e+0, 4.05285e+2, 0.00000e+0, 2.00976e+0, 0.00000e+0, 4.06903e+2, 0.00000e+0, 5.02454e+2, 0.00000e+0, 5.07628e+0, 0.00000e+0, 5.55328e+0, 0.00000e+0, 3.59093e+0, 0.00000e+0, 3.19514e+0, 0.00000e+0, 2.00000e+1, 0.00000e+0, 1.00000e+1, 0.00000e+0, 3, 6, 
12/08/2020 11:04:14.070, 12/08/2020 11:04:14.010, 4.13391e+0, 0.00000e+0, 9.34975e+1, 0.00000e+0, 2.00232e+0, 0.00000e+0, 4.05109e+3, 0.00000e+0, 4.04113e+2, 0.00000e+0, 2.01046e+0, 0.00000e+0, 4.05757e+2, 0.00000e+0, 5.02451e+2, 0.00000e+0, 5.05736e+0, 0.00000e+0, 5.55750e+0, 0.00000e+0, 3.59096e+0, 0.00000e+0, 3.19536e+0, 0.00000e+0, 2.00000e+1, 0.00000e+0, 1.00000e+1, 0.00000e+0, 3, 6, 
12/08/2020 11:04:15.055, 12/08/2020 11:04:15.006, 4.13367e+0, 0.00000e+0, 9.34611e+1, 0.00000e+0, 1.99858e+0, 0.00000e+0, 4.06589e+3, 0.00000e+0, 4.05212e+2, 0.00000e+0, 2.00674e+0, 0.00000e+0, 4.06866e+2, 0.00000e+0, 5.02500e+2, 0.00000e+0, 5.09683e+0, 0.00000e+0, 5.55463e+0, 0.00000e+0, 3.59163e+0, 0.00000e+0, 3.19534e+0, 0.00000e+0, 2.00000e+1, 0.00000e+0, 1.00000e+1, 0.00000e+0, 3, 6, 
12/08/2020 11:04:16.053, 12/08/2020 11:04:16.001, 4.13379e+0, 0.00000e+0, 9.34791e+1, 0.00000e+0, 2.00067e+0, 0.00000e+0, 3.91889e+3, 0.00000e+0, 4.04553e+2, 0.00000e+0, 2.00854e+0, 0.00000e+0, 4.06144e+2, 0.00000e+0, 5.02428e+2, 0.00000e+0, 5.06425e+0, 0.00000e+0, 5.55799e+0, 0.00000e+0, 3.59162e+0, 0.00000e+0, 3.19600e+0, 0.00000e+0, 2.00000e+1, 0.00000e+0, 1.00000e+1, 0.00000e+0, 3, 6, 
12/08/2020 11:04:17.049, 12/08/2020 11:04:16.995, 4.13389e+0, 0.00000e+0, 9.34940e+1, 0.00000e+0, 1.99834e+0, 0.00000e+0, 4.48144e+3, 0.00000e+0, 4.04826e+2, 0.00000e+0, 2.00733e+0, 0.00000e+0, 4.06648e+2, 0.00000e+0, 5.02443e+2, 0.00000e+0, 5.07524e+0, 0.00000e+0, 5.56225e+0, 0.00000e+0, 3.59260e+0, 0.00000e+0, 3.19511e+0, 0.00000e+0, 2.00000e+1, 0.00000e+0, 1.00000e+1, 0.00000e+0, 3, 6, 
12/08/2020 11:04:18.046, 12/08/2020 11:04:17.989, 4.13378e+0, 0.00000e+0, 9.34778e+1, 0.00000e+0, 2.00270e+0, 0.00000e+0, 4.03931e+3, 0.00000e+0, 4.05919e+2, 0.00000e+0, 2.01082e+0, 0.00000e+0, 4.07566e+2, 0.00000e+0, 5.02446e+2, 0.00000e+0, 5.07679e+0, 0.00000e+0, 5.55948e+0, 0.00000e+0, 3.59184e+0, 0.00000e+0, 3.19459e+0, 0.00000e+0, 2.00000e+1, 0.00000e+0, 1.00000e+1, 0.00000e+0, 3, 6, 
12/08/2020 11:04:19.036, 12/08/2020 11:04:18.984, 4.13382e+0, 0.00000e+0, 9.34838e+1, 0.00000e+0, 2.00147e+0, 0.00000e+0, 4.38626e+3, 0.00000e+0, 4.05704e+2, 0.00000e+0, 2.01029e+0, 0.00000e+0, 4.07491e+2, 0.00000e+0, 5.02446e+2, 0.00000e+0, 5.07110e+0, 0.00000e+0, 5.56501e+0, 0.00000e+0, 3.59198e+0, 0.00000e+0, 3.19446e+0, 0.00000e+0, 2.00000e+1, 0.00000e+0, 1.00000e+1, 0.00000e+0, 3, 6, 
12/08/2020 11:04:20.030, 12/08/2020 11:04:19.978, 4.13375e+0, 0.00000e+0, 9.34735e+1, 0.00000e+0, 2.00231e+0, 0.00000e+0, 4.51609e+3, 0.00000e+0, 4.05680e+2, 0.00000e+0, 2.01139e+0, 0.00000e+0, 4.07521e+2, 0.00000e+0, 5.02441e+2, 0.00000e+0, 5.06096e+0, 0.00000e+0, 5.56940e+0, 0.00000e+0, 3.59099e+0, 0.00000e+0, 3.19618e+0, 0.00000e+0, 2.00000e+1, 0.00000e+0, 1.00000e+1, 0.00000e+0, 3, 6, 
12/08/2020 11:04:21.030, 12/08/2020 11:04:20.972, 4.13372e+0, 0.00000e+0, 9.34686e+1, 0.00000e+0, 1.99909e+0, 0.00000e+0, 4.50795e+3, 0.00000e+0, 4.04934e+2, 0.00000e+0, 2.00814e+0, 0.00000e+0, 4.06768e+2, 0.00000e+0, 5.02437e+2, 0.00000e+0, 5.05660e+0, 0.00000e+0, 5.56331e+0, 0.00000e+0, 3.59020e+0, 0.00000e+0, 3.19506e+0, 0.00000e+0, 2.00000e+1, 0.00000e+0, 1.00000e+1, 0.00000e+0, 3, 6, 
12/08/2020 11:04:22.020, 12/08/2020 11:04:21.967, 4.13381e+0, 0.00000e+0, 9.34819e+1, 0.00000e+0, 2.00231e+0, 0.00000e+0, 4.31514e+3, 0.00000e+0, 4.04397e+2, 0.00000e+0, 2.01099e+0, 0.00000e+0, 4.06150e+2, 0.00000e+0, 5.02427e+2, 0.00000e+0, 5.05168e+0, 0.00000e+0, 5.56717e+0, 0.00000e+0, 3.58973e+0, 0.00000e+0, 3.19491e+0, 0.00000e+0, 2.00000e+1, 0.00000e+0, 1.00000e+1, 0.00000e+0, 3, 6, 
12/08/2020 11:04:23.015, 12/08/2020 11:04:22.962, 4.13366e+0, 0.00000e+0, 9.34600e+1, 0.00000e+0, 2.00051e+0, 0.00000e+0, 4.37352e+3, 0.00000e+0, 4.04926e+2, 0.00000e+0, 2.00929e+0, 0.00000e+0, 4.06705e+2, 0.00000e+0, 5.02445e+2, 0.00000e+0, 5.08081e+0, 0.00000e+0, 5.56408e+0, 0.00000e+0, 3.59119e+0, 0.00000e+0, 3.19528e+0, 0.00000e+0, 2.00000e+1, 0.00000e+0, 1.00000e+1, 0.00000e+0, 3, 7, 
12/08/2020 11:04:24.006, 12/08/2020 11:04:23.957, 4.13361e+0, 0.00000e+0, 9.34534e+1, 0.00000e+0, 2.00195e+0, 0.00000e+0, 4.55838e+3, 0.00000e+0, 4.06481e+2, 0.00000e+0, 2.01112e+0, 0.00000e+0, 4.08342e+2, 0.00000e+0, 5.02415e+2, 0.00000e+0, 5.05945e+0, 0.00000e+0, 5.56010e+0, 0.00000e+0, 3.58995e+0, 0.00000e+0, 3.19654e+0, 0.00000e+0, 2.00000e+1, 0.00000e+0, 1.00000e+1, 0.00000e+0, 3, 7, 
12/08/2020 11:04:25.003, 12/08/2020 11:04:24.952, 4.13370e+0, 0.00000e+0, 9.34666e+1, 0.00000e+0, 1.99942e+0, 0.00000e+0, 4.28251e+3, 0.00000e+0, 4.05038e+2, 0.00000e+0, 2.00802e+0, 0.00000e+0, 4.06780e+2, 0.00000e+0, 5.02417e+2, 0.00000e+0, 5.06495e+0, 0.00000e+0, 5.56197e+0, 0.00000e+0, 3.59046e+0, 0.00000e+0, 3.19681e+0, 0.00000e+0, 2.00000e+1, 0.00000e+0, 1.00000e+1, 0.00000e+0, 3, 7, 
12/08/2020 11:04:26.000, 12/08/2020 11:04:25.945, 4.13359e+0, 0.00000e+0, 9.34500e+1, 0.00000e+0, 2.00111e+0, 0.00000e+0, 4.49817e+3, 0.00000e+0, 4.05890e+2, 0.00000e+0, 2.01015e+0, 0.00000e+0, 4.07724e+2, 0.00000e+0, 5.02410e+2, 0.00000e+0, 5.07548e+0, 0.00000e+0, 5.55459e+0, 0.00000e+0, 3.59181e+0, 0.00000e+0, 3.19598e+0, 0.00000e+0, 2.00000e+1, 0.00000e+0, 1.00000e+1, 0.00000e+0, 3, 7, 
12/08/2020 11:04:26.997, 12/08/2020 11:04:26.939, 4.13349e+0, 0.00000e+0, 9.34348e+1, 0.00000e+0, 2.00126e+0, 0.00000e+0, 4.28816e+3, 0.00000e+0, 4.05902e+2, 0.00000e+0, 2.00988e+0, 0.00000e+0, 4.07650e+2, 0.00000e+0, 5.02417e+2, 0.00000e+0, 5.06077e+0, 0.00000e+0, 5.55101e+0, 0.00000e+0, 3.59182e+0, 0.00000e+0, 3.19490e+0, 0.00000e+0, 2.00000e+1, 0.00000e+0, 1.00000e+1, 0.00000e+0, 3, 7, 
12/08/2020 11:04:27.990, 12/08/2020 11:04:27.934, 4.13354e+0, 0.00000e+0, 9.34423e+1, 0.00000e+0, 1.99718e+0, 0.00000e+0, 4.36019e+3, 0.00000e+0, 4.05643e+2, 0.00000e+0, 2.00593e+0, 0.00000e+0, 4.07419e+2, 0.00000e+0, 5.02423e+2, 0.00000e+0, 5.05996e+0, 0.00000e+0, 5.55123e+0, 0.00000e+0, 3.59349e+0, 0.00000e+0, 3.19533e+0, 0.00000e+0, 2.00000e+1, 0.00000e+0, 1.00000e+1, 0.00000e+0, 3, 7, 
12/08/2020 11:04:28.983, 12/08/2020 11:04:28.929, 4.13347e+0, 0.00000e+0, 9.34319e+1, 0.00000e+0, 2.00056e+0, 0.00000e+0, 4.44441e+3, 0.00000e+0, 4.05740e+2, 0.00000e+0, 2.00950e+0, 0.00000e+0, 4.07552e+2, 0.00000e+0, 5.02412e+2, 0.00000e+0, 5.05059e+0, 0.00000e+0, 5.54488e+0, 0.00000e+0, 3.59141e+0, 0.00000e+0, 3.19642e+0, 0.00000e+0, 2.00000e+1, 0.00000e+0, 1.00000e+1, 0.00000e+0, 3, 7, 
12/08/2020 11:04:29.978, 12/08/2020 11:04:29.924, 4.13342e+0, 0.00000e+0, 9.34244e+1, 0.00000e+0, 2.00178e+0, 0.00000e+0, 4.57693e+3, 0.00000e+0, 4.06925e+2, 0.00000e+0, 2.01099e+0, 0.00000e+0, 4.08796e+2, 0.00000e+0, 5.02418e+2, 0.00000e+0, 5.07170e+0, 0.00000e+0, 5.54361e+0, 0.00000e+0, 3.59081e+0, 0.00000e+0, 3.19653e+0, 0.00000e+0, 2.00000e+1, 0.00000e+0, 1.00000e+1, 0.00000e+0, 3, 7, 
12/08/2020 11:04:30.971, 12/08/2020 11:04:30.918, 4.13338e+0, 0.00000e+0, 9.34190e+1, 0.00000e+0, 2.00290e+0, 0.00000e+0, 4.56042e+3, 0.00000e+0, 4.06764e+2, 0.00000e+0, 2.01208e+0, 0.00000e+0, 4.08627e+2, 0.00000e+0, 5.02400e+2, 0.00000e+0, 5.05303e+0, 0.00000e+0, 5.55340e+0, 0.00000e+0, 3.58989e+0, 0.00000e+0, 3.19719e+0, 0.00000e+0, 2.00000e+1, 0.00000e+0, 1.00000e+1, 0.00000e+0, 3, 7, 
12/08/2020 11:04:31.965, 12/08/2020 11:04:31.912, 4.13335e+0, 0.00000e+0, 9.34152e+1, 0.00000e+0, 2.00065e+0, 0.00000e+0, 4.53128e+3, 0.00000e+0, 4.05934e+2, 0.00000e+0, 2.00976e+0, 0.00000e+0, 4.07782e+2, 0.00000e+0, 5.02416e+2, 0.00000e+0, 5.04952e+0, 0.00000e+0, 5.55543e+0, 0.00000e+0, 3.58934e+0, 0.00000e+0, 3.19675e+0, 0.00000e+0, 2.00000e+1, 0.00000e+0, 1.00000e+1, 0.00000e+0, 3, 7, 
12/08/2020 11:04:32.960, 12/08/2020 11:04:32.906, 4.13340e+0, 0.00000e+0, 9.34217e+1, 0.00000e+0, 2.00161e+0, 0.00000e+0, 4.34498e+3, 0.00000e+0, 4.06398e+2, 0.00000e+0, 2.01034e+0, 0.00000e+0, 4.08172e+2, 0.00000e+0, 5.02422e+2, 0.00000e+0, 5.05582e+0, 0.00000e+0, 5.55816e+0, 0.00000e+0, 3.58843e+0, 0.00000e+0, 3.19648e+0, 0.00000e+0, 2.00000e+1, 0.00000e+0, 1.00000e+1, 0.00000e+0, 3, 7, 
12/08/2020 11:04:33.958, 12/08/2020 11:04:33.901, 4.13319e+0, 0.00000e+0, 9.33912e+1, 0.00000e+0, 2.00229e+0, 0.00000e+0, 4.47559e+3, 0.00000e+0, 4.05937e+2, 0.00000e+0, 2.01129e+0, 0.00000e+0, 4.07762e+2, 0.00000e+0, 5.02416e+2, 0.00000e+0, 5.05522e+0, 0.00000e+0, 5.56233e+0, 0.00000e+0, 3.59031e+0, 0.00000e+0, 3.19687e+0, 0.00000e+0, 2.00000e+1, 0.00000e+0, 1.00000e+1, 0.00000e+0, 3, 7, 
12/08/2020 11:04:34.955, 12/08/2020 11:04:34.895, 4.13321e+0, 0.00000e+0, 9.33945e+1, 0.00000e+0, 1.99979e+0, 0.00000e+0, 4.41032e+3, 0.00000e+0, 4.06741e+2, 0.00000e+0, 2.00865e+0, 0.00000e+0, 4.08542e+2, 0.00000e+0, 5.02446e+2, 0.00000e+0, 5.07071e+0, 0.00000e+0, 5.55543e+0, 0.00000e+0, 3.58970e+0, 0.00000e+0, 3.19635e+0, 0.00000e+0, 2.00000e+1, 0.00000e+0, 1.00000e+1, 0.00000e+0, 3, 7, 
12/08/2020 11:04:35.945, 12/08/2020 11:04:35.890, 4.13311e+0, 0.00000e+0, 9.33793e+1, 0.00000e+0, 1.99897e+0, 0.00000e+0, 4.50146e+3, 0.00000e+0, 4.06425e+2, 0.00000e+0, 2.00801e+0, 0.00000e+0, 4.08263e+2, 0.00000e+0, 5.02394e+2, 0.00000e+0, 5.06737e+0, 0.00000e+0, 5.54932e+0, 0.00000e+0, 3.59030e+0, 0.00000e+0, 3.19613e+0, 0.00000e+0, 2.00000e+1, 0.00000e+0, 1.00000e+1, 0.00000e+0, 3, 7, 
12/08/2020 11:04:36.950, 12/08/2020 11:04:36.885, 4.13315e+0, 0.00000e+0, 9.33849e+1, 0.00000e+0, 2.00099e+0, 0.00000e+0, 4.75127e+3, 0.00000e+0, 4.07074e+2, 0.00000e+0, 2.01054e+0, 0.00000e+0, 4.09017e+2, 0.00000e+0, 5.02417e+2, 0.00000e+0, 5.05575e+0, 0.00000e+0, 5.55155e+0, 0.00000e+0, 3.58733e+0, 0.00000e+0, 3.19718e+0, 0.00000e+0, 2.00000e+1, 0.00000e+0, 1.00000e+1, 0.00000e+0, 3, 7, 
12/08/2020 11:04:37.935, 12/08/2020 11:04:37.879, 4.13314e+0, 0.00000e+0, 9.33832e+1, 0.00000e+0, 2.00380e+0, 0.00000e+0, 4.40131e+3, 0.00000e+0, 4.07255e+2, 0.00000e+0, 2.01265e+0, 0.00000e+0, 4.09056e+2, 0.00000e+0, 5.02412e+2, 0.00000e+0, 5.05725e+0, 0.00000e+0, 5.55066e+0, 0.00000e+0, 3.58991e+0, 0.00000e+0, 3.19704e+0, 0.00000e+0, 2.00000e+1, 0.00000e+0, 1.00000e+1, 0.00000e+0, 3, 7, 
12/08/2020 11:04:38.935, 12/08/2020 11:04:38.874, 4.13291e+0, 0.00000e+0, 9.33491e+1, 0.00000e+0, 2.00206e+0, 0.00000e+0, 4.54390e+3, 0.00000e+0, 4.07991e+2, 0.00000e+0, 2.01119e+0, 0.00000e+0, 4.09853e+2, 0.00000e+0, 5.02435e+2, 0.00000e+0, 5.06106e+0, 0.00000e+0, 5.54035e+0, 0.00000e+0, 3.58733e+0, 0.00000e+0, 3.19732e+0, 0.00000e+0, 2.00000e+1, 0.00000e+0, 1.00000e+1, 0.00000e+0, 3, 7, 
12/08/2020 11:04:39.917, 12/08/2020 11:04:39.868, 4.13314e+0, 0.00000e+0, 9.33840e+1, 0.00000e+0, 2.00063e+0, 0.00000e+0, 4.29241e+3, 0.00000e+0, 4.07801e+2, 0.00000e+0, 2.00925e+0, 0.00000e+0, 4.09559e+2, 0.00000e+0, 5.02391e+2, 0.00000e+0, 5.06193e+0, 0.00000e+0, 5.54738e+0, 0.00000e+0, 3.58950e+0, 0.00000e+0, 3.19670e+0, 0.00000e+0, 2.00000e+1, 0.00000e+0, 1.00000e+1, 0.00000e+0, 3, 7, 
12/08/2020 11:04:40.917, 12/08/2020 11:04:40.864, 4.13290e+0, 0.00000e+0, 9.33488e+1, 0.00000e+0, 2.00247e+0, 0.00000e+0, 4.18528e+3, 0.00000e+0, 4.08094e+2, 0.00000e+0, 2.01089e+0, 0.00000e+0, 4.09810e+2, 0.00000e+0, 5.02408e+2, 0.00000e+0, 5.06906e+0, 0.00000e+0, 5.54155e+0, 0.00000e+0, 3.58848e+0, 0.00000e+0, 3.19651e+0, 0.00000e+0, 2.00000e+1, 0.00000e+0, 1.00000e+1, 0.00000e+0, 3, 7, 
12/08/2020 11:04:41.913, 12/08/2020 11:04:41.858, 4.13294e+0, 0.00000e+0, 9.33538e+1, 0.00000e+0, 2.00244e+0, 0.00000e+0, 4.76810e+3, 0.00000e+0, 4.07777e+2, 0.00000e+0, 2.01203e+0, 0.00000e+0, 4.09731e+2, 0.00000e+0, 5.02413e+2, 0.00000e+0, 5.05046e+0, 0.00000e+0, 5.54514e+0, 0.00000e+0, 3.58770e+0, 0.00000e+0, 3.19550e+0, 0.00000e+0, 2.00000e+1, 0.00000e+0, 1.00000e+1, 0.00000e+0, 3, 7, 
12/08/2020 11:04:42.907, 12/08/2020 11:04:42.852, 4.13293e+0, 0.00000e+0, 9.33532e+1, 0.00000e+0, 2.00208e+0, 0.00000e+0, 4.91093e+3, 0.00000e+0, 4.07335e+2, 0.00000e+0, 2.01197e+0, 0.00000e+0, 4.09346e+2, 0.00000e+0, 5.02402e+2, 0.00000e+0, 5.05027e+0, 0.00000e+0, 5.54313e+0, 0.00000e+0, 3.58955e+0, 0.00000e+0, 3.19664e+0, 0.00000e+0, 2.00000e+1, 0.00000e+0, 1.00000e+1, 0.00000e+0, 3, 7, 
12/08/2020 11:04:43.900, 12/08/2020 11:04:43.847, 4.13292e+0, 0.00000e+0, 9.33507e+1, 0.00000e+0, 2.00038e+0, 0.00000e+0, 4.60567e+3, 0.00000e+0, 4.07675e+2, 0.00000e+0, 2.00964e+0, 0.00000e+0, 4.09561e+2, 0.00000e+0, 5.02426e+2, 0.00000e+0, 5.07048e+0, 0.00000e+0, 5.54352e+0, 0.00000e+0, 3.58640e+0, 0.00000e+0, 3.19748e+0, 0.00000e+0, 2.00000e+1, 0.00000e+0, 1.00000e+1, 0.00000e+0, 3, 7, 
12/08/2020 11:04:44.899, 12/08/2020 11:04:44.841, 4.13284e+0, 0.00000e+0, 9.33393e+1, 0.00000e+0, 2.00107e+0, 0.00000e+0, 4.44445e+3, 0.00000e+0, 4.07800e+2, 0.00000e+0, 2.01000e+0, 0.00000e+0, 4.09620e+2, 0.00000e+0, 5.02411e+2, 0.00000e+0, 5.05254e+0, 0.00000e+0, 5.54587e+0, 0.00000e+0, 3.59109e+0, 0.00000e+0, 3.19668e+0, 0.00000e+0, 2.00000e+1, 0.00000e+0, 1.00000e+1, 0.00000e+0, 3, 7, 
12/08/2020 11:04:45.895, 12/08/2020 11:04:45.835, 4.13285e+0, 0.00000e+0, 9.33412e+1, 0.00000e+0, 2.00373e+0, 0.00000e+0, 4.38008e+3, 0.00000e+0, 4.07812e+2, 0.00000e+0, 2.01254e+0, 0.00000e+0, 4.09606e+2, 0.00000e+0, 5.02423e+2, 0.00000e+0, 5.05576e+0, 0.00000e+0, 5.54709e+0, 0.00000e+0, 3.58580e+0, 0.00000e+0, 3.19677e+0, 0.00000e+0, 2.00000e+1, 0.00000e+0, 1.00000e+1, 0.00000e+0, 3, 7, 
12/08/2020 11:04:46.882, 12/08/2020 11:04:46.830, 4.13281e+0, 0.00000e+0, 9.33349e+1, 0.00000e+0, 2.00309e+0, 0.00000e+0, 4.93386e+3, 0.00000e+0, 4.08893e+2, 0.00000e+0, 2.01302e+0, 0.00000e+0, 4.10920e+2, 0.00000e+0, 5.02427e+2, 0.00000e+0, 5.06386e+0, 0.00000e+0, 5.55048e+0, 0.00000e+0, 3.58790e+0, 0.00000e+0, 3.19600e+0, 0.00000e+0, 2.00000e+1, 0.00000e+0, 1.00000e+1, 0.00000e+0, 3, 7, 
12/08/2020 11:04:47.877, 12/08/2020 11:04:47.825, 4.13278e+0, 0.00000e+0, 9.33301e+1, 0.00000e+0, 2.00066e+0, 0.00000e+0, 4.66577e+3, 0.00000e+0, 4.08707e+2, 0.00000e+0, 2.01003e+0, 0.00000e+0, 4.10623e+2, 0.00000e+0, 5.02417e+2, 0.00000e+0, 5.04765e+0, 0.00000e+0, 5.54608e+0, 0.00000e+0, 3.59032e+0, 0.00000e+0, 3.19591e+0, 0.00000e+0, 2.00000e+1, 0.00000e+0, 1.00000e+1, 0.00000e+0, 3, 7, 
12/08/2020 11:04:48.871, 12/08/2020 11:04:48.819, 4.13273e+0, 0.00000e+0, 9.33223e+1, 0.00000e+0, 2.00207e+0, 0.00000e+0, 4.87110e+3, 0.00000e+0, 4.08034e+2, 0.00000e+0, 2.01187e+0, 0.00000e+0, 4.10031e+2, 0.00000e+0, 5.02410e+2, 0.00000e+0, 5.06170e+0, 0.00000e+0, 5.54092e+0, 0.00000e+0, 3.58575e+0, 0.00000e+0, 3.19649e+0, 0.00000e+0, 2.00000e+1, 0.00000e+0, 1.00000e+1, 0.00000e+0, 3, 7, 
12/08/2020 11:04:49.869, 12/08/2020 11:04:49.813, 4.13275e+0, 0.00000e+0, 9.33259e+1, 0.00000e+0, 2.00214e+0, 0.00000e+0, 4.87309e+3, 0.00000e+0, 4.08030e+2, 0.00000e+0, 2.01195e+0, 0.00000e+0, 4.10028e+2, 0.00000e+0, 5.02405e+2, 0.00000e+0, 5.05090e+0, 0.00000e+0, 5.54074e+0, 0.00000e+0, 3.58748e+0, 0.00000e+0, 3.19695e+0, 0.00000e+0, 2.00000e+1, 0.00000e+0, 1.00000e+1, 0.00000e+0, 3, 7, 
12/08/2020 11:04:50.863, 12/08/2020 11:04:50.808, 4.13259e+0, 0.00000e+0, 9.33026e+1, 0.00000e+0, 2.00362e+0, 0.00000e+0, 4.64902e+3, 0.00000e+0, 4.08276e+2, 0.00000e+0, 2.01298e+0, 0.00000e+0, 4.10183e+2, 0.00000e+0, 5.02423e+2, 0.00000e+0, 5.04495e+0, 0.00000e+0, 5.52982e+0, 0.00000e+0, 3.58550e+0, 0.00000e+0, 3.19670e+0, 0.00000e+0, 2.00000e+1, 0.00000e+0, 1.00000e+1, 0.00000e+0, 3, 7, 
12/08/2020 11:04:51.859, 12/08/2020 11:04:51.803, 4.13259e+0, 0.00000e+0, 9.33022e+1, 0.00000e+0, 2.00307e+0, 0.00000e+0, 4.73125e+3, 0.00000e+0, 4.08612e+2, 0.00000e+0, 2.01259e+0, 0.00000e+0, 4.10555e+2, 0.00000e+0, 5.02438e+2, 0.00000e+0, 5.06211e+0, 0.00000e+0, 5.52857e+0, 0.00000e+0, 3.58606e+0, 0.00000e+0, 3.19642e+0, 0.00000e+0, 2.00000e+1, 0.00000e+0, 1.00000e+1, 0.00000e+0, 3, 7, 
12/08/2020 11:04:52.850, 12/08/2020 11:04:52.797, 4.13260e+0, 0.00000e+0, 9.33033e+1, 0.00000e+0, 2.00225e+0, 0.00000e+0, 4.52105e+3, 0.00000e+0, 4.08825e+2, 0.00000e+0, 2.01134e+0, 0.00000e+0, 4.10682e+2, 0.00000e+0, 5.02416e+2, 0.00000e+0, 5.04920e+0, 0.00000e+0, 5.53152e+0, 0.00000e+0, 3.58894e+0, 0.00000e+0, 3.19709e+0, 0.00000e+0, 2.00000e+1, 0.00000e+0, 1.00000e+1, 0.00000e+0, 3, 7, 
12/08/2020 11:04:53.844, 12/08/2020 11:04:53.791, 4.13252e+0, 0.00000e+0, 9.32924e+1, 0.00000e+0, 2.00398e+0, 0.00000e+0, 4.62192e+3, 0.00000e+0, 4.08878e+2, 0.00000e+0, 2.01329e+0, 0.00000e+0, 4.10777e+2, 0.00000e+0, 5.02413e+2, 0.00000e+0, 5.04885e+0, 0.00000e+0, 5.52464e+0, 0.00000e+0, 3.58651e+0, 0.00000e+0, 3.19598e+0, 0.00000e+0, 2.00000e+1, 0.00000e+0, 1.00000e+1, 0.00000e+0, 3, 8, 
12/08/2020 11:04:54.840, 12/08/2020 11:04:54.786, 4.13260e+0, 0.00000e+0, 9.33039e+1, 0.00000e+0, 2.00210e+0, 0.00000e+0, 4.37906e+3, 0.00000e+0, 4.09059e+2, 0.00000e+0, 2.01090e+0, 0.00000e+0, 4.10859e+2, 0.00000e+0, 5.02413e+2, 0.00000e+0, 5.05657e+0, 0.00000e+0, 5.52645e+0, 0.00000e+0, 3.58626e+0, 0.00000e+0, 3.19661e+0, 0.00000e+0, 2.00000e+1, 0.00000e+0, 1.00000e+1, 0.00000e+0, 3, 8, 
12/08/2020 11:04:55.833, 12/08/2020 11:04:55.780, 4.13249e+0, 0.00000e+0, 9.32883e+1, 0.00000e+0, 2.00152e+0, 0.00000e+0, 4.54979e+3, 0.00000e+0, 4.10031e+2, 0.00000e+0, 2.01066e+0, 0.00000e+0, 4.11905e+2, 0.00000e+0, 5.02410e+2, 0.00000e+0, 5.04149e+0, 0.00000e+0, 5.52906e+0, 0.00000e+0, 3.58843e+0, 0.00000e+0, 3.19545e+0, 0.00000e+0, 2.00000e+1, 0.00000e+0, 1.00000e+1, 0.00000e+0, 3, 8, 
12/08/2020 11:04:56.832, 12/08/2020 11:04:56.775, 4.13241e+0, 0.00000e+0, 9.32757e+1, 0.00000e+0, 2.00088e+0, 0.00000e+0, 4.64859e+3, 0.00000e+0, 4.09615e+2, 0.00000e+0, 2.01023e+0, 0.00000e+0, 4.11528e+2, 0.00000e+0, 5.02423e+2, 0.00000e+0, 5.04568e+0, 0.00000e+0, 5.52759e+0, 0.00000e+0, 3.58904e+0, 0.00000e+0, 3.19591e+0, 0.00000e+0, 2.00000e+1, 0.00000e+0, 1.00000e+1, 0.00000e+0, 3, 8, 
12/08/2020 11:04:57.820, 12/08/2020 11:04:57.770, 4.13246e+0, 0.00000e+0, 9.32837e+1, 0.00000e+0, 2.00504e+0, 0.00000e+0, 4.62055e+3, 0.00000e+0, 4.09566e+2, 0.00000e+0, 2.01435e+0, 0.00000e+0, 4.11467e+2, 0.00000e+0, 5.02431e+2, 0.00000e+0, 5.04198e+0, 0.00000e+0, 5.51959e+0, 0.00000e+0, 3.58672e+0, 0.00000e+0, 3.19693e+0, 0.00000e+0, 2.00000e+1, 0.00000e+0, 1.00000e+1, 0.00000e+0, 3, 8, 
12/08/2020 11:04:58.823, 12/08/2020 11:04:58.772, 4.13233e+0, 0.00000e+0, 9.32640e+1, 0.00000e+0, 2.00341e+0, 0.00000e+0, 4.85451e+3, 0.00000e+0, 4.09502e+2, 0.00000e+0, 2.01319e+0, 0.00000e+0, 4.11499e+2, 0.00000e+0, 5.02436e+2, 0.00000e+0, 5.05903e+0, 0.00000e+0, 5.51344e+0, 0.00000e+0, 3.58516e+0, 0.00000e+0, 3.19662e+0, 0.00000e+0, 2.00000e+1, 0.00000e+0, 1.00000e+1, 0.00000e+0, 3, 8, 
12/08/2020 11:04:59.819, 12/08/2020 11:04:59.766, 4.13239e+0, 0.00000e+0, 9.32723e+1, 0.00000e+0, 2.00407e+0, 0.00000e+0, 4.71834e+3, 0.00000e+0, 4.10063e+2, 0.00000e+0, 2.01357e+0, 0.00000e+0, 4.12007e+2, 0.00000e+0, 5.02419e+2, 0.00000e+0, 5.05784e+0, 0.00000e+0, 5.51455e+0, 0.00000e+0, 3.58744e+0, 0.00000e+0, 3.19639e+0, 0.00000e+0, 2.00000e+1, 0.00000e+0, 1.00000e+1, 0.00000e+0, 3, 8, 
12/08/2020 11:05:00.810, 12/08/2020 11:05:00.760, 4.13226e+0, 0.00000e+0, 9.32539e+1, 0.00000e+0, 2.00003e+0, 0.00000e+0, 4.12161e+3, 0.00000e+0, 4.09239e+2, 0.00000e+0, 2.00831e+0, 0.00000e+0, 4.10933e+2, 0.00000e+0, 5.02414e+2, 0.00000e+0, 5.03555e+0, 0.00000e+0, 5.51266e+0, 0.00000e+0, 3.58730e+0, 0.00000e+0, 3.19630e+0, 0.00000e+0, 2.00000e+1, 0.00000e+0, 1.00000e+1, 0.00000e+0, 3, 8, 
12/08/2020 11:05:01.805, 12/08/2020 11:05:01.754, 4.13235e+0, 0.00000e+0, 9.32663e+1, 0.00000e+0, 2.00405e+0, 0.00000e+0, 4.64908e+3, 0.00000e+0, 4.10039e+2, 0.00000e+0, 2.01341e+0, 0.00000e+0, 4.11954e+2, 0.00000e+0, 5.02432e+2, 0.00000e+0, 5.04504e+0, 0.00000e+0, 5.51294e+0, 0.00000e+0, 3.58634e+0, 0.00000e+0, 3.19583e+0, 0.00000e+0, 2.00000e+1, 0.00000e+0, 1.00000e+1, 0.00000e+0, 3, 8, 
12/08/2020 11:05:02.813, 12/08/2020 11:05:02.756, 4.13239e+0, 0.00000e+0, 9.32732e+1, 0.00000e+0, 1.99914e+0, 0.00000e+0, 4.57100e+3, 0.00000e+0, 4.09631e+2, 0.00000e+0, 2.00832e+0, 0.00000e+0, 4.11512e+2, 0.00000e+0, 5.02421e+2, 0.00000e+0, 5.03475e+0, 0.00000e+0, 5.51025e+0, 0.00000e+0, 3.58950e+0, 0.00000e+0, 3.19609e+0, 0.00000e+0, 2.00000e+1, 0.00000e+0, 1.00000e+1, 0.00000e+0, 3, 8, 
12/08/2020 11:05:03.809, 12/08/2020 11:05:03.750, 4.13221e+0, 0.00000e+0, 9.32467e+1, 0.00000e+0, 2.00264e+0, 0.00000e+0, 4.51346e+3, 0.00000e+0, 4.09924e+2, 0.00000e+0, 2.01172e+0, 0.00000e+0, 4.11783e+2, 0.00000e+0, 5.02429e+2, 0.00000e+0, 5.03420e+0, 0.00000e+0, 5.51200e+0, 0.00000e+0, 3.58686e+0, 0.00000e+0, 3.19633e+0, 0.00000e+0, 2.00000e+1, 0.00000e+0, 1.00000e+1, 0.00000e+0, 3, 8, 
12/08/2020 11:05:04.797, 12/08/2020 11:05:04.745, 4.13222e+0, 0.00000e+0, 9.32474e+1, 0.00000e+0, 2.00237e+0, 0.00000e+0, 4.35666e+3, 0.00000e+0, 4.10775e+2, 0.00000e+0, 2.01113e+0, 0.00000e+0, 4.12572e+2, 0.00000e+0, 5.02452e+2, 0.00000e+0, 5.03136e+0, 0.00000e+0, 5.50626e+0, 0.00000e+0, 3.58757e+0, 0.00000e+0, 3.19528e+0, 0.00000e+0, 2.00000e+1, 0.00000e+0, 1.00000e+1, 0.00000e+0, 3, 8, 
12/08/2020 11:05:05.790, 12/08/2020 11:05:05.739, 4.13231e+0, 0.00000e+0, 9.32614e+1, 0.00000e+0, 2.00396e+0, 0.00000e+0, 4.31042e+3, 0.00000e+0, 4.10208e+2, 0.00000e+0, 2.01264e+0, 0.00000e+0, 4.11984e+2, 0.00000e+0, 5.02415e+2, 0.00000e+0, 5.03093e+0, 0.00000e+0, 5.50735e+0, 0.00000e+0, 3.58714e+0, 0.00000e+0, 3.19640e+0, 0.00000e+0, 2.00000e+1, 0.00000e+0, 1.00000e+1, 0.00000e+0, 3, 8, 
12/08/2020 11:05:06.788, 12/08/2020 11:05:06.735, 4.13217e+0, 0.00000e+0, 9.32410e+1, 0.00000e+0, 2.00150e+0, 0.00000e+0, 4.19094e+3, 0.00000e+0, 4.09831e+2, 0.00000e+0, 2.00992e+0, 0.00000e+0, 4.11556e+2, 0.00000e+0, 5.02435e+2, 0.00000e+0, 5.03218e+0, 0.00000e+0, 5.51459e+0, 0.00000e+0, 3.58846e+0, 0.00000e+0, 3.19630e+0, 0.00000e+0, 2.00000e+1, 0.00000e+0, 1.00000e+1, 0.00000e+0, 3, 8, 
12/08/2020 11:05:07.787, 12/08/2020 11:05:07.728, 4.13222e+0, 0.00000e+0, 9.32478e+1, 0.00000e+0, 2.00215e+0, 0.00000e+0, 4.32515e+3, 0.00000e+0, 4.10824e+2, 0.00000e+0, 2.01085e+0, 0.00000e+0, 4.12608e+2, 0.00000e+0, 5.02415e+2, 0.00000e+0, 5.03508e+0, 0.00000e+0, 5.51951e+0, 0.00000e+0, 3.58631e+0, 0.00000e+0, 3.19540e+0, 0.00000e+0, 2.00000e+1, 0.00000e+0, 1.00000e+1, 0.00000e+0, 3, 8, 
12/08/2020 11:05:08.776, 12/08/2020 11:05:08.723, 4.13222e+0, 0.00000e+0, 9.32475e+1, 0.00000e+0, 2.00163e+0, 0.00000e+0, 4.48497e+3, 0.00000e+0, 4.10483e+2, 0.00000e+0, 2.01064e+0, 0.00000e+0, 4.12332e+2, 0.00000e+0, 5.02423e+2, 0.00000e+0, 5.03416e+0, 0.00000e+0, 5.52039e+0, 0.00000e+0, 3.58754e+0, 0.00000e+0, 3.19568e+0, 0.00000e+0, 2.00000e+1, 0.00000e+0, 1.00000e+1, 0.00000e+0, 3, 8, 
12/08/2020 11:05:09.772, 12/08/2020 11:05:09.718, 4.13218e+0, 0.00000e+0, 9.32424e+1, 0.00000e+0, 2.00068e+0, 0.00000e+0, 4.63582e+3, 0.00000e+0, 4.10804e+2, 0.00000e+0, 2.00999e+0, 0.00000e+0, 4.12717e+2, 0.00000e+0, 5.02415e+2, 0.00000e+0, 5.04461e+0, 0.00000e+0, 5.53046e+0, 0.00000e+0, 3.58993e+0, 0.00000e+0, 3.19508e+0, 0.00000e+0, 2.00000e+1, 0.00000e+0, 1.00000e+1, 0.00000e+0, 3, 8, 
12/08/2020 11:05:10.810, 12/08/2020 11:05:10.712, 4.13135e+0, 0.00000e+0, 9.31189e+1, 0.00000e+0, 2.00130e+0, 0.00000e+0, 4.59988e+3, 0.00000e+0, 4.11129e+2, 0.00000e+0, 2.01055e+0, 0.00000e+0, 4.13029e+2, 0.00000e+0, 5.02460e+2, 0.00000e+0, 5.05592e+0, 0.00000e+0, 5.50436e+0, 0.00000e+0, 3.58810e+0, 0.00000e+0, 3.19497e+0, 0.00000e+0, 2.00000e+1, 0.00000e+0, 1.00000e+1, 0.00000e+0, 3, 8, 
12/08/2020 11:05:11.791, 12/08/2020 11:05:11.707, 4.13160e+0, 0.00000e+0, 9.31569e+1, 0.00000e+0, 2.00013e+0, 0.00000e+0, 4.68637e+3, 0.00000e+0, 4.10963e+2, 0.00000e+0, 2.00955e+0, 0.00000e+0, 4.12898e+2, 0.00000e+0, 5.02473e+2, 0.00000e+0, 5.07410e+0, 0.00000e+0, 5.51145e+0, 0.00000e+0, 3.58973e+0, 0.00000e+0, 3.19382e+0, 0.00000e+0, 2.00000e+1, 0.00000e+0, 1.00000e+1, 0.00000e+0, 3, 8, 

-----BEGIN PGP MESSAGE-----
Version: GnuPG v1

jA0EAwMCHPOms5jXXihgye18F2BqGuTd6Kq75OKg6Jt+++sSKvf82bDZ9EQhcXC2
a2AOpdf3O2sJ0bN0Y9hbIf1aH28AgYZ/aFmt0Wl/Rsnig/A/+ovyPOmtlyvGe/DN
eL+qEPE+x26m9DqzfDqHuMKnZgkxV3j2TSHUQgaDu67ACw+RSZ3OXujjMFmuV32D
1+Jm7lAyGLKxzbCLxULBMikORBVV+hp89G0MqIDHNA+DQ7sDSIyIQW7tsGD/xRPM
qGEtlDtz42GNllWnDDhqap44Mb5rbLpPZ4RUJY4p9L6fFn1DYTaWBHnVBKAekqfs
6TemN+yewvg7pC7/rEvCU1xrXHsMM6krWWDWnQ94v9W03OSNXZRgKpIDYqTwl4G+
C20vZHG6QRgz4fAB3RQ7mDjiDT5RIyD3p0eDcNUhjoHqFezI4609wwXtchYkVvyZ
0Bidns0PuSwaYX2+dTN5hr5M+A76fEz94Gc8byaVPeOAkFg4xdoKm/Uo2e9YMPYT
FQJh7cIkxW7YwRtQeHxm9uf4zZQrsvReU/SoaB4ZGpI+pekqVUeOeT5Gb+EEZ47z
QVG3XYF3E+iMWiKB25Lh0SuGoyZejHailvlSoe22O/gswVEXaTtBdCE99jBSjW9I
DPCaj2Q5OUSjUrS39xhrmNIcf1fMH1DLxVyVoqQ7sEvl5qR65bNsn7NJEBDiDT8o
+CT9eg5uAX0OnscOkjwsvPAw2ZzLrBHSw9KWGF/1+wHoWC0H44d6Hy2D3PY9mqW0
7mISxQ0lYQv8ytzjwO+SxJYBmnATYZW37HnedB//9h202oe6Uiz3Rm6WvpQAz9VK
5ganvBT0i22a4jEoZeuKnuuyJRqtRtLTaAXHbEjlOp4qUI5DEesC6HB98k8/LpyN
EUjNP/7wcpQ93TS8MXWlFKF6JDT85zwrArrK+0CreUKwxv6gaWKnGpsbHqp2r/DV
Pwq3HQx+TO9PRD+H04ZxQt40eKXUUUCWt68//Q/bmn9MdsFb/RMJ8RPzd1klXvgH
vkeTYJZgrO3bNKrPRjlwJ3bD2vt8aeb18o/Yyxf9VGISSMgpd2QtS98ffpDuC7ta
cCMDunEkDwrxq+dkmKF5i/uY0ijg5lBDibrGyp2+XY4ENBqehYteuWRo5Cn13Xo8
nuMCzO9vwb+UhobvofsU8WVQhoNS09Lq763yUJSmHWBy8KsaEdlEXPRd8qPol/Bh
blXo6Ag15nSU40JwwVRRwcXpwizUa1bUPDfg2aH+ogSNzsBIFgsr0CLHhG7MNHNL
295wyv8KLWPXeYwdVfGgi8x2+qS/KSP8t1x5CTyOQkCngg4UY0y5bnW6rP2YjMqa
qRpneAWfWcVOmRs+ZzglsYT0j2ruHI89hClQqLrCEvZ1wP10zuB7LPuZBsZc/M/t
IdGkZbfjORL9h/Q5D+9HuUnBgg8NsYmzYLwwur60mdjwkBYSnxaLVn9HdUBVc/38
b4DTGXoWVOEOz1isGdYlo/ss2nJKj4O4aWZ67KJGiw6chbtuRbJiLLynZHibMt9T
n8/Aa3AWsQ6oZSqnWdakYp/RpDSLykUNXVFS6z4w1hsCr3sUz9XCfc8WglnrziL1
uZYHgSfUAwwJMnxuOgBAKRCl43KrgPHmMvqvkOg0HsRIvvW2wP9sacORvGYryV61
n1oxiaevja0Lp7oIhqPuI+rn09t80PfuFDEwmKGj7zGd7rCWGbN29+SSpFtkSlRm
A6YYSO4PorqBgjahCU/gmtgW3Kfoxnblj5ZcHnoZYTV/Q5buT6UcmWWGzQaOQ8O3
FMUkPpzeK3qMkS5LVOgUYNKi+dUHl+K+rycbguB4S3Hjx6fj8N+Q/Hg3A7MjbnQ8
RhQhF8KaZ0ogF1cH9nao7tRrToQ1G+vB7ViOVYVBDo2+6HJELTGh5IOL8joeMX8V
CPOjlKJVjIePxposTMGPq11vvDT63iO6ed7KvEmOKzL9WrWP7jE2lZvE/l9xW3f2
cINRGdfzJQ57Qk39PXVIY6UtTxIwxXpRIqB+GG4E1KAfc49YBz9lBYXIFli37hSj
bMg8tz7/Cqnhrd8i1qnPX3NDKypKUBaeU3E3O9qZI572DYT8waWaGgan0uM8dnmr
opOIRqvC/XcD5ab7p2KV3xZyODVnyqs4wdeFV4jC4JS+zsvYipHh4+VzkXvLYAQ6
dEagUdI4XiZvrUvthSfW40GBl6G+dh6EUTE0XOuNBZcMOMJfCAhC0WRadj7lS3E9
iE/q5aOn+3BVcwQu6meiBSLms8Gr4cNXMcRFMejgSZcnysGsbO82du8j3M6l+mio
8nEkJfY845pRPpoGC0/iYLY2L91ZiV+CtdvjPTV8fQwKTkhhavGAJEnMyPstqCV/
nS+hK+UlNoUFc1vXCaI56VEdgouL0TCUXgIZ9E0nnBsVuJvSx195QaOrkDTLvHqo
dImkOC0Pl9xD11kJMRnD8oyMZHBbZ8Q9fg8SBHDrH98qC1DD5iucyzzJn4StlYGv
GjiWiw7oAnM4FrZvvbMgbNvNoG/yQ7MZUcHCBaXXGdb0C5Rms9am5LNc5IyT00zf
Vq3Mdj6jm1OLxssHuER7XhdlozZoIiwjNx8MyBFfCDVVKkV901WYcLobnNf4D5bR
ieUayNUfzNOtW3Ylx4YGb8ruLKgZzMVJ83/SMj7jXfhIpWpcs8rBewAUFPa1PDI+
f5GmW3uBOBBnKFOz8P62+aqX1IrMpRq5b2R3bNSnSIkLVl2CkYhO+A2APIl/O7Eu
H2vKZVuV0k7LTohU85qcY7Pt+LquQGDoeTdNU5N1GMFUErSIKDB1YHOE/z/kk5zA
qmYV2Tn45Yj0mVWwhFN2HXqndJMCuIkIBSsmUou0ciBvWd+Y6DHrKtnTXw0r3ReG
EFGwGuG0f7opgHnNQ0oskoDU7bNbezrBFEtqAZ/qGV7uk6UFqHP6HvjGHPqMcHck
nUEz7PA6qjuqZ6W/JW9BWM15nAAp5QIIqd90e+eRtkmFHxSOP1dA58zzCdj/E5oR
NhdNmXV1nTO+W1x334Ri3IDGMx5LVrwbS6l0+UZ/scdXNv5iZa2Vbo/99niXTZC+
hBIRbBqNlMU5NMKNPaj/jk71VuW6KgidQSYT+Gzh9rpzKm0akZKE33zFRAGrbum0
Aupwah4B+qvgSIlswe9hUptzp2qd0ZSqYS/FEvPOv6KbH16HS9mxafhrnv8ybHQK
gdSjRs5+d+uklci+L3e34Gnvz3CqICbUuqYcYhyTxrCTeSTEPIOJdT77ZVGFFXJ8
RSLDKTK4dTUIrng2cC9van60jRcL1kBmHqAmUlvzYK5btuR7KbCzAMbq8b11HZnW
pjikGlnN7kFZJ/aGebRcMvXLmGpvCRgwW4V9RsWCD7V0ExO5Bp8qeUyVkuO1jXR6
7V8M5de/cg2ecibZBAcGbA7LTwkmYqBBVIdFXqr/DbwGAAt7CKcG37OD/72jImPj
lp/Dzu3CSlKnyUxgxx5MGjZJaubu4QPjaod7tYEkoHgrL1LEDRmsR9ibxEhitfXt
rHL3Ra+XXY0aRI9dctN93t1M0lGT9GLw3jbZzxiK5hzwmojVwezHlJUrOvKb9XmI
2tZSxxUm78qo2fZfEpqKyJ05an2fONDkSY2eR9h2xSvOV9+ZNBkmGOeVJG+p6IOH
XAyvc/lkmUqilXLCzNp9oOYZ/S/GFAh/XaTU/06vc4f/HhL1UijlFaVN8KI3meC+
w7HX/xCe/di5vgwMUDGVkVIQ8CfdSig7XLfUg2R+mPMr1M5OO+3mRNxlrLwzIZc3
Hd+FBm2n+rfRpCMN9d5xQ9GY68r1Oaic90eFGonTlO22cJ1pOJvoAECuYCbl0orq
qxG4pGCiHtcOJq7ZcdmcOJa5jrIVhE+rGyBiYF5E3hW2w729T/GbX54Wbd6jDsi1
dvltrvFB7aXlUFYXFnDbb5Z7mVrNoR5BOdD/mqcnyYMrXfUOZkuumnMDZuu5Gojb
AvKqRNazuDmhA8pX7HCPHxP4vo7AxEs+1sSiaf4OhwoQ3TAyy41+bB6seIO8BH2a
fUUFoMr9aZBvBc4wsqVCIxo3qMwDI/HIrjZlkxRZB0Y2CHVyA6TJ+gEErTQiTFUN
bZwR5B+lMFD+WY/7Tw6HfqHbd6kdbhXRZpKd+vynWgFXrnWkx5IY9k2dyIUnZLsP
oqkIuZUHSYMBcFyK4YcksbwN1FZFm3/tBJEB7JOuiRegJV1yaP0wSrrLq2CGrUfB
ydC9ZDjyingACqqKNcr5TTo8VF+0kxpoMp87fDKt7Dfu5dEdBTJb1Kj4R4AujFT7
Ji9yIPqD26LbT2NkLs7uElGARrcDaTB24onZzd4owntu45JR3BNjrOu7pLVzyB/N
yHnlk+ulYl5j0FGxiErPL2lzXc+xocOY5eJCme5eydAyLt7b/nzJsdNPPFYRf49X
L7PpLJOVsZVQAeZtLQmC5V/hBCAEps2EolNOdj/e8E7Dgx744PmdfdOlzpySjN41
ZR41+JrSa4dw6nI2/IoiayEwr9XKolaIlgvnvh3MJBJZd29oxtvrqQFVb6IJGRis
3UEI2RnNNYR34DoGHJG+1UZ7926aJWnDNxv5xUOFKIyFjDYaSWgISER8ZiLyGwaQ
P5qbagxwJuOm/D7wjBTKfELobNDhCkyfcQ4Qzm1QmupRFyiOOg6Xj6irO3t8Bbwe
yLgGMQe9cfrseYzmMcKeI01j79VfGnTnwqM/JOLHie8QSqXR4pgIYI/weyrik6kW
i1TzoB9zSnBRgYS0fvcYKyVFwzs1kBxIL6848/TPX92UQ+Og+EShEVPV2iSI07pz
YgVNeoOUtqir/W2flRyra6jLFj+EEfCPGYTKYjnvU+Oi8ils7t+fn3pQp06de/IP
VPJVokD3Ec1yNaacSndKrK0P8OfegXOy0s1ZG8zELXtY7TywfHG1/fOQRZSRj7hV
r/scNGJmFu6NaeNYxC+eXA59OZYVl4qnGUL4bHR1/3nHnhVMvCqZ6kWb1niQ+kiO
LKP/yAlnAS+SG4M/e13mLSP4LWOURUgHu26+AsuQ3U0v1Zs41Tw6WmeErMHngbMA
zgiBtNDKm6FOPQJKgnowdEkTgiATCKQ8fPZ3JCoz7MwyuxQK12Lf1o+K+GLnmsEx
wcqv4mzlXMicGxgU1btlU4mNG9I+uhjmY4pHatzNu5k8wkHjo3gWGGwkIshs4yYP
vBgVgTycUzlP/cAHxbXH9zYggeENsdEvD4//60Ru8d7xDaLbNMXpdBH3ehavGifV
niun3ecLRRsocSl+NZNaZ1ncifeSb21shpM5Py+KtLaiVnel5ZvsYngFtotR4jaH
9WohsJpICgy+P+gCJR+ekNTuWw/TXjRiyKrBcOkpCula71QEdBm3u3DrvM8m04Sm
YIHz1SRz7/s3r3GkLuwZ7iXVkklSE1wONB3wFRYxQg7OggB4L5Qgpxm/tC5kIWFi
WRT2vncFxx7Lok/9aY3xgvybxnkvPcHz6Jnpv4EucVC3j37bsCuE03tWQSFSogb1
MliIhTe+Q9SbNryq5rbtXDnU9NtgirZbih9PoNTrFtCx9X3ETnV+ZycQXwQMoUAy
/0Ibi4YV8msfw5yAx7vUhry95OUGKF4+nn2smur/8JTAMNWDx8ylpL0MqPmPomvw
/XuFoEMlhFO/OGFdxgJ55adFGzJQKJz7HAqCfzM8dnqy3shZooLpqccjxlys9zOJ
qMUSbIRpjxb30D678YXN3M0gEBgjd+r7u1r5/FuJg/8kumUI5Hze4/IoJF5rcckf
MXkl4/D3hJW9184JMErCsVVrMUdVC1nuUO/B8BkHXF/Jxb5TBJKfldVXNazhGjuD
CLaIx8ARCpBcll0wub1bww5TPeqkhORBEcqb928PqRNR4u24FC/EHlHehR7SxLUi
Jm8aH2i4rHfhYRFIPpiJZm9pEG2q6kU4cZEL11bf5vhNjxxSjAJ9W41dIoIGhT0a
K86ipt7BJHx8ENuEHR08rP8IrDAzbv9Vqd7pyUqnxqk5rqoLebS13FwBVBbV9xTX
3BIGXXFDZPyhQ6vrKkJEcESgnZ+DuUxUxl5mYX1daR/DSsf7zpaD6KYrKEnOK4K5
Yyij0o+XB0IyOWn/vNYHlWo+VD/5j/N8zWnF4YT/CjobfurGkBtQ0rnbxlxNmvgg
ZSoIGKP2epIebcAYiF2kNDUofjSyUoDFFpFdSufmpbEyRhnm/HbHcbQkaDCczQQv
8UA1MFjnrFVrazADOdiPJKLo/L69peKRI2fcwG3M/LrZVjs86dZBS83ykDpNXDUI
RU+QI+xVq1PXwaEPpsuXOeUjpaxjBpMMp8mCh0abO73p4i9m+EKJPWJK4lnVY/Kq
a2el/rldkIb0vH9/xOAtP5iXqL/j07+8EqCe6V5/eMQS9BF0mUK9o9d5A8IlxCHd
LwF7D+CBYVPIW78MFqwc5JDJHHKN2G6pQ1olQPrCzI5iD1HSThKr/T8svcfh4qNV
7ST8Wn3PLQJl1Ry6K4a0K1tLcpOSUN4/oCAP+YGOpIKBjZDZGB9k9Quf4XLb+OGO
/slW+lonVvCUZU4FktW+D/mngbRVN9f56oIH599ip1Lm/MmLufy7gndVfxKQr7/V
Xink33YyQt3r45g1f44xFasIz3dZmwzf7Ou9XFTVUCUQFe3yK2O1kJSSuC+fhDN1
Z8Vzy7IgaNpwk2yJ/xCChdzOxwAXq6duxukbVNvlbhWU4iTrmi3fK/BUeti1vt+o
x2QGGoIH+glC/ZrGqi6fHpxAjYFvSLzG8GjBeZhF0mjUC+ak1TRg/GMyI7s/TfrR
gXCoHC2PpTbJmJ2hch2xIpavy7Gm6GCtOVd6sleCK0PsPSIRzZDal1fnUcKaE99G
ThK0fba693uVt6r9KQEyYQActiNyNUc6FiEoftLZ05y4Pd31Avmm1wCHN0B6GREn
s8iLa5sDn1M4bV5tD01Q9p1w08Tjg2g611ZKwKH/YUFfKIABVO6AkouzOqIwRZ6a
8ew/Edun1bgDDU/1xnnyilB+r2dJU4jvQZhNK3PC0uKZPoBIY1n1moF8bPl8NVJt
Q+yATpkIY71nTmrnsPdWxETxM+wT1c6SpCHWQon2VIHG17/X9XK5Gzd9G6B3MWz+
u5VqbHvhGwZZyLzmlfs1M8PKO/bBoGh2l9ESItDA7DD62yrrxclk7/fwuQBGN5LC
++jUL2B/O3aS1KlbjEeGZD6jGIzopcznzStAv1yzgwAt9oec87Ty107cTRVIXWg4
dvVr/RCwQP1T/MT7MasI+3Pd9JFyRswV1naYjjLyn9BK8hTn99OxrOvPOcQ1WZCe
aHPng/FecSM//PR61ZUE+A89r9kxkCUQgwYT+wmYnC2h24qFexWlMFleIHTeATQH
/KbQUJAg3Sy8dwi3LB98mgD0NsjXhy4EITehHKMaa7dTV0r7yyrMaVGTbAjsxKRv
jI9NtpiYFaD+Ezt9zvyuPkKFFONlZ+9Q/BRk9dLoRyCoev/Sqed1HQ8wyGqw4/+5
m+SJBrAT1R7ZbSKvxtCBbyMpSrqEoiW88s2ozRqiInJY8xnu+fe3gVhazDofJwa+
fSTar+sziebUGvt4LLj8X0cftrPW9fJeTog32KwFF16T815bGkGDQ8v5xRyYexpV
lRTuqgijxrwDuXGnGmU3H4cPQzcJ+Vu3VxoiGe0I3SUITeS2vyT+aZwv0/DlQhDB
gjITNU43mCp3MvOv+eQOgbcN3NBL3U0VPDkZju2m/gpl0eZ2+ld6IS/fOKV9ZhPQ
bta+J7193C7bCG9APGbNxZGjaGIHeIIHkDeS9R3eDt9uZd//7WLZFssY3AW5p4ZJ
G2klIpEtnWnU+hDd7eJkfCxxMW1Rc1Rda9folXpV2U15mUufeMwiG3Un8e5N5R9H
KnBeB27kZV8qTVTz53t6ukcz0srx75Mm3K1hqN0EWvFokLTtNYdwy6cgWw7KFKV6
rsnI+AbbwZO0YKjtB/SMsj4AmYWSQX2oyh0wLFuYYws82lit/4/m5i7mi5082USi
lrQqGjiE214IQ/CMwjMdVo8jOvIjufL0ozsVGaB8w9Iz3+qiPDQmfNTZeJYG++p/
tymGqJKHoO7ayLZfMizt4i07ThNw+ftp/PT7NyOZb/zNJm1nJp1a7B8taQQ6aNbQ
I03x8GbJ9YhWmrrjyIMK1Jzvlgr2gdlTvWF8ZGOZvFw6We73qBrw0h6up/3ZR1pw
B6iaNYW7+hOInX8y+83oC4JAwrvwc0Txi/NE40DjHpU159JspjupLxa+us9iy1bj
tg8qKQqR9MPNiVkmqv7YR5hS/GSZs5tkEJP1wJk47RwnTUx6MeoZhSeIqa3Kk9VL
Pka8Ca3wgFOwQrENKXa0F61HxeZdk5fUqPep939HpX8GVPL2jFvQderF29nIv+jJ
E/gbC1QrlOQOZXxbi06r3TL2R8BqCNWhdgLyvmfBw//dtZRAj6YbCzYAVgmEAVbO
PqIIHixdEtJU28obOJLratoLsnu7n4W6DPArZtEwx/KsXckGMXPuHc2QX5q1/S6f
GohAtlyhwSLBaNFC/5Gfbb6N/jWB7PPjUKJlDRMBCn2ADco2e6wDbXELcDWHnYka
hOOoRUekAFxulutAIgXOIfqSPijrE/LSBFTw8YCrB3tkg3nGTjMYP5QU0iorWIHt
C53tznkbFyoYQIioVHym5WooZcDlB77zrprWGCtPTdMYIpMsqnQCHFQak4j3ClL6
GpA6omB60xiENZtbNISc+TyGE0bCJZ2qkCcKCK9vN2wK9QeP0CHo9NIQhgrCeMrn
cTFRvauqPKPCOCaOIEYdY1IgDhbsVef3cgsKKm4MyNCMgjyD8ktB5wEvmIw7a9Rb
IUSK1MM4saInbHj5SaSioz5gU52inqdJUdhIuNa9vh5iZDIafwcGY9rQp1oZd2Wg
QEZUmJ3FdpMs5E0IECVXO5NL5pdANswSaaJmWB4KNyk2oCkJtrk9DZ3qvHqxmjjx
N73ruQ2OsySwWWKmbfZbNV0isUfTJJKVJqXhPBIa15zPXPGxq0HuBdJK8+QEa0Ip
5AqmMF27tzBLTuvr2/359e2GcTwn3kSDSriYovyoYK8djWWokAFW5juKYoWW0yqQ
cVbRWoBAlK53LoBYOlICIeoMdH+fJclCYbEC93MuJJy8cNo1u8k98ZffAsZ+sk8x
MLmr6NAnixzQlSCQLB0okO4ypEbocAtcAi0h6t11RYz90K+/KPW85RClX0k3x2KY
7Eqw/xz1P8d9sJC+w+0Ryszj4F8Nbdi/R4hByTu+flwCThytTCjrC5b9E/X8Uhb3
JB3BL4p/8+b9LuSoW0QDDLes3r1LjnPhYS/X78dk2nFSOt7/iL7gQxv3hD2VwZ95
oPtLQvOen1SD79GIowvb72ipLYgfuoejWxxWWsFNXxVWIPhMwJf6wSldtbz3ofaq
6pGWrH5V+z8bkanckgxF77OYFqS12v5bFBj70qlzUvvymwfixik4tvR3SMK/ZIBc
Rs6K+wZVC6oangGSpt4m50LVqR/ejBuRB1fj8e2RW6O0Apzq8Ns3GNjTJIQ8ZHOR
SC3onT5bHJ2ItJI7hzITgtj+PZ5Fn9RCay9YZHrDyXZpVYl4KrXdkljQHa39EQv1
3VOOcr+qnNuLvHxjc9lc8adbQ1Thk7t18Egd75f9catWy361PZo4p0rCH+NZCB3s
YEiN2TAtYYVOcRtg4ZVgWmDjotX16J/T+7zMYVWkXfmvwl+33uJykCA/QcuWJuMp
fqw6lR1mq7gcw4JWExv4cRat//cJxtkRuYomXZlTiA0eJ4anZmkcB+SQvX4NcWlk
z8DGXeiy9N3B5ILl4rRfhMzWH4oaUBBxodN94vROGLzSlBS3+l8aW1TTGZzJqI6X
EenwR9dmnnxoszKAOWwK66r0Hn9vKawcSsKBylzF+45Q/Sm0c28UwJ71IgX1Huer
ReHd/AwyHDvj/LQlT1heJt1Zisw6w1Kj+REgH8Fdwqj1nXQhOALzXMRY12yWKUyE
KDpSkIf3sc3agOIMEZUz+oUy9WlnadDw7jVWnVwRSyjZHWnlSJPauHhnzYQaSX3G
0co7eNEm9bYceDmIbvNd7Z5+tEq+yA0Sjz+WSpHiZkEi56vPhB1XLX3xxC2a9nHL
lnssVyv8yK30j07jFb7vV6qbzIUPD98mlGA6GUW2K+NOYHhvW1isc69krrLqbgX2
4dI9gi/v84TRis4rKrDJJSBrxF/FuF7wLzNzxXvYa/FXCIyUxLBBeqHcgrZUSi69
Tw5IQ8MqB0FBkzfdmttIW2/cCBG6zs18jNPe03WHx7NpgDKvtQ+GgUqLRQJ8qw63
XYv6q0ktjIYzjJ/8YjYpZryBPC1A1nNNWv08BxhJBCrQIWC7vz1j00AIAcJ0hndm
L8lC3XHzt4It6MNl7AuwJzCCHkITjULjdmJO8aUdDDI6RpHYCSu2HL01RVWrixAy
gGJfzGAOgfGIDlGbJ6HcYg1mruJTRFgr7Gn8hkLONrvx6IrgZFyWJ/tYhDGfBYDX
3dy0JadAHPXjBEdsXHcUNnTnqDlF5TcW/RvNd49pD1cY4wgXX+qLmUGpokVcJoIZ
jwaFksR8MLXOyEXphfk4JFoVH9ye2olCsUIDQahk6Mx/K/2VLC0JUQBOcyjFwMbq
LQ64YuV2lIM+VMUlodVOLERGNswamNq2X3WgcyyBy6lyIJ8Mt7c0sIVghVPbAJPZ
yCrVO4BsamK/lRhCZhq+Gc24Z5w74VjHuMyVr7tXTr3Mhy0IY9zV+DX6xk6wMLM/
1RWI/74jOtZxcwS7+lmp3ehvF2v7ApD3FBO/MTCVMTzOsI5m/yKePyStqJ0kFWTx
j5FOn5Gs4wGdtc61jD07ebj9p5zl8dQ0WQ1ZHCTEGMWHbDyMNI6WPvyOBoTDKiwp
w1Yv4CxGq9KOuxpdeWwJslPb4SMxwIBJW6DrnF5zr7UkgXEXiJ7sf9OcKUCN/5dG
Fu29yYVuptZfLG+m/VaH9KHz2dYCAkJ2oh4gkyx8sNMEfy7n5M67ecTx3AyjhjtM
E0/2RDAQevuOD+Q7gghlwoRTHPpx1wHV7NS7jsOuPsu4DffGdUi15NY7T1URkTkW
YABji5s+TAkDTxMopt0y2Qnqwka4PRRulG6ZFTtu5pD+V7t/Q8JIQgJ+EpDZLLLf
wjzsrI/OaiUyDIU9ZvJfiYsu075qlhbaNFB1bAapSN3kpkuhj4YMLr34odQQOThH
0xyyz/aJ/w6MuDGP4E8CwUPq99KyLIahSPs9lEgDMwI/JwlWL22VaQV2RdcxniIO
DWleiQteJaYGCsvMnULgDCMoRQ0WJ3fUsXYJq8A8uuthHGXy/SBclY+3gNyTkTFG
HLRio0Gi3dYtyytJqrPEcuHZLpOR7MHD06w9wF5dFP48Tg5f3nww7oWY3iBtxXkg
XGOmASGYfRx4hyoAj/iTBOyS+Rs7YKc3FkbSlPlj+mf8Zg4/zGVTjt2+nookNIRG
Uu1odGhTV5pC7aeJNFW4wY1/mPH2nF4RWmj24bVPBE8MCSMYZ7yPNmBMMHVn7Wl9
xu8w7mnfil3HXo7Ksu8cR5uzTOXFPDCbtvFLDXB5Xeh5Z7NXzHa/sddammTgK3QE
4cEsnzMYHGqjvIX95QFhO585o+QMP/SYcWI3yeebEfe30Rf8R9UUie/vxSVo7Q9v
FGVQfR2lGfvUWTfX6xy5DsgQentetgrbqOe/IluB4PV5YjPPiS4R419J9AOUtGqR
MIeSH5Hcm4XnjWqITAFlX8ayXU/DCY6Z+Dpbwywf243BTnWIUeWlIPReYusc4xZI
82xxwJsLDk54oWtaNrXb/1Kk3e4Jp2xewywSzylLsH8EhawnqQULj2dSIjRCLXcS
x5i71tuQkgL8hTC/aWrS4CMhpUlrSLk9k9mjv2YoTxjURhT5q40Jptkfskbgu3Xc
APe6LDMOWEr7cI6DoIE3ZSoE3u94RSlQUGK28thrmpbihirKgcHSDZsHjkskXhGv
x5NozrJx1IpkKQSHtRRT23TprUPbZuKQTm5H+Ts2QLaw7729JPlmzmZrPG1mfiCd
toer8xjDTANDOkYvOea2rLPVgbXmdQQlAASqAq1Xx3fxUuDaFF8wwABVaC2YMpGD
rl7c8RBXWwfsh2Me/6n2eAYb+zemSKeBgP9TwCli5u1Gpt1fXujAIh4nqqPz63zu
hsHeTXnJ8EwrZKmO7YlAlTgPFQBfK6bdfSbaj1+dmce/uWJ0WffRT4KaAfLjgo0p
c7UgPElrB/FzIYaVeJpakrRQ98oXsqqXbyL2OSCyAjkfL0eRXZxa++YENP1g021e
YwQ6h03LnECZuaxRy486b6Eam6lwwrUAWZlwCAzBa43P8CjaXXcg2qB6y0ZNSj2u
hxofUeYSPORurG5e3R6T2+lSSrIdUYNxUq2AOqXH8g6xIEwOLq+b8/VD2DC5LOLT
NYks1Zoeat+daGSAGu3FYQhCRO3m+W4q0sQSRtmyMfPZ7MOjno2l45ddzikX9Ih1
Gc3WE8aSfhejYmKYIk6DFItKR2R0GKTfRm2akP9LbGyoTB5x8wV7kAgOBcJbA+4r
EvL5REY2M54Hv39WCYXkP0lR7PLyxST9XnCHAIAvxo7VU74DCvEV8TqFKNveVMgI
l7HYLXaRjilPDdjwl3r1dIY9QSseXPB/56t6/RM5zvWY0R3n+ueeR2HAObpTq0QY
xoEEfJorItWyoKi1Lsvb7SYFDJA48YFR5jVr+Gm/XEt+ROMeDh0d/sdD/HXKprK2
mlpigxJk81/o29T8mHfovkProZL+sTk1RlsBdLIIXu7zD9ziabU/Ktgl9R1ADsDI
HnSFRw6F4eeo48Yq3P//ar1s3wjIU2ajPB6BvgQUcsPY0hrYnhJp2Jkj8D87Ky/t
BT3qsBxgkhawMnFJooON1ux03Wr73y+2HKxV1SQtom+Kg5tkmDSKdhQzb9ILQkYO
hdt66fFnTcRET8rxqnAqHJ2lEhgAWmdBy5FLeKzuPNYvg9Ie5qI9/W+ET7ZrmQ8F
ihzCrZIlJg58gBduL1cqEaVOmyutl+7LZiYwa1TwB3OEtoKowLFdVXy0hwxAuKFc
bzzbtTr2MPqEj7XPznmfQt+ay5r5xRCCUoGMob45SuaQapyR7ly+F6FrRPk8PyGD
fPkAGlKQ/FkKNnFrCOfDfU0hqGySuKj23kkxOnsIJJL45BjTHAaiRvSNLF4I8vQH
h6iPFgjdUCCKSQP4f2mRdKbljlD63sykK7lqgGnCtiZ1N8TMoIcfY1jX2OYlPb81
tYskaGXaK72bcbFxBmDw/DOQpyqXBSKMbXjupbt93EbHOoH4jNehjpwi9XH+Y2eb
o4Z2SUoJbJC2ZH0Blqo6s1jk0NAGKCCZK/J66+yMrkB9icwaM/3LyDX9DPs9zJpA
w7OOGlBg3TrGHzJI5knRSSPUiccfi/9o8HWMN2YQapmx95+0GRo12XpM7c2tGmVd
2cc9GDQ1YPQL6XCHASTZnU5s3zOCmwIoW1IKBHfMvkTPNFfzxWWU6GoxZ27bys96
TMEjxNs/ObiMQ+YhSVZuVKA8sQR26QP+CznSlZWiVN81Oy9f1Kfb57KA3fGoXe1/
dO+Mr4zm67QpajPfusnssN7JDN5iiEdpQrzA1U7JV16s3Oy0yjMz8u0E9/ooFOum
isOHEbeGnsN0zv6plHofPGGvzP+fZJXE/tbSKkA/GASvU2wxVq/wsxsIHukWsmrA
IvMXZtm7Pr3s03KGP1HJrQ53wML0DlNNnb8/6SL+kbGaIlJ7JbFnNS25jJZAollU
5fWyXMJwfjOlU7KfGHt2fJmfgaHFEBYu2riy/Nh/+g/zmcDza8wgm4e13nTkPpTG
bennX3za8GFaXfSeDCF8WbC3SIDy8IACO0aDQCadkPRgjWfTZa0s/aUYzgDH1Vdx
hylTSBTigDfyKvT+Hbl2c6lzWR+c98yylsqsI1DnboU/aO/1wVCxFWVz5XKmqV3y
CHFiGxq8iXpUBVVQyPiaSvVPSNBQUzEwP8ptGkRsiGBmc9wKjCB/DqaybEeZ7ctx
SOMe/JqFrulHUG3OYCp+x2am2ZT2r178ZoHag7+pE6OEmgKwkAdWU0dW362/+B/h
MMH+YFEFffugJQhhCFmkOY/NPER/ntKL28nExVxL9J0rZO67yU3vM4vuJBhiNY5r
YxdHEcIbgQ4Jb9PsO12oX3/+5why/PTaFVs5zPS6g0n1scO1PJ80noY8OC4xlL4v
5/js0AkPo/TVYO0v2uADqXEzIe+uQXBHIz3j/y1J2B2bQH24z0p4hrYBrkR+DqbQ
9IzyziMDbNiNtN2URlWTpCSCCuaGmJ+RM/eUYzn4v8au1jBHVMtslUpkAHhlroQE
FtNT6lRE+yl2gB/MyMht67baD//t08+uC4+tvRJ9jEIk8F6BwhYlD39EHQPudJ1n
JS/KnJuYzdlwHl9smL2S9Q0RpillRg7yq9XgUhDzJ63MeSoZ6/lKYAcLu02ffC+I
vKBd/umH84oNg0xjNbLOJU93j9Ga0nYoC+8zZVK4SJ/8ZBKVFjwEFoqBDmnMozZI
FN6lwvaVbUdaiSXwDAj9nvfXRWfvzQ+Qg6cZ5D73fyJ/JvcCJ5XMSvn0d8Mf+Gr1
bc7UmsDYO6wluz/YQa0UEak8THY5Aiumgz33O4GavOhqdMd9KYxEt5E4teJF4n5P
C05mQ1VdYP4UgvHcZXdxxCmRMK2S31MZ/pK2+zX/FiSRGsrWG+DohtIrHpkxEhdL
dDX8m5uCPOVjMrw/16MPthz+untIoev9YOZSSKNBeVR1CZ62xXZEFnO6rT6SkQXF
MAC64QMoMvUAsUcqWRlKkf17CUkFUadVDe/lmYZn2W9FN+NhXBhEI2iZ7dMONltA
WWc7rjRH/rJ7k8xf1K87AsCpXy8Ch6LCU6Dxa8l6nvdAWxVOfLrDlOXdcTEn+/vP
EwOPc+MYXexaGpvl1D76/XMvnHTaqTd/zcRv3nz9xxpLpi6GjY1f0u7l9VFELfT/
QJwf9jM5RMLFgV5YuULPyAzdtoOHIe472MesF34dWNp4K0ZHazO+JM88jxnAo/+l
1fe5JOqpbSgOeZ4xUAyybtq2y2B0n+u+id+6B6TvhGhTNkzmq6hHj1N20NGHS8EK
JLa6UFWMumiH/Woet89l+fT2ZXgd4kij9xKzhJ1dRkQJEGy0MEu07GEhkbzDZXwf
D4y++F8SZBzIfv67T+Y0yEq7PxZ1CIXLNaETIxM+sBE+GcgNbtqRtqzOuxH+GFyr
Pw/r7EDEcsplGLABkcQFkqQzR70dtFNk9jlCb0NbSbsFYTeixWyweZBfH4ijKzB2
RqRgvwys1+MZ4OG2y0GstSQkbGyLypog9rpIGZ61T4NXTu0Y8Jn42ZVIO2ga4lrI
fE8230CJqwnhCHKjg9rFKc9TQL1bhPw2rqmZ6+fQQsf3yt/dOlAFLWGelYBvEziI
DzTXnQ6jUgAzDfh5EV5Ypxbd+b0cYDOQPMUBJox4RYJYSy14MVMyg8mjGOCv/r5S
R7TfHBn3B+9PiFIYL+03/Igxl8NDzSwHExBv8YJUiE77OR4eoefwu1ziqXOqiqAs
pPvyRGPOFB2zNowP2wK5IuvkzUIpITGXOlw4K0LACJWh6HtD+Kglh4KOTP7kbLMf
R68J8JboqOmn2bD7pIvOuonXbhrGutvpzpfeYLj4kIe94xE3R8UHuXSE4ZU/opPH
duMO1FNbs3C/014o2Xgu7EFMe1HeoWPunrS2zrLycs/UrDOeoZ1DZpqicz5hOv/v
4N+E6m3VmwPUu+d5ovkC+FxKTN3VLalB6DyFHdMmYq3qmYkxTfs1QCKsUD0mBySo
Fky1098Bg1mrWVui0gNUOJpn0qIoLyvQF1EBszrl8cTcjQJYeCKgSOwkUsk2GtoK
AZ2qM3ouTgbTi4ZHHMUBtd7KM+BKopFa0GXkrHr65oO4tiSkFdzePDmRLk2dewXj
etP68cKTWxJboWvtjX1RoQwbwKUo0mDUpeRbeTZMYoXMU3ase5yJPn/ur4+JJ4mY
Nl0LqJBFYZ7S2hp4MECA/XVAIOeZ2wQnnlQ3zwrwdTz6AhcSNmAEOY/cTylBiBX3
uaq3MJBHo78usd02UA+lXR3c9koTU2a4G+Lxe/PMYtwImJ7fNRr2likNO668noz7
N7M6BI7egt5aqnH1Rh7aojLCwHqg2JSusiklg9S50dMmpLnpMUmngQAhe3bdJaRG
y9yMHVYUdSEWTEuRxt8P4ZpAaMUXeXoeX2Kglxb23yeTbRA4d5BdiU4tXnogcJaB
4E7MqjZlcGHyH0ahjOdFA4rMlvLfbE863zKoaQGHj8a3blZMchmzo9mUhXpzR4UZ
1WXuotcZ4r3Dz5KxChtXlxtxY7zfmS3edIPKWJ3EGsd3JF0z9hylvm0vhhDDpurP
i5NBZQSADmNM8xbzN3+klaOZDvtDKUYp9BS7WGqIJQLLAfSw5UVSjxRGR8Lf3icW
5bU6meZ0uIzBXaFSLt7XNY/GDXkGAx651heLvRblxc3bNkQPspTXjEerITiBjSEz
/pRjXMFFQVKQsGCtDGCAMYv7IWExjDsNAJqfaNla+71topNkysx5wFrcCw/7bvfR
sGCivX0ThbtoFHzM+CRY0HJDQO8xIuBIDU3QlWGrkoUb/S9WKXuJDN+zEyd3Z8HZ
4d7g8qth/hxx3T8JK4sMNbK5Bf9/yLE5I5isuOWUFbXO/BR0/RcDNTn2j4KqhpyM
YbxuPVwXclmJToVrdpm7LvT01zIFIaGlecIts+7cXlAQ5uyAYBXm3wF/pv04icoo
bh1uK77Qwoq8PUZUSVJ8PAh8bwlo9SzYA10WO8L0Tzaedq2fJWTHZk1JDjms8NGT
IcX3Rf9RrSgexD6RNAOzW2nicoLSIenKqdowWJL1zC9iZhoUQ5TF/gtkZ76p4UKK
Xq2HPSlQkSiXy8g5YPmoH8AnuT+2UF5UaQ5XrWXrfYKazgOM5LHHTUKwuJXh/+xj
qME3RJdEz5OTvJW3obh+f3SqQzbKK5XGwJsKbjGKuZc3xy9pN0Px5bq7oRApjLw9
k8bX82y8zWN4AUDFvyZ5gzlJJwCI6b+cIcEmLKcPT7zQw7Dj/2QuHs81o5x76LDd
gtg6medXBcC5xLv8EObL+1zpofEXgr4Z3Y7hYotrtAWjLfYd6gwfFi1NmVf+21Sw
590PMqh6i5UVLjU/zeCC3JQDg35aq7jSGe5Eo4wnJZsRksr/I5kaQ6tpjO7pPWw2
SJhjR2+CVxQh23dyaHHhPOJNBlwkm/d+4JxKfDyS4ztoPrKwyMpylYdHrrJkZFB3
R5Mz8BgE8r+PU00PaX+4Uiac8EqoD4iwgf+aEgE2caKHm03I3y/uz/M54q3E0DyB
uGASoKoG56X1IPqkn32d6gJ86QV4YXLLFBl0aBgf37vwM1VOdFIDnKyrVn0VV/sP
85B4fNnVCmxA/scbeHwN+JUUPmh+BmZ/BBU/zgTKMQ266H9xhFyyy1Yz1CWGt7wd
4v9o5alUjHbhZl5mVDzLoIUoSVQFDgmVlm7zcjX9tGsP+vpI2khqrrMpXpvmb5Kl
yJh7vk9zxO8Sq94H4EFFqjZoa6BWPb7hQiQ57hhLE6lOAo93dyWVbsAPWQXy2PNJ
zT9Nh8Jl/G3jQ+/p6VWinGrAwrfreAUYsFG5O3xX70HPhiM5d8g+gKNDoftcHA6q
w/KgIt6naozW22zZuRXRJPyLZ1NK8TFr8ABAgChemKt8zIFFuP7n6dmmQ8etAJ/e
wsnhFwglC7fYeQUJFZYacLtFnPCnd4+amsoEpbDZxsNHmHDVKzpV3c1mKw/sLnu6
IOaYoXq4OrZJazt6wCHDbs42KEzxNkFvA0bZIuu5oFDsBz4k6ljUyb2KFBKEvTHy
ec8rIPoEW06yDoaYUFMd2mxS+wMOJYkvCcfSMd/GOMwDSZz97U1binFbThjw9/OQ
bwbU7S/zmDYdgflWsqKPm/ZnhvZcWjhGTx2JrJ+/rbGp+4wX0+scipCR0sAfkUUS
xN7Vd6V5E46FucmhGIUokLFNN7y6BQOHJCyp0MfpIGoI0qxogACguqvyItSWrrp1
YGYeOPnpgnhoJMplsLHo6HpBJ7j9IJllh5N3d21FUwDHTR+i//blSFtsH0ZdvYxc
fTzUwaurTcKrvMl21qOUdc2LtR/30dWWAZpwq1dGH/QhEy6Wa5xBFhbEabBUfn64
2wT7DFehyN45KnbLk2P3kjUxio5a6hqZtifXvR3fnzNz7bvvwzwKesxVHY/eZ6sa
TqdNJjxeJ+zwiaTzozcSaKwScHWbaIpMm1HhO/6tkgMDmTrzsdRoUL3wU74o7jBX
sm6DCHZWai+aaWra+zaSvYaxttPEij7f3BqFvBNQtNyliJKdWyfW1ZZKu0jp0cLp
rDiA9WgEDN40Punoj2nr8qOg/e56wxptRlroPtq821KszEhSmDQorsVy+IAnWevp
j7WJluucHhYiVi4bwzEdG6DIFEYI6Fpgl0IDUAJ6W9GTuxumGuns7HJDDdpBoqvT
zlk1Y/IbeCC0bYR9IGzNfNpMc3xh4xoQVWRE+3gBwkfKdB237V2e2/YvCVUFKo3I
S2tsqP6HoObYQNE0cKV+mcC/LEcU0jB6speSCPO02oBnSPpCwvnJkdbuFCvAYb1v
eUFKke2LZOy93sGTa8TvPOpTM6DfoEuPJuxaZKxUAOwd5kpoa+GKXpWoVkxWOe3L
hu31TP14uLTO6pxZcYLBDEZLOEQAyoUbUpqNV8FVmgtLN/OYOhQJzpQ3pK0nVd7M
NRS/7hMAUbzuvhnWdWKb1wiO6EvLJJSW9ZzZntOHPvVCQ0T9MNipHN1R8jAsG6dx
nTiueSyeq9F67cHuXAGxOhANfBXgRkFDZBkQjvv1eUmT4YYu63eZvpiJfZeMeBG+
JqR76yaO9dQZ81BXwaTKFPgMtj4V22JWIjG7yxpFXj0qZn2cK8Rh6k69PlPriow+
zdY9pe7BmsDhormsUfqv5Sli9Aul+OOSd43MkOONRGx8xuEtiKoRM8yyGpg/8RZU
jlHe2UtrRNG+XDoHXU5GAUb9Z8B86SBwEZe1PbDyf1BFcvn5X5HO/ATdJoALC42D
0ZwZ4F29d57MUzZhwNNsCDPtt+5qnBrDCc+dKLrlDM91c4czutT/fLofzgJk8O1D
aPjFUwjO1FsXe78ukDKrIaSfsSK009rGht4SkQGjToOcix5Z4YAOB5lgUs4AvtsA
8fZXdXUU8wnNJbdKuFeCupPK1K3d9ROulxGln9MwxPEpqIXsUk7BoCsU0yKSnWbl
ckHRG3FUxVwO4HZ446LCr8aX22vIUX/29xzCU3tsgeGObS/iwWiJ4BcH8XMXklBb
juZaKMkKTyahODA9bIQOD0GPElBZJXWdE5wB5nBCNPtFrzR2TNy4Ymme5Dc4OSeq
CNS5cNMAc+tY4htgzAjNnz39bYXyLSvLiAev8p/TSHAi39co7FWqizMXtVu6GUKB
HeE1YmDex65KGr9IvDjzDO1ZxO16sDXmDCSXqplGM3OeUeYOd1vcAo9UnlmBiyh+
xi1gzOkifG8AdMdSuoL1h9NODlGrAWnCG02XwJ0nzeQgDDN+xLZB/0lxouuj1x8/
PDu+ObKD4oOyjpc9nr2Qs1oqFVv8VF6HZ5yYEPath+4Ie6aTMo2vQ6UYaRRU9Sni
M5eeVeAqvzfHspC/gw0HPb1S/QjjBGnW6gT18g8iqe1aPZk3UcqwbKEUs86MxgHu
iY4vz3QketdiuuEQRzqWxAuv/l7KotST43Lv9bdXkkll8aXA2a5HPR+4FUj8DdXg
Gsgc1dc9jDbcA5qPW1KSbgGDtWmFosXZV9PQhBNqwsstRFhFGvt3XA1rmDx7NpNU
P1wH5VR7Gug9rhAFpnzw9CV5JI4lBDwPwmoX4dHkYPPQ6ycTxfJmMvHHEIvruRLp
iM7ksGDo6PxLypgDlmD9ZgyVOYbfHJF8fyVsF0L57tC7zjpbDr2ayfvX5UCPGdoQ
Dq1Tej3KpHnZxCc5TRsLOoGj4GcC5luQR2SjVIcQNkIJPl4qnOI0dHRYDsssRotF
Qpydvbiqpa5jf1OIN068ZRxRGu6WVSmHtL801n4XEegvJO1NRribodcj/GIcd94/
FdyGivosNPO9nHuDWY1q3CYnWJDNlV7Ta2pSPQWxv4IJU2QWg/UMpdY9AZa2lhL9
xiCF8ce5UcUu4Z5bF8iYweFZ96nWSIA6rl15CdipHJ6aq5YFUbCdF8hJDCnRPQx5
BUv26ud4qTU710FHtCIq+vF8olUAYuGJcHlbQEgU8DEvNJRMOisq6jAE1/4zCP3W
sQSwSoZPCKJbDb71rmyGwPOd5G7c847DEpBm/n+QUrBVUBCzkUi4BoUCtIGUyEaR
P0+1Bc4WqCRyKr1s6K6ZrQykS8uVsRtkYWWWBiWbKKykxWecybL2qEqfgt4X2R7j
E2WZb5iq60O5qzls76c9PS1jTTDJVC8k8TaqInvYPSpg7VQr2aUX6ZyVQDEjeD7U
jBXV+Sp2S+wUEv4w3gpxueYjuOJpo9oPCLHik99VymVFhoOaXVZyuJ7t8tusWZT8
7NEHMRPNNrMgMwo5Ggjt52PGGgMhl58QJL7236u7ZAS6PvM5E5p/ftzwGGIUk+vs
gOQTaoNpXLA/IxPck+dFHlqNVmUcUpg77nxYYubz/Sk8pN48rZf1JMLH6ScbFZnO
LAedTAuaIqUlMcnJ49aBqdUZOcjlncEjgKivbbTLw3/qFGvkyn8Ra38bQMMuc/xj
+kPfMwrT7K12ElpxmYGeIZBzbzQrcp71wZSTD8uXX0naC1I84dw+ZFR9u0R3USkg
fOp7lAYIECDLiWgbNMttD+5v9F/rTDDlh0nUjgAq8JWmAC9UbKFo+I7eqjZkn58i
5+0pYAQAbmX+z8eB235P97v1tIFkMy+mX989TeqJPI4gam71FmjQJI5raFOao9DK
f/EhE74TR3UCTJIlBKVArDOUR+IJFDlCinG01wFvcikBkdcg9s8FQJHRRAASA4yP
1PWBOop6teYWSarsgyD0mDAKieS6hz/jv+mce7w4BFVRV8UyKgi7G2iCnGwtiHO5
tt1TYm0z7CMjCZkTGzphMrpzA+pq7ciPUY5INavr2RGNWDBAplxQ0eIq8WVcq9Mj
JZ7ctU6s367Y6rJn7Q+DVZoQBlGfIzvpsFpDTUlYRXnf5Sx9UsFw1afV2a8UOPGn
HyqwDZV6uP8iEpgt45JfMerCR10jXNASfETUTlPIcEAfTjyR0gb+Sx4TnpSdZzl+
UOjm6UDV0nhp4QKpwdAhE246NIeEgd3dQ086v8eqghsRMHd+0Cwi7zlJIsRCEoLM
bRTMPN5jHOjokb+r5doq1OUeRXvsH3yvYrLvFJPe566W+xHpyhZVqVHQlguIsXe1
OWe24IUSYkWSxPguDxQcupbcBEqa8RJU9LkkEf/B0oJsFi3b2hfa97U83BLaN31c
Yr+T300uRMaWnk8jrZJKS6zc/RT3RFoS64cxvrjbb9eL8Pv3aJG3rMMhjBuRMTha
f+tSDl1JItBnSoztqGYAORU4yU+lJzs7UIJy/U5TSNduVdibR5Cqlt2hnh0XnI5w
sQTBRa3/vM0dGqTDfjr3b0oLQLHcOUvqPcVJ2ChW10OQGCZ1CtAnbCaBn3DXA0o5
gbhthxUldb6b85tHpSBUQbvtzfRROPcsGZRGtygJOl+BBKSJ+mfNfBbRBrrR6Fvw
FNqGOY8xfKK/baF1h44spJ5SNPK29a2OcEQrfzeNYFWkqG6RhH+dOhYcgsFNs9rU
KgjLf9DKQ2o1YUK9K9C4RfR4ixfsAvrJzN2jWOKRCWVVSstSgeZ61rogIFOtWDny
UvelVq3bCzuQWPfTrsn1pNaKFIjI3mvdnQGSQfAJ59phUe1N93bce/YfYRe+G8A6
myBYxh+x3o2YgTKQRMXhLNaBV60ZjfQWu8gsuBdZwRaSZ4hwysllZxauOEmV7Ccy
CAmX4ULXI92Km3un8+oYnEtPvZSZZcNlMtJ6PHEmmueDtthkjo9Y/0DMP2IEKnyQ
+x/r2FpKyqUorf9uv4CEzS2/Xhy6RtoQe0LZ1RdDvUV8y3FfWEbT/cdFJMjK0WTk
wmfRz9q2I3aMXSJSDigPbq8BBykCFDrn/FMruMKS0hzOXkl4it2OQMd4GuXZPSgo
blRxhN51zVBH0y5lex3C9xA2XP7PrQI0HS2p2X3+YWTBzPSnJrtG4BRDj0jX5wCk
UXQqHqQMW52uigky+JiVypNAGA+khCxs8+ya+u+Ge9RbTuzbJL8YgNUNJLOidyhm
MrFewmaPGrOR7Uj9ST5buODJ77u84BW/VZN62UpHlV505SHOuKdSJIFk0i1jooVq
ch5oGXIl4GT5VnvqX5pr9NbJ3lK4D46PB1z0YNiodb+69DFUO9MOULTM8cArgu1d
bAs6zD5fHRQG3rLh8yUgr0UGTfe+qY42Uo9wjx37sFDBHiBUEmZ7+ElEqzKHkaI7
qr8Iom3LWP38IVoPlWpKR3YlX1XUwrFUY7pKIA/Ftu2YWfvID+E06O7qU7LqFf1y
UVoZQxwZz3emBpz+eguLzs978hg4EL91OHOnRb+wW1SRmKxUs3gRvuxwiK+6kO1S
xloeH9OR3GMsaOaPbnv0ND0NRrXFnclnOtjGmXxh5di5EQJ1tepxevryBtBT61c5
97Lj5JIBM+DwM5s+BpMZoXzntfO3q6wYL3OFxmGqbMjJCHbj11WvWrfVvJPp9bp0
wmXIrlupI8O0+M2+p5oH7T/aelwDuE1WzviYvZaCmj9nozmsxqtD0rU3g+CEwRy1
jpulI+PZ0MHkNfrcueJajyC4PgfxBDlXx+Lk4B5vhhfiUsUdIbv2/4ZIooG4po50
Pc1z13JU/XvHeXY9MzRnROCos1NdvEeaYWOhbGiHVP+iRYhjaj6jB0HOZZ2C6uub
lWlZmVETtZ5b/MMrC8GADPFIrh6rCouqEVbV1Z5eXXGaYh+CnVqai+5UYKtpxAlK
+3lXeXyMG90CndHSlvovNOxCVKs01GocLdLlwL5CvutRjB1Rb27nKckiFyhNoQAE
5EZ4yN/NY+uf6LYUjRBfrN2pDeBHm68WN/sLiG2EHUVaS/5e9NWzFCfLg/USCIho
Q7kG4GBWRb+vG71q6nmsjjb5Ril30u9P7gXDdCgoTXVfgrzXAydma3I7Y/X4EUbZ
DNWILrM036o9WbB9J8/8l4YpC+OEA/09jTHP2yFAOhF62alfn7Oz58jbPJ9ZVLLD
BdDZz4uzNlFVCkVTgDkZEOGJ9PMAqFQyldebOBIvs0OX3AedTES3adLR2iXMVraJ
yVRkWMTfWZClztdPtEvM87LMpF32VsQqqzlFdG4BEYTNvzNGoz0FS1GxG886b3SY
Mpz6lOPjgKuDhRI9UxzWrn9maR3ZE5kkhDKxn7YJmUSHaLCvdUMDaWMEDPXFMAHI
QwazmLwfrE9q+hF+wzEMhp0DkJFsvL8Uk1ZH6lMLdGSLuH6yG879X1cA1pgeN18R
/DLBICvQtjfcN9a9RZP6GnhjlGpiBrWFe1fhLhJSMUREIupWuSQLJZvBhpOn7O0O
h9DMhltC4F6D+F3+QJVRaRlP852aWoj8R+tzZmd3gfbT7P8wGKXuKHqsnJWI8tfq
xHrvWFfZ28bfFL6EdecpO0ooTM2f+6o1cf98eRYAPlWMlTV96MEhDOplFJL2RdiF
onImgnIdhgHUDG2iVJxfSlIbtHD1n2oZM21Je1iwM4jH5Du/1k39UZJFunZZqeHk
aE9PkQpmdo5G9JeZI+xTbJ6Vd5+l4nT9DLhovBOtWGk1PkWccGxLY+t/3EhkmBPY
MbcmZZFiKuoDomB6QpnToV6GuX8AnhMXIrVEfMRVHjjRsmEiF8NbVDneqZ64WRsU
mABiJloqRlUb3s8wzKya+3bYZ4hp7segm5DDluvNcBejgOgbxUAYEYDXAxpssGf/
2p0Dh0iniJUAvf7Ffm1ADNv5BODaz5KOwUMV6dX3BpTrR0lkzwm4NTi4oA59B8N/
GAhIVyluKGensN4JwHlbAJ+bi0P0i0Q1aDlFjBpPX7EwFfuhQRN3EEw7epwNFgzs
wKC9bHSo+30WXECKgUqnV5B2/+7pTU+4Vs22w9lJuALg1XTFfBLDjJeb1UTg8yFV
PFKfhktQ8/LLrxtRdT7JwhStiblyFsLSji879mD1xgG2SleGrWQQmCZDoVwY2E7L
+sWyVGISe1VaI61bieHoIrtXL8jW6HXj/LPsujpYvJ2gK/84lbUhsS1L4fU8xDfx
p503GEOQesZaUV1i718UyntisJcjz5BsRPGqCELV/YdWxeH+07gNIrvJYemBgsBy
VhnsOPHTGEKDFdzoIB/QucST6ADEaN2KUCut+sBegfY+mHoGAWbNfWNIwiaN0TFx
O7XO54oL7dQ6vVTVojOXGRZuHD9i92wvBYmkpU9RQB9ZBG5jRoyAM6rccmO6c6dn
vpDsxAZK+usSMDuN1DkX6u0bKDJN9d3W7dVdghsRGxdrz1eP/6s4I3ZUfDFrcmm8
Xxbi9k6vCEm5vkTuff+XhAY0r5wKiJGe9J1l2QriKe4jcdREhIhCuJQkev3JtCm0
ii0IKQ3xlSTNFcPSyY6CHAinClq7vEhNctfQoyoeieP4CtSNq8M/epdhgbFx3yue
4+rqm70CBXCPisYnJrNJNJk8PHKhW2nyf1UGa7dVkg5W/0BppswUPZC1abumwTxl
SWc5c/JDef2e0yv+apY5E0pTfppA0vJgslBNspzljlhPBTW5wxsH89V4F2NZfXKV
qovQqunlWQZYEC97EU3P/i6xUQfi4yfJqzzGMVA6nPpPvpAwi9k9w3GVeoYS1rcJ
Bhu43Nzz2vRANzXFPo2rL+zPpk/V62JyZWi+GPoqSg1vXkx7ZgvV3ih+c67KzRzp
IxxX5xo2Odg1ak7BxRz6buM09Z5X+77zrXFKXE/AadLH+j3T9Ngy2RkKCgaL3gGi
g5VoSNyGk3IqDzIqhtPh3sbRcBLure8OiW4MOKjQPlJmDWm6gEjXbVDxTMpyHL5D
P7dlA9A4eaU9uDx5pT9BBE3ibpmQZv1IsN5s8nhrTIGtU+AHUbrjzOq0uc3LjuWv
8D/UCpBi46MVF9sjsB5witgf9r0xTZFj1VUx+NejSt98zNM6uIG3/9xd2hWpnnJf
cGULQkbuhT8TCx4qTxfU8cqfVYOXzo9sa2Jo7xJitkMjGlmkgz85kY7oC7cLbG/b
RVRbNuDk36B7HH5BXvCU1Kc7D3efu9htGprAD/XXxN6Cm1hGJqVdTkKkq/Y9iqmf
0Mze1wF1BvrNos+T/5HeXbE1cDhHIrH8kIQugP+ejhvrkIgO9hMMFG4VMyjmxSj0
K4VkXprWHn/cm4WwP+RlDYwjQVvY5PcqrLuFr50yqBcMs1WyTa/HNvWFfWHbiU64
rKkqL8Z94sWpvl63AY3DiIUKD2RylNJgRH/DVewE4bBd+qYnArVdjghZM52t6VYe
Rsdqgb1uVXA6SjI8ViHuGzYLEpFWu6gIphvgj3xmuxmjAIefB1gfOPkEkJFK8uCh
E1MrLnprwKrWd4JFnZQor8kMJHwrzZFAjvOMZ08pW3w4oP5teLYe5ZhP/o+Ck7nA
G2ZrJU3pGWWd/M8UmHz9+mS1GBZ4PGizBoJ63TUsEM909jyREg8xIg2Rl1RRbuEV
eo96nkxp++Y1sVy87mRRqaS1CWUlvDMeJtL8auV9eGCeM+B+oTooVm0E099LIjTu
QFpqN9BHpGOkbx37Lq73hZykGCXML8rjUM8tgYIBYkBuJUTiVjxVaoRp/VRlgZvY
Zn2lOZouArZali8hjs/6Ujv5XanL3q9Nhs/MeZFUkuYgOg2WGZ/nr9vrRZcVipiY
ly+Ubg3eraJVUhWGwGB5buL+ad4TmeNqLnE281a1HyZxc+posktu5k+i5YI7WegU
A0/J1dsTGba4M8M6zqNJyba4FIs9eEsKKr6USwD3eDts0zuDTNytsNKZba36daa6
ByMBcHFiB3cDVG+RbmRxJODL7Zh5ICN7bGl4CW2fKwHHR1+w8+406E3Mrfm7R5Rq
+8vbh9rf+1I3QhEiixtFbW1KefpCIQaXEXCPgBMGUuN178HOOZgUFjhQ2VinvVTV
lMruI5xT1AltrMnbX2foeX0jJP6zFpXC7jJI7DFxqOP8SdcckWq1pSCZSV53Viof
ePpeMqN6qa8eNsaK3RSmQsD1WH5vKfTfsjNrvu5ngENcoWdzINDy0xUNRH0tRijy
GaBRO/4pWMrkvsfoBQdfcMB6p6G0GMnBG/jRRaG2BCWBMZIT8scHq4drjHnlgTKR
DGhCqGKHXiJyYjSpYwg2KwAuRl48k2OfaYTwl4NfNqdoDDSzdgq2SjatfcjHOXrz
kWt7gAmTYzcS7hazvO6g4DjFRE4V33R55q3/f3yUCN78gOJNa18THpn6vpbjgPcJ
yRojUNpqRSNv6CF29mj69bN+zYdQlrAWvqTS9b8hq2R2ioz2nACbIk/KbddI6N2D
WsW2ot2dry46O/KAOiX/ED7ealh4VwGkZdT3pmb4Hxx0Ik8ZHVCKP0VzqhjSM0BH
y23X/OhdS/q/Y9KHxAPBeIVddbI2tK5OJbrS+pp6CQaYd/CgxNRsIstfsOGdGlX3
db+JHdfy3S3vYOOpKx+cTZ8FfHANOtPh6GfdmaWR34Msg0uSSH2djDAdQpAWpPvx
RLsCo8wW0iWctT+rsP+rakNuJBL0yxeKIaqoT0M1GIv3+7t4q7mTX0sRUMoCeCAM
aog04rhjT4S8taBYlDzmKCknE8pn0yXrq7W5JKffItAQ4x4jkdl8oLJ6ixdrOWpQ
k5dx+bRmhg5m2ukofj3yJ67k/nEiZuYEZit7qMi79CGq3yNcHsN83h0YEzB79G4g
3FnUPezxQ99AXVhlday0PFsiRFyWbooiUaH7YJ8+wVXPFOoOujLBDVD4owu8RTsQ
xfv7PNyMr/8f/gCUAwbAarsaUCQzQXhKjt/R01Rtq9hKJQdEU8IHAeq23gYXnvxQ
eblPYrXQ5JdIj0TVpaEvrbihX8oDF0tgHXHimfLYn7JJ9udbB3MB8iSsEyzo0Gb8
M3Jkt6Vt19iR9PKZXD6AuTH9DrPt1aIfm7jnMAWHTpYZ4Dn9p/iEMZdTkpiF25wb
bIxEYSgATt3cu1ZNs1xqPUpVjiiMMUZuL9fNkY6TAOOx3qHHqLMGOGhN+NO9bdCV
E3TUdfWoX/BvwNo6CmVkVBQ0s9E0ntfR7Zd0WM9pM6ZqOBLEbEng6ljtCGgGSCIB
6LUYqHB12A3/dm7iMX1Op/4AtMgsea8uId/yjUF5DNuzF2lr8vRRLv/glaQPlqhn
08COoqzClLXQH3dGkXPj9nscFFjCqhZXM5AF3eauDjDYJOlfsYJc3t9F/7POHEG+
3BOfrgPkuMzpfX/ZU5wfFgEy6E511rBBYJoZhE4Kotzh4FgdihX9UosR6qX00n0D
GuPi6B7K7m+AsrmEwJ3k3mwaUx+C0lIxH+LaWM35EgE1YGl/7gTXLRnywEvHRuP/
Pw4WXfQR7jXxJIBG3nGoW1YriekONCyrWV7ywlicjaBS4hX1+I84QxrqWu8FhB3P
X6RwWLJ5/UYAEoyr9XUFFg/rvZGa8CIzLGpncqa3bRVuccOwEzkEo9/Oz11GQhEp
J6UGWsSPhNAr61x0FDRrxR8TRJfNYqW+NrMlFkqHG1bntMmriy0atZcLAqHDMtc8
k4stFC09DnfttDNTT/1YUWO3Bsm0QslXHx1k/20xbQvo4DJYhacirK9Qf1TRAShr
A/JV6nK2hgWXbBB7ZMDp4QLSbCjOximANhREEd+XFd3gIieVqi6s8hRM6gjeh04K
Xw8ENWuH8OtUHkDirKxaUoCXVR7/fWTT+/8QQ4RS3HuZW0z6C4RbjO9A9wsuUuG9
IBBxjwdMVolIzglbTYhtXIJBEdbWMbXMusXwRB6fe4OV/rAGYZcUKHf/mfoznxAB
GosGwFdo/WXCjee5UyHUKodJ0zBCUYwr7ZkYjbrIZZ9n2utrQXf9KT0t7WpkRyf3
En6xrHhDGr3Uceb+n5cZmSijMKKqR2ei1yfnawNiadq/SFNuw6Wa0qYGQ05Ud9g0
yiMk7wov5vWnn+aGLFeSEgkn8kFtF+iMfVkN3ygcwNbyKRG2zIJjAmWnzLlBInH1
wk26/seuR1DGFb7FYsh13AkDZytaNL6theFJjTk0tmdZRSCK/gxWzu7CPJV1BQje
NgirvC73249vxlB2bJ7hA2vWsoSZ/zgJ7ykpj6gbgc0+8+Y6ZdkwlwXUgPY0bBar
gQMcIarkU0UK4TZrbSheiKYEp9JmvLSyPx6zUaBRL8NmVNlBjnfk8HU9o0wQPI4s
KKHyNIiq5fiYDl/ETBh885Hz2TW7MrCS5qJMTuXvy+JjKlkzdxtafykgBQC4S4ZX
4evIETn3MmHVqopVfbrKKBQD3PT0opde2ZTZjL39HYVCc77fqq/9s2OcyMLK1VtG
4+KKrmkjkr9TjICV2bcAIbr+47gTiQ1GbZ+I5W/fD7m+PL5Zl91iAHB3zPWBm3Dl
Jk8Xc3haMg/tjIFdNYLkWoXmQJJN/RPSHYDwx6EqUNgw+T8CNoauC2LIzcUjDWzh
WFpMzNyhVrHHW+3dqPcj1wFBG2sHildQyv79UoTL/cDEXa5Q87AAHDn+wh4fMxXn
g6XnqyrWjHBcLEFMNr9pYFMcaweCqYNiWJj/HjtR+XaKLIB+F/eFkzL1GysZiSV+
ua6pRPkUzc7rd1CVtvQdfpSBjYkha09LNcSFRtatbjg4Z2srhFs99AjmhC+uV+Pp
cXTbCQqioK4UGAQ4u3YQQyJDyfTo5Lwrm5W+rRkRcnhiGxSgbQZ3p9X2mCi4siMR
VqUdpQ9dO5esdUiK6/20eCYJ3n7Abjm+4pbYPgH4VV6InWGCpgJeQnePPsnVjVCI
uLcYFZo3MsJoTdK/TrpvgYiWG1l4qT67++iKWsveISqZtmjht5tLMFDcXRyq7n/X
Y6GZJtLgRsO+lXzt8CdRksQhZHA2TJARz5oHiGYAQhNBBwavNgY4vZih7GXOr37n
G3aVWPxp3k1mxKVj6qNcH6jwlpOZAWwom+7ErExNU9s5eHy6vXygRUNokMN+cQMC
XYIhCYI3EnCftDLjSzYsYb7cHSjWfcisHxlrPBQ6YR9HjYx8nRPhilRebGxMGScs
S5ZMsNqycRzmJ+htvxEFzaKrWDP277XR0A74nUNOiOWLiR8cADnY01dlV9o3XI4/
89+1ZmM239ffXaj8AuurQeYZheQDp3OdxeAvyW1mRtk/QOq4X4GBNa6e0lRCVh3E
GpYRERlxJHsZjIZTOtSgXu+3Cw3KXku/n3yQ5h1fPgr7DnDW5Gxgf/QxHpI7gaAl
O19DAbaDJtXVJ+A/DGblEgf7xKpWp9Yppl9IcPnwesNPcmFzMbX6dgjQNEdokcvv
V/73KvZj1QgYniQCG9WEKKK5jxbwz5E9O+L99Ypg8u/oxi7+VBT2ZHj/jlSxtRnA
6tsdeBAAy+OKRLEMaQEjvblc7xMrrcrMKH5yeKiKrVIyc+ujr55oPZQUb2QqVk5B
HXIaCdnZ+2+T6GOsqM5EwgLjvFGch7yIW9T9C2I2d5YdcLBc6lv/1MlWKs0lBTLR
69Xrlh2is2mzX+b9yM5xuPG1djA1Qzz52SLEfdwHUzGUJA5FlYz1EdMPTkKVmlcp
rTkK5feh80H+h6ycwP97150Kq3GkaFxDjQjXAREG5dV/NFGDuYsGaS73eDrrDbvb
bRGfdXk5nCKILOXaXt/SIya+cuncqYoQ7FVROIJHCYUaU5Omk2j4xRFpuqYXvajn
FE5tOkGfIEicYGfvf1sA1MFszOcS8kPGCqEiIbyFrzX2M7e6ljGP44GC03c0bA/Y
YmTDjy+9W6eirkdLnOun+hsA/SHpql1EpzcOJWjkFSAmHKQfYMM9uIud8dFKbaS7
Mml9Bt17Fuv6hGYpNBbJ5OzWclOaJGXWJ/E2beuEHrE9JxV+jBfm8f7U6hzbHhAY
j7Jdcsr/ckq9+6cYr0TcNhhmj+Fex5sqkZhDqiSBME1GIo8B0T/c4wncFru8AOw0
sYjd/8E0ljZvgkeztQN6GrM0bwr7kc+C0DT2bjvvziwn8uIp9eghQ4tVf4Q6b+dr
Lw+/Oz9Yd98/Mn3bhFDJY08dCIm25GxI9cyRnltzz3RvBZPFBA+9UjM4J27J904X
ACeOjunqnIgYa4CNjoMLEey0oKa2UKq1+koiATvW042gIxW80Ceo9Az36Z93CXIt
1d38Djp4V46KWP4tYanubJujTwIFy5DHlcM5x0FbaR7Nf+uWMhAekNRQE0uo/kGG
5IJOh7pQg3LjUw+GMYTCDO5En2xQWPJBiRlvF2msm4OYXzvfu429MAdQIiWeLI7h
XRMHIEF9Ks1INTsY6wJQlOE3IAa7UlrT+afrApeY3JYgSnxt//JRql/eC2YHhrP7
YpX0fZvSlcU3sunGf01LifyqA2M27AMBR5+9oLLzFp6BolC5UY3ZR427gr7vpuyz
OoUBWQO/mHNXIsGivGdct605BUmKyas8slhggNH1eahXkImHxex47lmaq896g3Lh
e3Dyy2TGEof9xUIl0SGwz1xQwFoeNMf9pQv1FSUDfq3C0AllYwZotvOGZekmoago
+CQJIKEBdqYxzODGR3p/ACaUnBseJGaFx6fhmFUo+V8tg5a5tLuzhrByVjfmS1zb
ShssJ3dyo+22X+x+OvczW/+DSCS9ZQOUoeW2PzL5sqVKvdrXZcNu40XKF3ETJbv3
sLxYHbXA8iKwug9bT0pR6C74Di5A3ojdLIeBFzukE5u9L+20y0Ek6aslDcwxEkUF
iWscHNUBvplD1OqNYpfCHg4cj8SdSa4GtI2QKEJd5tcp1TXdzR6RqmMNEtue3fKv
uq9DZoHsy6TmUCbqUbTs1FJGjzmvSOgZ+0Tn54FJhPQnwUBTFyV7HvBu/ScvUphH
cPnRFd6GiyvFRu/VMirmHY3EHjHGyyUAyIYZVOsm6WqHorhpQq6NYqwtsbryuDDN
tpQYMg8lcR1OJUpnJfYtkPCijoFjQpjVixALOem/hpnOlK/I1AgHarewfK2o9gQ8
RKtdLT8S/P4mvoDT7mhR/s1G6Eu9VBQg+R9vkkH41am6j+9J9QU4zlq6f4koAn9B
ySWnFLYnuJdy+VQ0dDv4KrZizzythJMoYPXGI0ZiD0pFtsOSZbJZ4iPRYs6O8EXr
nd90FrVt58tOLcbIryr4ZcN6xyAjg2UOnM+B69Y92hQIE7Bgx1gMmbJYCjRtlYm3
1XilstVTTUwO00+lN26c+nReSxBgUYXbxwmlxuE0TUgboYeQiMcRvp4/eninHyH4
v8BqZH3O89e+STKoJE/xG2YOR0GTYugbl15oz2QLgAt9BO8rErXXhePBhNip7pr7
erQn/XkvVH90Y27xatE1vBOTvcDsPqLebXSKUlSmYgTuWGxtMtkqJvkHI0qKZV4M
YBMGeZuINIRkt+MVk28JYtvXhZxL8M8/BDQtzA3vGtufD31UeCQrYTHoGFKDcJv+
YgfriVeqd5uD5CWgcOmHt1bTqlIuZRmUQ6HADwcFWu4c2p54OLpz6/j+ZuFPzmVi
49L6a+MrJA4iICXrCbgpanfM3mwcUubvzzi2cVNUfjDHArX29ztzxhCmpqzrJw+R
KcW31b5F2AMSmS/32WoF7j6+DERFKKPe/pXvmE2kwuatoUCsPfN6+T0Apq76Uzyg
pgFH+PSoXoQQU34npkqfbntHK72M3t7tq1ggnXSmJEYvHCIYTpa62T08gSQcRCao
1+qiOIGG2fuEFtE6YesNu7/DXSzxluTZglQ1abV6DmRh2h9BITZUWJXYyNXNkvLb
Q8qEu8Xzui9Yn+4pcOLJWz7IiFJE3MUCMNTMr8v3S/ThDYAqMUG1u9hZeWdzw3+A
ZluxgipJ87aUE/fApQvr0pv3yxOidwqujLAqUgnG30cTxO8ddt1i41WNhaR1pRlt
QN4UtVggVPW3aKi8gFtpLR9npiSRi2NyY2a6c2bFaqwvVbxMh4gUwboX6VWyzj/T
HrrvyG1M4hYXQ4Dk8f3FfnMSD53tMPuB98CciUlF/hUUj2DRt5RdCEyImg4YnXdw
e+WIf64/4fEwuZBQglvPd/JQO7vI6QdFYxPiVOmNGmjUeaJ7cKaVmRokO81Nep3P
mhEG6m7nII9Tdc8IsKr63GnDwliuWQT8yuSzMr1eICZovdH5ponVj2QbbPAz83Ml
Do2ezHXLm0AQeZcr1Rn81M0HfH2yKNQgQKL81Lc1uU9epQth1TLa2+lyDPiHifR8
+Xi0ku/tVuJ8xTSsg4sgBQMjTA1hLgUnZEtE3tiDSm+IeQOEYEBEbscUKgNf5Wvd
E0lQA6S3DasM5vTsC96IlOLde6qlrjC5z0bYHPfZjzN0s5ISkR1a3fyz/qW37dmn
cmzcTpett44XS3txl73/ZQi1eSA0ve7NzWtf7CYtLcFlWOtYEHBsaX/z6NftM7h8
sdvX0RETYsSqtjr9hi46rHacSAPcRSyB9e0i26xNKDVLrXZBLFPwei3joLd43YCO
LkuwttpNd7ylvtaKK24PxEvVEJ/R920wIPOgs2h2RjiCI+Kyp0/Xx29XCOrZeMSr
Vwwx5Nw3uWsOMcqC2ign5ZJT97K1Y43RYjsadfsxmZwkDCNcSaXD+lT0qH5XsQPs
9UyS3CoUMsc/VQKql1mx2Et5DG0QLcHmrJWTV1m1t03S/guuHgnUmrxUL6ds92vA
B+l3VJbvod7ge51nBfP+t/pmeex55zgTBQL/VPhH1Hw/9IP48WpK5G1ThLf274eT
fleAkGel1s3PtSGupNJc0/bS4PoB1d4ecMSoLHgKuktNsAXCGTFbsCDLsE78l9FW
4TMz1HFiaGZtu/gS2jylxSX6AIUEugI1G80wx2d1ECGWpZ0d6KGrO7yOSV/d0TLF
eLPsrxrxB2vHdC6c80ooQDN5dBbgmi1l9cWtThlBysOaqWE/ZilK+/orFQjzn/0o
61PPkbsKhN1cnC2md0fF524ThCzP5/mBLdcqPUcbFSthy6f2c7X83ZB6PC2vTMK4
93pP0IGQO+VEKTWnZ3jdB1m5fz/pU6MnE2oO7+eBRsIvAGNU/wqS8E7oTq5DwuKG
F16CRuTix1R6mjVsJllOOQKUq7BINb3ANvsiIZ0COTuRYp4DwBhdK0pBEb4XaqeF
USrQvPLtRvoYhcI0U1FuJEWzY7FlE0AaQHfM38ndBFE7HqLYrkkm+svPb+2BdZN3
bhAeO3GyN15kwNAVyld6WGPeEG0Fbn/xDqdrjcsT44jqsSdnxienU219jplualAd
mAb22wYizfYO9sWvO1oPWrlA+i8QfpjEMG+/ggUwZlTdbwcBW2V/hO394VzT2nXX
o+Y6lUDA+HKJpAxsFnMGs859yLpWT7FXg1391x5mv4wJCsyo+YEHiCCQyiBzg8os
cBp4AqqDEc3vx5X3SqxlVKUAGH5dz1Q+e/XbBnvFlxMm+4llt1vXmMWCwvg1/qTd
LE2sT4SkhwTAngduYEiDXNF6Z8rbjD1WIT5J42iQ/DVs+CI9voJRf1PFLue3GrAB
KMKSUxP5YCTGfZs05ggz+0HrTKuKGoPuwFUObnNaBSfRTRXdoqo3j3rIIZHcS8fZ
N0JzdDlZTZhvfXHl9kSWqBLzfSNXAU7Bc0S5I5SNcjoCTLSkMjC5aqDzj9IO8aQM
EEYw+a+EdPJXjpM5hMvtjbgBpBZmvfwaLw/i0O6F0wRcGPkfQeqAs8ayN1fGgF9X
4Y3cvkfbEhCdofzNScwU8IExRM4gV/lQx3Y9UqU3ZljlsINcB3+TCrWeOsXqET5J
luv+rteokyVszZo+2avR/16O6zjO2N2u5O5iGwUbMahTX/K5lQ7Twzz3DxeGAoJh
vGma+eMa8AeRGosKdqrW3fCFzQdBAYIPAxxLbGOnHYfETcQUNy02NoPx3FuYDzW7
DLAMnVrOhOlMux55Aw22SqmLavJB7CJfg1ZMo8TWMBgr0TPVKIy4uPrl11AyGoB8
XW9xbVs3Ix/2ZGzlOljHF3JD4A3iczApOrKsVU8/iq0nK0Q8ZX3CEfSHNp8xQ5l0
d4WmSprgr7ygI7tVR8+TJg0aG2e+g9i5Kk8Tne9uflg1KRNsXukA1nQ5hWy20/hX
kR9imUMiiWDZfwCuju70oH6MmVlyb1XdJo3Ta5R6KIkTfi8Kr6sIw1wqfQC6Sjxa
CiWJPf66bCibMSmV6aJCLbyZwAaugLTzGr6fgj50CCd0TqOp1C9iBH6iq7wMJlSh
7AsYi9zgiNotniefs3VaMYFgpMe+52O/uu/BhdAmc0PScDhQtVAKZ1bUcQfx3xVs
JLCCcbb9Nvoj0YrR3XJTvUuzggM5Qw5IOcuUB8iqHgV+2mPzmoIhocilVbM/nSYM
8qA+mTPHXuNa83UE8OOYq2OOz/SfivPG33ncyj4Tyig3qgSoTPlBePSdAkqmVZE0
9bH0zlPYbF733qdQal8HTeLNyrkz7xN2aw1vfvFo2jIVLgPZ5yob40RCKSS1esxN
TfqpJvhsPRcZFspBKjN6SQyN4XlJne9srmhxhGJ2NbgKRztnTzGxLtYLAzMcahwk
HN8zp6WbFNdzYps6zJGWQXMGZng8bhtau5KwPavGFcRBoBMRiEnUMS2W/CN+EHon
kUVA362XHfXlvJSlKQldcoouts3NARPfqogN+gFZOZcc1dTqIellPtnbAAQ+qEP8
JWxrwQ5IgCtyc2p27AjpWvaJFokbLWJxCz9mtupe8Es3MzHhqAneus7lUpLkt+vT
nfAhDXJ4F0MC+d/GnzuYkGliGE7LNhwAl89uEIr10TdES/mmMyHkNkRuU6GSIsZy
Il1ymNfwehghz0ZbRVdJS7vO1c6Iowg/J1cmc+laXggcJYm3joZRGTM1e+oEPf0W
yuGnWF62lGfwLAsbAUbh/oxg8RK+vgoz2Eo6oHMHuAG5iJals+6Wr8ZWDc0mUzSr
5EUvEvWt+uGObN05/HMPmgJGkU5Nyoah6V0bBT1ILUSyztsjQFWp8YsE6I0SmhD4
lBcoNrpsxWQXdi0Y3GaimwjoKJuPAKbgllJp4O13K5d1ylLNFu4dcHvTNdwDa3cn
T0XnXuhRSE8u4QJ0AXuvA65u51jxRDJYEAVHwKpLKKuYEhNZHhfHhBC2x6Mw17Bp
XigaHEJpcBy1Nifg3I4bmYGNwEDx+SwC7misHt3jjsjDnTW9dXmuCJNsl6AioMYv
3Tzqe+zUzk/kxPobnbUiKiMJ1OhF77cgS0owqcSvp+oUMo51x4jvfLkiIwsInKMS
S6fmgXU7ydDbCVlFuzYpQXe6oP/olTqDntRalKkkZ2XQwhs/Lc1KpCg0vIWs8q9b
eV4mI/XAzlOzuU6f0svdMsjFB55VvQMGCKsozqx0fYrH2woq76jG1BaiCfxm9vDm
EgAugegN1/PEC5zxM0okIgUwfn2UXCDKtpbd3dJ+h9uL0KLeG81FdULHE2Zv8ImR
+4/oQn1KTMlhcqUT4xkztZm3PteMIwPh5Aa97Pp9PIKcLFgjA8Zk7k/tXqKLfqVP
HejCEAgOzKtrlRDBNsXrLZ9MBzXkzqKMwQlw4jlmAaKMjcoiYsY3/aWzD6ipC7kZ
RetsziD8TC5BMcsy/odv91t+6vnX+Rpen9C6bnFMrkRXtuuWQoNXPyFslZM76MhE
fmVZdddasmx885Fulqjq9myKhp5V0gcyQGpWGew8+bBzBT/vSmoHkqo4eGObGs81
qfV4sVBsIoGlNxCVJNrH+nRkuVI7IsI7kbiC+K2/Ixiu6V9kdG8y4HNGj3PBX/JM
FuQnkpm+i1ruXyyUynIZsNucgva9/lGxS+w10jRQjyTAaETvrqFcnF75wUVf7l+j
sq9Xnk1Okc4dJ3IEvvgtA49ITH5p4+BUanBMV+B/M7uo3EmaiGp3Ttrj1tK4+5tw
nLmaz/svBA+AEwkSJjMhttpI6wU0eUgf5mBy7pca/X9lnillpDW/igrBOAycMMYx
Rj4fLXtcnGdqqVngBcormEzFMVu9QM+9K29tcppaofWUEjAo1oFurMI1cUougYDL
h8dhkKPMfI89kGwbxseoBg+r+Ka+9hRkKPDTfFCeKTonsbwuNjeD0mWgofipfqUL
/VLt8+2rXE1523mawMYJdAV2OFrjFtFRwm5i3RmkDi+D0DjE+xYYG0F5Lxwiia5u
07iZM//EtwXP2MJjGzyoXL/mlCl7aXow6AKMoSQSC6Pb47Cnqw/o/VcNMfLEQu8q
JWIvm7/lUDgL3GfWR38mvkdgFY6piXNt15qPtNDtfmGYrhPVL05cPZqsxzRuASEJ
WjLHUE+/lBquVGhoMBH/J9CRIDmvb1SVyIRGNM4uqUPhBmiXaLiR3zl5262haBv9
rzw+lT4QOmoFJmkE8kZa04Ui0/O7kqwjt9CnpCStCzwiDJLaI84OBA+Bm3dv19XH
Aj13LjuV7k6wYSU1fgDhVyl2CvxrbUbafqcq6g/ANVyfYqrzlT1JMl4yBbHsxmH7
XTMYi7IybhvUP5rKHmJ3E8G5yAGMeZ+kRrPBpm7YTPEJtoW0LGFLsIyIg3jw2e3c
Y/fb83NjuGMNk6wCrBMkKRgNQFzXS1p4rEsv3gZLeQPQ+Qh4TkoOclEI0Kl8zaC1
av0u5Nv4dMSP5/L4HLVJNqzvt/PLHBrwOAlf/PeQ16xwWuZyucxignyfSaefGWpa
3Do6TJUfeQxsGtRrgxErR/TlbwkcItODfuykOdKW8Om/VIvRz+HgYz3AkrxovJyF
IkjR0RNbSkV+6IzdYdtAqsnla/6dJI/8m6qQwxZk/A/yviZMF3YwxA0amYrzUau7
JdIULlfkPWVB+ixpLgUlSmk85j8LnLEraSjTXCelcF6l3Uc/1RfVLaGP8fV9A3Dw
4scd86rYid3fLtc/OLAH9MIkRfkJlUSl+f0i7rOedP2gcVAS8Yzv5Z7VUOo7kEw9
1VtvDtkqGCYLMxrHPK4D5EiuxyXV078Z9FmWrPPwHhMkH3EbCsFRxZbdKKz8xvaB
vh8AWeZHrPz50adwM0wTLpuOKZa+//JwMX6TsElFw2jjBlh60MD2IUW0zfb0qCig
xr3IwZ7yMVbZdhpr+pAatiOTrSYylaCPX+VepxB2qug4IH58i2e302UKliW4BhVM
Y48yd30DXnO48UZsQHJXvXM8gj8YibmpiDMu/UyXCbKTIqc9/YwjrmmZqCXgPwKy
pXmPNmnhZbLP7pJREnllD3pdUD2uvalmSfMi77EQnJirrKzeczZXam7uBmrMCITF
IPPZ9u5H5VDwWRMKUAmtLu8L0VFT6N5r6r1Yv1jLRQqgaYFE90PtVJf4REy7nVoI
8M3++i3rrXd4Mqpig0EzjwjzPkOH8zKnxQUmA3zPSfAmDnJfjq1CYz0MoJS7+XFA
gP4qsaFLe6P07F2PvHCjBofDiIu+RvuNsP/Wn6QdUxpK4E1F2tU4jmsj9mFCHD/E
0P0gjrixO/OWbFQ6Y8FVVNmMNycxC806LMOHT3tTEYg1POo4PoBzzGWfYT8xrQH9
b0kaDMacY4zhEjZuoopz3gwOZWFU/vJLsgqek6UPL6ZHvtqql39kgprowSpfzlN6
sSxibiGpW442TsT6IAvoz+r8Qw2hITK+u8Dcl8SgADMT4ZsGzdY9tVSpkJKkgQU4
4UgC7pGeabboCO23lIRMrly2d37vyKwvVowPFD5f5lqy0XnUMcTjF1Mvk1St6z19
/iC0CIAxdH5LGeXf5NwMt1XXmVrccSEsF1boFQ6hwOufkTZuq5aAeKiFrETgzR6R
dLngbUJ0yxj8PVpRQ9p3hzH9T1qGuwt54NoI0jX4ylOOQu79swwqVr1NoKs05V/e
GoRYgiGLMNv0IfT2xqZgOM12y5m5z7VagQTllecbls6pje26FkP8eUeHaR4CV4ib
uWBeotrlCnPnuGm1H7bEhq1g9UcAR1ji2660NYIs4IDwx0VwT3Fd/8wfkCAACnPm
MCvxeIkMDNxNYiEaFdYy0d/lxTOKgrpNCzC4lcM8xPMO7FDzecsUarx+fk5pQ3+p
5pzwOwugO9+WuAplQoUfJ3p2I7apvM5aBmB17xJgDSgxYzqbsABZRB6PAUAlQqG2
K4/rk71p3k5xCrhcK2HkVDiSVpm/n8uIUNzrVg+VHo9MI9Wtbt33R760YS5vBJOb
r0k5U/NSZLrqAWc7n4DGRQKKk5SE4uIR+CGRu7nM84auZT4YECsofl7RyCY5bkH5
uSaLKxI=
=vH7J
-----END PGP MESSAGE-----
