SN:3K60180500001584 BD:Jul 23 2018 VC:834b9c1 MD5:48f99e4865ed8b810be1bb0eaaabf929
SysTime,                      Time,         Batt_v,      Batt_v_sd,   BATT_PERCENT,BATT_PERCENT_sd,      [CH4]_ppm,   [CH4]_ppm_sd,      [H2O]_ppm,   [H2O]_ppm_sd,      [CO2]_ppm,   [CO2]_ppm_sd,     [CH4]d_ppm,  [CH4]d_ppm_sd,     [CO2]d_ppm,  [CO2]d_ppm_sd,      GasP_torr,   GasP_torr_sd,         GasT_C,      GasT_C_sd,         AmbT_C,      AmbT_C_sd,         RD0_us,      RD0_us_sd,         RD1_us,      RD1_us_sd, Temp_Status_mA,Temp_Status_mA_sd,Analyzer_Status_mA,Analyzer_Status_mA_sd,       Fit_Flag,      MIU_VALVE,       MIU_DESC
08/31/2021 15:53:37.822, 08/31/2021 15:53:37.761, 4.15478e+0, 0.00000e+0, -2.11698e+2, 0.00000e+0, 1.86701e+0, 0.00000e+0, 1.51064e+4, 0.00000e+0, 3.71788e+2, 0.00000e+0, 9.47825e-1, 0.00000e+0, 1.88745e+2, 0.00000e+0, 4.98095e+2, 0.00000e+0, 2.93306e+1, 0.00000e+0, 3.05618e+1, 0.00000e+0, 2.75821e+0, 0.00000e+0, 2.73429e+0, 0.00000e+0, 2.00000e+1, 0.00000e+0, 1.30000e+1, 0.00000e+0, 2, 1, 
08/31/2021 15:53:42.788, 08/31/2021 15:53:42.734, 4.15491e+0, 5.66452e-5, 9.74563e+1, 8.42935e-3, 1.89143e+0, 1.24474e-2, 1.70751e+4, 2.44605e+2, 3.76020e+2, 1.20352e+0, 1.92429e+0, 1.29884e-2, 3.82552e+2, 1.16720e+0, 4.99208e+2, 1.06996e+0, 2.93258e+1, 1.22475e-2, 3.05968e+1, 1.21926e-2, 2.75855e+0, 4.84617e-4, 2.73465e+0, 6.71814e-4, 2.00000e+1, 0.00000e+0, 1.30000e+1, 0.00000e+0, 2, 1, 
08/31/2021 15:53:47.764, 08/31/2021 15:53:47.707, 4.15503e+0, 4.23332e-5, 9.74740e+1, 6.29958e-3, 1.89802e+0, 5.43729e-3, 1.73674e+4, 1.48442e+2, 3.75260e+2, 3.82909e-1, 1.93157e+0, 5.51999e-3, 3.81892e+2, 3.37344e-1, 4.98518e+2, 9.15912e-1, 2.93191e+1, 7.12257e-3, 3.06506e+1, 1.88747e-2, 2.75860e+0, 4.51291e-4, 2.73384e+0, 4.21762e-4, 2.00000e+1, 0.00000e+0, 1.30000e+1, 0.00000e+0, 2, 1, 
08/31/2021 15:53:52.733, 08/31/2021 15:53:52.680, 4.15515e+0, 4.71549e-5, 9.74930e+1, 7.01710e-3, 1.86618e+0, 5.89951e-3, 1.73756e+4, 8.80128e+1, 3.74803e+2, 1.21218e+0, 1.89918e+0, 6.07203e-3, 3.81430e+2, 1.23708e+0, 4.98698e+2, 1.08043e+0, 2.93348e+1, 8.23173e-3, 3.06934e+1, 1.89584e-2, 2.75783e+0, 6.39398e-4, 2.73381e+0, 3.88052e-4, 2.00000e+1, 0.00000e+0, 1.30000e+1, 0.00000e+0, 3, 1, 
08/31/2021 15:53:57.723, 08/31/2021 15:53:57.652, 4.15518e+0, 5.35947e-5, 9.74969e+1, 7.97540e-3, 1.85712e+0, 5.90775e-3, 1.71177e+4, 1.36815e+2, 3.74276e+2, 1.25519e+0, 1.88946e+0, 5.89900e-3, 3.80794e+2, 1.23505e+0, 4.98907e+2, 1.29408e+0, 2.93431e+1, 1.99290e-2, 3.07385e+1, 1.14417e-2, 2.75833e+0, 5.08537e-4, 2.73400e+0, 5.00684e-4, 2.00000e+1, 0.00000e+0, 1.30000e+1, 0.00000e+0, 3, 1, 
08/31/2021 15:54:02.686, 08/31/2021 15:54:02.624, 4.15528e+0, 6.49022e-5, 9.75115e+1, 9.65806e-3, 1.85649e+0, 1.38365e-3, 1.69497e+4, 1.90669e+2, 3.73244e+2, 1.21047e+0, 1.88850e+0, 1.24820e-3, 3.79680e+2, 1.29530e+0, 4.98552e+2, 1.08088e+0, 2.93216e+1, 6.83657e-3, 3.07838e+1, 7.53697e-3, 2.75854e+0, 6.28243e-4, 2.73424e+0, 4.61512e-4, 2.00000e+1, 0.00000e+0, 1.30000e+1, 0.00000e+0, 3, 1, 
08/31/2021 15:54:07.675, 08/31/2021 15:54:07.598, 4.15537e+0, 4.61347e-5, 9.75250e+1, 6.86528e-3, 1.85318e+0, 3.51553e-3, 1.66395e+4, 1.78769e+2, 3.73335e+2, 9.46331e-1, 1.88454e+0, 3.44681e-3, 3.79653e+2, 9.79169e-1, 4.99108e+2, 8.14060e-1, 2.93194e+1, 1.72336e-2, 3.08384e+1, 1.16428e-2, 2.75852e+0, 3.18800e-4, 2.73387e+0, 5.72823e-4, 2.00000e+1, 0.00000e+0, 1.30000e+1, 0.00000e+0, 3, 1, 
08/31/2021 15:54:12.623, 08/31/2021 15:54:12.571, 4.15548e+0, 8.02642e-5, 9.75421e+1, 1.19441e-2, 1.85435e+0, 3.68254e-3, 1.65993e+4, 1.63560e+2, 3.74805e+2, 9.79369e-1, 1.88565e+0, 3.51952e-3, 3.81131e+2, 9.72655e-1, 4.98431e+2, 7.73841e-1, 2.93419e+1, 9.95548e-3, 3.08923e+1, 1.82829e-2, 2.75803e+0, 1.05505e-3, 2.73384e+0, 5.67310e-4, 2.00000e+1, 0.00000e+0, 1.30000e+1, 0.00000e+0, 3, 1, 
08/31/2021 15:54:17.606, 08/31/2021 15:54:17.550, 4.15561e+0, 7.47624e-5, 9.75606e+1, 1.11254e-2, 1.85596e+0, 5.40058e-3, 1.67158e+4, 1.73236e+2, 3.74784e+2, 8.27269e-1, 1.88751e+0, 5.50185e-3, 3.81156e+2, 8.24455e-1, 4.99118e+2, 1.12379e+0, 2.93432e+1, 5.25710e-3, 3.09460e+1, 2.39593e-2, 2.75794e+0, 6.04003e-4, 2.73357e+0, 8.68853e-4, 2.00000e+1, 0.00000e+0, 1.30000e+1, 0.00000e+0, 3, 1, 
08/31/2021 15:54:22.578, 08/31/2021 15:54:22.522, 4.15548e+0, 3.32190e-4, 9.75410e+1, 4.94330e-2, 1.86087e+0, 2.28316e-3, 1.67260e+4, 1.46323e+2, 3.73408e+2, 5.96846e-1, 1.89253e+0, 2.39577e-3, 3.79760e+2, 5.94209e-1, 4.98811e+2, 1.10532e+0, 2.93449e+1, 2.66731e-2, 3.09966e+1, 2.90647e-2, 2.75781e+0, 6.88442e-4, 2.73336e+0, 3.53203e-4, 2.00000e+1, 0.00000e+0, 1.30000e+1, 0.00000e+0, 3, 1, 
08/31/2021 15:54:27.553, 08/31/2021 15:54:27.495, 4.15566e+0, 7.90619e-5, 9.75681e+1, 1.17652e-2, 1.86146e+0, 3.25264e-3, 1.67682e+4, 1.60240e+2, 3.73198e+2, 3.93918e-1, 1.89321e+0, 3.08427e-3, 3.79563e+2, 4.36004e-1, 4.98810e+2, 9.64826e-1, 2.93641e+1, 1.37896e-2, 3.10511e+1, 2.91960e-2, 2.75800e+0, 5.32604e-4, 2.73314e+0, 4.41180e-4, 2.00000e+1, 0.00000e+0, 1.30000e+1, 0.00000e+0, 3, 2, 
08/31/2021 15:54:32.525, 08/31/2021 15:54:32.468, 4.15570e+0, 3.27180e-5, 9.75751e+1, 4.86875e-3, 1.86511e+0, 2.90466e-3, 1.66666e+4, 9.47181e+1, 3.73126e+2, 6.30160e-1, 1.89672e+0, 2.86924e-3, 3.79451e+2, 6.23513e-1, 4.98871e+2, 8.77753e-1, 2.93666e+1, 1.00331e-2, 3.11089e+1, 2.66264e-2, 2.75799e+0, 2.98065e-4, 2.73319e+0, 2.16037e-4, 2.00000e+1, 0.00000e+0, 1.30000e+1, 0.00000e+0, 3, 2, 
08/31/2021 15:54:37.500, 08/31/2021 15:54:37.440, 4.15576e+0, 4.93350e-5, 9.75829e+1, 7.34152e-3, 1.86655e+0, 3.07995e-3, 1.68153e+4, 9.17419e+1, 3.73656e+2, 1.01433e+0, 1.89847e+0, 3.10368e-3, 3.80047e+2, 1.01835e+0, 4.98590e+2, 1.11991e+0, 2.93658e+1, 1.52138e-2, 3.11628e+1, 2.79195e-2, 2.75832e+0, 5.67888e-4, 2.73310e+0, 6.16731e-4, 2.00000e+1, 0.00000e+0, 1.30000e+1, 0.00000e+0, 3, 2, 
08/31/2021 15:54:42.469, 08/31/2021 15:54:42.413, 4.15582e+0, 7.81913e-5, 9.75927e+1, 1.16356e-2, 1.85228e+0, 4.82553e-4, 1.67816e+4, 9.27410e+1, 3.73214e+2, 4.45923e-1, 1.88389e+0, 3.69697e-4, 3.79585e+2, 4.40439e-1, 4.99038e+2, 1.03570e+0, 2.93735e+1, 1.63123e-2, 3.12167e+1, 2.26648e-2, 2.75741e+0, 4.42538e-4, 2.73287e+0, 5.33481e-4, 2.00000e+1, 0.00000e+0, 1.30000e+1, 0.00000e+0, 3, 2, 
08/31/2021 15:54:47.440, 08/31/2021 15:54:47.385, 4.15588e+0, 8.94220e-5, 9.76006e+1, 1.33068e-2, 1.85513e+0, 4.31208e-3, 1.67055e+4, 1.14933e+2, 3.72919e+2, 7.96462e-1, 1.88665e+0, 4.35336e-3, 3.79255e+2, 8.26287e-1, 4.98603e+2, 8.31548e-1, 2.93852e+1, 1.70821e-3, 3.12791e+1, 2.41680e-2, 2.75791e+0, 5.89158e-4, 2.73304e+0, 4.32777e-4, 2.00000e+1, 0.00000e+0, 1.30000e+1, 0.00000e+0, 3, 2, 
08/31/2021 15:54:52.413, 08/31/2021 15:54:52.359, 4.15589e+0, 9.74305e-5, 9.76025e+1, 1.44986e-2, 1.85293e+0, 3.61952e-3, 1.66584e+4, 1.05688e+2, 3.72455e+2, 8.67282e-1, 1.88432e+0, 3.69088e-3, 3.78765e+2, 8.57150e-1, 4.99121e+2, 1.06379e+0, 2.93914e+1, 1.88645e-2, 3.13283e+1, 2.60244e-2, 2.75789e+0, 3.01745e-4, 2.73320e+0, 4.39969e-4, 2.00000e+1, 0.00000e+0, 1.30000e+1, 0.00000e+0, 3, 2, 
08/31/2021 15:54:57.408, 08/31/2021 15:54:57.331, 4.15589e+0, 6.59183e-5, 9.76030e+1, 9.80928e-3, 1.85409e+0, 4.26176e-3, 1.66247e+4, 2.08706e+2, 3.73054e+2, 9.27624e-1, 1.88543e+0, 4.09316e-3, 3.79361e+2, 9.15680e-1, 4.98546e+2, 1.07845e+0, 2.93684e+1, 1.38503e-2, 3.13911e+1, 2.39410e-2, 2.75801e+0, 5.16463e-4, 2.73227e+0, 2.92708e-4, 2.00000e+1, 0.00000e+0, 1.30000e+1, 0.00000e+0, 3, 2, 
08/31/2021 15:55:02.356, 08/31/2021 15:55:02.304, 4.15589e+0, 6.10691e-5, 9.76020e+1, 9.08767e-3, 1.85664e+0, 4.34923e-3, 1.67450e+4, 1.55459e+2, 3.72941e+2, 6.22163e-1, 1.88825e+0, 4.37222e-3, 3.79293e+2, 6.35685e-1, 4.98990e+2, 1.04638e+0, 2.93925e+1, 1.50276e-2, 3.14546e+1, 2.43073e-2, 2.75757e+0, 5.36442e-4, 2.73230e+0, 4.15961e-4, 2.00000e+1, 0.00000e+0, 1.30000e+1, 0.00000e+0, 3, 2, 
08/31/2021 15:55:07.334, 08/31/2021 15:55:07.276, 4.15596e+0, 8.68332e-5, 9.76135e+1, 1.29216e-2, 1.86978e+0, 7.78953e-3, 1.69229e+4, 2.07076e+2, 3.73697e+2, 1.03069e+0, 1.90196e+0, 7.97950e-3, 3.80129e+2, 1.01461e+0, 4.98804e+2, 1.17443e+0, 2.93925e+1, 2.25636e-2, 3.15158e+1, 2.40928e-2, 2.75728e+0, 4.47247e-4, 2.73248e+0, 4.20657e-4, 2.00000e+1, 0.00000e+0, 1.30000e+1, 0.00000e+0, 3, 2, 
08/31/2021 15:55:12.303, 08/31/2021 15:55:12.249, 4.15601e+0, 8.74535e-5, 9.76205e+1, 1.30139e-2, 1.88262e+0, 3.04732e-3, 1.71553e+4, 1.90611e+2, 3.73489e+2, 1.01171e+0, 1.91548e+0, 3.19434e-3, 3.80008e+2, 1.01279e+0, 4.98547e+2, 1.05342e+0, 2.93910e+1, 1.75476e-2, 3.15839e+1, 1.87008e-2, 2.75784e+0, 7.96968e-4, 2.73235e+0, 4.58009e-4, 2.00000e+1, 0.00000e+0, 1.30000e+1, 0.00000e+0, 3, 2, 
08/31/2021 15:55:17.282, 08/31/2021 15:55:17.222, 4.15602e+0, 6.16481e-5, 9.76226e+1, 9.17382e-3, 1.87503e+0, 2.22995e-3, 1.74551e+4, 1.40668e+2, 3.74433e+2, 1.01424e+0, 1.90834e+0, 2.42654e-3, 3.81085e+2, 1.03928e+0, 4.99027e+2, 9.69956e-1, 2.94290e+1, 3.28961e-2, 3.16523e+1, 2.26334e-2, 2.75790e+0, 6.35197e-4, 2.73227e+0, 3.53859e-4, 2.00000e+1, 0.00000e+0, 1.30000e+1, 0.00000e+0, 3, 2, 
08/31/2021 15:55:22.249, 08/31/2021 15:55:22.195, 4.15612e+0, 7.27578e-5, 9.76376e+1, 1.08270e-2, 1.87120e+0, 8.04049e-3, 1.73604e+4, 2.15723e+2, 3.74030e+2, 1.50170e+0, 1.90426e+0, 8.05537e-3, 3.80638e+2, 1.47449e+0, 4.98603e+2, 1.00377e+0, 2.94302e+1, 1.48201e-2, 3.17121e+1, 3.27414e-2, 2.75748e+0, 8.35023e-4, 2.73230e+0, 4.79650e-4, 2.00000e+1, 0.00000e+0, 1.30000e+1, 0.00000e+0, 3, 2, 
08/31/2021 15:55:27.229, 08/31/2021 15:55:27.167, 4.15613e+0, 8.89445e-5, 9.76386e+1, 1.32358e-2, 1.86047e+0, 2.80861e-3, 1.73277e+4, 7.66168e+1, 3.74001e+2, 9.06638e-1, 1.89328e+0, 2.83591e-3, 3.80596e+2, 9.49018e-1, 4.99052e+2, 1.11353e+0, 2.94500e+1, 2.73179e-2, 3.17796e+1, 2.95599e-2, 2.75744e+0, 7.42419e-4, 2.73209e+0, 4.50896e-4, 2.00000e+1, 0.00000e+0, 1.30000e+1, 0.00000e+0, 3, 1, 
08/31/2021 15:55:32.205, 08/31/2021 15:55:32.147, 4.15619e+0, 6.34170e-5, 9.76469e+1, 9.43706e-3, 1.86807e+0, 6.49484e-3, 1.73034e+4, 1.47022e+2, 3.75118e+2, 9.30378e-1, 1.90096e+0, 6.87161e-3, 3.81723e+2, 9.21875e-1, 4.98640e+2, 1.04780e+0, 2.95130e+1, 2.39999e-2, 3.18374e+1, 2.69293e-2, 2.75738e+0, 4.21672e-4, 2.73191e+0, 3.57061e-4, 2.00000e+1, 0.00000e+0, 1.30000e+1, 0.00000e+0, 3, 1, 
08/31/2021 15:55:37.174, 08/31/2021 15:55:37.119, 4.15625e+0, 5.73964e-5, 9.76563e+1, 8.54113e-3, 1.87513e+0, 3.96759e-3, 1.73439e+4, 1.31710e+2, 3.73880e+2, 1.18691e+0, 1.90822e+0, 3.90141e-3, 3.80479e+2, 1.21420e+0, 4.98755e+2, 9.67067e-1, 2.95112e+1, 2.75864e-2, 3.18959e+1, 2.77827e-2, 2.75762e+0, 5.41801e-4, 2.73217e+0, 4.12168e-4, 2.00000e+1, 0.00000e+0, 1.30000e+1, 0.00000e+0, 3, 1, 
08/31/2021 15:55:42.169, 08/31/2021 15:55:42.092, 4.15624e+0, 3.12328e-5, 9.76553e+1, 4.64774e-3, 1.87213e+0, 2.71757e-3, 1.73475e+4, 1.00272e+2, 3.72855e+2, 5.55587e-1, 1.90518e+0, 2.69989e-3, 3.79437e+2, 5.61752e-1, 4.98905e+2, 1.18648e+0, 2.94934e+1, 1.24207e-2, 3.19586e+1, 2.87741e-2, 2.75704e+0, 8.76044e-4, 2.73141e+0, 8.36912e-4, 2.00000e+1, 0.00000e+0, 1.30000e+1, 0.00000e+0, 3, 1, 
08/31/2021 15:55:47.140, 08/31/2021 15:55:47.064, 4.15628e+0, 6.49131e-5, 9.76600e+1, 9.65969e-3, 1.91823e+0, 2.31171e-2, 1.72634e+4, 1.79115e+2, 3.75247e+2, 1.16788e+0, 1.95193e+0, 2.35319e-2, 3.81839e+2, 1.21709e+0, 4.98536e+2, 1.04810e+0, 2.95280e+1, 2.05963e-2, 3.20271e+1, 2.58910e-2, 2.75736e+0, 5.23285e-4, 2.73181e+0, 4.61892e-4, 2.00000e+1, 0.00000e+0, 1.30000e+1, 0.00000e+0, 3, 1, 
08/31/2021 15:55:52.104, 08/31/2021 15:55:52.043, 4.15629e+0, 8.90943e-5, 9.76621e+1, 1.32581e-2, 1.92132e+0, 8.29715e-3, 1.73996e+4, 1.30563e+2, 3.76118e+2, 6.60337e-1, 1.95534e+0, 8.35625e-3, 3.82778e+2, 6.68641e-1, 4.99145e+2, 8.85952e-1, 2.95254e+1, 1.90117e-2, 3.20934e+1, 2.07934e-2, 2.75705e+0, 4.66612e-4, 2.73191e+0, 2.30101e-4, 2.00000e+1, 0.00000e+0, 1.30000e+1, 0.00000e+0, 3, 1, 
08/31/2021 15:55:57.073, 08/31/2021 15:55:57.016, 4.15635e+0, 1.38883e-5, 9.76712e+1, 2.06671e-3, 1.90314e+0, 4.22250e-3, 1.73664e+4, 1.62084e+2, 3.73483e+2, 8.09202e-1, 1.93678e+0, 4.47992e-3, 3.80084e+2, 8.67733e-1, 4.98421e+2, 1.10109e+0, 2.95287e+1, 1.12817e-2, 3.21534e+1, 2.43794e-2, 2.75703e+0, 6.49201e-4, 2.73140e+0, 4.55677e-4, 2.00000e+1, 0.00000e+0, 1.30000e+1, 0.00000e+0, 3, 1, 
08/31/2021 15:56:02.067, 08/31/2021 15:56:01.989, 4.15637e+0, 4.09767e-5, 9.76742e+1, 6.09772e-3, 1.88133e+0, 7.81050e-3, 1.71910e+4, 1.87909e+2, 3.72541e+2, 8.83562e-1, 1.91424e+0, 8.05067e-3, 3.79057e+2, 9.13441e-1, 4.99046e+2, 1.15589e+0, 2.95266e+1, 2.65754e-2, 3.22128e+1, 2.56309e-2, 2.75690e+0, 4.28015e-4, 2.73194e+0, 6.52440e-4, 2.00000e+1, 0.00000e+0, 1.30000e+1, 0.00000e+0, 3, 1, 
08/31/2021 15:56:07.027, 08/31/2021 15:56:06.963, 4.15642e+0, 5.03267e-5, 9.76820e+1, 7.48908e-3, 1.88857e+0, 1.04737e-2, 1.69953e+4, 1.51514e+2, 3.77461e+2, 1.00825e+0, 1.92122e+0, 1.05857e-2, 3.83987e+2, 1.03702e+0, 4.98518e+2, 8.86441e-1, 2.95452e+1, 1.13787e-2, 3.22870e+1, 3.25301e-2, 2.75728e+0, 5.22843e-4, 2.73177e+0, 6.44102e-4, 2.00000e+1, 0.00000e+0, 1.30000e+1, 0.00000e+0, 3, 1, 
08/31/2021 15:56:11.992, 08/31/2021 15:56:11.935, 4.15642e+0, 3.41948e-5, 9.76813e+1, 5.08851e-3, 1.88487e+0, 6.53026e-3, 1.71249e+4, 1.21063e+2, 3.75695e+2, 1.17510e+0, 1.91771e+0, 6.53932e-3, 3.82241e+2, 1.17480e+0, 4.98842e+2, 1.18454e+0, 2.95688e+1, 1.33254e-2, 3.23503e+1, 3.24633e-2, 2.75678e+0, 5.28953e-4, 2.73198e+0, 3.66759e-4, 2.00000e+1, 0.00000e+0, 1.30000e+1, 0.00000e+0, 3, 1, 
08/31/2021 15:56:16.966, 08/31/2021 15:56:16.908, 4.15646e+0, 5.09089e-5, 9.76877e+1, 7.57573e-3, 1.87058e+0, 3.54722e-3, 1.72186e+4, 9.68505e+1, 3.74387e+2, 6.57186e-1, 1.90335e+0, 3.50990e-3, 3.80947e+2, 6.67634e-1, 4.98728e+2, 1.13887e+0, 2.95715e+1, 1.01745e-2, 3.24143e+1, 3.21364e-2, 2.75686e+0, 4.09787e-4, 2.73143e+0, 7.45752e-4, 2.00000e+1, 0.00000e+0, 1.30000e+1, 0.00000e+0, 3, 1, 
08/31/2021 15:56:21.936, 08/31/2021 15:56:21.881, 4.15648e+0, 7.49776e-5, 9.76902e+1, 1.11574e-2, 1.85855e+0, 6.46056e-3, 1.72973e+4, 8.52666e+1, 3.74572e+2, 9.40634e-1, 1.89126e+0, 6.52686e-3, 3.81165e+2, 9.40217e-1, 4.98681e+2, 1.01016e+0, 2.95924e+1, 8.80031e-3, 3.24868e+1, 2.77317e-2, 2.75710e+0, 6.47127e-4, 2.73171e+0, 4.02985e-4, 2.00000e+1, 0.00000e+0, 1.30000e+1, 0.00000e+0, 3, 1, 
08/31/2021 15:56:26.913, 08/31/2021 15:56:26.853, 4.15655e+0, 7.17471e-5, 9.77015e+1, 1.06767e-2, 1.84851e+0, 3.11452e-3, 1.70852e+4, 1.68883e+2, 3.73521e+2, 6.91461e-1, 1.88064e+0, 3.03401e-3, 3.80014e+2, 7.54645e-1, 4.99009e+2, 1.07026e+0, 2.96021e+1, 7.98482e-3, 3.25532e+1, 1.66497e-2, 2.75635e+0, 2.97804e-4, 2.73124e+0, 3.67783e-4, 2.00000e+1, 0.00000e+0, 1.30000e+1, 0.00000e+0, 3, 1, 
08/31/2021 15:56:31.880, 08/31/2021 15:56:31.826, 4.15659e+0, 7.64630e-5, 9.77070e+1, 1.13784e-2, 1.84739e+0, 1.53201e-3, 1.68745e+4, 1.16973e+2, 3.73307e+2, 9.66575e-1, 1.87910e+0, 1.53962e-3, 3.79714e+2, 9.80989e-1, 4.98486e+2, 1.09474e+0, 2.96029e+1, 1.52852e-2, 3.26238e+1, 3.05521e-2, 2.75693e+0, 8.75311e-4, 2.73173e+0, 9.62168e-4, 2.00000e+1, 0.00000e+0, 1.30000e+1, 0.00000e+0, 3, 2, 
08/31/2021 15:56:36.880, 08/31/2021 15:56:36.799, 4.15664e+0, 4.07901e-5, 9.77148e+1, 6.06996e-3, 1.84625e+0, 2.79341e-3, 1.68129e+4, 1.17590e+2, 3.73805e+2, 6.84210e-1, 1.87782e+0, 2.79590e-3, 3.80197e+2, 6.66300e-1, 4.98965e+2, 1.03632e+0, 2.96085e+1, 2.58476e-2, 3.26874e+1, 3.24921e-2, 2.75666e+0, 6.11820e-4, 2.73149e+0, 6.28001e-4, 2.00000e+1, 0.00000e+0, 1.30000e+1, 0.00000e+0, 3, 2, 
08/31/2021 15:56:41.832, 08/31/2021 15:56:41.772, 4.15665e+0, 6.98257e-5, 9.77163e+1, 1.03907e-2, 1.84873e+0, 1.11970e-3, 1.67394e+4, 3.68759e+1, 3.72866e+2, 8.95057e-1, 1.88021e+0, 1.09667e-3, 3.79213e+2, 9.08060e-1, 4.98299e+2, 1.07050e+0, 2.96481e+1, 3.04651e-2, 3.27604e+1, 3.50930e-2, 2.75688e+0, 4.49621e-4, 2.73132e+0, 4.72993e-4, 2.00000e+1, 0.00000e+0, 1.30000e+1, 0.00000e+0, 3, 2, 
08/31/2021 15:56:46.804, 08/31/2021 15:56:46.743, 4.15662e+0, 5.84377e-5, 9.77109e+1, 8.69609e-3, 1.85361e+0, 6.00086e-3, 1.67910e+4, 1.66499e+2, 3.73054e+2, 1.01028e+0, 1.88527e+0, 6.32149e-3, 3.79425e+2, 1.02461e+0, 4.99023e+2, 1.12476e+0, 2.96445e+1, 1.21703e-2, 3.28326e+1, 3.40569e-2, 2.75668e+0, 7.57074e-4, 2.73132e+0, 6.47610e-4, 2.00000e+1, 0.00000e+0, 1.30000e+1, 0.00000e+0, 3, 2, 
08/31/2021 15:56:51.769, 08/31/2021 15:56:51.717, 4.15662e+0, 4.78828e-5, 9.77119e+1, 7.12542e-3, 1.87188e+0, 3.88889e-3, 1.67242e+4, 7.16104e+1, 3.73012e+2, 7.32283e-1, 1.90372e+0, 4.04696e-3, 3.79356e+2, 7.25737e-1, 4.98541e+2, 1.23563e+0, 2.96344e+1, 8.73362e-3, 3.28983e+1, 2.67039e-2, 2.75652e+0, 3.52399e-4, 2.73163e+0, 2.98697e-4, 2.00000e+1, 0.00000e+0, 1.30000e+1, 0.00000e+0, 3, 2, 
08/31/2021 15:56:56.746, 08/31/2021 15:56:56.690, 4.15660e+0, 7.39592e-5, 9.77079e+1, 1.10058e-2, 1.86433e+0, 2.12182e-3, 1.70636e+4, 1.84383e+2, 3.72255e+2, 7.15123e-1, 1.89669e+0, 2.00237e-3, 3.78717e+2, 7.83968e-1, 4.98769e+2, 8.51396e-1, 2.96740e+1, 1.27366e-2, 3.29696e+1, 2.43228e-2, 2.75708e+0, 5.77404e-4, 2.73150e+0, 3.38727e-4, 2.00000e+1, 0.00000e+0, 1.30000e+1, 0.00000e+0, 3, 2, 
08/31/2021 15:57:01.718, 08/31/2021 15:57:01.662, 4.15664e+0, 8.16724e-5, 9.77149e+1, 1.21536e-2, 1.86128e+0, 3.40627e-3, 1.72248e+4, 1.65263e+2, 3.73051e+2, 9.47213e-1, 1.89391e+0, 3.19349e-3, 3.79589e+2, 9.56999e-1, 4.98795e+2, 1.27743e+0, 2.96804e+1, 2.33437e-2, 3.30417e+1, 2.60285e-2, 2.75671e+0, 5.80352e-4, 2.73100e+0, 4.03961e-4, 2.00000e+1, 0.00000e+0, 1.30000e+1, 0.00000e+0, 3, 2, 
08/31/2021 15:57:06.695, 08/31/2021 15:57:06.642, 4.15667e+0, 8.29635e-5, 9.77187e+1, 1.23458e-2, 1.86962e+0, 4.24342e-3, 1.73440e+4, 1.42477e+2, 3.74280e+2, 1.03612e+0, 1.90262e+0, 4.22129e-3, 3.80886e+2, 1.08046e+0, 4.98628e+2, 8.77951e-1, 2.96878e+1, 1.55950e-2, 3.31157e+1, 2.41545e-2, 2.75605e+0, 5.93709e-4, 2.73088e+0, 8.66426e-4, 2.00000e+1, 0.00000e+0, 1.30000e+1, 0.00000e+0, 3, 2, 
08/31/2021 15:57:11.672, 08/31/2021 15:57:11.614, 4.15673e+0, 1.00654e-4, 9.77281e+1, 1.49782e-2, 1.86501e+0, 4.32041e-3, 1.75870e+4, 1.16591e+2, 3.74438e+2, 9.21024e-1, 1.89840e+0, 4.37454e-3, 3.81141e+2, 9.18714e-1, 4.99111e+2, 9.87938e-1, 2.96909e+1, 8.50778e-3, 3.31874e+1, 2.07030e-2, 2.75666e+0, 5.57675e-4, 2.73128e+0, 4.99211e-4, 2.00000e+1, 0.00000e+0, 1.30000e+1, 0.00000e+0, 3, 2, 
08/31/2021 15:57:16.642, 08/31/2021 15:57:16.587, 4.15675e+0, 4.66316e-5, 9.77307e+1, 6.93923e-3, 1.86808e+0, 4.93021e-3, 1.75369e+4, 1.30245e+2, 3.75114e+2, 1.17457e+0, 1.90142e+0, 5.05583e-3, 3.81810e+2, 1.18354e+0, 4.98400e+2, 6.87183e-1, 2.96974e+1, 9.87455e-3, 3.32544e+1, 2.39862e-2, 2.75592e+0, 5.88452e-4, 2.73078e+0, 5.02258e-4, 2.00000e+1, 0.00000e+0, 1.30000e+1, 0.00000e+0, 3, 2, 
08/31/2021 15:57:21.613, 08/31/2021 15:57:21.559, 4.15662e+0, 3.09804e-4, 9.77117e+1, 4.61019e-2, 1.88008e+0, 7.43770e-3, 1.78842e+4, 1.58280e+2, 3.78764e+2, 2.69173e+0, 1.91431e+0, 7.51136e-3, 3.85661e+2, 2.80034e+0, 4.98845e+2, 9.31842e-1, 2.96971e+1, 1.10507e-2, 3.33169e+1, 2.66241e-2, 2.75602e+0, 3.11744e-4, 2.73089e+0, 5.79224e-4, 2.00000e+1, 0.00000e+0, 1.30000e+1, 0.00000e+0, 3, 2, 
08/31/2021 15:57:26.593, 08/31/2021 15:57:26.531, 4.15657e+0, 2.97592e-4, 9.77041e+1, 4.42845e-2, 1.86145e+0, 7.97700e-3, 1.86228e+4, 1.41145e+2, 3.83717e+2, 1.34098e+0, 1.89677e+0, 7.95339e-3, 3.90998e+2, 1.33845e+0, 4.98765e+2, 9.71231e-1, 2.97286e+1, 1.90166e-2, 3.33912e+1, 2.29450e-2, 2.75505e+0, 6.56131e-4, 2.73020e+0, 2.90036e-4, 2.00000e+1, 0.00000e+0, 1.30000e+1, 0.00000e+0, 3, 2, 
08/31/2021 15:57:31.570, 08/31/2021 15:57:31.511, 4.15676e+0, 3.52594e-5, 9.77322e+1, 5.24694e-3, 1.86002e+0, 4.31339e-3, 1.70468e+4, 1.20572e+3, 3.93171e+2, 4.06907e+0, 1.89227e+0, 3.42303e-3, 3.99986e+2, 3.64992e+0, 4.98699e+2, 1.18624e+0, 2.97520e+1, 2.71916e-2, 3.34537e+1, 2.44958e-2, 2.75689e+0, 3.89887e-4, 2.73058e+0, 5.05989e-4, 2.00000e+1, 0.00000e+0, 1.30000e+1, 0.00000e+0, 3, 1, 
08/31/2021 15:57:36.550, 08/31/2021 15:57:36.484, 4.15617e+0, 5.15398e-4, 9.76450e+1, 7.66962e-2, 1.87712e+0, 7.72322e-3, 1.25016e+4, 1.77572e+3, 4.10921e+2, 5.21255e+0, 1.90088e+0, 4.92158e-3, 4.16116e+2, 4.54056e+0, 4.98421e+2, 1.14585e+0, 2.97737e+1, 3.29773e-2, 3.34939e+1, 1.67735e-2, 2.75780e+0, 6.67774e-4, 2.73269e+0, 4.11674e-4, 2.00000e+1, 0.00000e+0, 1.30000e+1, 0.00000e+0, 3, 1, 
08/31/2021 15:57:41.532, 08/31/2021 15:57:41.456, 4.15673e+0, 7.68752e-5, 9.77280e+1, 1.14398e-2, 1.92823e+0, 3.04585e-2, 8.63884e+3, 9.96586e+2, 4.21662e+2, 2.39758e+0, 1.94501e+0, 2.87964e-2, 4.25335e+2, 2.02050e+0, 4.98532e+2, 1.30492e+0, 2.97649e+1, 1.76946e-2, 3.35708e+1, 2.46165e-2, 2.75924e+0, 7.11020e-4, 2.73379e+0, 7.13776e-4, 2.00000e+1, 0.00000e+0, 1.30000e+1, 0.00000e+0, 3, 1, 
08/31/2021 15:57:46.491, 08/31/2021 15:57:46.429, 4.15683e+0, 5.41117e-5, 9.77428e+1, 8.05234e-3, 2.07814e+0, 6.45050e-2, 6.40570e+3, 5.06121e+2, 4.25803e+2, 1.63179e+0, 2.09151e+0, 6.38736e-2, 4.28547e+2, 1.43196e+0, 4.98638e+2, 1.33567e+0, 2.97878e+1, 8.98972e-3, 3.36304e+1, 2.48365e-2, 2.76018e+0, 3.13639e-4, 2.73486e+0, 4.63339e-4, 2.00000e+1, 0.00000e+0, 1.30000e+1, 0.00000e+0, 3, 1, 
08/31/2021 15:57:51.465, 08/31/2021 15:57:51.403, 4.15680e+0, 1.10515e-4, 9.77385e+1, 1.64456e-2, 2.29777e+0, 7.51779e-2, 5.25185e+3, 2.53632e+2, 4.27352e+2, 1.13870e+0, 2.30989e+0, 7.49985e-2, 4.29608e+2, 1.14738e+0, 4.98841e+2, 1.19920e+0, 2.98197e+1, 1.30136e-2, 3.36979e+1, 2.07105e-2, 2.76104e+0, 5.85546e-4, 2.73534e+0, 8.22192e-4, 2.00000e+1, 0.00000e+0, 1.30000e+1, 0.00000e+0, 3, 1, 
08/31/2021 15:57:56.438, 08/31/2021 15:57:56.374, 4.15688e+0, 7.36737e-5, 9.77507e+1, 1.09633e-2, 2.52747e+0, 6.63865e-2, 4.56350e+3, 2.15714e+2, 4.28373e+2, 9.61498e-1, 2.53904e+0, 6.62038e-2, 4.30337e+2, 1.02522e+0, 4.98781e+2, 8.65543e-1, 2.98223e+1, 2.52065e-2, 3.37620e+1, 1.83238e-2, 2.76189e+0, 6.79858e-4, 2.73595e+0, 4.84118e-4, 2.00000e+1, 0.00000e+0, 1.30000e+1, 0.00000e+0, 3, 1, 
08/31/2021 15:58:01.406, 08/31/2021 15:58:01.354, 4.15685e+0, 7.71001e-5, 9.77462e+1, 1.14732e-2, 2.71097e+0, 4.58260e-2, 4.00502e+3, 2.07938e+2, 4.28719e+2, 1.05640e+0, 2.72187e+0, 4.59116e-2, 4.30443e+2, 1.14068e+0, 4.98573e+2, 1.31380e+0, 2.98508e+1, 9.89752e-3, 3.38236e+1, 1.26452e-2, 2.76199e+0, 7.74161e-4, 2.73598e+0, 4.38769e-4, 2.00000e+1, 0.00000e+0, 1.30000e+1, 0.00000e+0, 3, 1, 
08/31/2021 15:58:06.381, 08/31/2021 15:58:06.327, 4.15690e+0, 8.69057e-5, 9.77532e+1, 1.29324e-2, 2.83236e+0, 2.77848e-2, 3.57904e+3, 2.99873e+2, 4.28330e+2, 8.95580e-1, 2.84253e+0, 2.73755e-2, 4.29869e+2, 9.91592e-1, 4.98723e+2, 1.38849e+0, 2.98687e+1, 1.56194e-2, 3.38873e+1, 2.30559e-2, 2.76247e+0, 1.23333e-4, 2.73621e+0, 3.09049e-4, 2.00000e+1, 0.00000e+0, 1.30000e+1, 0.00000e+0, 3, 1, 
08/31/2021 15:58:11.360, 08/31/2021 15:58:11.299, 4.15691e+0, 5.46532e-5, 9.77538e+1, 8.13291e-3, 2.90986e+0, 1.60044e-2, 3.33963e+3, 1.04389e+2, 4.27307e+2, 9.42433e-1, 2.91961e+0, 1.61290e-2, 4.28739e+2, 9.61162e-1, 4.98682e+2, 1.37834e+0, 2.98706e+1, 1.36285e-2, 3.39517e+1, 3.06595e-2, 2.76269e+0, 5.02043e-4, 2.73654e+0, 5.91678e-4, 2.00000e+1, 0.00000e+0, 1.30000e+1, 0.00000e+0, 3, 1, 
08/31/2021 15:58:16.328, 08/31/2021 15:58:16.272, 4.15692e+0, 5.57351e-5, 9.77554e+1, 8.29391e-3, 2.96395e+0, 1.30720e-2, 2.84908e+3, 8.55096e+1, 4.26878e+2, 1.39682e+0, 2.97242e+0, 1.28950e-2, 4.28098e+2, 1.42540e+0, 4.98387e+2, 1.27254e+0, 2.98979e+1, 1.87885e-2, 3.40247e+1, 3.20671e-2, 2.76365e+0, 1.13932e-3, 2.73660e+0, 2.92954e-4, 2.00000e+1, 0.00000e+0, 1.30000e+1, 0.00000e+0, 3, 1, 
08/31/2021 15:58:21.296, 08/31/2021 15:58:21.246, 4.15692e+0, 4.90126e-5, 9.77554e+1, 7.29354e-3, 3.00243e+0, 1.18591e-2, 2.88801e+3, 1.41303e+2, 4.25283e+2, 8.52613e-1, 3.01113e+0, 1.15701e-2, 4.26514e+2, 8.39619e-1, 4.98532e+2, 1.06241e+0, 2.99069e+1, 1.06714e-2, 3.40888e+1, 3.08722e-2, 2.76333e+0, 6.03105e-4, 2.73724e+0, 7.84603e-4, 2.00000e+1, 0.00000e+0, 1.30000e+1, 0.00000e+0, 3, 1, 
08/31/2021 15:58:26.270, 08/31/2021 15:58:26.217, 4.15692e+0, 8.61984e-5, 9.77562e+1, 1.28271e-2, 3.03640e+0, 1.09287e-2, 2.60619e+3, 1.49266e+2, 4.24483e+2, 3.60580e-1, 3.04434e+0, 1.10386e-2, 4.25592e+2, 3.56412e-1, 4.98588e+2, 1.09551e+0, 2.99464e+1, 2.68767e-2, 3.41524e+1, 2.40431e-2, 2.76307e+0, 6.00598e-4, 2.73692e+0, 6.58939e-4, 2.00000e+1, 0.00000e+0, 1.30000e+1, 0.00000e+0, 3, 1, 
08/31/2021 15:58:31.246, 08/31/2021 15:58:31.191, 4.15692e+0, 7.93887e-5, 9.77557e+1, 1.18138e-2, 3.06518e+0, 1.19894e-2, 2.47551e+3, 1.10051e+2, 4.23787e+2, 8.59635e-1, 3.07279e+0, 1.22463e-2, 4.24838e+2, 8.52444e-1, 4.98637e+2, 1.40376e+0, 2.99342e+1, 2.31127e-2, 3.42184e+1, 2.39774e-2, 2.76327e+0, 4.09702e-4, 2.73753e+0, 5.72735e-4, 2.00000e+1, 0.00000e+0, 1.30000e+1, 0.00000e+0, 3, 2, 
08/31/2021 15:58:36.224, 08/31/2021 15:58:36.164, 4.15693e+0, 7.07109e-5, 9.77569e+1, 1.05225e-2, 3.09059e+0, 1.11813e-2, 2.32315e+3, 7.31481e+1, 4.22262e+2, 8.46597e-1, 3.09778e+0, 1.11266e-2, 4.23245e+2, 8.53148e-1, 4.98706e+2, 1.27203e+0, 2.99591e+1, 1.26178e-2, 3.42827e+1, 2.46370e-2, 2.76341e+0, 1.85145e-4, 2.73726e+0, 5.77733e-4, 2.00000e+1, 0.00000e+0, 1.30000e+1, 0.00000e+0, 3, 2, 
08/31/2021 15:58:41.188, 08/31/2021 15:58:41.136, 4.15702e+0, 7.36776e-5, 9.77710e+1, 1.09639e-2, 3.11380e+0, 9.63017e-3, 2.19722e+3, 3.48784e+1, 4.21765e+2, 6.07577e-1, 3.12066e+0, 9.57903e-3, 4.22694e+2, 6.22919e-1, 4.98682e+2, 1.06545e+0, 2.99779e+1, 5.96008e-3, 3.43516e+1, 2.14895e-2, 2.76339e+0, 3.12028e-4, 2.73746e+0, 2.65271e-4, 2.00000e+1, 0.00000e+0, 1.30000e+1, 0.00000e+0, 3, 2, 
08/31/2021 15:58:46.158, 08/31/2021 15:58:46.109, 4.15702e+0, 5.70736e-5, 9.77702e+1, 8.49309e-3, 3.13518e+0, 7.60691e-3, 2.23705e+3, 9.25510e+1, 4.21027e+2, 8.07256e-1, 3.14221e+0, 7.51991e-3, 4.21971e+2, 8.15163e-1, 4.98736e+2, 1.19777e+0, 2.99872e+1, 1.24012e-2, 3.44143e+1, 2.01453e-2, 2.76368e+0, 4.20451e-4, 2.73732e+0, 2.04512e-4, 2.00000e+1, 0.00000e+0, 1.30000e+1, 0.00000e+0, 3, 2, 
08/31/2021 15:58:51.140, 08/31/2021 15:58:51.089, 4.15703e+0, 5.02207e-5, 9.77726e+1, 7.47332e-3, 3.15529e+0, 7.42942e-3, 2.08488e+3, 2.36500e+2, 4.19402e+2, 1.08000e+0, 3.16188e+0, 6.89016e-3, 4.20278e+2, 1.11080e+0, 4.98868e+2, 1.20126e+0, 3.00104e+1, 1.26739e-2, 3.44752e+1, 2.23665e-2, 2.76332e+0, 5.02804e-4, 2.73728e+0, 2.48478e-4, 2.00000e+1, 0.00000e+0, 1.30000e+1, 0.00000e+0, 3, 2, 
08/31/2021 15:58:56.110, 08/31/2021 15:58:56.061, 4.15712e+0, 3.99180e-5, 9.77864e+1, 5.94017e-3, 3.17726e+0, 9.14892e-3, 2.14683e+3, 1.29310e+2, 4.18484e+2, 3.50018e-1, 3.18410e+0, 9.27630e-3, 4.19384e+2, 3.33231e-1, 4.98524e+2, 1.22342e+0, 3.00223e+1, 1.49878e-2, 3.45247e+1, 2.59708e-2, 2.76330e+0, 4.32179e-4, 2.73764e+0, 4.27956e-4, 2.00000e+1, 0.00000e+0, 1.30000e+1, 0.00000e+0, 3, 2, 
08/31/2021 15:59:01.089, 08/31/2021 15:59:01.034, 4.15712e+0, 7.94149e-5, 9.77860e+1, 1.18177e-2, 3.19668e+0, 4.36586e-3, 1.96374e+3, 1.28501e+2, 4.18020e+2, 1.07318e+0, 3.20297e+0, 4.56668e-3, 4.18843e+2, 1.04537e+0, 4.98657e+2, 1.04762e+0, 3.00411e+1, 1.21436e-2, 3.45922e+1, 1.83414e-2, 2.76349e+0, 4.67774e-4, 2.73784e+0, 4.26654e-4, 2.00000e+1, 0.00000e+0, 1.30000e+1, 0.00000e+0, 3, 2, 
08/31/2021 15:59:06.058, 08/31/2021 15:59:06.006, 4.15709e+0, 7.18506e-5, 9.77817e+1, 1.06921e-2, 3.22013e+0, 8.80301e-3, 1.76007e+3, 2.24208e+2, 4.17041e+2, 4.42221e-1, 3.22581e+0, 9.03026e-3, 4.17776e+2, 4.84256e-1, 4.98639e+2, 1.05700e+0, 3.00585e+1, 2.94758e-2, 3.46646e+1, 2.03669e-2, 2.76372e+0, 7.82247e-4, 2.73799e+0, 6.52341e-4, 2.00000e+1, 0.00000e+0, 1.30000e+1, 0.00000e+0, 3, 2, 
08/31/2021 15:59:11.033, 08/31/2021 15:59:10.979, 4.15712e+0, 4.86410e-5, 9.77851e+1, 7.23824e-3, 3.23777e+0, 6.35938e-3, 1.81696e+3, 2.23625e+2, 4.16099e+2, 1.34798e+0, 3.24366e+0, 5.77202e-3, 4.16857e+2, 1.36809e+0, 4.98638e+2, 1.38703e+0, 3.00802e+1, 9.32346e-3, 3.47169e+1, 2.40986e-2, 2.76324e+0, 8.38257e-4, 2.73764e+0, 5.10863e-4, 2.00000e+1, 0.00000e+0, 1.30000e+1, 0.00000e+0, 3, 2, 
08/31/2021 15:59:16.006, 08/31/2021 15:59:15.951, 4.15708e+0, 4.52271e-5, 9.77793e+1, 6.73023e-3, 3.25654e+0, 3.41263e-3, 1.71824e+3, 1.59877e+2, 4.14767e+2, 7.12970e-1, 3.26215e+0, 3.86182e-3, 4.15481e+2, 7.44758e-1, 4.98549e+2, 1.22119e+0, 3.00717e+1, 1.06133e-2, 3.47836e+1, 1.53055e-2, 2.76424e+0, 3.96190e-4, 2.73863e+0, 6.70169e-4, 2.00000e+1, 0.00000e+0, 1.30000e+1, 0.00000e+0, 3, 2, 
08/31/2021 15:59:20.980, 08/31/2021 15:59:20.924, 4.15704e+0, 4.34083e-5, 9.77732e+1, 6.45957e-3, 3.27034e+0, 5.02964e-3, 1.55339e+3, 7.21285e+1, 4.14420e+2, 5.59886e-1, 3.27542e+0, 5.19549e-3, 4.15065e+2, 5.74687e-1, 4.98617e+2, 1.40795e+0, 3.00945e+1, 6.92635e-3, 3.48501e+1, 2.62726e-2, 2.76328e+0, 6.26324e-4, 2.73722e+0, 5.06969e-4, 2.00000e+1, 0.00000e+0, 1.30000e+1, 0.00000e+0, 3, 2, 
08/31/2021 15:59:25.953, 08/31/2021 15:59:25.898, 4.15705e+0, 2.92626e-5, 9.77753e+1, 4.35455e-3, 3.28261e+0, 4.57406e-3, 1.44711e+3, 1.30241e+2, 4.13274e+2, 1.04755e+0, 3.28736e+0, 4.34149e-3, 4.13873e+2, 1.00979e+0, 4.98593e+2, 1.33472e+0, 3.01169e+1, 2.46344e-2, 3.48963e+1, 1.19830e-2, 2.76409e+0, 6.00897e-4, 2.73780e+0, 4.27255e-4, 2.00000e+1, 0.00000e+0, 1.30000e+1, 0.00000e+0, 3, 2, 
08/31/2021 15:59:30.917, 08/31/2021 15:59:30.869, 4.15710e+0, 3.69585e-5, 9.77822e+1, 5.49977e-3, 3.29150e+0, 5.84164e-3, 1.46363e+3, 6.46240e+1, 4.12222e+2, 5.03986e-1, 3.29632e+0, 5.97141e-3, 4.12826e+2, 5.02979e-1, 4.98592e+2, 1.00166e+0, 3.00975e+1, 1.10878e-2, 3.49621e+1, 1.76554e-2, 2.76356e+0, 5.31648e-4, 2.73745e+0, 8.80341e-4, 2.00000e+1, 0.00000e+0, 1.30000e+1, 0.00000e+0, 3, 1, 
08/31/2021 15:59:35.892, 08/31/2021 15:59:35.842, 4.15710e+0, 4.01115e-5, 9.77832e+1, 5.96897e-3, 3.30462e+0, 4.50085e-3, 1.47815e+3, 2.29199e+2, 4.10681e+2, 9.23887e-1, 3.30951e+0, 4.21360e-3, 4.11289e+2, 9.40746e-1, 4.98701e+2, 1.21996e+0, 3.01047e+1, 9.60863e-3, 3.50334e+1, 2.75475e-2, 2.76357e+0, 5.64947e-4, 2.73762e+0, 5.16522e-4, 2.00000e+1, 0.00000e+0, 1.30000e+1, 0.00000e+0, 3, 1, 
08/31/2021 15:59:40.878, 08/31/2021 15:59:40.822, 4.15718e+0, 1.57751e-5, 9.77939e+1, 2.34749e-3, 3.31699e+0, 3.23539e-3, 1.50005e+3, 1.93207e+2, 4.10992e+2, 8.22267e-1, 3.32198e+0, 2.86916e-3, 4.11609e+2, 7.83599e-1, 4.98766e+2, 1.45724e+0, 3.01160e+1, 1.76121e-2, 3.50907e+1, 1.97999e-2, 2.76369e+0, 5.37772e-4, 2.73803e+0, 7.69269e-4, 2.00000e+1, 0.00000e+0, 1.30000e+1, 0.00000e+0, 3, 1, 
08/31/2021 15:59:45.840, 08/31/2021 15:59:45.794, 4.15715e+0, 8.94584e-6, 9.77903e+1, 1.33123e-3, 3.33016e+0, 6.57466e-3, 1.28984e+3, 1.07843e+2, 4.09945e+2, 7.05532e-1, 3.33446e+0, 6.50850e-3, 4.10475e+2, 7.27329e-1, 4.98534e+2, 1.09238e+0, 3.01258e+1, 1.02020e-2, 3.51576e+1, 1.65623e-2, 2.76402e+0, 6.50654e-4, 2.73801e+0, 5.49748e-4, 2.00000e+1, 0.00000e+0, 1.30000e+1, 0.00000e+0, 3, 1, 
08/31/2021 15:59:50.821, 08/31/2021 15:59:50.767, 4.15720e+0, 4.04363e-5, 9.77974e+1, 6.01730e-3, 3.34385e+0, 6.38743e-3, 1.25548e+3, 1.29797e+2, 4.08727e+2, 1.46306e+0, 3.34806e+0, 6.44565e-3, 4.09240e+2, 1.44519e+0, 4.98741e+2, 1.34238e+0, 3.01515e+1, 1.65737e-2, 3.51984e+1, 1.80765e-2, 2.76408e+0, 4.14434e-4, 2.73787e+0, 6.14470e-4, 2.00000e+1, 0.00000e+0, 1.30000e+1, 0.00000e+0, 3, 1, 
08/31/2021 15:59:55.797, 08/31/2021 15:59:55.740, 4.15717e+0, 5.57692e-5, 9.77930e+1, 8.29898e-3, 3.35689e+0, 7.64799e-3, 1.28798e+3, 1.66479e+2, 4.08764e+2, 4.52501e-1, 3.36122e+0, 7.48400e-3, 4.09291e+2, 4.63378e-1, 4.98524e+2, 1.25666e+0, 3.01771e+1, 1.32028e-2, 3.52713e+1, 2.29994e-2, 2.76298e+0, 6.58015e-4, 2.73767e+0, 3.20618e-4, 2.00000e+1, 0.00000e+0, 1.30000e+1, 0.00000e+0, 3, 1, 
08/31/2021 16:00:00.765, 08/31/2021 16:00:00.713, 4.15713e+0, 7.68202e-5, 9.77867e+1, 1.14316e-2, 3.36996e+0, 6.44320e-3, 1.15260e+3, 1.95480e+2, 4.08060e+2, 9.04823e-1, 3.37384e+0, 6.07563e-3, 4.08530e+2, 8.45428e-1, 4.98589e+2, 1.20190e+0, 3.02092e+1, 1.65074e-2, 3.53421e+1, 2.30228e-2, 2.76377e+0, 6.50937e-4, 2.73791e+0, 5.33724e-4, 2.00000e+1, 0.00000e+0, 1.30000e+1, 0.00000e+0, 3, 1, 
08/31/2021 16:00:05.734, 08/31/2021 16:00:05.685, 4.15716e+0, 2.48399e-5, 9.77912e+1, 3.69642e-3, 3.38754e+0, 5.61338e-3, 1.13055e+3, 3.54301e+1, 4.07775e+2, 6.55571e-1, 3.39138e+0, 5.68072e-3, 4.08237e+2, 6.44614e-1, 4.98664e+2, 1.22094e+0, 3.02280e+1, 1.52736e-2, 3.53954e+1, 1.83081e-2, 2.76363e+0, 6.95768e-4, 2.73807e+0, 6.23423e-4, 2.00000e+1, 0.00000e+0, 1.30000e+1, 0.00000e+0, 3, 1, 
08/31/2021 16:00:10.714, 08/31/2021 16:00:10.658, 4.15720e+0, 6.48759e-5, 9.77971e+1, 9.65416e-3, 3.40150e+0, 3.52988e-3, 1.11714e+3, 1.14064e+2, 4.07033e+2, 5.18321e-1, 3.40530e+0, 3.73291e-3, 4.07488e+2, 4.87118e-1, 4.98675e+2, 1.09703e+0, 3.02654e+1, 1.32325e-2, 3.54507e+1, 2.27560e-2, 2.76366e+0, 5.46041e-4, 2.73768e+0, 2.76666e-4, 2.00000e+1, 0.00000e+0, 1.30000e+1, 0.00000e+0, 3, 1, 
08/31/2021 16:00:15.680, 08/31/2021 16:00:15.631, 4.15717e+0, 5.92958e-5, 9.77932e+1, 8.82378e-3, 3.41810e+0, 6.81918e-3, 1.04910e+3, 4.84265e+1, 4.07352e+2, 1.13273e+0, 3.42169e+0, 6.91123e-3, 4.07780e+2, 1.15319e+0, 4.98782e+2, 1.33058e+0, 3.02800e+1, 1.11653e-2, 3.55119e+1, 2.39588e-2, 2.76405e+0, 3.52227e-4, 2.73800e+0, 6.77471e-4, 2.00000e+1, 0.00000e+0, 1.30000e+1, 0.00000e+0, 3, 1, 
08/31/2021 16:00:20.657, 08/31/2021 16:00:20.604, 4.15722e+0, 5.41598e-5, 9.78009e+1, 8.05949e-3, 3.43766e+0, 7.94017e-3, 1.11572e+3, 1.50977e+2, 4.06423e+2, 6.13841e-1, 3.44150e+0, 8.13107e-3, 4.06877e+2, 6.38395e-1, 4.98464e+2, 1.18648e+0, 3.02977e+1, 2.36710e-2, 3.55733e+1, 1.44911e-2, 2.76379e+0, 5.20204e-4, 2.73848e+0, 5.52011e-4, 2.00000e+1, 0.00000e+0, 1.30000e+1, 0.00000e+0, 3, 1, 
08/31/2021 16:00:25.628, 08/31/2021 16:00:25.576, 4.15719e+0, 5.51093e-5, 9.77961e+1, 8.20079e-3, 3.45465e+0, 4.19373e-3, 9.86039e+2, 9.37766e+1, 4.04992e+2, 8.27669e-1, 3.45806e+0, 3.99708e-3, 4.05391e+2, 8.07582e-1, 4.98609e+2, 1.08214e+0, 3.03104e+1, 1.79341e-2, 3.56118e+1, 1.46180e-2, 2.76395e+0, 1.17140e-3, 2.73781e+0, 5.35301e-4, 2.00000e+1, 0.00000e+0, 1.30000e+1, 0.00000e+0, 3, 1, 
08/31/2021 16:00:30.607, 08/31/2021 16:00:30.548, 4.15728e+0, 5.92752e-5, 9.78090e+1, 8.82071e-3, 3.47149e+0, 7.46480e-3, 9.68643e+2, 8.07563e+1, 4.05105e+2, 9.32874e-1, 3.47486e+0, 7.50094e-3, 4.05498e+2, 9.07812e-1, 4.98510e+2, 1.27021e+0, 3.03298e+1, 1.05556e-2, 3.56719e+1, 2.41083e-2, 2.76404e+0, 9.08965e-4, 2.73796e+0, 5.33533e-4, 2.00000e+1, 0.00000e+0, 1.30000e+1, 0.00000e+0, 3, 2, 
08/31/2021 16:00:35.571, 08/31/2021 16:00:35.522, 4.15728e+0, 2.75137e-5, 9.78095e+1, 4.09429e-3, 3.48795e+0, 8.41994e-3, 8.80175e+2, 7.03563e+1, 4.04463e+2, 9.05874e-1, 3.49102e+0, 8.30516e-3, 4.04819e+2, 9.28806e-1, 4.98491e+2, 1.41056e+0, 3.03432e+1, 1.22711e-2, 3.57266e+1, 1.80735e-2, 2.76426e+0, 9.39109e-4, 2.73806e+0, 3.90384e-4, 2.00000e+1, 0.00000e+0, 1.30000e+1, 0.00000e+0, 3, 2, 
08/31/2021 16:00:40.552, 08/31/2021 16:00:40.495, 4.15723e+0, 3.71571e-5, 9.78026e+1, 5.52933e-3, 3.51001e+0, 8.74284e-3, 8.47344e+2, 5.72915e+1, 4.03739e+2, 7.62708e-1, 3.51298e+0, 8.57984e-3, 4.04082e+2, 7.64131e-1, 4.98617e+2, 1.12694e+0, 3.03666e+1, 3.03197e-2, 3.57897e+1, 1.58431e-2, 2.76348e+0, 5.32073e-4, 2.73784e+0, 3.45307e-4, 2.00000e+1, 0.00000e+0, 1.30000e+1, 0.00000e+0, 3, 2, 
08/31/2021 16:00:45.523, 08/31/2021 16:00:45.467, 4.15721e+0, 4.03399e-5, 9.77997e+1, 6.00295e-3, 3.53050e+0, 8.66794e-3, 8.44511e+2, 8.48233e+1, 4.02612e+2, 1.07397e+0, 3.53349e+0, 8.39107e-3, 4.02952e+2, 1.05985e+0, 4.98414e+2, 1.35425e+0, 3.03941e+1, 9.74999e-3, 3.58501e+1, 2.17477e-2, 2.76393e+0, 3.92574e-4, 2.73810e+0, 3.61433e-4, 2.00000e+1, 0.00000e+0, 1.30000e+1, 0.00000e+0, 3, 2, 
08/31/2021 16:00:50.493, 08/31/2021 16:00:50.439, 4.15728e+0, 4.09304e-5, 9.78090e+1, 6.09084e-3, 3.54944e+0, 1.02087e-2, 7.54138e+2, 1.14040e+2, 4.02240e+2, 9.56933e-1, 3.55212e+0, 1.02386e-2, 4.02544e+2, 9.32059e-1, 4.98651e+2, 1.16740e+0, 3.04056e+1, 9.37687e-3, 3.59116e+1, 2.44819e-2, 2.76411e+0, 6.01160e-4, 2.73739e+0, 3.52567e-4, 2.00000e+1, 0.00000e+0, 1.30000e+1, 0.00000e+0, 3, 2, 
08/31/2021 16:00:55.467, 08/31/2021 16:00:55.418, 4.15730e+0, 5.62621e-5, 9.78120e+1, 8.37234e-3, 3.57381e+0, 7.08465e-3, 8.06500e+2, 1.36882e+2, 4.01862e+2, 1.41081e+0, 3.57669e+0, 6.73948e-3, 4.02187e+2, 1.42772e+0, 4.98624e+2, 1.18284e+0, 3.04220e+1, 8.12725e-3, 3.59806e+1, 1.84915e-2, 2.76391e+0, 4.13234e-4, 2.73815e+0, 3.06199e-4, 2.00000e+1, 0.00000e+0, 1.30000e+1, 0.00000e+0, 3, 2, 
08/31/2021 16:01:00.443, 08/31/2021 16:01:00.391, 4.15724e+0, 9.87440e-5, 9.78042e+1, 1.46940e-2, 3.59703e+0, 7.75582e-3, 7.19591e+2, 6.96605e+1, 4.01799e+2, 6.00286e-1, 3.59962e+0, 7.66214e-3, 4.02088e+2, 6.00862e-1, 4.98631e+2, 1.28349e+0, 3.04352e+1, 2.07504e-2, 3.60390e+1, 2.29246e-2, 2.76379e+0, 3.99486e-4, 2.73766e+0, 3.01141e-4, 2.00000e+1, 0.00000e+0, 1.30000e+1, 0.00000e+0, 3, 2, 
08/31/2021 16:01:05.421, 08/31/2021 16:01:05.371, 4.15736e+0, 5.60458e-5, 9.78210e+1, 8.34015e-3, 3.61650e+0, 7.25855e-3, 6.75710e+2, 8.13202e+1, 4.00969e+2, 2.69609e-1, 3.61894e+0, 7.44017e-3, 4.01240e+2, 2.77017e-1, 4.98619e+2, 1.16102e+0, 3.04620e+1, 1.62061e-2, 3.60779e+1, 9.31343e-3, 2.76476e+0, 7.09053e-4, 2.73827e+0, 6.16637e-4, 2.00000e+1, 0.00000e+0, 1.30000e+1, 0.00000e+0, 3, 2, 
08/31/2021 16:01:10.402, 08/31/2021 16:01:10.351, 4.15738e+0, 4.11763e-5, 9.78247e+1, 6.12742e-3, 3.63800e+0, 8.15131e-3, 6.91315e+2, 1.28159e+2, 4.00785e+2, 7.02095e-1, 3.64051e+0, 7.95107e-3, 4.01062e+2, 7.01229e-1, 4.98767e+2, 1.37784e+0, 3.04669e+1, 1.26111e-2, 3.61334e+1, 1.78483e-2, 2.76393e+0, 4.53005e-4, 2.73809e+0, 3.83565e-4, 2.00000e+1, 0.00000e+0, 1.30000e+1, 0.00000e+0, 3, 2, 
08/31/2021 16:01:15.379, 08/31/2021 16:01:15.323, 4.15737e+0, 5.14967e-5, 9.78228e+1, 7.66320e-3, 3.65973e+0, 7.87376e-3, 6.86763e+2, 8.28541e+1, 4.00207e+2, 7.37058e-1, 3.66224e+0, 7.81335e-3, 4.00482e+2, 7.55739e-1, 4.98587e+2, 1.39199e+0, 3.04729e+1, 1.30606e-2, 3.61926e+1, 1.74801e-2, 2.76398e+0, 7.12907e-4, 2.73753e+0, 5.57631e-4, 2.00000e+1, 0.00000e+0, 1.30000e+1, 0.00000e+0, 3, 2, 
08/31/2021 16:01:20.349, 08/31/2021 16:01:20.296, 4.15730e+0, 7.25211e-5, 9.78131e+1, 1.07918e-2, 3.68008e+0, 8.27162e-3, 6.47655e+2, 1.02479e+2, 3.99921e+2, 3.56264e-1, 3.68247e+0, 8.46100e-3, 4.00180e+2, 3.16947e-1, 4.98575e+2, 1.24691e+0, 3.04973e+1, 2.26856e-2, 3.62410e+1, 1.34098e-2, 2.76458e+0, 7.55631e-4, 2.73808e+0, 6.45673e-4, 2.00000e+1, 0.00000e+0, 1.30000e+1, 0.00000e+0, 3, 2, 
08/31/2021 16:01:25.331, 08/31/2021 16:01:25.268, 4.15735e+0, 4.49507e-5, 9.78202e+1, 6.68909e-3, 3.69881e+0, 8.71931e-3, 5.19633e+2, 8.81063e+1, 3.99137e+2, 8.89998e-1, 3.70073e+0, 8.77541e-3, 3.99344e+2, 8.86416e-1, 4.98728e+2, 1.38690e+0, 3.05091e+1, 1.16630e-2, 3.62753e+1, 1.04316e-2, 2.76380e+0, 5.17285e-4, 2.73740e+0, 5.77902e-4, 2.00000e+1, 0.00000e+0, 1.30000e+1, 0.00000e+0, 3, 2, 
08/31/2021 16:01:30.296, 08/31/2021 16:01:30.241, 4.15735e+0, 7.79970e-5, 9.78205e+1, 1.16067e-2, 3.71818e+0, 2.84731e-3, 6.09087e+2, 6.53824e+1, 3.98455e+2, 1.41527e+0, 3.72044e+0, 2.89179e-3, 3.98698e+2, 1.40026e+0, 4.98634e+2, 1.15949e+0, 3.05418e+1, 1.79410e-2, 3.63155e+1, 1.05428e-2, 2.76382e+0, 6.30989e-4, 2.73789e+0, 5.43093e-4, 2.00000e+1, 0.00000e+0, 1.30000e+1, 0.00000e+0, 3, 10, hhh
08/31/2021 16:01:35.266, 08/31/2021 16:01:35.213, 4.15737e+0, 5.41196e-5, 9.78223e+1, 8.05352e-3, 3.73698e+0, 6.07654e-3, 5.62349e+2, 8.45431e+1, 3.98256e+2, 3.81263e-1, 3.73908e+0, 6.12203e-3, 3.98480e+2, 3.69647e-1, 4.98569e+2, 1.34156e+0, 3.05505e+1, 3.21748e-2, 3.63504e+1, 8.20059e-3, 2.76377e+0, 5.50925e-4, 2.73790e+0, 5.92982e-4, 2.00000e+1, 0.00000e+0, 1.30000e+1, 0.00000e+0, 3, 1, 
08/31/2021 16:01:40.244, 08/31/2021 16:01:40.187, 4.15732e+0, 7.55627e-5, 9.78150e+1, 1.12445e-2, 3.75228e+0, 6.46347e-3, 5.03112e+2, 6.06661e+1, 3.97980e+2, 8.18833e-1, 3.75417e+0, 6.64516e-3, 3.98181e+2, 8.38939e-1, 4.98491e+2, 1.21534e+0, 3.05677e+1, 1.54802e-2, 3.63924e+1, 1.55776e-2, 2.76380e+0, 1.24539e-4, 2.73785e+0, 8.23457e-4, 2.00000e+1, 0.00000e+0, 1.30000e+1, 0.00000e+0, 3, 1, 
08/31/2021 16:01:45.213, 08/31/2021 16:01:45.159, 4.15740e+0, 2.46015e-5, 9.78274e+1, 3.66094e-3, 3.76634e+0, 7.03500e-3, 5.83279e+2, 1.12285e+2, 3.98075e+2, 1.00209e+0, 3.76854e+0, 6.82155e-3, 3.98307e+2, 1.01606e+0, 4.98639e+2, 1.25530e+0, 3.05661e+1, 1.22164e-2, 3.64211e+1, 6.21596e-3, 2.76441e+0, 6.26565e-4, 2.73765e+0, 3.71494e-4, 2.00000e+1, 0.00000e+0, 1.30000e+1, 0.00000e+0, 3, 1, 
08/31/2021 16:01:50.182, 08/31/2021 16:01:50.132, 4.15735e+0, 9.95647e-5, 9.78196e+1, 1.48162e-2, 3.78527e+0, 6.68476e-3, 5.46938e+2, 5.29700e+1, 3.96688e+2, 1.04173e+0, 3.78734e+0, 6.75193e-3, 3.96905e+2, 1.04851e+0, 4.98451e+2, 1.22521e+0, 3.05787e+1, 2.32650e-2, 3.64650e+1, 1.71360e-2, 2.76378e+0, 6.44119e-4, 2.73764e+0, 4.22427e-4, 2.00000e+1, 0.00000e+0, 1.30000e+1, 0.00000e+0, 3, 1, 
08/31/2021 16:01:55.162, 08/31/2021 16:01:55.105, 4.15738e+0, 7.88304e-5, 9.78245e+1, 1.17307e-2, 3.80088e+0, 6.17398e-3, 5.72197e+2, 1.28021e+2, 3.96841e+2, 6.32019e-1, 3.80305e+0, 6.36687e-3, 3.97068e+2, 6.14977e-1, 4.98596e+2, 1.00254e+0, 3.05797e+1, 8.49006e-3, 3.65105e+1, 1.89242e-2, 2.76420e+0, 6.84931e-4, 2.73789e+0, 6.48979e-4, 2.00000e+1, 0.00000e+0, 1.30000e+1, 0.00000e+0, 3, 1, 
08/31/2021 16:02:00.129, 08/31/2021 16:02:00.078, 4.15737e+0, 4.17642e-5, 9.78229e+1, 6.21491e-3, 3.81616e+0, 5.66402e-3, 5.63961e+2, 8.65898e+1, 3.96467e+2, 1.33757e+0, 3.81831e+0, 5.37180e-3, 3.96690e+2, 1.34215e+0, 4.98420e+2, 1.39992e+0, 3.05847e+1, 7.06298e-3, 3.65627e+1, 1.92834e-2, 2.76408e+0, 4.44216e-4, 2.73768e+0, 5.41621e-4, 2.00000e+1, 0.00000e+0, 1.30000e+1, 0.00000e+0, 3, 1, 
08/31/2021 16:02:05.111, 08/31/2021 16:02:05.051, 4.15745e+0, 2.35355e-5, 9.78342e+1, 3.50230e-3, 3.83033e+0, 6.48346e-3, 6.05513e+2, 2.05250e+1, 3.96690e+2, 7.38890e-1, 3.83265e+0, 6.48697e-3, 3.96931e+2, 7.42952e-1, 4.98638e+2, 1.27947e+0, 3.05977e+1, 8.86223e-3, 3.66148e+1, 1.73092e-2, 2.76396e+0, 3.39942e-4, 2.73786e+0, 5.59415e-4, 2.00000e+1, 0.00000e+0, 1.30000e+1, 0.00000e+0, 3, 1, 
08/31/2021 16:02:10.076, 08/31/2021 16:02:10.022, 4.15738e+0, 2.80302e-5, 9.78239e+1, 4.17116e-3, 3.84556e+0, 5.88451e-3, 5.40151e+2, 9.87186e+1, 3.96361e+2, 9.49618e-1, 3.84764e+0, 5.91208e-3, 3.96575e+2, 9.35101e-1, 4.98536e+2, 1.42147e+0, 3.06340e+1, 8.72539e-3, 3.66684e+1, 1.27017e-2, 2.76362e+0, 2.48566e-4, 2.73744e+0, 4.62505e-4, 2.00000e+1, 0.00000e+0, 1.30000e+1, 0.00000e+0, 3, 1, 
08/31/2021 16:02:15.048, 08/31/2021 16:02:14.996, 4.15746e+0, 4.84695e-5, 9.78365e+1, 7.21273e-3, 3.86110e+0, 4.33036e-3, 5.27544e+2, 3.01131e+1, 3.95581e+2, 7.04293e-1, 3.86314e+0, 4.25555e-3, 3.95790e+2, 7.00419e-1, 4.98545e+2, 1.17104e+0, 3.06583e+1, 1.20509e-2, 3.67084e+1, 7.30133e-3, 2.76395e+0, 7.18318e-4, 2.73793e+0, 3.47978e-4, 2.00000e+1, 0.00000e+0, 1.30000e+1, 0.00000e+0, 3, 1, 
08/31/2021 16:02:20.022, 08/31/2021 16:02:19.968, 4.15748e+0, 5.16225e-5, 9.78388e+1, 7.68193e-3, 3.87577e+0, 7.63895e-3, 6.33320e+2, 1.03889e+2, 3.95693e+2, 1.16902e+0, 3.87822e+0, 7.65807e-3, 3.95944e+2, 1.17138e+0, 4.98390e+2, 1.39039e+0, 3.06808e+1, 2.34965e-2, 3.67665e+1, 2.20593e-2, 2.76420e+0, 1.94032e-4, 2.73780e+0, 2.25227e-4, 2.00000e+1, 0.00000e+0, 1.30000e+1, 0.00000e+0, 3, 1, 
08/31/2021 16:02:24.993, 08/31/2021 16:02:24.940, 4.15708e+0, 3.49476e-4, 9.77803e+1, 5.20054e-2, 3.89047e+0, 7.77065e-3, 5.73553e+2, 5.18816e+1, 3.95218e+2, 7.32125e-1, 3.89270e+0, 7.79223e-3, 3.95445e+2, 7.44264e-1, 4.98494e+2, 1.22472e+0, 3.07133e+1, 9.47302e-3, 3.68263e+1, 1.93907e-2, 2.76412e+0, 1.83936e-4, 2.73765e+0, 7.77476e-4, 2.00000e+1, 0.00000e+0, 1.30000e+1, 0.00000e+0, 3, 1, 
08/31/2021 16:02:29.964, 08/31/2021 16:02:29.913, 4.15745e+0, 3.94086e-5, 9.78346e+1, 5.86437e-3, 3.90157e+0, 7.90316e-3, 6.00559e+2, 1.06815e+2, 3.95394e+2, 6.54757e-1, 3.90391e+0, 7.95710e-3, 3.95632e+2, 6.39237e-1, 4.98474e+2, 1.52479e+0, 3.07426e+1, 6.14074e-3, 3.68589e+1, 5.77185e-3, 2.76372e+0, 7.02053e-4, 2.73756e+0, 3.94058e-4, 2.00000e+1, 0.00000e+0, 1.30000e+1, 0.00000e+0, 3, 1, 
08/31/2021 16:02:34.941, 08/31/2021 16:02:34.886, 4.15752e+0, 2.80826e-5, 9.78448e+1, 4.17896e-3, 3.91233e+0, 7.65348e-3, 5.65099e+2, 1.00584e+2, 3.94767e+2, 6.97912e-1, 3.91454e+0, 7.90839e-3, 3.94990e+2, 7.33173e-1, 4.98380e+2, 1.15151e+0, 3.07506e+1, 1.23354e-2, 3.68845e+1, 1.31235e-2, 2.76424e+0, 4.57123e-4, 2.73768e+0, 6.52544e-4, 2.00000e+1, 0.00000e+0, 1.30000e+1, 0.00000e+0, 3, 2, 
08/31/2021 16:02:39.910, 08/31/2021 16:02:39.860, 4.15753e+0, 5.47766e-5, 9.78468e+1, 8.15129e-3, 3.92393e+0, 6.83767e-3, 5.58241e+2, 5.90952e+1, 3.94334e+2, 1.12527e+0, 3.92612e+0, 6.88507e-3, 3.94554e+2, 1.11772e+0, 4.98659e+2, 1.31700e+0, 3.07735e+1, 7.36078e-3, 3.69327e+1, 2.42936e-2, 2.76445e+0, 4.48860e-4, 2.73766e+0, 5.20514e-4, 2.00000e+1, 0.00000e+0, 1.30000e+1, 0.00000e+0, 3, 2, 
08/31/2021 16:02:44.884, 08/31/2021 16:02:44.832, 4.15755e+0, 3.06865e-5, 9.78492e+1, 4.56644e-3, 3.93750e+0, 8.36503e-3, 5.62116e+2, 3.04608e+1, 3.94702e+2, 1.37399e+0, 3.93972e+0, 8.43829e-3, 3.94924e+2, 1.36841e+0, 4.98414e+2, 1.03397e+0, 3.07971e+1, 7.55769e-3, 3.69802e+1, 8.90730e-3, 2.76439e+0, 7.72405e-4, 2.73796e+0, 5.84161e-4, 2.00000e+1, 0.00000e+0, 1.30000e+1, 0.00000e+0, 3, 2, 
08/31/2021 16:02:49.877, 08/31/2021 16:02:49.805, 4.15757e+0, 2.30007e-5, 9.78528e+1, 3.42272e-3, 3.95055e+0, 1.01779e-2, 5.64676e+2, 5.89615e+1, 3.94180e+2, 6.50448e-1, 3.95278e+0, 1.02417e-2, 3.94403e+2, 6.31780e-1, 4.98641e+2, 1.30619e+0, 3.08109e+1, 9.07653e-3, 3.69932e+1, 1.26588e-2, 2.76400e+0, 6.13909e-4, 2.73747e+0, 5.02309e-4, 2.00000e+1, 0.00000e+0, 1.30000e+1, 0.00000e+0, 3, 2, 
08/31/2021 16:02:54.836, 08/31/2021 16:02:54.777, 4.15749e+0, 3.35096e-5, 9.78410e+1, 4.98654e-3, 3.96403e+0, 9.03248e-3, 6.12192e+2, 9.11076e+1, 3.93905e+2, 9.34444e-1, 3.96646e+0, 9.24008e-3, 3.94147e+2, 9.18359e-1, 4.98588e+2, 1.17961e+0, 3.08326e+1, 2.37974e-2, 3.70492e+1, 1.56397e-2, 2.76456e+0, 5.44141e-4, 2.73791e+0, 9.18055e-4, 2.00000e+1, 0.00000e+0, 1.30000e+1, 0.00000e+0, 3, 2, 
08/31/2021 16:02:59.804, 08/31/2021 16:02:59.749, 4.15757e+0, 4.86167e-5, 9.78525e+1, 7.23462e-3, 3.97913e+0, 1.01170e-2, 6.44559e+2, 6.89501e+1, 3.93334e+2, 4.47229e-1, 3.98169e+0, 9.99937e-3, 3.93588e+2, 4.47730e-1, 4.98555e+2, 1.33873e+0, 3.08524e+1, 1.04471e-2, 3.70700e+1, 1.01431e-2, 2.76412e+0, 9.82834e-4, 2.73829e+0, 6.49809e-4, 2.00000e+1, 0.00000e+0, 1.30000e+1, 0.00000e+0, 3, 2, 
08/31/2021 16:03:04.775, 08/31/2021 16:03:04.723, 4.15752e+0, 5.40577e-5, 9.78453e+1, 8.04430e-3, 3.99114e+0, 1.00399e-2, 5.68039e+2, 1.11987e+2, 3.93809e+2, 2.78628e-1, 3.99341e+0, 1.02651e-2, 3.94033e+2, 3.00785e-1, 4.98598e+2, 1.32605e+0, 3.08908e+1, 1.43023e-2, 3.71311e+1, 2.56140e-2, 2.76449e+0, 9.46092e-4, 2.73834e+0, 7.00027e-4, 2.00000e+1, 0.00000e+0, 1.30000e+1, 0.00000e+0, 3, 2, 
08/31/2021 16:03:09.747, 08/31/2021 16:03:09.696, 4.15742e+0, 1.05012e-4, 9.78305e+1, 1.56268e-2, 4.00297e+0, 9.64346e-3, 5.90808e+2, 7.02408e+1, 3.93662e+2, 1.44222e+0, 4.00534e+0, 9.67576e-3, 3.93895e+2, 1.45674e+0, 4.98504e+2, 1.30781e+0, 3.09490e+1, 1.37457e-1, 3.71880e+1, 1.18500e-2, 2.76419e+0, 7.03637e-4, 2.73831e+0, 5.38743e-4, 2.00000e+1, 0.00000e+0, 1.30000e+1, 0.00000e+0, 3, 2, 
08/31/2021 16:03:14.722, 08/31/2021 16:03:14.668, 4.15762e+0, 5.82370e-5, 9.78596e+1, 8.66622e-3, 4.01594e+0, 7.09383e-3, 6.15636e+2, 4.64900e+1, 3.93661e+2, 4.26115e-1, 4.01841e+0, 7.16854e-3, 3.93904e+2, 4.36949e-1, 4.98579e+2, 1.26715e+0, 3.09360e+1, 4.02248e-2, 3.72378e+1, 2.13386e-2, 2.76451e+0, 7.42560e-4, 2.73786e+0, 6.63252e-4, 2.00000e+1, 0.00000e+0, 1.30000e+1, 0.00000e+0, 3, 2, 
08/31/2021 16:03:19.700, 08/31/2021 16:03:19.641, 4.15758e+0, 7.01828e-5, 9.78543e+1, 1.04439e-2, 4.02862e+0, 7.66204e-3, 5.53014e+2, 1.15994e+2, 3.92730e+2, 1.04483e+0, 4.03084e+0, 7.69128e-3, 3.92948e+2, 1.07780e+0, 4.98562e+2, 1.23207e+0, 3.09538e+1, 5.83425e-2, 3.72984e+1, 1.83816e-2, 2.76403e+0, 3.46897e-4, 2.73807e+0, 4.14406e-4, 2.00000e+1, 0.00000e+0, 1.30000e+1, 0.00000e+0, 3, 2, 
08/31/2021 16:03:24.674, 08/31/2021 16:03:24.620, 4.15758e+0, 4.56601e-5, 9.78534e+1, 6.79466e-3, 4.04259e+0, 8.79479e-3, 5.25561e+2, 7.22817e+1, 3.93033e+2, 5.89249e-1, 4.04471e+0, 8.88436e-3, 3.93240e+2, 5.94548e-1, 4.98497e+2, 1.48338e+0, 3.09612e+1, 2.14238e-2, 3.73262e+1, 7.60972e-3, 2.76408e+0, 6.35515e-4, 2.73772e+0, 4.40108e-4, 2.00000e+1, 0.00000e+0, 1.30000e+1, 0.00000e+0, 3, 2, 
08/31/2021 16:03:29.648, 08/31/2021 16:03:29.593, 4.15765e+0, 7.51994e-5, 9.78648e+1, 1.11904e-2, 4.05592e+0, 7.92598e-3, 5.60204e+2, 7.02163e+1, 3.93162e+2, 6.96547e-1, 4.05819e+0, 7.72316e-3, 3.93383e+2, 6.92063e-1, 4.98581e+2, 1.22838e+0, 3.09510e+1, 2.96835e-2, 3.73681e+1, 2.36544e-2, 2.76404e+0, 8.46169e-4, 2.73776e+0, 3.22440e-4, 2.00000e+1, 0.00000e+0, 1.30000e+1, 0.00000e+0, 3, 2, 
08/31/2021 16:03:34.619, 08/31/2021 16:03:34.565, 4.15764e+0, 5.76925e-5, 9.78624e+1, 8.58519e-3, 4.06935e+0, 6.43308e-3, 5.56215e+2, 6.73581e+1, 3.92804e+2, 1.46946e+0, 4.07162e+0, 6.40341e-3, 3.93022e+2, 1.47869e+0, 4.98432e+2, 1.21835e+0, 3.09901e+1, 2.68338e-2, 3.74119e+1, 1.18799e-2, 2.76437e+0, 3.49811e-4, 2.73781e+0, 2.70566e-4, 2.00000e+1, 0.00000e+0, 1.30000e+1, 0.00000e+0, 3, 1, 
08/31/2021 16:03:39.591, 08/31/2021 16:03:39.538, 4.15769e+0, 5.41142e-5, 9.78711e+1, 8.05271e-3, 4.07985e+0, 6.35863e-3, 5.38254e+2, 8.37902e+1, 3.92891e+2, 9.92493e-1, 4.08204e+0, 6.09720e-3, 3.93103e+2, 9.93582e-1, 4.98547e+2, 1.24304e+0, 3.09980e+1, 7.29609e-3, 3.74261e+1, 2.76441e-2, 2.76395e+0, 4.96901e-4, 2.73776e+0, 5.63652e-4, 2.00000e+1, 0.00000e+0, 1.30000e+1, 0.00000e+0, 3, 1, 
08/31/2021 16:03:44.564, 08/31/2021 16:03:44.511, 4.15763e+0, 7.04000e-5, 9.78616e+1, 1.04762e-2, 4.09514e+0, 2.85699e-3, 5.11778e+2, 5.46552e+1, 3.92440e+2, 1.17332e+0, 4.09724e+0, 2.92644e-3, 3.92641e+2, 1.18675e+0, 4.98460e+2, 1.18407e+0, 3.10105e+1, 2.59328e-2, 3.74808e+1, 9.12943e-3, 2.76406e+0, 9.32425e-4, 2.73750e+0, 3.92194e-4, 2.00000e+1, 0.00000e+0, 1.30000e+1, 0.00000e+0, 3, 1, 
08/31/2021 16:03:49.538, 08/31/2021 16:03:49.484, 4.15770e+0, 4.63662e-5, 9.78714e+1, 6.89973e-3, 4.10789e+0, 5.82447e-3, 5.15185e+2, 3.81976e+1, 3.92196e+2, 1.22317e+0, 4.11001e+0, 5.80177e-3, 3.92398e+2, 1.21743e+0, 4.98675e+2, 1.09579e+0, 3.10429e+1, 1.84280e-2, 3.75267e+1, 3.26717e-2, 2.76397e+0, 8.38746e-4, 2.73819e+0, 8.15839e-4, 2.00000e+1, 0.00000e+0, 1.30000e+1, 0.00000e+0, 3, 1, 
08/31/2021 16:03:54.506, 08/31/2021 16:03:54.457, 4.15765e+0, 8.09992e-5, 9.78644e+1, 1.20535e-2, 4.12247e+0, 5.65164e-3, 5.04795e+2, 3.38438e+1, 3.92987e+2, 1.07499e+0, 4.12455e+0, 5.70088e-3, 3.93186e+2, 1.08630e+0, 4.98508e+2, 1.31057e+0, 3.10523e+1, 2.08659e-2, 3.75702e+1, 9.42008e-3, 2.76458e+0, 3.72129e-4, 2.73790e+0, 6.56818e-4, 2.00000e+1, 0.00000e+0, 1.30000e+1, 0.00000e+0, 3, 1, 
08/31/2021 16:03:59.481, 08/31/2021 16:03:59.428, 4.15769e+0, 8.46851e-5, 9.78706e+1, 1.26019e-2, 4.13862e+0, 6.08380e-3, 4.88974e+2, 1.29028e+2, 3.92808e+2, 8.42312e-1, 4.14064e+0, 6.35751e-3, 3.93000e+2, 8.74162e-1, 4.98460e+2, 1.25743e+0, 3.10679e+1, 2.53525e-2, 3.76126e+1, 3.36882e-2, 2.76434e+0, 5.51418e-4, 2.73785e+0, 3.70846e-4, 2.00000e+1, 0.00000e+0, 1.30000e+1, 0.00000e+0, 3, 1, 
08/31/2021 16:04:04.458, 08/31/2021 16:04:04.401, 4.15770e+0, 5.24680e-5, 9.78714e+1, 7.80774e-3, 4.15773e+0, 7.85433e-3, 4.89045e+2, 2.43828e+1, 3.92582e+2, 9.12135e-1, 4.15976e+0, 7.81568e-3, 3.92774e+2, 9.16020e-1, 4.98355e+2, 1.36717e+0, 3.10496e+1, 1.95072e-3, 3.76577e+1, 3.50928e-3, 2.76414e+0, 5.93679e-4, 2.73792e+0, 4.09255e-4, 2.00000e+1, 0.00000e+0, 1.30000e+1, 0.00000e+0, 3, 1, 
08/31/2021 16:04:09.429, 08/31/2021 16:04:09.375, 4.15774e+0, 6.18414e-5, 9.78786e+1, 9.20259e-3, 4.17310e+0, 7.05055e-3, 3.68300e+2, 7.74641e+1, 3.91798e+2, 6.12558e-1, 4.17464e+0, 7.33686e-3, 3.91943e+2, 6.20677e-1, 4.98513e+2, 1.22583e+0, 3.10656e+1, 5.81088e-3, 3.76930e+1, 1.94663e-2, 2.76521e+0, 6.60706e-4, 2.73813e+0, 7.58353e-4, 2.00000e+1, 0.00000e+0, 1.30000e+1, 0.00000e+0, 3, 1, 
08/31/2021 16:04:14.399, 08/31/2021 16:04:14.347, 4.15766e+0, 4.93458e-5, 9.78667e+1, 7.34313e-3, 4.19701e+0, 7.44748e-3, 4.42014e+2, 1.09880e+2, 3.92828e+2, 1.31636e+0, 4.19886e+0, 7.24710e-3, 3.93001e+2, 1.28104e+0, 4.98337e+2, 1.39637e+0, 3.10849e+1, 2.06760e-2, 3.77344e+1, 1.32074e-2, 2.76430e+0, 8.15840e-4, 2.73762e+0, 1.19221e-3, 2.00000e+1, 0.00000e+0, 1.30000e+1, 0.00000e+0, 3, 1, 
08/31/2021 16:04:19.369, 08/31/2021 16:04:19.320, 4.15774e+0, 2.66059e-5, 9.78778e+1, 3.95922e-3, 4.21771e+0, 1.16102e-2, 3.82008e+2, 3.97463e+1, 3.92835e+2, 6.71968e-1, 4.21933e+0, 1.16452e-2, 3.92985e+2, 6.62035e-1, 4.98367e+2, 1.42472e+0, 3.10955e+1, 1.08016e-2, 3.77623e+1, 1.89164e-2, 2.76379e+0, 5.82395e-4, 2.73842e+0, 5.84733e-4, 2.00000e+1, 0.00000e+0, 1.30000e+1, 0.00000e+0, 3, 1, 
08/31/2021 16:04:24.360, 08/31/2021 16:04:24.292, 4.15777e+0, 4.59816e-5, 9.78820e+1, 6.84249e-3, 4.23694e+0, 1.24258e-2, 3.50866e+2, 6.02241e+1, 3.92171e+2, 9.48428e-1, 4.23842e+0, 1.22935e-2, 3.92308e+2, 9.60866e-1, 4.98484e+2, 1.10795e+0, 3.11247e+1, 1.95580e-2, 3.78097e+1, 2.01175e-2, 2.76390e+0, 5.34294e-4, 2.73778e+0, 1.12658e-3, 2.00000e+1, 0.00000e+0, 1.30000e+1, 0.00000e+0, 3, 1, 
08/31/2021 16:04:29.318, 08/31/2021 16:04:29.265, 4.15771e+0, 8.36264e-5, 9.78737e+1, 1.24444e-2, 4.26021e+0, 1.11351e-2, 3.25258e+2, 9.26637e+1, 3.92257e+2, 7.06413e-1, 4.26160e+0, 1.12609e-2, 3.92385e+2, 7.14712e-1, 4.98473e+2, 1.30341e+0, 3.11392e+1, 9.97170e-3, 3.78582e+1, 9.70671e-3, 2.76420e+0, 6.95511e-4, 2.73784e+0, 4.24383e-4, 2.00000e+1, 0.00000e+0, 1.30000e+1, 0.00000e+0, 3, 1, 
08/31/2021 16:04:34.308, 08/31/2021 16:04:34.239, 4.15776e+0, 4.12216e-5, 9.78816e+1, 6.13416e-3, 4.28232e+0, 1.12819e-2, 2.33914e+2, 9.57427e+1, 3.92459e+2, 8.87251e-1, 4.28333e+0, 1.10545e-2, 3.92551e+2, 8.62049e-1, 4.98478e+2, 1.27442e+0, 3.11766e+1, 9.11572e-3, 3.78809e+1, 2.96431e-3, 2.76464e+0, 4.01391e-4, 2.73789e+0, 4.35731e-4, 2.00000e+1, 0.00000e+0, 1.30000e+1, 0.00000e+0, 3, 2, 
08/31/2021 16:04:39.267, 08/31/2021 16:04:39.210, 4.15777e+0, 6.72654e-5, 9.78819e+1, 1.00097e-2, 4.30516e+0, 1.29697e-2, 3.17741e+2, 1.26902e+2, 3.92175e+2, 1.10176e+0, 4.30653e+0, 1.26624e-2, 3.92300e+2, 1.06784e+0, 4.98626e+2, 1.44558e+0, 3.12034e+1, 1.47232e-2, 3.79243e+1, 2.96520e-2, 2.76402e+0, 6.01963e-4, 2.73756e+0, 8.96835e-4, 2.00000e+1, 0.00000e+0, 1.30000e+1, 0.00000e+0, 3, 2, 
08/31/2021 16:04:44.236, 08/31/2021 16:04:44.184, 4.15773e+0, 7.72021e-5, 9.78763e+1, 1.14884e-2, 4.32972e+0, 1.24326e-2, 2.55845e+2, 6.37515e+1, 3.92883e+2, 6.00668e-1, 4.33083e+0, 1.23726e-2, 3.92983e+2, 6.06327e-1, 4.98720e+2, 1.10777e+0, 3.12378e+1, 1.45194e-2, 3.79898e+1, 1.02472e-2, 2.76424e+0, 4.33994e-4, 2.73720e+0, 3.46458e-4, 2.00000e+1, 0.00000e+0, 1.30000e+1, 0.00000e+0, 3, 2, 
08/31/2021 16:04:49.211, 08/31/2021 16:04:49.157, 4.15789e+0, 3.88071e-5, 9.78996e+1, 5.77486e-3, 4.35680e+0, 1.14338e-2, 2.69166e+2, 3.70677e+1, 3.92139e+2, 5.27847e-1, 4.35797e+0, 1.14718e-2, 3.92245e+2, 5.41166e-1, 4.98612e+2, 1.58731e+0, 3.12432e+1, 3.27293e-2, 3.80304e+1, 2.86936e-2, 2.76423e+0, 6.31480e-4, 2.73757e+0, 5.40573e-4, 2.00000e+1, 0.00000e+0, 1.30000e+1, 0.00000e+0, 3, 2, 
08/31/2021 16:04:54.181, 08/31/2021 16:04:54.128, 4.15782e+0, 1.06898e-4, 9.78901e+1, 1.59074e-2, 4.38052e+0, 1.19588e-2, 2.48753e+2, 2.39639e+1, 3.92239e+2, 3.67921e-1, 4.38161e+0, 1.19649e-2, 3.92337e+2, 3.76710e-1, 4.98690e+2, 1.42532e+0, 3.12718e+1, 1.33749e-2, 3.80654e+1, 1.16082e-2, 2.76437e+0, 7.58005e-4, 2.73756e+0, 5.03386e-4, 2.00000e+1, 0.00000e+0, 1.30000e+1, 0.00000e+0, 3, 2, 
08/31/2021 16:04:59.158, 08/31/2021 16:04:59.101, 4.15775e+0, 6.79807e-5, 9.78797e+1, 1.01162e-2, 4.40835e+0, 9.16944e-3, 2.68714e+2, 6.48646e+1, 3.92419e+2, 6.61310e-1, 4.40953e+0, 9.06033e-3, 3.92525e+2, 6.66644e-1, 4.98512e+2, 1.37467e+0, 3.12934e+1, 1.07775e-2, 3.81027e+1, 8.55968e-3, 2.76433e+0, 3.56239e-4, 2.73754e+0, 3.80518e-4, 2.00000e+1, 0.00000e+0, 1.30000e+1, 0.00000e+0, 3, 2, 
08/31/2021 16:05:04.126, 08/31/2021 16:05:04.074, 4.15781e+0, 2.02614e-5, 9.78880e+1, 3.01509e-3, 4.43334e+0, 1.04930e-2, 1.56206e+2, 4.38371e+1, 3.92485e+2, 6.34285e-1, 4.43403e+0, 1.05566e-2, 3.92547e+2, 6.28743e-1, 4.98564e+2, 1.18488e+0, 3.13063e+1, 1.53951e-2, 3.81164e+1, 1.98715e-2, 2.76457e+0, 8.16360e-4, 2.73764e+0, 3.09792e-4, 2.00000e+1, 0.00000e+0, 1.30000e+1, 0.00000e+0, 3, 2, 
08/31/2021 16:05:09.099, 08/31/2021 16:05:09.046, 4.15778e+0, 5.60331e-5, 9.78833e+1, 8.33826e-3, 4.46061e+0, 8.57959e-3, 2.01947e+2, 6.46459e+1, 3.93111e+2, 1.11152e+0, 4.46151e+0, 8.36327e-3, 3.93191e+2, 1.11875e+0, 4.98429e+2, 1.11385e+0, 3.13138e+1, 7.95138e-3, 3.81983e+1, 1.45523e-2, 2.76421e+0, 3.38534e-4, 2.73736e+0, 8.50538e-4, 2.00000e+1, 0.00000e+0, 1.30000e+1, 0.00000e+0, 3, 2, 
08/31/2021 16:05:14.072, 08/31/2021 16:05:14.019, 4.15783e+0, 5.32277e-5, 9.78914e+1, 7.92080e-3, 4.48632e+0, 5.90580e-3, 1.61226e+2, 5.81017e+1, 3.92434e+2, 8.83153e-1, 4.48704e+0, 6.08321e-3, 3.92497e+2, 8.88223e-1, 4.98518e+2, 1.25667e+0, 3.13539e+1, 1.92419e-2, 3.82056e+1, 2.08270e-2, 2.76436e+0, 4.78588e-4, 2.73763e+0, 7.11638e-4, 2.00000e+1, 0.00000e+0, 1.30000e+1, 0.00000e+0, 3, 2, 
08/31/2021 16:05:19.055, 08/31/2021 16:05:18.999, 4.15768e+0, 1.06337e-4, 9.78692e+1, 1.58240e-2, 4.51580e+0, 7.88356e-3, 1.80426e+2, 8.52260e+1, 3.92665e+2, 1.19383e+0, 4.51661e+0, 7.99655e-3, 3.92736e+2, 1.20060e+0, 4.98353e+2, 1.51375e+0, 3.14036e+1, 4.12462e-2, 3.82338e+1, 1.11619e-2, 2.76429e+0, 6.50264e-4, 2.73746e+0, 5.10181e-4, 2.00000e+1, 0.00000e+0, 1.30000e+1, 0.00000e+0, 3, 2, 
08/31/2021 16:05:24.028, 08/31/2021 16:05:23.971, 4.15774e+0, 7.83895e-5, 9.78780e+1, 1.16651e-2, 4.53722e+0, 9.99051e-3, 1.66937e+2, 9.03135e+1, 3.93715e+2, 6.71999e-1, 4.53798e+0, 1.01890e-2, 3.93781e+2, 6.92319e-1, 4.98401e+2, 1.29051e+0, 3.13721e+1, 1.74389e-2, 3.82652e+1, 2.33980e-2, 2.76423e+0, 3.28721e-4, 2.73754e+0, 2.90629e-4, 2.00000e+1, 0.00000e+0, 1.30000e+1, 0.00000e+0, 3, 2, 
08/31/2021 16:05:28.995, 08/31/2021 16:05:28.944, 4.15788e+0, 6.74259e-5, 9.78988e+1, 1.00336e-2, 4.55523e+0, 1.23815e-2, 1.22033e+2, 8.29785e+1, 3.93631e+2, 9.71137e-1, 4.55579e+0, 1.25396e-2, 3.93679e+2, 9.56941e-1, 4.98613e+2, 1.32145e+0, 3.14057e+1, 1.24133e-2, 3.82646e+1, 2.10636e-2, 2.76449e+0, 3.66287e-4, 2.73755e+0, 8.54193e-4, 2.00000e+1, 0.00000e+0, 1.30000e+1, 0.00000e+0, 3, 2, 
08/31/2021 16:05:33.969, 08/31/2021 16:05:33.916, 4.15782e+0, 1.27909e-4, 9.78896e+1, 1.90340e-2, 4.57975e+0, 1.18855e-2, 1.68721e+2, 7.76490e+1, 3.93436e+2, 1.18362e+0, 4.58053e+0, 1.16652e-2, 3.93502e+2, 1.18109e+0, 4.98502e+2, 1.33091e+0, 3.14100e+1, 3.95296e-3, 3.82862e+1, 1.21278e-2, 2.76375e+0, 6.17186e-4, 2.73718e+0, 3.49888e-4, 2.00000e+1, 0.00000e+0, 1.30000e+1, 0.00000e+0, 3, 2, 
08/31/2021 16:05:38.957, 08/31/2021 16:05:38.889, 4.15787e+0, 8.85083e-5, 9.78970e+1, 1.31709e-2, 4.59907e+0, 1.09006e-2, 1.82249e+2, 4.51326e+1, 3.92826e+2, 6.21903e-1, 4.59991e+0, 1.10440e-2, 3.92898e+2, 6.33976e-1, 4.98401e+2, 1.07490e+0, 3.14212e+1, 1.59469e-2, 3.83228e+1, 2.01646e-2, 2.76390e+0, 5.61751e-4, 2.73705e+0, 3.17636e-4, 2.00000e+1, 0.00000e+0, 1.30000e+1, 0.00000e+0, 3, 1, 
08/31/2021 16:05:43.916, 08/31/2021 16:05:43.862, 4.15792e+0, 9.12063e-5, 9.79054e+1, 1.35724e-2, 4.62058e+0, 1.35662e-2, 1.29609e+2, 3.25518e+1, 3.93298e+2, 4.88038e-1, 4.62117e+0, 1.36471e-2, 3.93349e+2, 4.99564e-1, 4.98519e+2, 1.29848e+0, 3.14475e+1, 1.51857e-2, 3.83582e+1, 1.26608e-2, 2.76419e+0, 3.79296e-4, 2.73712e+0, 2.45660e-4, 2.00000e+1, 0.00000e+0, 1.30000e+1, 0.00000e+0, 3, 1, 
08/31/2021 16:05:48.893, 08/31/2021 16:05:48.834, 4.15795e+0, 5.21605e-5, 9.79092e+1, 7.76198e-3, 4.64039e+0, 1.02694e-2, 1.35625e+2, 4.53810e+1, 3.93767e+2, 7.55715e-1, 4.64102e+0, 1.03674e-2, 3.93821e+2, 7.54723e-1, 4.98549e+2, 1.30274e+0, 3.14680e+1, 1.56754e-2, 3.84019e+1, 1.81358e-2, 2.76469e+0, 4.61239e-4, 2.73713e+0, 4.47207e-4, 2.00000e+1, 0.00000e+0, 1.30000e+1, 0.00000e+0, 3, 1, 
08/31/2021 16:05:53.863, 08/31/2021 16:05:53.807, 4.15795e+0, 1.07481e-4, 9.79086e+1, 1.59943e-2, 4.66201e+0, 7.62575e-3, 1.97824e+2, 5.95940e+1, 3.93138e+2, 5.82079e-1, 4.66293e+0, 7.44839e-3, 3.93216e+2, 5.74828e-1, 4.98404e+2, 1.40120e+0, 3.14806e+1, 1.32638e-2, 3.84462e+1, 3.30219e-2, 2.76457e+0, 4.65315e-4, 2.73718e+0, 3.16925e-4, 2.00000e+1, 0.00000e+0, 1.30000e+1, 0.00000e+0, 3, 1, 
08/31/2021 16:05:58.833, 08/31/2021 16:05:58.780, 4.15794e+0, 6.67882e-5, 9.79072e+1, 9.93872e-3, 4.68539e+0, 6.44280e-3, 1.76972e+2, 3.49988e+1, 3.94024e+2, 1.22771e+0, 4.68622e+0, 6.46227e-3, 3.94094e+2, 1.22100e+0, 4.98549e+2, 1.26725e+0, 3.14914e+1, 2.32076e-2, 3.84772e+1, 3.09313e-2, 2.76414e+0, 5.71581e-4, 2.73735e+0, 6.38907e-4, 2.00000e+1, 0.00000e+0, 1.30000e+1, 0.00000e+0, 3, 1, 
08/31/2021 16:06:03.804, 08/31/2021 16:06:03.753, 4.15801e+0, 7.07455e-5, 9.79183e+1, 1.05276e-2, 4.70449e+0, 8.69886e-3, 2.44680e+2, 1.00878e+2, 3.94809e+2, 1.09086e+0, 4.70564e+0, 8.49250e-3, 3.94906e+2, 1.06304e+0, 4.98502e+2, 1.40547e+0, 3.15266e+1, 8.75315e-3, 3.85001e+1, 2.71223e-2, 2.76366e+0, 8.66189e-4, 2.73700e+0, 6.53610e-4, 2.00000e+1, 0.00000e+0, 1.30000e+1, 0.00000e+0, 3, 1, 
08/31/2021 16:06:08.780, 08/31/2021 16:06:08.725, 4.15791e+0, 1.14104e-4, 9.79033e+1, 1.69798e-2, 4.72138e+0, 4.17218e-3, 1.80340e+2, 7.31203e+1, 3.94768e+2, 7.77554e-1, 4.72224e+0, 3.94679e-3, 3.94839e+2, 7.84928e-1, 4.98545e+2, 1.09093e+0, 3.15503e+1, 2.18858e-2, 3.85382e+1, 2.00390e-2, 2.76431e+0, 4.02572e-4, 2.73723e+0, 5.49259e-4, 2.00000e+1, 0.00000e+0, 1.30000e+1, 0.00000e+0, 3, 1, 
08/31/2021 16:06:13.746, 08/31/2021 16:06:13.699, 4.15792e+0, 6.33835e-5, 9.79055e+1, 9.43207e-3, 4.73012e+0, 5.58297e-3, 2.16612e+2, 9.11783e+1, 3.94667e+2, 9.22527e-1, 4.73114e+0, 5.50982e-3, 3.94753e+2, 9.10288e-1, 4.98525e+2, 1.30179e+0, 3.15416e+1, 1.12273e-2, 3.85579e+1, 1.61734e-2, 2.76429e+0, 5.48250e-4, 2.73723e+0, 6.49981e-4, 2.00000e+1, 0.00000e+0, 1.30000e+1, 0.00000e+0, 3, 1, 
08/31/2021 16:06:18.724, 08/31/2021 16:06:18.672, 4.15792e+0, 9.57549e-5, 9.79045e+1, 1.42492e-2, 4.74338e+0, 5.65766e-3, 2.30456e+2, 4.86920e+1, 3.95416e+2, 8.81447e-1, 4.74447e+0, 5.69627e-3, 3.95507e+2, 8.98024e-1, 4.98646e+2, 1.21430e+0, 3.15738e+1, 1.10352e-2, 3.85628e+1, 1.83828e-2, 2.76431e+0, 3.98997e-4, 2.73705e+0, 5.10393e-4, 2.00000e+1, 0.00000e+0, 1.30000e+1, 0.00000e+0, 3, 1, 
08/31/2021 16:06:23.697, 08/31/2021 16:06:23.644, 4.15790e+0, 6.10263e-5, 9.79017e+1, 9.08130e-3, 4.75306e+0, 5.85836e-3, 2.68628e+2, 1.15834e+2, 3.94897e+2, 5.26293e-1, 4.75434e+0, 5.77390e-3, 3.95003e+2, 5.58653e-1, 4.98372e+2, 1.18518e+0, 3.15779e+1, 1.67526e-2, 3.85914e+1, 1.54883e-2, 2.76347e+0, 8.85885e-4, 2.73703e+0, 5.53273e-4, 2.00000e+1, 0.00000e+0, 1.30000e+1, 0.00000e+0, 3, 1, 
08/31/2021 16:06:28.668, 08/31/2021 16:06:28.616, 4.15791e+0, 1.04767e-4, 9.79026e+1, 1.55903e-2, 4.77088e+0, 9.31569e-3, 1.91195e+2, 5.27513e+1, 3.95084e+2, 5.67023e-1, 4.77179e+0, 9.52116e-3, 3.95159e+2, 5.80260e-1, 4.98325e+2, 1.35234e+0, 3.15826e+1, 1.25402e-2, 3.86231e+1, 1.52208e-2, 2.77238e+0, 1.34935e-3, 2.74376e+0, 1.45175e-3, 2.00000e+1, 0.00000e+0, 1.30000e+1, 0.00000e+0, 3, 1, 
08/31/2021 16:06:33.644, 08/31/2021 16:06:33.589, 4.15792e+0, 6.51834e-5, 9.79045e+1, 9.69991e-3, 4.78599e+0, 8.11598e-3, 2.75917e+2, 6.11760e+1, 3.95838e+2, 7.60909e-1, 4.78731e+0, 8.28619e-3, 3.95947e+2, 7.50938e-1, 4.98383e+2, 1.25359e+0, 3.15901e+1, 1.61787e-2, 3.86712e+1, 7.77727e-3, 2.77300e+0, 9.80266e-4, 2.74458e+0, 6.61267e-4, 2.00000e+1, 0.00000e+0, 1.30000e+1, 0.00000e+0, 3, 1, 
08/31/2021 16:06:38.626, 08/31/2021 16:06:38.562, 4.15797e+0, 3.26467e-5, 9.79116e+1, 4.85814e-3, 4.80357e+0, 1.07301e-2, 2.36846e+2, 1.11807e+2, 3.95583e+2, 5.00059e-1, 4.80470e+0, 1.08568e-2, 3.95677e+2, 5.36862e-1, 4.98475e+2, 1.29317e+0, 3.16047e+1, 4.38264e-3, 3.87158e+1, 1.61582e-2, 2.77265e+0, 5.30537e-4, 2.74470e+0, 4.19171e-4, 2.00000e+1, 0.00000e+0, 1.30000e+1, 0.00000e+0, 3, 2, 
08/31/2021 16:06:43.588, 08/31/2021 16:06:43.535, 4.15800e+0, 4.83739e-5, 9.79160e+1, 7.19850e-3, 4.82591e+0, 1.41021e-2, 2.71774e+2, 7.18589e+1, 3.95539e+2, 1.66891e+0, 4.82723e+0, 1.43340e-2, 3.95646e+2, 1.69639e+0, 4.98374e+2, 1.04993e+0, 3.16268e+1, 1.65473e-2, 3.87872e+1, 3.80014e-2, 2.77237e+0, 7.44738e-4, 2.74465e+0, 7.41877e-4, 2.00000e+1, 0.00000e+0, 1.30000e+1, 0.00000e+0, 3, 2, 
08/31/2021 16:06:48.562, 08/31/2021 16:06:48.507, 4.15796e+0, 7.63101e-5, 9.79104e+1, 1.13557e-2, 4.84523e+0, 1.20836e-2, 3.16879e+2, 5.82297e+1, 3.95631e+2, 6.34829e-1, 4.84677e+0, 1.19768e-2, 3.95756e+2, 6.16404e-1, 4.98532e+2, 1.08499e+0, 3.16509e+1, 1.12337e-2, 3.88178e+1, 2.30448e-2, 2.77243e+0, 6.30579e-4, 2.74425e+0, 7.61810e-4, 2.00000e+1, 0.00000e+0, 1.30000e+1, 0.00000e+0, 3, 2, 
08/31/2021 16:06:53.533, 08/31/2021 16:06:53.480, 4.15798e+0, 9.98793e-5, 9.79132e+1, 1.48630e-2, 4.86627e+0, 1.03762e-2, 2.57548e+2, 6.25419e+1, 3.95509e+2, 1.29291e+0, 4.86753e+0, 1.04492e-2, 3.95611e+2, 1.30094e+0, 4.98677e+2, 1.11129e+0, 3.16805e+1, 1.31633e-2, 3.88288e+1, 3.12982e-2, 2.77226e+0, 6.33848e-4, 2.74435e+0, 4.69716e-4, 2.00000e+1, 0.00000e+0, 1.30000e+1, 0.00000e+0, 3, 2, 
08/31/2021 16:06:58.508, 08/31/2021 16:06:58.452, 4.15799e+0, 9.69703e-5, 9.79150e+1, 1.44301e-2, 4.88311e+0, 1.18464e-2, 3.14568e+2, 1.23056e+2, 3.95565e+2, 4.33927e-1, 4.88464e+0, 1.24290e-2, 3.95689e+2, 4.79949e-1, 4.98621e+2, 1.40873e+0, 3.17107e+1, 2.10289e-2, 3.88186e+1, 2.49130e-2, 2.77319e+0, 4.97706e-4, 2.74452e+0, 8.19684e-4, 2.00000e+1, 0.00000e+0, 1.30000e+1, 0.00000e+0, 3, 2, 
08/31/2021 16:07:03.481, 08/31/2021 16:07:03.425, 4.15797e+0, 5.32987e-5, 9.79115e+1, 7.93135e-3, 4.90328e+0, 8.17790e-3, 3.38008e+2, 6.87821e+1, 3.95615e+2, 6.68924e-1, 4.90494e+0, 8.15163e-3, 3.95749e+2, 6.81208e-1, 4.98654e+2, 1.45344e+0, 3.17489e+1, 6.53755e-3, 3.87952e+1, 1.98199e-2, 2.77255e+0, 5.64108e-4, 2.74427e+0, 4.69053e-4, 2.00000e+1, 0.00000e+0, 1.30000e+1, 0.00000e+0, 3, 2, 
08/31/2021 16:07:08.451, 08/31/2021 16:07:08.399, 4.15798e+0, 1.27154e-4, 9.79138e+1, 1.89218e-2, 4.92299e+0, 7.20153e-3, 3.25909e+2, 2.38803e+1, 3.95415e+2, 4.90379e-1, 4.92460e+0, 7.30486e-3, 3.95543e+2, 4.94710e-1, 4.98434e+2, 1.27164e+0, 3.17558e+1, 4.98777e-3, 3.88162e+1, 2.94874e-2, 2.77280e+0, 2.84691e-4, 2.74448e+0, 7.69904e-4, 2.00000e+1, 0.00000e+0, 1.30000e+1, 0.00000e+0, 3, 2, 
08/31/2021 16:07:13.423, 08/31/2021 16:07:13.371, 4.15805e+0, 8.92977e-5, 9.79245e+1, 1.32883e-2, 4.93978e+0, 6.96532e-3, 3.45086e+2, 7.42527e+1, 3.95904e+2, 5.09824e-1, 4.94149e+0, 7.19521e-3, 3.96040e+2, 4.99074e-1, 4.98332e+2, 1.14008e+0, 3.17783e+1, 6.30463e-3, 3.88554e+1, 2.61155e-2, 2.77284e+0, 5.05630e-4, 2.74466e+0, 7.87938e-4, 2.00000e+1, 0.00000e+0, 1.30000e+1, 0.00000e+0, 3, 2, 
08/31/2021 16:07:18.396, 08/31/2021 16:07:18.343, 4.15804e+0, 6.19556e-5, 9.79231e+1, 9.21958e-3, 4.95539e+0, 6.01454e-3, 3.64888e+2, 4.94022e+1, 3.95385e+2, 6.28826e-1, 4.95720e+0, 5.91489e-3, 3.95529e+2, 6.13928e-1, 4.98391e+2, 1.15976e+0, 3.17848e+1, 2.27467e-2, 3.89180e+1, 1.46549e-2, 2.77287e+0, 6.09995e-4, 2.74452e+0, 7.20194e-4, 2.00000e+1, 0.00000e+0, 1.30000e+1, 0.00000e+0, 3, 2, 
08/31/2021 16:07:23.375, 08/31/2021 16:07:23.316, 4.15806e+0, 8.82164e-5, 9.79260e+1, 1.31274e-2, 4.97461e+0, 8.29410e-3, 2.30177e+2, 4.27411e+1, 3.96218e+2, 9.14465e-1, 4.97575e+0, 8.38749e-3, 3.96310e+2, 9.12363e-1, 4.98356e+2, 1.50837e+0, 3.18143e+1, 9.47523e-3, 3.89371e+1, 2.91767e-2, 2.77436e+0, 4.16017e-4, 2.74555e+0, 9.13048e-4, 2.00000e+1, 0.00000e+0, 1.30000e+1, 0.00000e+0, 3, 2, 
08/31/2021 16:07:28.342, 08/31/2021 16:07:28.290, 4.15805e+0, 8.25691e-5, 9.79246e+1, 1.22871e-2, 4.99189e+0, 9.95070e-3, 2.46374e+2, 9.63896e+1, 3.95656e+2, 8.20322e-1, 4.99312e+0, 1.01599e-2, 3.95753e+2, 8.42114e-1, 4.98407e+2, 1.33220e+0, 3.18331e+1, 3.03103e-2, 3.89684e+1, 2.94921e-2, 2.77364e+0, 7.93911e-4, 2.74584e+0, 7.79133e-4, 2.00000e+1, 0.00000e+0, 1.30000e+1, 0.00000e+0, 3, 2, 
08/31/2021 16:07:33.314, 08/31/2021 16:07:33.262, 4.15807e+0, 8.78567e-5, 9.79272e+1, 1.30739e-2, 5.00774e+0, 9.06526e-3, 1.85460e+2, 3.47091e+1, 3.95577e+2, 7.30990e-1, 5.00867e+0, 9.08888e-3, 3.95650e+2, 7.38456e-1, 4.98229e+2, 1.13547e+0, 3.18330e+1, 1.27107e-2, 3.89940e+1, 2.59330e-2, 2.77414e+0, 7.41266e-4, 2.74525e+0, 6.49647e-4, 2.00000e+1, 0.00000e+0, 1.30000e+1, 0.00000e+0, 3, 2, 
08/31/2021 16:07:38.300, 08/31/2021 16:07:38.235, 4.15801e+0, 3.20196e-5, 9.79183e+1, 4.76482e-3, 5.02506e+0, 1.01277e-2, 1.07745e+2, 7.69049e+1, 3.95870e+2, 7.25284e-1, 5.02560e+0, 1.01158e-2, 3.95912e+2, 7.31436e-1, 4.98425e+2, 1.25480e+0, 3.18751e+1, 1.47396e-2, 3.90165e+1, 2.03480e-2, 2.77438e+0, 3.60817e-4, 2.74586e+0, 4.87045e-4, 2.00000e+1, 0.00000e+0, 1.30000e+1, 0.00000e+0, 3, 1, 
08/31/2021 16:07:43.255, 08/31/2021 16:07:43.207, 4.15805e+0, 8.79676e-5, 9.79240e+1, 1.30904e-2, 5.04117e+0, 1.04249e-2, 1.11517e+2, 1.01273e+2, 3.95981e+2, 5.43289e-1, 5.04173e+0, 1.08822e-2, 3.96025e+2, 5.50878e-1, 4.98536e+2, 1.13557e+0, 3.18858e+1, 1.27568e-2, 3.90456e+1, 2.27950e-2, 2.77451e+0, 6.87616e-4, 2.74571e+0, 8.31157e-4, 2.00000e+1, 0.00000e+0, 1.30000e+1, 0.00000e+0, 3, 1, 
08/31/2021 16:07:48.243, 08/31/2021 16:07:48.186, 4.15803e+0, 6.06301e-5, 9.79207e+1, 9.02233e-3, 5.05644e+0, 6.68495e-3, 1.58137e+2, 7.31595e+1, 3.95750e+2, 1.06045e+0, 5.05724e+0, 6.94741e-3, 3.95812e+2, 1.08264e+0, 4.98582e+2, 1.31079e+0, 3.19094e+1, 2.26645e-2, 3.90834e+1, 1.00957e-2, 2.77403e+0, 3.47727e-4, 2.74529e+0, 6.80944e-4, 2.00000e+1, 0.00000e+0, 1.30000e+1, 0.00000e+0, 3, 1, 
08/31/2021 16:07:53.215, 08/31/2021 16:07:53.159, 4.15808e+0, 2.50399e-5, 9.79280e+1, 3.72617e-3, 5.07404e+0, 9.24679e-3, 2.99657e+1, 3.78985e+1, 3.95555e+2, 1.09543e+0, 5.07419e+0, 9.28756e-3, 3.95567e+2, 1.09892e+0, 4.98520e+2, 1.35156e+0, 3.19098e+1, 1.45588e-2, 3.91451e+1, 1.15835e-2, 2.77383e+0, 4.16532e-4, 2.74564e+0, 6.26059e-4, 2.00000e+1, 0.00000e+0, 1.30000e+1, 0.00000e+0, 3, 1, 
08/31/2021 16:07:58.184, 08/31/2021 16:07:58.131, 4.15812e+0, 7.79368e-5, 9.79352e+1, 1.15977e-2, 5.09239e+0, 6.72396e-3, 3.04231e+1, 8.75709e+1, 3.95658e+2, 2.58066e-1, 5.09255e+0, 6.31822e-3, 3.95670e+2, 2.45649e-1, 4.98242e+2, 1.14464e+0, 3.19498e+1, 2.04189e-2, 3.91806e+1, 4.15959e-2, 2.77393e+0, 9.22253e-4, 2.74589e+0, 4.61822e-4, 2.00000e+1, 0.00000e+0, 1.30000e+1, 0.00000e+0, 3, 1, 
08/31/2021 16:08:03.157, 08/31/2021 16:08:03.105, 4.15820e+0, 4.77268e-5, 9.79462e+1, 7.10221e-3, 5.10805e+0, 8.50351e-3, 3.32837e+1, 4.93228e+1, 3.95613e+2, 5.86360e-1, 5.10822e+0, 8.32250e-3, 3.95626e+2, 5.94315e-1, 4.98446e+2, 1.21431e+0, 3.19640e+1, 1.89564e-2, 3.92063e+1, 1.63552e-2, 2.77430e+0, 3.43393e-4, 2.74556e+0, 4.41767e-4, 2.00000e+1, 0.00000e+0, 1.30000e+1, 0.00000e+0, 3, 1, 
08/31/2021 16:08:08.131, 08/31/2021 16:08:08.077, 4.15818e+0, 2.89444e-5, 9.79430e+1, 4.30721e-3, 5.12338e+0, 6.89916e-3, -1.45935e+1, 1.14288e+2, 3.95504e+2, 1.32805e+0, 5.12331e+0, 7.28440e-3, 3.95499e+2, 1.34914e+0, 4.98455e+2, 1.25874e+0, 3.19558e+1, 2.11438e-2, 3.92048e+1, 1.33004e-2, 2.77421e+0, 4.84234e-4, 2.74578e+0, 5.68783e-4, 2.00000e+1, 0.00000e+0, 1.30000e+1, 0.00000e+0, 3, 1, 
08/31/2021 16:08:13.101, 08/31/2021 16:08:13.050, 4.15814e+0, 6.66382e-5, 9.79382e+1, 9.91640e-3, 5.13990e+0, 1.11672e-2, 6.57921e+1, 6.32341e+1, 3.95532e+2, 3.85881e-1, 5.14024e+0, 1.09738e-2, 3.95558e+2, 3.83810e-1, 4.98362e+2, 1.64720e+0, 3.19862e+1, 1.82630e-2, 3.92536e+1, 1.87366e-2, 2.77436e+0, 5.54810e-4, 2.74548e+0, 2.54662e-4, 2.00000e+1, 0.00000e+0, 1.30000e+1, 0.00000e+0, 3, 1, 
08/31/2021 16:08:18.080, 08/31/2021 16:08:18.023, 4.15818e+0, 1.15129e-4, 9.79437e+1, 1.71324e-2, 5.15644e+0, 9.70780e-3, -1.44806e+1, 1.25237e+2, 3.95276e+2, 1.17594e+0, 5.15636e+0, 9.40838e-3, 3.95270e+2, 1.16588e+0, 4.98303e+2, 1.30365e+0, 3.20064e+1, 2.60994e-2, 3.92985e+1, 3.19995e-2, 2.77365e+0, 3.93970e-4, 2.74510e+0, 8.80416e-4, 2.00000e+1, 0.00000e+0, 1.30000e+1, 0.00000e+0, 3, 1, 
08/31/2021 16:08:23.045, 08/31/2021 16:08:22.995, 4.15814e+0, 8.42297e-5, 9.79380e+1, 1.25342e-2, 5.17178e+0, 1.13647e-2, 6.94374e+1, 8.45639e+1, 3.95165e+2, 7.10368e-1, 5.17214e+0, 1.14406e-2, 3.95193e+2, 7.16536e-1, 4.98352e+2, 1.11959e+0, 3.20168e+1, 1.04047e-2, 3.93453e+1, 3.44035e-2, 2.77361e+0, 4.48096e-4, 2.74489e+0, 6.04868e-4, 2.00000e+1, 0.00000e+0, 1.30000e+1, 0.00000e+0, 3, 1, 
08/31/2021 16:08:28.020, 08/31/2021 16:08:27.968, 4.15823e+0, 1.07833e-4, 9.79512e+1, 1.60466e-2, 5.18328e+0, 9.95497e-3, -3.90465e+1, 7.97272e+1, 3.95526e+2, 6.04618e-1, 5.18308e+0, 9.56674e-3, 3.95510e+2, 5.81528e-1, 4.98590e+2, 1.33183e+0, 3.20235e+1, 2.54386e-2, 3.93579e+1, 3.04091e-2, 2.77376e+0, 9.25062e-4, 2.74500e+0, 6.66234e-4, 2.00000e+1, 0.00000e+0, 1.30000e+1, 0.00000e+0, 3, 1, 
08/31/2021 16:08:32.994, 08/31/2021 16:08:32.940, 4.15815e+0, 6.69701e-5, 9.79391e+1, 9.96579e-3, 5.19817e+0, 6.77199e-3, -4.00789e+1, 7.23135e+1, 3.95199e+2, 2.92090e-1, 5.19796e+0, 6.43467e-3, 3.95183e+2, 2.80686e-1, 4.98677e+2, 1.09923e+0, 3.20476e+1, 9.68349e-3, 3.93846e+1, 2.28938e-2, 2.77396e+0, 4.79539e-4, 2.74539e+0, 5.13121e-4, 2.00000e+1, 0.00000e+0, 1.30000e+1, 0.00000e+0, 3, 1, 
08/31/2021 16:08:37.967, 08/31/2021 16:08:37.913, 4.15817e+0, 1.21719e-4, 9.79419e+1, 1.81130e-2, 5.21104e+0, 8.74097e-3, -3.07647e+1, 4.01807e+1, 3.95692e+2, 1.09120e+0, 5.21088e+0, 8.85810e-3, 3.95679e+2, 1.09561e+0, 4.98576e+2, 1.33084e+0, 3.20544e+1, 8.77769e-3, 3.94277e+1, 3.75368e-2, 2.77436e+0, 7.63712e-4, 2.74550e+0, 5.33395e-4, 2.00000e+1, 0.00000e+0, 1.30000e+1, 0.00000e+0, 3, 2, 
08/31/2021 16:08:42.939, 08/31/2021 16:08:42.886, 4.15828e+0, 1.24910e-4, 9.79576e+1, 1.85877e-2, 5.22443e+0, 8.16168e-3, -2.82398e+1, 7.36687e+1, 3.95446e+2, 1.00138e+0, 5.22428e+0, 8.36077e-3, 3.95435e+2, 1.00414e+0, 4.98380e+2, 1.14800e+0, 3.20531e+1, 7.40717e-3, 3.94364e+1, 3.28819e-2, 2.77392e+0, 7.65124e-4, 2.74495e+0, 4.39369e-4, 2.00000e+1, 0.00000e+0, 1.30000e+1, 0.00000e+0, 3, 2, 
08/31/2021 16:08:47.914, 08/31/2021 16:08:47.859, 4.15815e+0, 9.81459e-5, 9.79385e+1, 1.46051e-2, 5.23441e+0, 7.66083e-3, 2.45058e+1, 7.26783e+1, 3.95371e+2, 4.08147e-1, 5.23454e+0, 7.29570e-3, 3.95381e+2, 3.79468e-1, 4.98530e+2, 1.14376e+0, 3.20706e+1, 1.60456e-2, 3.94817e+1, 3.85442e-2, 2.77376e+0, 7.47235e-4, 2.74538e+0, 6.68220e-4, 2.00000e+1, 0.00000e+0, 1.30000e+1, 0.00000e+0, 3, 2, 
08/31/2021 16:08:52.884, 08/31/2021 16:08:52.831, 4.15818e+0, 1.15457e-4, 9.79440e+1, 1.71810e-2, 5.24642e+0, 7.68611e-3, -9.44964e+0, 5.60634e+1, 3.95129e+2, 9.52054e-1, 5.24637e+0, 7.85730e-3, 3.95126e+2, 9.67391e-1, 4.98539e+2, 1.23332e+0, 3.20810e+1, 5.04143e-3, 3.94611e+1, 3.23690e-2, 2.77389e+0, 1.07065e-3, 2.74536e+0, 5.17008e-4, 2.00000e+1, 0.00000e+0, 1.30000e+1, 0.00000e+0, 3, 2, 
08/31/2021 16:08:57.862, 08/31/2021 16:08:57.804, 4.15816e+0, 9.93965e-5, 9.79400e+1, 1.47911e-2, 5.25687e+0, 5.29600e-3, -4.31539e+0, 5.54567e+1, 3.95195e+2, 4.90423e-1, 5.25685e+0, 5.39833e-3, 3.95194e+2, 5.05702e-1, 4.98519e+2, 1.28504e+0, 3.21007e+1, 1.30743e-2, 3.94957e+1, 3.85543e-2, 2.77422e+0, 5.73200e-4, 2.74558e+0, 4.62714e-4, 2.00000e+1, 0.00000e+0, 1.30000e+1, 0.00000e+0, 3, 2, 
08/31/2021 16:09:02.832, 08/31/2021 16:09:02.777, 4.15820e+0, 1.40646e-4, 9.79466e+1, 2.09295e-2, 5.26977e+0, 8.41862e-3, 1.75827e+1, 8.52441e+1, 3.95431e+2, 1.23480e+0, 5.26986e+0, 8.39558e-3, 3.95438e+2, 1.21557e+0, 4.98305e+2, 1.52073e+0, 3.21355e+1, 1.47384e-2, 3.95030e+1, 4.13422e-2, 2.77404e+0, 3.10980e-4, 2.74523e+0, 6.83507e-4, 2.00000e+1, 0.00000e+0, 1.30000e+1, 0.00000e+0, 3, 2, 
08/31/2021 16:09:07.809, 08/31/2021 16:09:07.756, 4.15819e+0, 1.66653e-4, 9.79448e+1, 2.47996e-2, 5.28106e+0, 1.04782e-2, -3.15130e+1, 1.28961e+2, 3.95291e+2, 1.12032e+0, 5.28090e+0, 1.02228e-2, 3.95278e+2, 1.10558e+0, 4.98436e+2, 1.44256e+0, 3.21423e+1, 1.24112e-2, 3.95473e+1, 5.02664e-2, 2.77428e+0, 5.63858e-4, 2.74531e+0, 4.88570e-4, 2.00000e+1, 0.00000e+0, 1.30000e+1, 0.00000e+0, 3, 2, 
08/31/2021 16:09:12.784, 08/31/2021 16:09:12.729, 4.15830e+0, 1.21486e-4, 9.79620e+1, 1.80783e-2, 5.29221e+0, 9.15479e-3, -1.21422e+2, 9.50378e+1, 3.95419e+2, 7.64175e-1, 5.29157e+0, 9.23130e-3, 3.95371e+2, 7.61078e-1, 4.98288e+2, 1.24445e+0, 3.21696e+1, 1.03288e-2, 3.95666e+1, 3.21271e-2, 2.77415e+0, 3.87767e-4, 2.74556e+0, 4.11161e-4, 2.00000e+1, 0.00000e+0, 1.30000e+1, 0.00000e+0, 3, 2, 
08/31/2021 16:09:17.758, 08/31/2021 16:09:17.702, 4.15825e+0, 1.32223e-4, 9.79532e+1, 1.96761e-2, 5.30406e+0, 1.18000e-2, -1.46523e+1, 5.55270e+1, 3.95907e+2, 2.35800e-1, 5.30398e+0, 1.15370e-2, 3.95901e+2, 2.23234e-1, 4.98412e+2, 1.26301e+0, 3.21922e+1, 1.07481e-2, 3.95899e+1, 3.42771e-2, 2.77443e+0, 3.88135e-4, 2.74545e+0, 9.41100e-4, 2.00000e+1, 0.00000e+0, 1.30000e+1, 0.00000e+0, 3, 2, 
