SN:3K60180500001583 BD:Jul 23 2018 VC:834b9c1 MD5:48f99e4865ed8b810be1bb0eaaabf929
SysTime,                      Time,         Batt_v,      Batt_v_sd,   BATT_PERCENT,BATT_PERCENT_sd,      [CH4]_ppm,   [CH4]_ppm_sd,      [H2O]_ppm,   [H2O]_ppm_sd,      [CO2]_ppm,   [CO2]_ppm_sd,     [CH4]d_ppm,  [CH4]d_ppm_sd,     [CO2]d_ppm,  [CO2]d_ppm_sd,      GasP_torr,   GasP_torr_sd,         GasT_C,      GasT_C_sd,         AmbT_C,      AmbT_C_sd,         RD0_us,      RD0_us_sd,         RD1_us,      RD1_us_sd, Temp_Status_mA,Temp_Status_mA_sd,Analyzer_Status_mA,Analyzer_Status_mA_sd,       Fit_Flag,      MIU_VALVE,       MIU_DESC
05/18/2021 14:24:17.415, 05/18/2021 14:24:17.342, 4.13454e+0, 0.00000e+0, 9.35894e+1, 0.00000e+0, 2.05478e+0, 0.00000e+0, 8.84713e+3, 0.00000e+0, 3.98762e+2, 0.00000e+0, 2.07312e+0, 0.00000e+0, 4.02321e+2, 0.00000e+0, 5.01146e+2, 0.00000e+0, 3.41802e+1, 0.00000e+0, 3.22465e+1, 0.00000e+0, 3.59092e+0, 0.00000e+0, 3.17164e+0, 0.00000e+0, 2.00000e+1, 0.00000e+0, 1.00000e+1, 0.00000e+0, 3, 2, 
05/18/2021 14:24:18.126, 05/18/2021 14:24:18.077, 4.13543e+0, 0.00000e+0, 9.37214e+1, 0.00000e+0, 2.05759e+0, 0.00000e+0, 8.69153e+3, 0.00000e+0, 3.98086e+2, 0.00000e+0, 2.07563e+0, 0.00000e+0, 4.01576e+2, 0.00000e+0, 5.01347e+2, 0.00000e+0, 3.41733e+1, 0.00000e+0, 3.22899e+1, 0.00000e+0, 3.59121e+0, 0.00000e+0, 3.17178e+0, 0.00000e+0, 2.00000e+1, 0.00000e+0, 1.00000e+1, 0.00000e+0, 3, 2, 
05/18/2021 14:24:19.117, 05/18/2021 14:24:19.065, 4.13593e+0, 0.00000e+0, 9.37943e+1, 0.00000e+0, 2.05248e+0, 0.00000e+0, 8.80348e+3, 0.00000e+0, 3.98056e+2, 0.00000e+0, 2.07070e+0, 0.00000e+0, 4.01592e+2, 0.00000e+0, 5.01186e+2, 0.00000e+0, 3.41785e+1, 0.00000e+0, 3.22954e+1, 0.00000e+0, 3.58845e+0, 0.00000e+0, 3.17058e+0, 0.00000e+0, 2.00000e+1, 0.00000e+0, 1.00000e+1, 0.00000e+0, 3, 2, 
05/18/2021 14:24:20.123, 05/18/2021 14:24:20.060, 4.13624e+0, 0.00000e+0, 9.38405e+1, 0.00000e+0, 2.05314e+0, 0.00000e+0, 8.89884e+3, 0.00000e+0, 3.98330e+2, 0.00000e+0, 2.07158e+0, 0.00000e+0, 4.01907e+2, 0.00000e+0, 5.01282e+2, 0.00000e+0, 3.41763e+1, 0.00000e+0, 3.22971e+1, 0.00000e+0, 3.59218e+0, 0.00000e+0, 3.17243e+0, 0.00000e+0, 2.00000e+1, 0.00000e+0, 1.00000e+1, 0.00000e+0, 3, 2, 
05/18/2021 14:24:21.107, 05/18/2021 14:24:21.053, 4.13636e+0, 0.00000e+0, 9.38580e+1, 0.00000e+0, 2.05497e+0, 0.00000e+0, 8.62063e+3, 0.00000e+0, 3.96974e+2, 0.00000e+0, 2.07284e+0, 0.00000e+0, 4.00426e+2, 0.00000e+0, 5.01220e+2, 0.00000e+0, 3.41764e+1, 0.00000e+0, 3.23002e+1, 0.00000e+0, 3.59446e+0, 0.00000e+0, 3.17280e+0, 0.00000e+0, 2.00000e+1, 0.00000e+0, 1.00000e+1, 0.00000e+0, 3, 2, 
05/18/2021 14:24:22.105, 05/18/2021 14:24:22.048, 4.13639e+0, 0.00000e+0, 9.38621e+1, 0.00000e+0, 2.05182e+0, 0.00000e+0, 8.62372e+3, 0.00000e+0, 3.97902e+2, 0.00000e+0, 2.06967e+0, 0.00000e+0, 4.01364e+2, 0.00000e+0, 5.01234e+2, 0.00000e+0, 3.41784e+1, 0.00000e+0, 3.22950e+1, 0.00000e+0, 3.59339e+0, 0.00000e+0, 3.17265e+0, 0.00000e+0, 2.00000e+1, 0.00000e+0, 1.00000e+1, 0.00000e+0, 3, 2, 
05/18/2021 14:24:23.095, 05/18/2021 14:24:23.043, 4.13631e+0, 0.00000e+0, 9.38513e+1, 0.00000e+0, 2.05053e+0, 0.00000e+0, 8.82849e+3, 0.00000e+0, 3.97192e+2, 0.00000e+0, 2.06880e+0, 0.00000e+0, 4.00729e+2, 0.00000e+0, 5.01237e+2, 0.00000e+0, 3.41814e+1, 0.00000e+0, 3.23013e+1, 0.00000e+0, 3.59389e+0, 0.00000e+0, 3.17114e+0, 0.00000e+0, 2.00000e+1, 0.00000e+0, 1.00000e+1, 0.00000e+0, 3, 2, 
05/18/2021 14:24:24.099, 05/18/2021 14:24:24.038, 4.13613e+0, 0.00000e+0, 9.38245e+1, 0.00000e+0, 2.05146e+0, 0.00000e+0, 8.64996e+3, 0.00000e+0, 3.97547e+2, 0.00000e+0, 2.06936e+0, 0.00000e+0, 4.01016e+2, 0.00000e+0, 5.01288e+2, 0.00000e+0, 3.42142e+1, 0.00000e+0, 3.22936e+1, 0.00000e+0, 3.59569e+0, 0.00000e+0, 3.17331e+0, 0.00000e+0, 2.00000e+1, 0.00000e+0, 1.00000e+1, 0.00000e+0, 3, 2, 
05/18/2021 14:24:25.081, 05/18/2021 14:24:25.032, 4.13628e+0, 0.00000e+0, 9.38461e+1, 0.00000e+0, 2.05160e+0, 0.00000e+0, 8.86839e+3, 0.00000e+0, 3.98283e+2, 0.00000e+0, 2.06995e+0, 0.00000e+0, 4.01847e+2, 0.00000e+0, 5.01239e+2, 0.00000e+0, 3.41829e+1, 0.00000e+0, 3.22996e+1, 0.00000e+0, 3.59621e+0, 0.00000e+0, 3.17564e+0, 0.00000e+0, 2.00000e+1, 0.00000e+0, 1.00000e+1, 0.00000e+0, 3, 2, 
05/18/2021 14:24:26.081, 05/18/2021 14:24:26.026, 4.13630e+0, 0.00000e+0, 9.38499e+1, 0.00000e+0, 2.04903e+0, 0.00000e+0, 8.84622e+3, 0.00000e+0, 3.98487e+2, 0.00000e+0, 2.06732e+0, 0.00000e+0, 4.02044e+2, 0.00000e+0, 5.01228e+2, 0.00000e+0, 3.41834e+1, 0.00000e+0, 3.22943e+1, 0.00000e+0, 3.59430e+0, 0.00000e+0, 3.17168e+0, 0.00000e+0, 2.00000e+1, 0.00000e+0, 1.00000e+1, 0.00000e+0, 3, 2, 
05/18/2021 14:24:27.076, 05/18/2021 14:24:27.021, 4.13641e+0, 0.00000e+0, 9.38652e+1, 0.00000e+0, 2.05399e+0, 0.00000e+0, 8.76489e+3, 0.00000e+0, 4.00098e+2, 0.00000e+0, 2.07215e+0, 0.00000e+0, 4.03636e+2, 0.00000e+0, 5.01241e+2, 0.00000e+0, 3.41864e+1, 0.00000e+0, 3.22928e+1, 0.00000e+0, 3.59309e+0, 0.00000e+0, 3.17165e+0, 0.00000e+0, 2.00000e+1, 0.00000e+0, 1.00000e+1, 0.00000e+0, 3, 2, 
05/18/2021 14:24:28.071, 05/18/2021 14:24:28.015, 4.13614e+0, 0.00000e+0, 9.38263e+1, 0.00000e+0, 2.05192e+0, 0.00000e+0, 8.78584e+3, 0.00000e+0, 3.99243e+2, 0.00000e+0, 2.07011e+0, 0.00000e+0, 4.02781e+2, 0.00000e+0, 5.01250e+2, 0.00000e+0, 3.41850e+1, 0.00000e+0, 3.22901e+1, 0.00000e+0, 3.59216e+0, 0.00000e+0, 3.17311e+0, 0.00000e+0, 2.00000e+1, 0.00000e+0, 1.00000e+1, 0.00000e+0, 3, 2, 
05/18/2021 14:24:29.059, 05/18/2021 14:24:29.011, 4.13647e+0, 0.00000e+0, 9.38739e+1, 0.00000e+0, 2.05446e+0, 0.00000e+0, 8.78213e+3, 0.00000e+0, 3.99526e+2, 0.00000e+0, 2.07266e+0, 0.00000e+0, 4.03066e+2, 0.00000e+0, 5.01230e+2, 0.00000e+0, 3.41784e+1, 0.00000e+0, 3.22941e+1, 0.00000e+0, 3.59311e+0, 0.00000e+0, 3.17254e+0, 0.00000e+0, 2.00000e+1, 0.00000e+0, 1.00000e+1, 0.00000e+0, 3, 2, 
05/18/2021 14:24:30.055, 05/18/2021 14:24:30.004, 4.13628e+0, 0.00000e+0, 9.38460e+1, 0.00000e+0, 2.05255e+0, 0.00000e+0, 8.74704e+3, 0.00000e+0, 4.00724e+2, 0.00000e+0, 2.07066e+0, 0.00000e+0, 4.04260e+2, 0.00000e+0, 5.01296e+2, 0.00000e+0, 3.41824e+1, 0.00000e+0, 3.23009e+1, 0.00000e+0, 3.59152e+0, 0.00000e+0, 3.17307e+0, 0.00000e+0, 2.00000e+1, 0.00000e+0, 1.00000e+1, 0.00000e+0, 3, 2, 
05/18/2021 14:24:31.051, 05/18/2021 14:24:30.999, 4.13644e+0, 0.00000e+0, 9.38706e+1, 0.00000e+0, 2.05379e+0, 0.00000e+0, 8.62317e+3, 0.00000e+0, 4.00274e+2, 0.00000e+0, 2.07165e+0, 0.00000e+0, 4.03755e+2, 0.00000e+0, 5.01207e+2, 0.00000e+0, 3.41811e+1, 0.00000e+0, 3.23011e+1, 0.00000e+0, 3.59342e+0, 0.00000e+0, 3.17195e+0, 0.00000e+0, 2.00000e+1, 0.00000e+0, 1.00000e+1, 0.00000e+0, 3, 2, 
05/18/2021 14:24:32.047, 05/18/2021 14:24:31.993, 4.13634e+0, 0.00000e+0, 9.38559e+1, 0.00000e+0, 2.05442e+0, 0.00000e+0, 8.72589e+3, 0.00000e+0, 3.99624e+2, 0.00000e+0, 2.07251e+0, 0.00000e+0, 4.03142e+2, 0.00000e+0, 5.01256e+2, 0.00000e+0, 3.41942e+1, 0.00000e+0, 3.22949e+1, 0.00000e+0, 3.59152e+0, 0.00000e+0, 3.17298e+0, 0.00000e+0, 2.00000e+1, 0.00000e+0, 1.00000e+1, 0.00000e+0, 3, 3, 
05/18/2021 14:24:33.041, 05/18/2021 14:24:32.988, 4.13644e+0, 0.00000e+0, 9.38702e+1, 0.00000e+0, 2.05432e+0, 0.00000e+0, 8.84766e+3, 0.00000e+0, 3.98093e+2, 0.00000e+0, 2.07266e+0, 0.00000e+0, 4.01646e+2, 0.00000e+0, 5.01257e+2, 0.00000e+0, 3.42009e+1, 0.00000e+0, 3.23028e+1, 0.00000e+0, 3.59289e+0, 0.00000e+0, 3.17127e+0, 0.00000e+0, 2.00000e+1, 0.00000e+0, 1.00000e+1, 0.00000e+0, 3, 3, 
05/18/2021 14:24:34.035, 05/18/2021 14:24:33.982, 4.13632e+0, 0.00000e+0, 9.38532e+1, 0.00000e+0, 2.05389e+0, 0.00000e+0, 8.69648e+3, 0.00000e+0, 3.99197e+2, 0.00000e+0, 2.07191e+0, 0.00000e+0, 4.02699e+2, 0.00000e+0, 5.01268e+2, 0.00000e+0, 3.42169e+1, 0.00000e+0, 3.22921e+1, 0.00000e+0, 3.59123e+0, 0.00000e+0, 3.17020e+0, 0.00000e+0, 2.00000e+1, 0.00000e+0, 1.00000e+1, 0.00000e+0, 3, 3, 
05/18/2021 14:24:35.027, 05/18/2021 14:24:34.978, 4.13641e+0, 0.00000e+0, 9.38658e+1, 0.00000e+0, 2.05731e+0, 0.00000e+0, 8.65670e+3, 0.00000e+0, 3.98057e+2, 0.00000e+0, 2.07527e+0, 0.00000e+0, 4.01533e+2, 0.00000e+0, 5.01271e+2, 0.00000e+0, 3.42051e+1, 0.00000e+0, 3.22980e+1, 0.00000e+0, 3.59105e+0, 0.00000e+0, 3.17113e+0, 0.00000e+0, 2.00000e+1, 0.00000e+0, 1.00000e+1, 0.00000e+0, 3, 3, 
05/18/2021 14:24:36.027, 05/18/2021 14:24:35.972, 4.13645e+0, 0.00000e+0, 9.38713e+1, 0.00000e+0, 2.05394e+0, 0.00000e+0, 8.81479e+3, 0.00000e+0, 3.98102e+2, 0.00000e+0, 2.07221e+0, 0.00000e+0, 4.01642e+2, 0.00000e+0, 5.01221e+2, 0.00000e+0, 3.42037e+1, 0.00000e+0, 3.22984e+1, 0.00000e+0, 3.59111e+0, 0.00000e+0, 3.17209e+0, 0.00000e+0, 2.00000e+1, 0.00000e+0, 1.00000e+1, 0.00000e+0, 3, 3, 
05/18/2021 14:24:37.021, 05/18/2021 14:24:36.966, 4.13636e+0, 0.00000e+0, 9.38581e+1, 0.00000e+0, 2.05516e+0, 0.00000e+0, 8.61838e+3, 0.00000e+0, 4.00216e+2, 0.00000e+0, 2.07302e+0, 0.00000e+0, 4.03695e+2, 0.00000e+0, 5.01310e+2, 0.00000e+0, 3.42288e+1, 0.00000e+0, 3.22988e+1, 0.00000e+0, 3.58922e+0, 0.00000e+0, 3.17034e+0, 0.00000e+0, 2.00000e+1, 0.00000e+0, 1.00000e+1, 0.00000e+0, 3, 3, 
05/18/2021 14:24:38.017, 05/18/2021 14:24:37.960, 4.13622e+0, 0.00000e+0, 9.38378e+1, 0.00000e+0, 2.05549e+0, 0.00000e+0, 8.64627e+3, 0.00000e+0, 4.15538e+2, 0.00000e+0, 2.07341e+0, 0.00000e+0, 4.19162e+2, 0.00000e+0, 5.01267e+2, 0.00000e+0, 3.42135e+1, 0.00000e+0, 3.23065e+1, 0.00000e+0, 3.59152e+0, 0.00000e+0, 3.17139e+0, 0.00000e+0, 2.00000e+1, 0.00000e+0, 1.00000e+1, 0.00000e+0, 3, 3, 
05/18/2021 14:24:39.015, 05/18/2021 14:24:38.955, 4.13648e+0, 0.00000e+0, 9.38760e+1, 0.00000e+0, 2.05644e+0, 0.00000e+0, 8.74069e+3, 0.00000e+0, 4.46233e+2, 0.00000e+0, 2.07457e+0, 0.00000e+0, 4.50168e+2, 0.00000e+0, 5.01274e+2, 0.00000e+0, 3.42195e+1, 0.00000e+0, 3.23121e+1, 0.00000e+0, 3.59212e+0, 0.00000e+0, 3.17121e+0, 0.00000e+0, 2.00000e+1, 0.00000e+0, 1.00000e+1, 0.00000e+0, 3, 3, 
05/18/2021 14:24:40.002, 05/18/2021 14:24:39.951, 4.13643e+0, 0.00000e+0, 9.38687e+1, 0.00000e+0, 2.05704e+0, 0.00000e+0, 8.80798e+3, 0.00000e+0, 4.76890e+2, 0.00000e+0, 2.07532e+0, 0.00000e+0, 4.81128e+2, 0.00000e+0, 5.01301e+2, 0.00000e+0, 3.42328e+1, 0.00000e+0, 3.23147e+1, 0.00000e+0, 3.58959e+0, 0.00000e+0, 3.16923e+0, 0.00000e+0, 2.00000e+1, 0.00000e+0, 1.00000e+1, 0.00000e+0, 3, 3, 
05/18/2021 14:24:40.994, 05/18/2021 14:24:40.944, 4.13648e+0, 0.00000e+0, 9.38760e+1, 0.00000e+0, 2.05744e+0, 0.00000e+0, 8.94548e+3, 0.00000e+0, 5.00017e+2, 0.00000e+0, 2.07601e+0, 0.00000e+0, 5.04530e+2, 0.00000e+0, 5.01237e+2, 0.00000e+0, 3.42297e+1, 0.00000e+0, 3.23187e+1, 0.00000e+0, 3.58978e+0, 0.00000e+0, 3.17011e+0, 0.00000e+0, 2.00000e+1, 0.00000e+0, 1.00000e+1, 0.00000e+0, 3, 3, 
05/18/2021 14:24:41.993, 05/18/2021 14:24:41.939, 4.13640e+0, 0.00000e+0, 9.38649e+1, 0.00000e+0, 2.05739e+0, 0.00000e+0, 8.94248e+3, 0.00000e+0, 5.18220e+2, 0.00000e+0, 2.07595e+0, 0.00000e+0, 5.22896e+2, 0.00000e+0, 5.01305e+2, 0.00000e+0, 3.42243e+1, 0.00000e+0, 3.23269e+1, 0.00000e+0, 3.58949e+0, 0.00000e+0, 3.16996e+0, 0.00000e+0, 2.00000e+1, 0.00000e+0, 1.00000e+1, 0.00000e+0, 3, 3, 
05/18/2021 14:24:42.988, 05/18/2021 14:24:42.934, 4.13632e+0, 0.00000e+0, 9.38520e+1, 0.00000e+0, 2.05764e+0, 0.00000e+0, 9.05912e+3, 0.00000e+0, 5.31647e+2, 0.00000e+0, 2.07645e+0, 0.00000e+0, 5.36507e+2, 0.00000e+0, 5.01246e+2, 0.00000e+0, 3.42171e+1, 0.00000e+0, 3.23221e+1, 0.00000e+0, 3.58685e+0, 0.00000e+0, 3.17043e+0, 0.00000e+0, 2.00000e+1, 0.00000e+0, 1.00000e+1, 0.00000e+0, 3, 3, 
05/18/2021 14:24:43.981, 05/18/2021 14:24:43.929, 4.13634e+0, 0.00000e+0, 9.38556e+1, 0.00000e+0, 2.05586e+0, 0.00000e+0, 9.14343e+3, 0.00000e+0, 5.42375e+2, 0.00000e+0, 2.07483e+0, 0.00000e+0, 5.47380e+2, 0.00000e+0, 5.01264e+2, 0.00000e+0, 3.42220e+1, 0.00000e+0, 3.23236e+1, 0.00000e+0, 3.59003e+0, 0.00000e+0, 3.16934e+0, 0.00000e+0, 2.00000e+1, 0.00000e+0, 1.00000e+1, 0.00000e+0, 3, 3, 
05/18/2021 14:24:44.972, 05/18/2021 14:24:44.922, 4.13629e+0, 0.00000e+0, 9.38479e+1, 0.00000e+0, 2.05377e+0, 0.00000e+0, 9.12413e+3, 0.00000e+0, 5.51558e+2, 0.00000e+0, 2.07268e+0, 0.00000e+0, 5.56636e+2, 0.00000e+0, 5.01302e+2, 0.00000e+0, 3.42272e+1, 0.00000e+0, 3.23275e+1, 0.00000e+0, 3.59039e+0, 0.00000e+0, 3.17005e+0, 0.00000e+0, 2.00000e+1, 0.00000e+0, 1.00000e+1, 0.00000e+0, 3, 3, 
05/18/2021 14:24:45.970, 05/18/2021 14:24:45.917, 4.13628e+0, 0.00000e+0, 9.38466e+1, 0.00000e+0, 2.05721e+0, 0.00000e+0, 9.05330e+3, 0.00000e+0, 5.58913e+2, 0.00000e+0, 2.07600e+0, 0.00000e+0, 5.64020e+2, 0.00000e+0, 5.01245e+2, 0.00000e+0, 3.42223e+1, 0.00000e+0, 3.23233e+1, 0.00000e+0, 3.59003e+0, 0.00000e+0, 3.16927e+0, 0.00000e+0, 2.00000e+1, 0.00000e+0, 1.00000e+1, 0.00000e+0, 3, 3, 
05/18/2021 14:24:46.964, 05/18/2021 14:24:46.911, 4.13647e+0, 0.00000e+0, 9.38744e+1, 0.00000e+0, 2.05708e+0, 0.00000e+0, 9.18108e+3, 0.00000e+0, 5.66188e+2, 0.00000e+0, 2.07614e+0, 0.00000e+0, 5.71435e+2, 0.00000e+0, 5.01267e+2, 0.00000e+0, 3.42146e+1, 0.00000e+0, 3.23340e+1, 0.00000e+0, 3.59089e+0, 0.00000e+0, 3.16927e+0, 0.00000e+0, 2.00000e+1, 0.00000e+0, 1.00000e+1, 0.00000e+0, 3, 3, 
05/18/2021 14:24:47.956, 05/18/2021 14:24:47.906, 4.13639e+0, 0.00000e+0, 9.38626e+1, 0.00000e+0, 2.05664e+0, 0.00000e+0, 9.35024e+3, 0.00000e+0, 5.70592e+2, 0.00000e+0, 2.07605e+0, 0.00000e+0, 5.75978e+2, 0.00000e+0, 5.01229e+2, 0.00000e+0, 3.42147e+1, 0.00000e+0, 3.23337e+1, 0.00000e+0, 3.58921e+0, 0.00000e+0, 3.16891e+0, 0.00000e+0, 2.00000e+1, 0.00000e+0, 1.00000e+1, 0.00000e+0, 3, 3, 
05/18/2021 14:24:48.950, 05/18/2021 14:24:48.902, 4.13638e+0, 0.00000e+0, 9.38620e+1, 0.00000e+0, 2.05438e+0, 0.00000e+0, 9.19361e+3, 0.00000e+0, 5.76962e+2, 0.00000e+0, 2.07345e+0, 0.00000e+0, 5.82316e+2, 0.00000e+0, 5.01243e+2, 0.00000e+0, 3.42081e+1, 0.00000e+0, 3.23350e+1, 0.00000e+0, 3.58703e+0, 0.00000e+0, 3.16931e+0, 0.00000e+0, 2.00000e+1, 0.00000e+0, 1.00000e+1, 0.00000e+0, 3, 3, 
05/18/2021 14:24:49.947, 05/18/2021 14:24:49.895, 4.13621e+0, 0.00000e+0, 9.38362e+1, 0.00000e+0, 2.05619e+0, 0.00000e+0, 9.29945e+3, 0.00000e+0, 5.81810e+2, 0.00000e+0, 2.07549e+0, 0.00000e+0, 5.87271e+2, 0.00000e+0, 5.01289e+2, 0.00000e+0, 3.42335e+1, 0.00000e+0, 3.23364e+1, 0.00000e+0, 3.58802e+0, 0.00000e+0, 3.16954e+0, 0.00000e+0, 2.00000e+1, 0.00000e+0, 1.00000e+1, 0.00000e+0, 3, 3, 
05/18/2021 14:24:50.942, 05/18/2021 14:24:50.890, 4.13622e+0, 0.00000e+0, 9.38375e+1, 0.00000e+0, 2.05599e+0, 0.00000e+0, 9.52655e+3, 0.00000e+0, 5.86401e+2, 0.00000e+0, 2.07577e+0, 0.00000e+0, 5.92041e+2, 0.00000e+0, 5.01234e+2, 0.00000e+0, 3.42097e+1, 0.00000e+0, 3.23355e+1, 0.00000e+0, 3.58726e+0, 0.00000e+0, 3.16805e+0, 0.00000e+0, 2.00000e+1, 0.00000e+0, 1.00000e+1, 0.00000e+0, 3, 3, 
05/18/2021 14:24:51.933, 05/18/2021 14:24:51.885, 4.13619e+0, 0.00000e+0, 9.38330e+1, 0.00000e+0, 2.05760e+0, 0.00000e+0, 9.34470e+3, 0.00000e+0, 5.90656e+2, 0.00000e+0, 2.07701e+0, 0.00000e+0, 5.96227e+2, 0.00000e+0, 5.01290e+2, 0.00000e+0, 3.42121e+1, 0.00000e+0, 3.23347e+1, 0.00000e+0, 3.58638e+0, 0.00000e+0, 3.16899e+0, 0.00000e+0, 2.00000e+1, 0.00000e+0, 1.00000e+1, 0.00000e+0, 3, 3, 
05/18/2021 14:24:52.936, 05/18/2021 14:24:52.880, 4.13614e+0, 0.00000e+0, 9.38262e+1, 0.00000e+0, 2.06108e+0, 0.00000e+0, 9.46782e+3, 0.00000e+0, 5.94653e+2, 0.00000e+0, 2.08079e+0, 0.00000e+0, 6.00337e+2, 0.00000e+0, 5.01229e+2, 0.00000e+0, 3.42106e+1, 0.00000e+0, 3.23459e+1, 0.00000e+0, 3.58476e+0, 0.00000e+0, 3.16837e+0, 0.00000e+0, 2.00000e+1, 0.00000e+0, 1.00000e+1, 0.00000e+0, 3, 3, 
05/18/2021 14:24:53.929, 05/18/2021 14:24:53.874, 4.13637e+0, 0.00000e+0, 9.38592e+1, 0.00000e+0, 2.05957e+0, 0.00000e+0, 9.58317e+3, 0.00000e+0, 5.96908e+2, 0.00000e+0, 2.07950e+0, 0.00000e+0, 6.02683e+2, 0.00000e+0, 5.01259e+2, 0.00000e+0, 3.42139e+1, 0.00000e+0, 3.23513e+1, 0.00000e+0, 3.58585e+0, 0.00000e+0, 3.16893e+0, 0.00000e+0, 2.00000e+1, 0.00000e+0, 1.00000e+1, 0.00000e+0, 3, 3, 
05/18/2021 14:24:54.919, 05/18/2021 14:24:54.868, 4.13623e+0, 0.00000e+0, 9.38392e+1, 0.00000e+0, 2.05824e+0, 0.00000e+0, 9.40382e+3, 0.00000e+0, 6.01212e+2, 0.00000e+0, 2.07777e+0, 0.00000e+0, 6.06919e+2, 0.00000e+0, 5.01246e+2, 0.00000e+0, 3.42179e+1, 0.00000e+0, 3.23586e+1, 0.00000e+0, 3.58646e+0, 0.00000e+0, 3.16785e+0, 0.00000e+0, 2.00000e+1, 0.00000e+0, 1.00000e+1, 0.00000e+0, 3, 3, 
05/18/2021 14:24:55.916, 05/18/2021 14:24:55.863, 4.13633e+0, 0.00000e+0, 9.38533e+1, 0.00000e+0, 2.05664e+0, 0.00000e+0, 9.32187e+3, 0.00000e+0, 6.02837e+2, 0.00000e+0, 2.07599e+0, 0.00000e+0, 6.08510e+2, 0.00000e+0, 5.01232e+2, 0.00000e+0, 3.42221e+1, 0.00000e+0, 3.23497e+1, 0.00000e+0, 3.58564e+0, 0.00000e+0, 3.16845e+0, 0.00000e+0, 2.00000e+1, 0.00000e+0, 1.00000e+1, 0.00000e+0, 3, 3, 
05/18/2021 14:24:56.911, 05/18/2021 14:24:56.858, 4.13628e+0, 0.00000e+0, 9.38472e+1, 0.00000e+0, 2.05601e+0, 0.00000e+0, 9.58580e+3, 0.00000e+0, 6.05843e+2, 0.00000e+0, 2.07591e+0, 0.00000e+0, 6.11707e+2, 0.00000e+0, 5.01273e+2, 0.00000e+0, 3.42217e+1, 0.00000e+0, 3.23585e+1, 0.00000e+0, 3.58700e+0, 0.00000e+0, 3.16743e+0, 0.00000e+0, 2.00000e+1, 0.00000e+0, 1.00000e+1, 0.00000e+0, 3, 3, 
05/18/2021 14:24:57.904, 05/18/2021 14:24:57.852, 4.13615e+0, 0.00000e+0, 9.38267e+1, 0.00000e+0, 2.05581e+0, 0.00000e+0, 9.52485e+3, 0.00000e+0, 6.07203e+2, 0.00000e+0, 2.07558e+0, 0.00000e+0, 6.13042e+2, 0.00000e+0, 5.01217e+2, 0.00000e+0, 3.42174e+1, 0.00000e+0, 3.23494e+1, 0.00000e+0, 3.58637e+0, 0.00000e+0, 3.16848e+0, 0.00000e+0, 2.00000e+1, 0.00000e+0, 1.00000e+1, 0.00000e+0, 3, 3, 
05/18/2021 14:24:58.898, 05/18/2021 14:24:58.846, 4.13617e+0, 0.00000e+0, 9.38297e+1, 0.00000e+0, 2.05400e+0, 0.00000e+0, 9.48450e+3, 0.00000e+0, 6.10156e+2, 0.00000e+0, 2.07367e+0, 0.00000e+0, 6.15999e+2, 0.00000e+0, 5.01282e+2, 0.00000e+0, 3.42154e+1, 0.00000e+0, 3.23471e+1, 0.00000e+0, 3.58576e+0, 0.00000e+0, 3.16898e+0, 0.00000e+0, 2.00000e+1, 0.00000e+0, 1.00000e+1, 0.00000e+0, 3, 3, 
05/18/2021 14:24:59.896, 05/18/2021 14:24:59.841, 4.13612e+0, 0.00000e+0, 9.38226e+1, 0.00000e+0, 2.05650e+0, 0.00000e+0, 9.52797e+3, 0.00000e+0, 6.11745e+2, 0.00000e+0, 2.07628e+0, 0.00000e+0, 6.17630e+2, 0.00000e+0, 5.01243e+2, 0.00000e+0, 3.42228e+1, 0.00000e+0, 3.23432e+1, 0.00000e+0, 3.58772e+0, 0.00000e+0, 3.16912e+0, 0.00000e+0, 2.00000e+1, 0.00000e+0, 1.00000e+1, 0.00000e+0, 3, 3, 
05/18/2021 14:25:00.895, 05/18/2021 14:25:00.836, 4.13620e+0, 0.00000e+0, 9.38343e+1, 0.00000e+0, 2.05824e+0, 0.00000e+0, 9.57673e+3, 0.00000e+0, 6.13289e+2, 0.00000e+0, 2.07815e+0, 0.00000e+0, 6.19219e+2, 0.00000e+0, 5.01231e+2, 0.00000e+0, 3.42128e+1, 0.00000e+0, 3.23418e+1, 0.00000e+0, 3.58573e+0, 0.00000e+0, 3.16963e+0, 0.00000e+0, 2.00000e+1, 0.00000e+0, 1.00000e+1, 0.00000e+0, 3, 3, 
05/18/2021 14:25:01.880, 05/18/2021 14:25:01.829, 4.13617e+0, 0.00000e+0, 9.38302e+1, 0.00000e+0, 2.05526e+0, 0.00000e+0, 9.62946e+3, 0.00000e+0, 6.15148e+2, 0.00000e+0, 2.07524e+0, 0.00000e+0, 6.21129e+2, 0.00000e+0, 5.01283e+2, 0.00000e+0, 3.42121e+1, 0.00000e+0, 3.23454e+1, 0.00000e+0, 3.58742e+0, 0.00000e+0, 3.16893e+0, 0.00000e+0, 2.00000e+1, 0.00000e+0, 1.00000e+1, 0.00000e+0, 3, 3, 
05/18/2021 14:25:02.881, 05/18/2021 14:25:02.824, 4.13630e+0, 0.00000e+0, 9.38495e+1, 0.00000e+0, 2.05615e+0, 0.00000e+0, 9.62899e+3, 0.00000e+0, 6.19917e+2, 0.00000e+0, 2.07614e+0, 0.00000e+0, 6.25944e+2, 0.00000e+0, 5.01205e+2, 0.00000e+0, 3.42115e+1, 0.00000e+0, 3.23454e+1, 0.00000e+0, 3.58978e+0, 0.00000e+0, 3.16873e+0, 0.00000e+0, 2.00000e+1, 0.00000e+0, 1.00000e+1, 0.00000e+0, 3, 4, 
05/18/2021 14:25:03.870, 05/18/2021 14:25:03.819, 4.13620e+0, 0.00000e+0, 9.38341e+1, 0.00000e+0, 2.05687e+0, 0.00000e+0, 9.80900e+3, 0.00000e+0, 6.20640e+2, 0.00000e+0, 2.07724e+0, 0.00000e+0, 6.26788e+2, 0.00000e+0, 5.01275e+2, 0.00000e+0, 3.42061e+1, 0.00000e+0, 3.23423e+1, 0.00000e+0, 3.58719e+0, 0.00000e+0, 3.16899e+0, 0.00000e+0, 2.00000e+1, 0.00000e+0, 1.00000e+1, 0.00000e+0, 3, 4, 
05/18/2021 14:25:04.867, 05/18/2021 14:25:04.814, 4.13625e+0, 0.00000e+0, 9.38422e+1, 0.00000e+0, 2.05463e+0, 0.00000e+0, 9.61565e+3, 0.00000e+0, 6.23353e+2, 0.00000e+0, 2.07457e+0, 0.00000e+0, 6.29405e+2, 0.00000e+0, 5.01249e+2, 0.00000e+0, 3.42012e+1, 0.00000e+0, 3.23427e+1, 0.00000e+0, 3.58736e+0, 0.00000e+0, 3.17009e+0, 0.00000e+0, 2.00000e+1, 0.00000e+0, 1.00000e+1, 0.00000e+0, 3, 4, 
05/18/2021 14:25:05.856, 05/18/2021 14:25:05.807, 4.13630e+0, 0.00000e+0, 9.38498e+1, 0.00000e+0, 2.05482e+0, 0.00000e+0, 9.76165e+3, 0.00000e+0, 6.26412e+2, 0.00000e+0, 2.07507e+0, 0.00000e+0, 6.32587e+2, 0.00000e+0, 5.01233e+2, 0.00000e+0, 3.42020e+1, 0.00000e+0, 3.23447e+1, 0.00000e+0, 3.58948e+0, 0.00000e+0, 3.16883e+0, 0.00000e+0, 2.00000e+1, 0.00000e+0, 1.00000e+1, 0.00000e+0, 3, 4, 
05/18/2021 14:25:06.857, 05/18/2021 14:25:06.803, 4.13615e+0, 0.00000e+0, 9.38278e+1, 0.00000e+0, 2.05753e+0, 0.00000e+0, 9.63939e+3, 0.00000e+0, 6.28755e+2, 0.00000e+0, 2.07756e+0, 0.00000e+0, 6.34875e+2, 0.00000e+0, 5.01255e+2, 0.00000e+0, 3.42119e+1, 0.00000e+0, 3.23477e+1, 0.00000e+0, 3.59026e+0, 0.00000e+0, 3.17060e+0, 0.00000e+0, 2.00000e+1, 0.00000e+0, 1.00000e+1, 0.00000e+0, 3, 4, 
05/18/2021 14:25:07.853, 05/18/2021 14:25:07.796, 4.13614e+0, 0.00000e+0, 9.38252e+1, 0.00000e+0, 2.05514e+0, 0.00000e+0, 9.62044e+3, 0.00000e+0, 6.32003e+2, 0.00000e+0, 2.07510e+0, 0.00000e+0, 6.38142e+2, 0.00000e+0, 5.01231e+2, 0.00000e+0, 3.42061e+1, 0.00000e+0, 3.23427e+1, 0.00000e+0, 3.58983e+0, 0.00000e+0, 3.17051e+0, 0.00000e+0, 2.00000e+1, 0.00000e+0, 1.00000e+1, 0.00000e+0, 3, 4, 
05/18/2021 14:25:08.846, 05/18/2021 14:25:08.792, 4.13615e+0, 0.00000e+0, 9.38275e+1, 0.00000e+0, 2.05488e+0, 0.00000e+0, 9.85203e+3, 0.00000e+0, 6.35247e+2, 0.00000e+0, 2.07532e+0, 0.00000e+0, 6.41567e+2, 0.00000e+0, 5.01269e+2, 0.00000e+0, 3.42125e+1, 0.00000e+0, 3.23426e+1, 0.00000e+0, 3.58768e+0, 0.00000e+0, 3.16987e+0, 0.00000e+0, 2.00000e+1, 0.00000e+0, 1.00000e+1, 0.00000e+0, 3, 4, 
05/18/2021 14:25:09.839, 05/18/2021 14:25:09.787, 4.13599e+0, 0.00000e+0, 9.38045e+1, 0.00000e+0, 2.05581e+0, 0.00000e+0, 9.61240e+3, 0.00000e+0, 6.38310e+2, 0.00000e+0, 2.07577e+0, 0.00000e+0, 6.44506e+2, 0.00000e+0, 5.01224e+2, 0.00000e+0, 3.42089e+1, 0.00000e+0, 3.23358e+1, 0.00000e+0, 3.59063e+0, 0.00000e+0, 3.17058e+0, 0.00000e+0, 2.00000e+1, 0.00000e+0, 1.00000e+1, 0.00000e+0, 3, 4, 
05/18/2021 14:25:10.838, 05/18/2021 14:25:10.780, 4.13615e+0, 0.00000e+0, 9.38276e+1, 0.00000e+0, 2.05451e+0, 0.00000e+0, 9.77834e+3, 0.00000e+0, 6.41809e+2, 0.00000e+0, 2.07480e+0, 0.00000e+0, 6.48147e+2, 0.00000e+0, 5.01241e+2, 0.00000e+0, 3.42074e+1, 0.00000e+0, 3.23316e+1, 0.00000e+0, 3.58942e+0, 0.00000e+0, 3.16971e+0, 0.00000e+0, 2.00000e+1, 0.00000e+0, 1.00000e+1, 0.00000e+0, 3, 4, 
05/18/2021 14:25:11.825, 05/18/2021 14:25:11.775, 4.13617e+0, 0.00000e+0, 9.38308e+1, 0.00000e+0, 2.05378e+0, 0.00000e+0, 9.73117e+3, 0.00000e+0, 6.43010e+2, 0.00000e+0, 2.07396e+0, 0.00000e+0, 6.49329e+2, 0.00000e+0, 5.01232e+2, 0.00000e+0, 3.42076e+1, 0.00000e+0, 3.23365e+1, 0.00000e+0, 3.58952e+0, 0.00000e+0, 3.17062e+0, 0.00000e+0, 2.00000e+1, 0.00000e+0, 1.00000e+1, 0.00000e+0, 3, 4, 
05/18/2021 14:25:12.821, 05/18/2021 14:25:12.769, 4.13617e+0, 0.00000e+0, 9.38301e+1, 0.00000e+0, 2.05411e+0, 0.00000e+0, 9.67194e+3, 0.00000e+0, 6.47056e+2, 0.00000e+0, 2.07417e+0, 0.00000e+0, 6.53376e+2, 0.00000e+0, 5.01208e+2, 0.00000e+0, 3.42042e+1, 0.00000e+0, 3.23357e+1, 0.00000e+0, 3.58697e+0, 0.00000e+0, 3.17095e+0, 0.00000e+0, 2.00000e+1, 0.00000e+0, 1.00000e+1, 0.00000e+0, 3, 4, 
05/18/2021 14:25:13.812, 05/18/2021 14:25:13.764, 4.13619e+0, 0.00000e+0, 9.38334e+1, 0.00000e+0, 2.05569e+0, 0.00000e+0, 9.68166e+3, 0.00000e+0, 6.50884e+2, 0.00000e+0, 2.07579e+0, 0.00000e+0, 6.57247e+2, 0.00000e+0, 5.01246e+2, 0.00000e+0, 3.41996e+1, 0.00000e+0, 3.23449e+1, 0.00000e+0, 3.58856e+0, 0.00000e+0, 3.17089e+0, 0.00000e+0, 2.00000e+1, 0.00000e+0, 1.00000e+1, 0.00000e+0, 3, 4, 
05/18/2021 14:25:14.811, 05/18/2021 14:25:14.758, 4.13622e+0, 0.00000e+0, 9.38376e+1, 0.00000e+0, 2.05792e+0, 0.00000e+0, 9.74721e+3, 0.00000e+0, 6.55130e+2, 0.00000e+0, 2.07818e+0, 0.00000e+0, 6.61579e+2, 0.00000e+0, 5.01213e+2, 0.00000e+0, 3.41993e+1, 0.00000e+0, 3.23496e+1, 0.00000e+0, 3.58730e+0, 0.00000e+0, 3.17048e+0, 0.00000e+0, 2.00000e+1, 0.00000e+0, 1.00000e+1, 0.00000e+0, 3, 4, 
05/18/2021 14:25:15.810, 05/18/2021 14:25:15.752, 4.13595e+0, 0.00000e+0, 9.37977e+1, 0.00000e+0, 2.05717e+0, 0.00000e+0, 9.72382e+3, 0.00000e+0, 6.58714e+2, 0.00000e+0, 2.07737e+0, 0.00000e+0, 6.65182e+2, 0.00000e+0, 5.01249e+2, 0.00000e+0, 3.42138e+1, 0.00000e+0, 3.23466e+1, 0.00000e+0, 3.58623e+0, 0.00000e+0, 3.17152e+0, 0.00000e+0, 2.00000e+1, 0.00000e+0, 1.00000e+1, 0.00000e+0, 3, 4, 
05/18/2021 14:25:16.803, 05/18/2021 14:25:16.747, 4.13616e+0, 0.00000e+0, 9.38294e+1, 0.00000e+0, 2.05867e+0, 0.00000e+0, 9.69956e+3, 0.00000e+0, 6.63029e+2, 0.00000e+0, 2.07883e+0, 0.00000e+0, 6.69523e+2, 0.00000e+0, 5.01239e+2, 0.00000e+0, 3.42137e+1, 0.00000e+0, 3.23590e+1, 0.00000e+0, 3.58780e+0, 0.00000e+0, 3.16975e+0, 0.00000e+0, 2.00000e+1, 0.00000e+0, 1.00000e+1, 0.00000e+0, 3, 4, 
05/18/2021 14:25:17.796, 05/18/2021 14:25:17.742, 4.13628e+0, 0.00000e+0, 9.38462e+1, 0.00000e+0, 2.05744e+0, 0.00000e+0, 9.89308e+3, 0.00000e+0, 6.67967e+2, 0.00000e+0, 2.07800e+0, 0.00000e+0, 6.74642e+2, 0.00000e+0, 5.01223e+2, 0.00000e+0, 3.42127e+1, 0.00000e+0, 3.23637e+1, 0.00000e+0, 3.58646e+0, 0.00000e+0, 3.16913e+0, 0.00000e+0, 2.00000e+1, 0.00000e+0, 1.00000e+1, 0.00000e+0, 3, 4, 
05/18/2021 14:25:18.795, 05/18/2021 14:25:18.743, 4.13626e+0, 0.00000e+0, 9.38433e+1, 0.00000e+0, 2.05657e+0, 0.00000e+0, 9.78871e+3, 0.00000e+0, 6.71258e+2, 0.00000e+0, 2.07690e+0, 0.00000e+0, 6.77894e+2, 0.00000e+0, 5.01240e+2, 0.00000e+0, 3.42130e+1, 0.00000e+0, 3.23682e+1, 0.00000e+0, 3.58605e+0, 0.00000e+0, 3.17024e+0, 0.00000e+0, 2.00000e+1, 0.00000e+0, 1.00000e+1, 0.00000e+0, 3, 4, 
05/18/2021 14:25:19.792, 05/18/2021 14:25:19.738, 4.13604e+0, 0.00000e+0, 9.38114e+1, 0.00000e+0, 2.05763e+0, 0.00000e+0, 9.87827e+3, 0.00000e+0, 6.77782e+2, 0.00000e+0, 2.07815e+0, 0.00000e+0, 6.84544e+2, 0.00000e+0, 5.01215e+2, 0.00000e+0, 3.42094e+1, 0.00000e+0, 3.23597e+1, 0.00000e+0, 3.58619e+0, 0.00000e+0, 3.16994e+0, 0.00000e+0, 2.00000e+1, 0.00000e+0, 1.00000e+1, 0.00000e+0, 3, 4, 
05/18/2021 14:25:20.788, 05/18/2021 14:25:20.732, 4.13611e+0, 0.00000e+0, 9.38210e+1, 0.00000e+0, 2.05836e+0, 0.00000e+0, 9.85179e+3, 0.00000e+0, 6.82256e+2, 0.00000e+0, 2.07884e+0, 0.00000e+0, 6.89044e+2, 0.00000e+0, 5.01242e+2, 0.00000e+0, 3.42165e+1, 0.00000e+0, 3.23652e+1, 0.00000e+0, 3.58564e+0, 0.00000e+0, 3.16946e+0, 0.00000e+0, 2.00000e+1, 0.00000e+0, 1.00000e+1, 0.00000e+0, 3, 4, 
05/18/2021 14:25:21.782, 05/18/2021 14:25:21.728, 4.13617e+0, 0.00000e+0, 9.38305e+1, 0.00000e+0, 2.05764e+0, 0.00000e+0, 9.70186e+3, 0.00000e+0, 6.86158e+2, 0.00000e+0, 2.07780e+0, 0.00000e+0, 6.92880e+2, 0.00000e+0, 5.01218e+2, 0.00000e+0, 3.42109e+1, 0.00000e+0, 3.23690e+1, 0.00000e+0, 3.58649e+0, 0.00000e+0, 3.17148e+0, 0.00000e+0, 2.00000e+1, 0.00000e+0, 1.00000e+1, 0.00000e+0, 3, 4, 
05/18/2021 14:25:22.774, 05/18/2021 14:25:22.721, 4.13625e+0, 0.00000e+0, 9.38423e+1, 0.00000e+0, 2.05931e+0, 0.00000e+0, 9.69569e+3, 0.00000e+0, 6.91795e+2, 0.00000e+0, 2.07947e+0, 0.00000e+0, 6.98568e+2, 0.00000e+0, 5.01181e+2, 0.00000e+0, 3.42143e+1, 0.00000e+0, 3.23720e+1, 0.00000e+0, 3.58626e+0, 0.00000e+0, 3.17036e+0, 0.00000e+0, 2.00000e+1, 0.00000e+0, 1.00000e+1, 0.00000e+0, 3, 4, 
05/18/2021 14:25:23.771, 05/18/2021 14:25:23.716, 4.13621e+0, 0.00000e+0, 9.38367e+1, 0.00000e+0, 2.05838e+0, 0.00000e+0, 9.83611e+3, 0.00000e+0, 6.97314e+2, 0.00000e+0, 2.07882e+0, 0.00000e+0, 7.04241e+2, 0.00000e+0, 5.01245e+2, 0.00000e+0, 3.42087e+1, 0.00000e+0, 3.23733e+1, 0.00000e+0, 3.58595e+0, 0.00000e+0, 3.17060e+0, 0.00000e+0, 2.00000e+1, 0.00000e+0, 1.00000e+1, 0.00000e+0, 3, 4, 
05/18/2021 14:25:24.765, 05/18/2021 14:25:24.710, 4.13622e+0, 0.00000e+0, 9.38372e+1, 0.00000e+0, 2.05799e+0, 0.00000e+0, 9.71961e+3, 0.00000e+0, 7.02323e+2, 0.00000e+0, 2.07819e+0, 0.00000e+0, 7.09217e+2, 0.00000e+0, 5.01203e+2, 0.00000e+0, 3.42093e+1, 0.00000e+0, 3.23677e+1, 0.00000e+0, 3.58762e+0, 0.00000e+0, 3.17116e+0, 0.00000e+0, 2.00000e+1, 0.00000e+0, 1.00000e+1, 0.00000e+0, 3, 4, 
05/18/2021 14:25:25.757, 05/18/2021 14:25:25.704, 4.13602e+0, 0.00000e+0, 9.38083e+1, 0.00000e+0, 2.05985e+0, 0.00000e+0, 9.71729e+3, 0.00000e+0, 7.06054e+2, 0.00000e+0, 2.08006e+0, 0.00000e+0, 7.12982e+2, 0.00000e+0, 5.01268e+2, 0.00000e+0, 3.42120e+1, 0.00000e+0, 3.23621e+1, 0.00000e+0, 3.58627e+0, 0.00000e+0, 3.16981e+0, 0.00000e+0, 2.00000e+1, 0.00000e+0, 1.00000e+1, 0.00000e+0, 3, 4, 
05/18/2021 14:25:26.751, 05/18/2021 14:25:26.700, 4.13601e+0, 0.00000e+0, 9.38070e+1, 0.00000e+0, 2.05544e+0, 0.00000e+0, 9.67270e+3, 0.00000e+0, 7.10159e+2, 0.00000e+0, 2.07551e+0, 0.00000e+0, 7.17096e+2, 0.00000e+0, 5.01230e+2, 0.00000e+0, 3.42184e+1, 0.00000e+0, 3.23629e+1, 0.00000e+0, 3.58625e+0, 0.00000e+0, 3.17007e+0, 0.00000e+0, 2.00000e+1, 0.00000e+0, 1.00000e+1, 0.00000e+0, 3, 4, 
05/18/2021 14:25:27.754, 05/18/2021 14:25:27.701, 4.13603e+0, 0.00000e+0, 9.38092e+1, 0.00000e+0, 2.05699e+0, 0.00000e+0, 9.62711e+3, 0.00000e+0, 7.16073e+2, 0.00000e+0, 2.07699e+0, 0.00000e+0, 7.23034e+2, 0.00000e+0, 5.01205e+2, 0.00000e+0, 3.42330e+1, 0.00000e+0, 3.23611e+1, 0.00000e+0, 3.58700e+0, 0.00000e+0, 3.17003e+0, 0.00000e+0, 2.00000e+1, 0.00000e+0, 1.00000e+1, 0.00000e+0, 3, 4, 
05/18/2021 14:25:28.746, 05/18/2021 14:25:28.696, 4.13607e+0, 0.00000e+0, 9.38158e+1, 0.00000e+0, 2.05460e+0, 0.00000e+0, 9.64423e+3, 0.00000e+0, 7.21121e+2, 0.00000e+0, 2.07461e+0, 0.00000e+0, 7.28143e+2, 0.00000e+0, 5.01266e+2, 0.00000e+0, 3.42200e+1, 0.00000e+0, 3.23646e+1, 0.00000e+0, 3.58756e+0, 0.00000e+0, 3.16944e+0, 0.00000e+0, 2.00000e+1, 0.00000e+0, 1.00000e+1, 0.00000e+0, 3, 4, 
05/18/2021 14:25:29.739, 05/18/2021 14:25:29.690, 4.13614e+0, 0.00000e+0, 9.38259e+1, 0.00000e+0, 2.05587e+0, 0.00000e+0, 9.73983e+3, 0.00000e+0, 7.25500e+2, 0.00000e+0, 2.07609e+0, 0.00000e+0, 7.32636e+2, 0.00000e+0, 5.01207e+2, 0.00000e+0, 3.42206e+1, 0.00000e+0, 3.23669e+1, 0.00000e+0, 3.58612e+0, 0.00000e+0, 3.16942e+0, 0.00000e+0, 2.00000e+1, 0.00000e+0, 1.00000e+1, 0.00000e+0, 3, 4, 
05/18/2021 14:25:30.737, 05/18/2021 14:25:30.685, 4.13610e+0, 0.00000e+0, 9.38207e+1, 0.00000e+0, 2.05661e+0, 0.00000e+0, 9.87853e+3, 0.00000e+0, 7.28615e+2, 0.00000e+0, 2.07713e+0, 0.00000e+0, 7.35884e+2, 0.00000e+0, 5.01261e+2, 0.00000e+0, 3.42246e+1, 0.00000e+0, 3.23747e+1, 0.00000e+0, 3.58693e+0, 0.00000e+0, 3.16886e+0, 0.00000e+0, 2.00000e+1, 0.00000e+0, 1.00000e+1, 0.00000e+0, 3, 4, 
05/18/2021 14:25:31.730, 05/18/2021 14:25:31.679, 4.13611e+0, 0.00000e+0, 9.38214e+1, 0.00000e+0, 2.05578e+0, 0.00000e+0, 9.68005e+3, 0.00000e+0, 7.33067e+2, 0.00000e+0, 2.07587e+0, 0.00000e+0, 7.40233e+2, 0.00000e+0, 5.01201e+2, 0.00000e+0, 3.42370e+1, 0.00000e+0, 3.23761e+1, 0.00000e+0, 3.58869e+0, 0.00000e+0, 3.16793e+0, 0.00000e+0, 2.00000e+1, 0.00000e+0, 1.00000e+1, 0.00000e+0, 3, 4, 
05/18/2021 14:25:32.728, 05/18/2021 14:25:32.673, 4.13622e+0, 0.00000e+0, 9.38381e+1, 0.00000e+0, 2.05857e+0, 0.00000e+0, 9.77539e+3, 0.00000e+0, 7.38022e+2, 0.00000e+0, 2.07889e+0, 0.00000e+0, 7.45307e+2, 0.00000e+0, 5.01224e+2, 0.00000e+0, 3.42277e+1, 0.00000e+0, 3.23817e+1, 0.00000e+0, 3.58662e+0, 0.00000e+0, 3.16952e+0, 0.00000e+0, 2.00000e+1, 0.00000e+0, 1.00000e+1, 0.00000e+0, 3, 5, 
05/18/2021 14:25:33.717, 05/18/2021 14:25:33.669, 4.13608e+0, 0.00000e+0, 9.38173e+1, 0.00000e+0, 2.05642e+0, 0.00000e+0, 9.76367e+3, 0.00000e+0, 7.40428e+2, 0.00000e+0, 2.07670e+0, 0.00000e+0, 7.47729e+2, 0.00000e+0, 5.01242e+2, 0.00000e+0, 3.42295e+1, 0.00000e+0, 3.23844e+1, 0.00000e+0, 3.58738e+0, 0.00000e+0, 3.16857e+0, 0.00000e+0, 2.00000e+1, 0.00000e+0, 1.00000e+1, 0.00000e+0, 3, 5, 
05/18/2021 14:25:34.719, 05/18/2021 14:25:34.662, 4.13622e+0, 0.00000e+0, 9.38377e+1, 0.00000e+0, 2.05558e+0, 0.00000e+0, 9.88356e+3, 0.00000e+0, 7.44488e+2, 0.00000e+0, 2.07610e+0, 0.00000e+0, 7.51920e+2, 0.00000e+0, 5.01199e+2, 0.00000e+0, 3.42258e+1, 0.00000e+0, 3.23821e+1, 0.00000e+0, 3.58728e+0, 0.00000e+0, 3.16906e+0, 0.00000e+0, 2.00000e+1, 0.00000e+0, 1.00000e+1, 0.00000e+0, 3, 5, 
05/18/2021 14:25:35.710, 05/18/2021 14:25:35.658, 4.13614e+0, 0.00000e+0, 9.38255e+1, 0.00000e+0, 2.05679e+0, 0.00000e+0, 9.85809e+3, 0.00000e+0, 7.49085e+2, 0.00000e+0, 2.07727e+0, 0.00000e+0, 7.56543e+2, 0.00000e+0, 5.01264e+2, 0.00000e+0, 3.42293e+1, 0.00000e+0, 3.23827e+1, 0.00000e+0, 3.58697e+0, 0.00000e+0, 3.16810e+0, 0.00000e+0, 2.00000e+1, 0.00000e+0, 1.00000e+1, 0.00000e+0, 3, 5, 
05/18/2021 14:25:36.713, 05/18/2021 14:25:36.659, 4.13594e+0, 0.00000e+0, 9.37959e+1, 0.00000e+0, 2.05347e+0, 0.00000e+0, 9.78975e+3, 0.00000e+0, 7.51347e+2, 0.00000e+0, 2.07377e+0, 0.00000e+0, 7.58775e+2, 0.00000e+0, 5.01218e+2, 0.00000e+0, 3.42286e+1, 0.00000e+0, 3.23706e+1, 0.00000e+0, 3.58955e+0, 0.00000e+0, 3.16890e+0, 0.00000e+0, 2.00000e+1, 0.00000e+0, 1.00000e+1, 0.00000e+0, 3, 5, 
05/18/2021 14:25:37.703, 05/18/2021 14:25:37.653, 4.13579e+0, 0.00000e+0, 9.37749e+1, 0.00000e+0, 2.05467e+0, 0.00000e+0, 9.79792e+3, 0.00000e+0, 7.55589e+2, 0.00000e+0, 2.07500e+0, 0.00000e+0, 7.63066e+2, 0.00000e+0, 5.01237e+2, 0.00000e+0, 3.42344e+1, 0.00000e+0, 3.23622e+1, 0.00000e+0, 3.58871e+0, 0.00000e+0, 3.16993e+0, 0.00000e+0, 2.00000e+1, 0.00000e+0, 1.00000e+1, 0.00000e+0, 3, 5, 
05/18/2021 14:25:38.760, 05/18/2021 14:25:38.663, 4.13564e+0, 0.00000e+0, 9.37523e+1, 0.00000e+0, 2.05861e+0, 0.00000e+0, 9.69615e+3, 0.00000e+0, 7.60661e+2, 0.00000e+0, 2.07876e+0, 0.00000e+0, 7.68109e+2, 0.00000e+0, 5.01102e+2, 0.00000e+0, 3.42374e+1, 0.00000e+0, 3.23595e+1, 0.00000e+0, 3.58739e+0, 0.00000e+0, 3.16801e+0, 0.00000e+0, 2.00000e+1, 0.00000e+0, 1.00000e+1, 0.00000e+0, 3, 5, 
05/18/2021 14:25:39.708, 05/18/2021 14:25:39.648, 4.13562e+0, 0.00000e+0, 9.37499e+1, 0.00000e+0, 2.05525e+0, 0.00000e+0, 9.78705e+3, 0.00000e+0, 7.63293e+2, 0.00000e+0, 2.07557e+0, 0.00000e+0, 7.70837e+2, 0.00000e+0, 5.01345e+2, 0.00000e+0, 3.42453e+1, 0.00000e+0, 3.23560e+1, 0.00000e+0, 3.58790e+0, 0.00000e+0, 3.16779e+0, 0.00000e+0, 2.00000e+1, 0.00000e+0, 1.00000e+1, 0.00000e+0, 3, 5, 

-----BEGIN PGP MESSAGE-----
Version: GnuPG v1

jA0EAwMCaV/C6kaKrjBgye1ke6JpFEoWFtOHluY2+2btMkGnpnUU8Izs5KaWkK01
slhkb6CyroGQnYVY08zgBNqq1iHQvJIrYjYIhrqgRHy5iN3I/du6Zb0c7zc05lPf
jsU/XDBE7lrN/UaqTfh7viuxtaDX6z0/2U5CyrBK9DUUGjY4m0tzngZCBN5ZcKnQ
d2vVolGAoSW/k0OOrqxcjCzxKrUulIMoQfhiFMk5lNSGsLdJwFn4CTg2ZVrpinuW
ckcEKDrNH/J7h4V7FngTXmwSQKM+fQHrbSmqKI9//rkKBjh9XOxejQ+t25H7qfDM
5b03dlvjqF3YpYiHnT6Dr67pMGsmAbWAb8klSIMpGpLxcaaxAPxFMpyUynFr8GGZ
GCBla44jIPjsFKF8btdZaTczNptrhPWEGkHp6vzHs+72K1Imh6NdeHGYbCpgYNpN
VYkGAiY1RFn+bmYSmkGeaan/CImHQu8Tc0cBIcKiWtSzktcq3NYz0q93U+a9lmzE
2qB5nOL3TaQUU9ZMF4btEbIg/PpBxAs9sJnSAryvTEAHg6XaIslDh9o0QhaNW3zS
OAsi6+SkPj1oiH29UmPPdu8cqaL+gJrwzu9ezq9QM8tP0Dwv/9jdnIikhda4EGin
AP/bXrEgTjkXC7Y1SLHXR7Bjnx41MQlSfvVxOZb/gV4pbc+zWeeBb0nHPVbx0C42
rP8id1+CKUrz4AhdWohk8OkAFUs7/SxubXOAhxZt+18dnvFdndrwjJ7rLOmREkYx
pHcXapyfvbUx4VdZQxcYeQrAmwGmDTFzlwyDyc67zRcWCuu4emfWwwQNE4vooM1i
m3aWg4CulwD/F4WRDxbtmJ727ffddLd9lKFP5NgXi8SPEHFvFH+5RNHuvvo6HTif
e4rJ1NiBEdwTa777rKCsZKpB+ClOM4HngUM3/I87Vk6tUq0CuN/GVaOBEKCJHOAI
aNqtROVupWa2SPVaHF2aq8HckCkZvGUMNsFOGClBOrSB4gV8/jYjJh/3LIXtCEKg
uSpIbrXHhtnPx32xPOMpidTmkumimNwjMlWQIpDMEdCSDU6jnm1ZRyWuTIO1XuZw
5cyq+tUVMNGuNcrbuGo+zY5zflGZZbqmcw28wFJnuR+j/TzkA4ICDj68FDOYJdxC
Yk1s+fenJ0QGccPHijdzFn57GfRfDX/MfwiGfdwkwIB0/WS6Rg5x82T7qAWW2HKE
uET/sf1kjcn8bEKcCMsM/0/qwyeSEq8+DOQJ2mAGCtivGnLWVMxDN6DvtdNYOX6L
vKhwx/vJz05ePp8o8GLJymPi5SXCAQdrJdQiI6qNxIituec2JTOQOSxbxsSzNCi8
aK1z4DLv+40t+qvbuBhtjiYj5iCvRrVu3iO3tPdabKTWuvFHAOTp/I02xY9EjbOH
XIjLIGtKziKEZSBiEdph2ZfMJb5R/vwhGWgaqVn5McP/ggh+bNUq4LcoyI5xKjDN
S4/Yzmy2u6RKxCHtDA8tgTXGqfCM6jFgqXWMjL5tYoCfEUpTw/i38dGmlxiYctzF
OTPLVlijetSN1eVzr5rsHUw/zTuQa00dPkYJYztx5c0TfhtclQoip+KMOTw2dfKi
8Ws//MFo30nd7Up6xOXRsIi8YRg6M0ComqwKt97rRNnfnBSmgkhuJ0X4DqaA6X5g
ePA1JivLu9XU2FCqQdPG63xKe7ZT7AlX+w/z2anklt6A2QRcDOI140YUEzcMDmly
krxWwbw8KcmG63hAQOLI1S/ygMsnJrS0xu5E7zKb93f5ztV+yjXtRPvscAjMhbGI
17Jhy8cnro1vDEiYH2m5g/IMR2eMBUx04Xg21Ah/vydBNJxMoPod1Nxy1FOipiTR
PwraBCMFBHAzG4QzD8UBBXdayReMMv0xm5c7pv3ET/s6iRu4cbWJJE5J6b6AJlH+
YY6TPeVcE1m283FH/C5ndVAQVrpHxAJKSddPjQAp8vy29CWPZkUBQykk8zJ5V0Z+
m6fa92BDWJz97w/Pqnv2kHNiHdvRd6qQH3++J6uxDyn6kjuaJvg5EDK6DubXuVDH
1Jhb73VDqfDIaa1QOUCzAJPPPul3L/Um8l1hg+J0XvypiX9fxYo3fu7bhVEZgGjo
o/bisQWoMPebJgnwKZ1v8qOyPxC/IGKpsGul60Qh+4qLDzE8l8m5hWXKbtHBOsFb
sf6qyzjRz2gjbne+SwCmTmobPyXBpyX9dmtA33h/XmR7b2g3/D3DAMhgdqijdK1F
dVSxeXKpVIC7dgtGBreOMthMoIdKWLS9jSilDeST64geiWld1t97QCbHCRQ5a8My
MddbIaClQwFdA4ECmQel20ALqSowo3ZK0TV+T/BPFEwSg1xkN01v5FFMvpqj4Wim
/AyzeS1Yz+6Slg2EHA//Xaa1dbqjYilVkB2xsapKcD/RMmy5dbfe6dVKdO2BdXfv
Za/NwJzUwmRgBFA5TgPp84odsLujpnQc2bFCuS2SCBYG72+QFoh8ifawI8y6aqZa
1LC+8CI9OMndvPFPV2qMRZssH5rHuOfCNe2fcxzVmu/CuQ2wNfR884pwbvtfpdiN
tKhuJjiJq8CJgOF7ht/uw0WUhZLnZmigAwhmxKMnZOSAE17Ae1xb28u4yWGG50aj
wi3EwJaMVx9/0hBO0k8ufB9vVIH/t0NaAqtN9crwrfSnhVmdKuouVBbVLJ7HctXI
QceMjwhl+owX6V4ifAOBApgdndfv64r40QCul/SMMbfqD1g1xoT+4OJaZav9l4GZ
+C3cGE2ed4yPzfSR+Or3w8yyTfeFv05GTfjJ/FJL86LoeR3XycNoGLuPPYWEtmmH
qFZym8PqP/9Qvk2EL2wmpNrq1os9Y1IE5t9Aijxd6PZ9Prd4nFVi6es6CU0psSwY
sLWAiAKTBf3qRyScZsB3+YdxrZ/bwuNrSluZToYOG1wh+hGqR5tCRjCV9oY0hHwL
HdmHemflwBZXXoIIyhRaKeNFZ1EBct82dPFm0yDtpWkoLjUkgL+fLoW271evf5Xt
Uj/p3KB+79HgTw7XUOBY5xBGeP3lvEEPlsMZhbTb+RGBSwWoYEy06K7ski1LFx7E
t9/CP7H2ReHPnLYt583klmMJXmbumLl/ht8H9spL1XGfcziUnN50hRDtMMEHqC8+
UKVIX/wkral0WXcrStlKbsIUxcODLDl9rdpXShweg3m/pvqKpWn+vscexXNMNj7A
7+J7FcSEndu/VNHDrpjyytalP68d96Q/wDeu4S2VbzhRiNIdMIuK0UNdUgfR0m9D
PxTHYXUpWBpom0l0Woba3Em3T3qvjEAgsux1mhDMm5nVXxQhL2VAtA48Ns06t+8c
Fd/2RfewRZcN9Q9Gc9S1yRJffMfAhrOjvTsu1uwXxzXfV0TaGX8qN5DlyIFH168p
GrZxLoOVlYsJzwEiKP/B6liHrcOusRr5h2zrzki0CHnqORStHoPPufqlsJS1cm55
MYCqrX/IlsEM7MQYjlay0z0fQfBdEecMSNzJeX/8tIEVlnecCY+YOul1vwhHbkVA
fk1Jn803SZ40f8tbim3B4xrZ41qrvGOTKIV5M+AAVa3CADIluuS8ImoZp2qHZEls
7kLhtNZxVOiD0oSRnQ+UGUPsYSf7Hlcdy/nDW/1K0g2jFLF94/TT7Z4LBh3C6Miq
uWC4i8jgFgSkFn2ptFW5pDHRvx4IWFUG68+KNXVHboeRmJEh9+ZoQJo2J2+uJHUp
/5ydcjBclE3KPBoRIevdJOck0vtz5vxlE8qsi58EY2CqbfjkZ64q1d/RLxOqCBPO
QWXc2wrAj0bH1FVlwT0PuPBzyuAbJmUJc2/fWUL8tFTNBt7VxQfCp0ldxKSTX5HI
CBlzvVbOCzAOJNfU5oUdU6P8vfoM9bUW2ERuZCnb84uPwPNVS3dMqtqyqPdA2Vxp
qnOz7BSt+nr5v8DOY+jPuzYQVLnjuUoO9tepGXeu/qBtVLIJBBP8P/ozUCsYIKPY
qsvZN68136LjbvsKszwwg8jfZEmbfQDwTZvf7Ku5B2Za2xLkYsL4w0/8OXUpkg+S
66fqW/jD1unYH6rbN2rLoYlWaMCllv8VP7lAS15z8tmAecd6SSKw89ldNObueuOX
JShEREEEbLpqQJTY9432jQWuyHbh4/rqnul0iv0JNI9aUN7GGtDiII4kNktSp/DT
8Vb3IqaMAtgY77ziFRQ0WyrCYsu2AA1GencShMHUs4A0QzMxNE3nBhlhuG+4+Vi1
iZksJfJLSJBbqU7E9TSAzjgxhDYYH4DGZysPVkA5DJgfezE58m5v82jNNdSjomso
U9tEp1dV9a9hM2ZvKs09P9welmC+IFL7tsCDsVP6TbpbYFLZUfbiJcvayeSInVmx
wlPBEC3mbiDWKyQ3VEvjSp5SYK7hwOhQ0Cy1osHQJhIEei6XfxDILlvTUAeIZK8L
txqZkmCdilFSwjVoK32xdt5+Smw2Ren96/nnRo7J66hw6E6V9a3NVlqgGPWauDXk
zWm2HPhzvZ1p1C5GlGUwnINwJOTPvGGM5rDyHBN2/16LbObcX9jATOoJC7wRPgmM
XUpP+/iFUj9ESma1ioKcFxZF5nzn7dFt7dWGXZQzIJBVKcG52UpXi1ErpIHLpSZz
LODEJmRtB0tAI3FtLHB9MADhdlDQ3xXXLzKliRjOviGNSq9n9Izl1o0NMtWto2rW
SPpwsmlYMg3mE2j1tlRCNzFcqOmgY8kFP5ikaQQEy9mzG3yGFo10olPNbPEhphpQ
UFGP+8oG4iKi7YltiEbNQ6yOpLfMETDR0byiFfcE5VgOHi/xz+e9GZrzZEg0XKdc
/vpnajif3KtzN0YZSZeelzLal2maexIzy2c7nQVYAP7Q696EJAT8sQVvcyMRlhiN
E/JawqE7jNi99dVC8nOfRi8aeF6EpWTxU43qAwcI8m0+EimURBBBS1v9BPzhSo1w
W8PfDTtWVm0D0Gk+qJmzfSPr0LBD+y4TfDLzKPQciZvPYR+s+1N2PgMxIuMz+wKh
gCBXWF0wTZlvNFRwPuRU74HkOIHCooh6lKjfrM9WkMRClSgN2CjmMgIm57Wk8rVB
Tv1rbf0hzjRZFqIBIuV96CqXPn/KOhFghqu2jdHZMA5pLLm+aIV8Cnj4iPx3FNuS
AowLhoHdsBQHYg9Lipl4fjp2f6SBZHGL2+KThVkMOE80CtEwlNrdR1fHRqoyPOGN
YvBTpdyAsVfTm7wiEUEVQfELiiqVqLb1cHMcxP8rCmJPeVu6FnicP4tcZbqYwbPt
Guq09jlvmqX6ICiknt4tB2GVQslB8xQIj6UtcIynoC4X4pqIE/icExwZG2rm8iMQ
PXTLT3i5LbMlsiGQldIhoqQBgppxV4zARFFEhudwj/KiPtFbLX9jaaIp7MOowg/Q
OI6lD/n3Q85eInynkr9fBZBTuN7dVXpx5a3fleYhY2yy7b8NVyTMr//z6xa+lqSY
R/YNW1T2tZ5ujBeyyqXw8q9st4dZxNHgEQao+MlCCKK4YFDLe6VBNQFV/83HJlpm
++UWihi/2fx/HC9zyLip3CWQI3ktZFHL6A5q1ZRmkofnJw4XOY2XDymmyPqcIbzJ
KNeePI2rmiDWBtVk884UfdY7IaLK83SZzJyLIMtgPdRunbE+f7xmUWxlLXmKTTrO
rkBTAPe+YCQfFHTc8yOg/zyY/M0o6+3NJbPMUZlCobCv2+dD1UfBP3Xw8RMkpy2C
jhXbijx+FGUhU7u0oTaIBjN+Lfuhf/46ZB04yhckTVJGuSukBoRYW2TALNoHsZGf
NWsuC7QdyC1KBuSiu//4Bz1+0XSbPyP2RKLH48D5O9CBf6vyb7ub0ruR/tlHMLVX
7NOEzbJKCY7UdhP+G2TrMGQF/OxISliW/VhZWsha3ldEug1IZmthkaiPhckFOkvb
G7kHt3TQLkzZvPN+aicF4BHpfiyAiH3HfBJRVI8eHR/eGFNjApe561nSQKePOFoK
ZUDXvNgt8Obr9ROUj/8D/ekb2hxvt/aHl3gZFeLWWsDqNPcwKZiJMjbA2Jtsb1ej
XWIXNOeMtX9F61JOmOVzzWWzOEe/2Nb/TnPo3McTgZZVHA8V5P0CPP2ZVQD5XeOd
30QqyZB9ecMv23IWkGznGOIkNSVMbFzFw62A0u4pIFD49kf3P77IvZY4gj28xl1n
M6jiEMRvlIoLIGYugvo2C37fLjtmWpqiW4Wt9WudEhxwyaNLFXlNhLaNXSSn8HFJ
rBscRLMcz/HVFX5YHER0kjyjR8JSpyCwUCvMTu1fJS9nQcCJdz2J9MuMbI5hJpkS
KGUc/fGF1sQVlmyVD6FcVTjLjFevd/l4UxPw0oyjmdnLhXSdGw71/g7UBwnK7Wq/
/kXAlZtjkjNYga8m/KFBjEiuzNRFQIYrJKjdApJbjXofytAGr+1ofF5DI3YDHgGz
3HQZ3GEniEa/NNANOvpCaLqdi1DjcEwZzDhAEWdxeRguSqyCsLpQxnOxkICoEXJC
i9cVAkmNSQY0LExPOtI/dodvbJ9owop6U/g19OwozwC1OFBMLXFi25nXwHqC/AHF
e5YAh4HToN5eyd/mBWpigOOF7fiO3pJoZHgUjzDUOb7OcoRSOlvk3yMao+CSS1Ws
+fJ8mYNY6I16FV6UhtKWENEEeXWS5sGsHcjHIDkbkieNNt9T18hYKFixlNasYM5H
r6NOgaqloigDb6x1+CDqFrdaJ/tiyULlrXEvMnEvsteTvk5wZGSKLCCegNjB9Alc
B8XKbHaVxhrh0O1ij/5coq7Ew6lidjh/cUOmqFwIbiDGSUO41//4efS2Bk3yo9Rn
dItuJASaWeG2e9fyXFBb5Ksb5AFAxwKAYmokpjXI3jCLnaur6zfkrsnrmAp3yc2F
fjRThVOaJp5YP1havA7W6MYAMJPEq7ZFskq/PNbnKc2HH/y8UAsnlTlrEK9ULGGW
mh9Tgm1ULx4pLqMNNqg/lTNiqu0IAPmWwPBQ83zGt71q7l1uEfv2seAUmMXDeExW
NDWheHS47Yt3BibNnRMCIY/PxruhqfJxoa7/tN609UtBh0yQre8YwVKHaqCY7HyX
3rBE2FSl1uhc9t7aGbWOmXRG3KmCCNifvf3Mw0PTaOQQivPlZz2e2xq0XIvF3cMG
avjdvtLtuXIw0QRDKGBi8riG35cxsTc8S4+4qLyiHjlM/0oolBZuGA1zf0WEeEdb
2buw5mTl7NTtMjzA4XevQ/07Jh0ieth82YxuM59iT5AOqcAJ8755pGDJQj5gxegB
JiTmU9bFEiq8WQJJ6jY8vYZSrOPc2MZzNxNLQvcG63FnWZFvyezOSwN9XzEBotxJ
9XIkuXYDCEacOpaUMcq7qbS1q55UwR54SY64j2wWmPZazicIaYy4fLPxm77nRNcx
Px4NoXAFjsvyY4UL6SuOTZA+UrMIiTxYIkyd+JhgprfJMazFiBfld21RpJU+g4K/
SAOFLlJyCDKYMr6UCykm26PyuPq7jSCFCZkq75B/pXxyBkHLn7rFthUKnM4WRCrR
0rM+6jH3nqhAbYbkpgNwl5koh9jPYeFHvieKnkr6G7J5gcItLxEYmbbytGad9Kqb
o33eiTKLKP0gyarCkZtADs6DROam88I57rZLguKKfyG3+Q7WSh0xyfLNvZ8ZLp9g
wLR9jKzkG0svuDuAoDxRfHVUsZnumOxy771hOFtnZQdFbAzZlR+oV0WbBxUGLbz5
VFguuYN1rqK43t9oahMEq3gcKi1+z39Fj0r1PccN6xSrGSDRqGN1P1QOqheiyp5n
aTUEl/lVa9A5L33tE3Ex7vdMU92rDV0t5/omeZzMFXlolIGhF2p6mx+nwMtMCJgo
oDGIrEEauz6arCT+pqWnZ4PAbKXQM+jg/1VKMyhgePtKd3AZNJUr/X3eEbc4TW7C
ERBAHGIrt0yKIdEvLTh9KPNOmSByWQOs8fQEi5ftVgbPIlnu4UY2fzgyqRgqKR6x
TfgN5QKHkMe9IZs9p2F2VuSIivBHLQEKMq7d6tXTmfPXnaZPlv4ENoFlP9LX4EjO
+aobFv0SWQxqm2OcnlNW1rcTywPwN4sGZoYgOD9wnEtXicLXhCbptiQbDcvk8r6a
H3BBVnAznMT8Fs3Ie+pvOTpXhWRHDtKSDu0hyHJISmG/Wi6AJkLtIicgeTfUF4Bi
WWn/1PUn3gHiFXclmUq+NQnUGuQH8HtIEqhyCJsguSnjXYWlZIR9SkX3z3DPcF4B
5dmG9AUxDRiFWhQjCuNYjXHnPplebABEKK+FwL0mjkwOP/+ezBr47hXeYDUzCVO4
q+OFQ6MIW6BBKSILNFOzxygkW2DnBqLpvxBiXJ3CgIPTEra9CS1dNomsprqhyiZy
eLbnOo/RP7IKsVLc/qXT9W00K/cu6lzEBPX9pb5SY3q16g2DBn/T7Ar4Vbox+OW/
vGA1zv87kvu/eTFM2XHBa2hFSHYNzuF/WR/oeXDv/Nxo3Ekkyuo8n1AKZeTdMjzD
92RNWjXc/GRJ0GuAwolzKs5OUyHdm7El5FcUSAP5BY3HjnsaTVncDhd7KOF3XJBK
nO6/HmM5zxVnFCvvmRRFhE7goHb03gS/YrpfUqkyghHBLz+YCAvMGeONfmmPjET3
/RIcbKPR/9rPbeKUIewSPTMg6aFTlSqfYuXLkhOgGhKLW+KM4Pz63ME441BR/YZ6
iFUj6hYNGLxRVD+Ce0AqFGSJZ9xdGz70MCo/LAKYF7HyLUzI6V+WR/P8EtUtvzri
9hF+TRvOeKK3ouQr7TZdGqLnXPvV7tMTmxy3YMiXWgy4Ux8I+0eh2BPPCwC3/OBS
docpXtopqsZ1Robcdya/ljfSvEaVQgMcAC+VXU2duLiF3Sp1p3tFs62U6OSG0fDG
N4SEI1eWQO/UlgBNjN660aLWOkf9iRNBzegmELL8Z5cwFjumIpEG8iaERYv24yT3
27nUcLpgBDZAPllV2CixwVuZDWSjiflYyjd5i0FlS5CtHLFv6wIgQ4XovzfdbogW
g53ePUK5IM90HReqDX8ltOAGYIUPpcbYcEwK3VgODgsc515BSGTV2OD3FRLTLkcC
UQJe67mAcmp17gip/zN8Y0oFdkqNWU0JeaDYEAS0d0AjqttctjRxiJAqPXosl1tg
M3wfjB7iNcfIN/Du7Q4BahAPYIVwLVxIUTpWv27CaSMblqoyYsCV7PruReeJ35C5
YxwAj4PSKeOGLGELyRLv63ozB2IH6EiozYvGjfDdY3UvpE22f0SCDszkX5hIBEYD
mbNAaI15uUcFq43cBiTOEmL3FHgYR7eAFC9CV2WACqC+3ALJYwjs5rq7zCvE8tAw
V7PVyyMTYx0+ipoSlqr61Xn+XTj7uw0Kdn7Zwd176MDKTZvP2QtGEBw3fH8ZR2Dw
+I/oHhEypTFiElOqJBMQs/ewQJjm+hsAOUKLh2S26hIboESW6B6P6CZUyYMFD6cv
jLm2UOJw/h2ungRg3rhzJyegs+iXYqSiuGvCnqkMDzIWy3NPx9Z1yTvai/IEfuw4
j2Dn8cdnrbHDTs7fwcvXWE8Z4sezVPjL4Vb93WZsgcDZWOyUBEa8P8WyMJC6Mx3G
R32tD42NZAzBvc8jtiUtey0Dw9F1kxIq9pLL6PjjyVDxFpZdSnIhjPK5TrNEgyZ3
7wt2LGGzx+hTq7lnQ6Le6vr0HbuuPcIm6FkkwsHlmYy5f4pP439WwG6+qnycWP8m
txIjA0eg6ggeBKwCz2PC6aCCXuxO+U9qrjY3UxSdgjW7FQ1GQ7yNHs9rJvGnIXCu
N7dN3AU4WI8W0/I5yuypyevkfmrbTxsWSZkwN+b2NRARm7PenBDmzEBlAUEVF4ju
3OZv/wEQlM1Q1qLBHnGQ3DBuRZeHj5XR3VnQiAbSukubx+Ojm1DSthYDzW4hTiXn
EIRziP0dBxNb+RUctXHLfLqjo2tbwG43OAmrbLDVu/hiFneZXqy3O1Ev690rXw+w
BxJ3rhD6BQBBng9YjnTzyG48dwPwcv8m+ihF63r6FLzQEzQ+Sbh93F/msi578C8U
skc0K4cEBGPpheb7Ra7Y0F5lyskQFCtvjKvRwj+B+exF2wWWyvTrJD5xlPW65kJ7
i8QiDXeJCGF7ax/9FpkM4PDCCEtKhywyTrmcyNq+LRS1lX1XTd0957zBR6LpodI1
7P3R/vy/yDrw1vvFUVkbTzIv0gcUb/rxJ8NmtJSckpFfDmwfNNxdkVTX30nYEkaK
lq3bARx4ZNfO44kOdIETVY2dcfvh052uUOjOkbjFmlw1wk5Phz9yd05c8xWaXEPm
vRGqzcBYuwl1rbf2/x/hrvJ2CcOdAYMZXwm9wobz/N7/IKl8tM/BKbp7GAijTiVj
/VuKJ6MPwVujt8izKn2MIYZ1prPDBN9to6vNsppYmCVT2m37qg5d/BCyuIgBj7+y
77gqFRh1nGBsi0FPQHwMUhI/Hc2E/5ESKXg+7DqLoT28TidgIQQjocgk7xVU3Frj
Z5ScXQdxetWpq6CrVjTc2BREOO9LGwhqm15LEpo7Lg90dp901qKmCpzSNyU0IWu2
rDyoxkxLt/IKGwA0HcrVXIvxSNk2Oxoe/DUBrqupnhb2amh6NdZXtQhiIqzzXEYh
wZIMZiZ5qXHRFBYvDP7aS1IoMB+EQLl44XGh5Zs7D14QaXUrHRzQGSS4DX2Y/XiV
gEmojXrooxtqStBLUE995qGh6TxYrtB79UvbPiD0tLBOiF+4bEtVtQwliKitVijw
QUdwoDT9YH8l7XMOTjT9awd/VIRZFbnIh+JCYjY37rSFi70b5d+K3VR8nbuDprWb
QcLse5pNkooK4YjP9xJhvcbUreD4aXMxpNkskSsJQn26NKwlQgXaiu8gBZ27SrvS
VLQE5rgTYIOcoAWYbOlwKEgvaXsw0oluXlF7N8o/akEbIAJgG+Bz6wEwwV9MMToE
K0miiOGWbfibuqaMTVdZbxAcV/HcwkOZNoRbUbPPVXeUaWy/NPACi28NzFa0hwNW
tO2sMDTJpCTY/LLsxceyTvTa3mZY0nyqeekrvN56XVMtIcWqARY+BB/6toaNNvXc
Zk9y3DVZ1MsRtWEjbCnkOlYbWFJHMbCOejzWsdVfPPRzhZ5T9mZoTVOHJn3iyi9H
kwQ7eGTyp+EAaCsVQ6e7sFbqb0pm8WwCtUVL/iBGYtHgEEb3N7Ttd0mE70BFVv+7
uezqSRpRBk9SovoNV4BaJq01Pq1AbChd2kLo1fPaIghrsr0/FAunoiIoEWAOk5fH
1GY52KAFlW1FcdFHzF0FgvIDB87cqI960qrEuGGOIGcHeOYwKpwKjkgmW++VRMxj
UuGVg/Dp+eDW3z6WVhMc/DTb3e0dG4Ye3ew1xsgQ0AOScAc7NJZ1b05ZKeTLAnBf
Lk3vAlcryeichlwBF0NL5wAZCaMLJKhbD9lOoJGabBvWJ+nKvqZcFrH6jIDcQSai
XqoiEoeAMR6U/GRInDjaqmIyej81TqpGTy9AAUc+c6MPo1y9cocTBP+YsiVpWmaK
ubNqENf7bR+UzKgFIimPTuE/0cZLFFpRTlPo1RLsQ5JxeXyMZUsDh3/BtpOTTJZ4
Zvdw6OziQLAIxDHpCiqGyqpr87WJhHSzR+OGwVEjDvuVqjvsp9UYaYOEuD0QqqjM
FI6iEPof/otDwuJJpWC+AD0iq6m82x2SqaP6IpoKKTrgFL/uI96wg3NbowmVZKMZ
d4i+9EK7WtMFrBRT6LWMzeyktpoEAqMYxDRidyt9jmMuVEARlR68RvmzQJYA81iH
XfMrr+2vrDA+DRG0JTxWZFpe7/OeJj25qvm3X8bSGYPGPYDFKCvm2ae+WGoQN2A8
hHmUTNm6ptScFeuP9bV2a1ZBG2ZCKuRNnzkEB6iKxjNX3zvB3hrqH9p8O0UP++1T
fQ9B0/DdPYxIX07rl+QoTil/80o4YOSNcSg+kOJa8snh7Jq4CWZ5mzhsaQHLzS9t
VYrGgmrmSVunj9rnB0diXd7Gth9eaGEJV0rmVuBGTy5jh7z6AI/yG/Q6k8CJL1bR
yBUmowT4CDGvV5dpSygwsaxG+etMmMRLMfoW0JZQU3sq0dbm3c0taSwuTacGDCFN
KWjLrdq6EUf20qV9HYIp9qEuPdl7Uj9Q7aIPu7sX7gqDNNdY2sl15ow64txwpWB9
f7LtsS4hMT9PvqPqrxM1yQoHdVWV8QV+zDfiZe5VafWbJ2NYLBKGHEwPMmK2wVim
LrbNFkg43r1nwWmCKb2WgLb4IpnRLAZf2cQ0xhiBgqvGd170e+VBRC+QDp5duscF
Z9Bqe9nqPkTvxXmlRz6SHL3TX3nLFgmGhwXl+CTx9t3mufj7g5PbiCEmvsG5SCXR
bBJbRGsFERgX/vAudRGJaEnb1pg7y5BR+lNVpacgOQZZGwc++TDY+Hr4pUKyleo1
fkk0haCNIkms+P7GfwuriwYkSnsf0hIskg1pzyeASBqDfxegF0xov3vMfx2eXwAz
W3OKN/L/EQg0JU9kay3qs/Edo0FqnxoGa3K/FJl6PxN5DNpy/2XSreGJIgWiP0ou
N2RwIp9hDUfM0oAUKLWPpoJ+aDmf0BNBS7jfpKY+louUDPepAwUkfSUuu+nzjcRr
aT6WAN9iWRs6ZIaQYZQgD5tfUFLyN+KMnS+odsbPH/Dew388a+UdzoO4l/1PAHfC
uRoj8xtq6fTKl0ptA+4s2oZ2mfnpG/UHoVDSl0j36XH3hl/Ye+FtvQcBAT9RYgjJ
HmdbCeV+sTxJ7JtewBxWmxXgzviHRf/s00s+AYLGhTrPWb7TqiyzYsnw40TZABpS
JC1/8E8M27jfF66YgT+BkhKeTV24pr0kWJSbOiEZ/ssjVG/UYQBq1uLdDljpc8WL
54KIPgsBA/8tHZXe5DJMRKiMvaXp3Er31Y5GCUXieU8OGHiToVlvMFH+Rbo7u6bB
0zFRaZ2O6pxNKubRfR8B2eK1rKB9U99w9sy/Yrl9hlk0mH+cQBve4IZJ++6bjN7+
cKWUqK/4bVA0Bim0vldw3zoDgYGLyeEdEbsCmhCEfCNPMjKWeSOqkDb0cd76rIF/
RCXP2H5seJ6zdQ8O6IqNONMg1Ulp2GKnYs5jvwnfyHGXm6rgktoXwFESU8IoD2rE
LtTB7UUG+FpQTPP2fH46PQdc0gPQ7yQ90USh3hSnYNnmqFvxsD3cUAp6qTPmrp94
4iSpSCk//b+idIhbgu/OJau/yzqVNfFDNVQHPXaOroMX2cCdEQdWRPdOibOPCf2y
j51w0yWLUvmA3sn0kJ/MmBWGYiKrU6sk/o5NCcD3wU/H1mo+ZcbqM9M76MIOVBTL
g4SrQm1uasAm8iufLTYMdQxz51QCcnzl+6vCnOFVn7LtRltOLRiauxVHsHnPO/0x
/YKFH3uA+x/LNXIDEUqvWzZrjFiXAXDqv2QXmd3i6joJfBYoH5MBBw9OydE2mvCx
A87arQN4lOViBkzbLNQ4b6QcXAUzQHZu0haRF7fXx04kRyNalZAQx1/ODPowWcEZ
o/ezotAXfWRiDVTlxhfqHWM84bfpbdWtXlflvTo3N60JjcYmObWTfdfduwTc5Ta1
t4r5e9Ik3A/xq9EHDgWzYoc+werEjBvyUuPq2PLojjORI1PIn9hTKIMrko08KlPk
ywEFL4JmIdah45YNRD4Cx1jsjIzwA8QM+jtuJul4o8SOz2cIJMmIE9L9nACfwg9B
0pCZt5ofU2iGe+akvjaxP/3CnkaWypBUHtEd4oO1oSulVv+Ba7q++Pfol1CGjfQA
DDSfSvkOopkb4EwybcnLb3f4WI/+GkqTWFjsVsBDdmVzfObkRMr4GNu5ke4uUp2p
eIqzc41Mmc+aCHlpAVSW7JYfxXIJ5S/e+rDrIwkcztBwk1X9IvFQ+J+UaNoF9Pqd
BJJGCxrN5XWj/iAXmKXZyKeTHfnJx8bUOtcN5fu69wJx9x1CtTpDFgvgB3vrBVon
0iAmP+rRscILeW2QhDIS4KHVmPS78uxLmmJiH+D8cShUE4vYemLYDetIWS34WdTE
qBI1WU2fO5SgsCn0mfmmYhZSjuMjT3Dk+pKC031hKTh9fUEf9tCO3Y5sH6C4vXDJ
58q7x26Dq2ufDm8Tj5L/z3WxzPVQz+aTAWXplBqTvQ9IY78h7JI3/XDKb0pDc8A+
PxwX95/DOfnad5n6eea+09Pogy34oxbcyv8XxgJuVAW1XvLVFcRHUu7C8nHEupuT
jWxFbEKBEK/T577hIDqkWadLlf78gUGg8Qqcl66O8w2KWWD1fkoVcuEZoU8XnlYF
RHUjoK8MWlE6mhLQQ7bjMuF4yjXhbASAM8x2kQxl4DOjat2iLFUrHVmYtlolsoNL
hVMd4st3wJbFmat2VrSbcVd+o/DR6Di9pi02GieJqIUxWeX2txR2w/hWg77KKorR
+YN0ONtJrdmfyqUoSZHpDDqDWSyuotbEvrxUzM/QyRpOWdMIempwiQPGuGtAwb0h
WOTOeuK3rvAZWRIaU+wd11HueI/vTjp7ltdDAGhgtJFM2lyUM9KkP1Ne73Gddst+
+6TuJYOCNVqjFqW+3PsjEH5cuhp62eQybFyWlxTeVBfu4OjN51OhvShoBZeWwye+
brxeWDyZMh84KgFaEPcqXIDOiBqn+NiOx9BoqyS+7nloQHSbRWizvImSnkrrC+Xn
1rWJS+p/T7b4rYt0SCXOkTV2G/c5cAXKg86npLAGQYimFZ32yy7Qs5fsNAnvpDjB
OgNuJV08j4eJqgjYD2a1u57OGl5jmL8UEG7nDvyfejURmT8tkGyQNIN0r+hOkpwE
xqQA1WcyQ1a2zgKBcb5aXv50Ih2XOvUIS4u2tyj3Zu8OmL+p+nq+x7xhWjrdmkml
jphLKP68RY3nhRlxcc5p6I4AjzEoac++ts6FICygIZvjWITosy1dy2low0BKFQc6
Fw0KKCN1ne/Lri/tLxF1jACyQNdQ6n/wsykE9zpa50H7jxooYc43RMzHgCdmOtBq
PH0dfTD+C7qOrIxwTraipzY6TDqoKne9a+ewn7z2tlXFV5ec4rlxoPStpK/AM49f
DBHz0lzqK+vVBYIpjFNGEiKJBADUWs//IWGyA1gREUu0R6O7Kl7LUi/Nd02fjV20
D7CgD6RVOEHZbFkUjszR1G9KHTdVeWbYyZoEjnsAhNptHo/znPxb55sdd+AIPSpv
eI5RGe6neB0nfNfzmaoS/5VtG9bYxvShk9nsJ7xGlIrEJXXwsR5wwD6iMmgG6MZ2
7poZtOtOeYei1YvXKULA3y1UrsfCdm63vnBIIl+6wcX5A0zaSgqrBaIk2JYqTfjL
tYBIwg04SRutp0/L+A3UntNDnY2gwOIvtK7eJNCDnNnVqUcHj2CZl6vhn4x34JOx
LJjgZRvUI+d75EHMQafOaI9Fzu762zp/Lq5yP5kFXy7qRMsoi5mw6Yo3vo+JtSU9
kqPJ8AYo3iyu+cA7SlWXEdrs27rK5wYdKEh1DlpZhw+nqquxZsp1xctd0o0X38uH
gLOg4LiFPMxS7NMdUSAQ5xYwUCP06fRoYLSwzaOwgrT0ESV6XRVlUb63rsUwwVAM
FLwXwysGeX4X2c3TidcA8gnYGbam2w+Sm8Gb91+Cnc7B2Tqxf0vVBSvzjxd0pxN7
hBUOsQtbIvOWsqSvmHM3tqEfUCN260mRD6AtXw74cDozwCK5luAq+yh3UeDNreIj
CX4gupK7rw41ejYBQsPonwMfhv3mqn8W8wJsuAuGVQP2+bt1iljpRoHM3oKJETcA
r99h2ZThIPCHkAzF3tA5towfCP6IFJ1hqmuU0XQy1bCHfWXWvARRdsdV1JqCGa8y
czHcatof/dWw7lV5U8TqsRRj92Bc7ZnVFyPeyiKCpQcANoUbBrS8dF253x9zVrCU
rztxEmcloydQrhdDLRwi36zR+p6to1NgJk4irFdn6BgzYydurcuqHElx7j7dCsK0
ICNUFqg6CBF0uPGz8ZDZvpZGT5jP/T/U5T3tdaF/xqlpX0UfuheVo4WcRmq65bgJ
3tqw0Rs7i1DQTY8KGqOkN09+Aw8xLIdwNGXJbXS7DEexczA4YBaxdpUPaPrddQYp
f7ZTYUNAu9PLmH3lg2xk41QG5EtcD8KHnK1Ga7WmgX56ZoZ/NViuwECfFxUA1BTE
hEqsDjQLLL0OEHVV8Qe2TpYuzQlug2c9xXIFw93JV/pBx4+quQuJeCGg4VEJmrFt
F4D4QeID4LQVYIB5P3oladVhdqMwdF207s5VeUTx60ignzNq//E24/0iHr3gauKo
XTmsInc9TTST1mm3/mMy9mSbKP1ZtQivxaqj/p71JA4hw5pNgQ2/CG2K/aa33MwM
qSOkipk97srfCgh5FUuqBehUGYWCqwwuhkBUdeCNB10MFtUIu4KhhlLoG1dSFEjI
jZQeAJTlG0bZ9/hov3qQCAxU6JOFzwS3zbzrL4vmDUbuhVCOLfGQZRxSGYI1v1Cz
IYt2lK0KR0UJo2+tyiY0pC+2uwxaF3RNTJ+ibAGF0vzXTX5MzjJQGjfoaB3I8ztR
dnJ9LeQQWKEqGO17s2YJ7ksudtY4BEdKagJGfyAoobazslBuNaLIcUktQ1bdvYpK
LyoQUqPehP0YTeAO8hOrOTsYztgwt/k8B3dP+gqoP6vw5CCz5XRJRtfaswV/8Dsp
Y9DRYzAdeijzAjEBRpagVc24FpBWFCpjTJMZfz/t/hGOwSKBUxUs6QQhmXTwKPF9
lXrS2mDW8qzEZqa9tI8g7JxWENFKX8h66AXvTOQJa0n/PBVVGauM4m8/NDP1as5w
u3ohMwLsoKxdybAt0tOl5dUOF8DzBwttMfdPnfjMvBZoiJ4tJkqDbQCidDE+RQ5E
iM2DVjR3FnXo2VL/Z8K11yr9sf8LY/kKHDrtulVb8YuRyeiGQKJ+z0mc+DBE60ru
IHERjKGb6+yepanjkzoLX0ejtnt1ZKsKwCqcN6du02z0bvryivWtxcweYEv/HZyX
blDT/4dC7r7mKxbx3n4gEQk0FHykR58gGkfDSG3PZq1Aauh76dVzo76yzUC20v3f
4VaJCwMzra94ijJpnNJR7VIhRGOHXaIzbQBO0NIyZcgpJqs1fEp7vYE1U2FDbdKg
L3ocAH01VdqT/ljAzU8YUdBkYjH0SKE+g55p10n8U4h7k1mZzTomBOV4chROeAb4
Noo4CynclRWoBBKonA9CzOLFmbbUFiBfDZcTaJ+Aq5Vj38dE4/LowFGiv033jOD2
5o63RDTYWNEE/OjjwT24GC9omwUPz6mDkr/50/k5wRSaTLa3ae6Hf5oE8zkUSQsU
f9xA9mfJvSvVddxOgEbUPIK1NVVD3raVlqV+T1yOL1JKxIafxv/vM1B0qcoG8N4O
6m5eWzKqlUq1hUwPaMusD3IdgF1Wk3+SGY0N9AfRau7oamn9RVorMUlzaEdlGxNM
9nb57oMNHfOUNokrMsk5S+lJshM0nN8z3cVclXplL/dFFxaD99XEou5rhfY/ori+
h/TEH5UvQ9MSmGE0lKk9Hetaer/TAmS0S5nJU3vswAkqBLYBBkVN4wBnoCVDDOmD
q1vjo7SarHXtbenZIpO6zmT24ue4aCp3fH767cMZMnUV5XHt4kC9GGJSTTpqHyFO
xEOGgdxTEowWoFjsgPRgpjEIy95pXtmQxhEhyTSTpSnMGRw/xapVbwmn1cTYUZFW
X/3X46RMjRggH9sIC7aa8hAwyJzsnjiwW9fv73E6LjeVoCJ3P0dwzcApQvfK6N55
M1geBsxH6L4xxEANcfUybhUycOLiqceKC5XTeHBcW8gUpCtrKvU4YW6f/AVx+LGi
ojfLXGDRiKUtt34h9bvlQFCNtJhTuYhN6HZeVgsB41imOTbQjt4TC1cNoKOA8Ll3
LA1mBkSkVaCbk6Xa1feYgZ/n1ISCs0t5xGfo34GTy4a6xR/iCvXtGFnMPZh+Oi3z
ihBOPvbibTTau8aUEpThwGRo/gVX/1qX+Zw8uyjZVr4gh1Q9zMVbZRMW8XZBivzm
brFO4nNawi3efCTGdD20zzujLhmvk1oMIGqlU+AiaYxW6GQapX1anyBSO1CpuIej
cAlmJtSVO0u4+iy2kN0hHbK57jyGIksX6I2mc+a3ccuWa2DVGr2My0ZpNk7pRbSV
2jv559FKQRYwmZiI4hbH+J/iYwola62ZbddbUR3OL6A5HQnSoB+E8t6xl81Nsjee
4+MTZMfhhGyZKCxudosBWSpPO1nYi2Hp930cfE2aL2j29PmgrJORa+ITveKTpDjf
YxgVapWu6E1Ix5wC+g7G6dj3SbYo/ndgwnlgtxYmtTnYsXyzC0HgWEmcQfFpM6uI
JF2n51kBPXDa8C9d/mvbYzHZWLrgiGpX65jJVmaoCUwTANlsUzCgXgNP2mm1sIEe
pNeTKHq0+f88c8KV1EHaG1eeWwTTg77nXjs4qO8/AsFxyiGpDizQJAHJPrJtgjt+
giwb2S2FXN7Bl+Sd6cU8jXRsP6RThRiqGse2NYiMHHgH+mq+181ul1e1w9tIUYS4
/bsnx8esmOZYzR0sd4qe6UKgcUMZZYCoG04ty19NvAKU20GE/M4J2W5QhiHCFMOR
Frs4JrH3xHFyTHoXbMa3NUg9896uBZkaDYLeQ3nZdE/KAmMhmNVQL2p5h4zdMsJn
p7YLpeULXX1+zLKX0vNhqHzFEkZ4Nh0HHDf+jxmVBF0C8phSltIVRWC0H1njpWe4
fXupPnZPfap5VjJ+KZEvDuP9Vmemvy0Oyr6Od6NLsoFqZUuu4R38a5A/VcAPWkbp
/tFL85wuuTB7dVdhdc9wEs63syuPTuQwDMnpNfCCeByZg2AN/dlM3xvrrf4EnRz2
aC3Hp+yfaWtUDMhWzYilWLDshysQTIOg+DCBsIfh36qJ8iePclSblvXi0jn5Cg5a
7h0C/MAhAN2Vwk82z/xzoyi4+Jyto/0UMPnvK6aD2eLNcE8Jn0UPwpYe5IdKFxPH
jxkM9EgxNiVVbXBEX0sR6ae5znQV7Cgtvnr5QC8XBo+Hik/CH51wrjw862+Lrw95
QI7XlsspFt/KHdYYsOwvieyo26mBd804mNVDMtq/XBTKsBqOJepYzd4ddEQbqRlz
uxO3ZC62+dn6M0qlX+nQMj7Uef86NiH2APEvCw1bS9jXaWQ5atX++vkYxw0Z6nOq
IbjE4eFb1w8CIB0dgvj4qVdVQp/h4agVz2Cn2JBWJsh6hT1N4sjP3JbPSRfJ/xT1
tBunuL26LLUV3LlaV/JYFbf3doyv6SIYEo/uFoVxVcuhF7lbgbBvJNR2NvxZgVZY
cqK62B5b6zTDSyN8ONgwOxUA9bXMgEHSt995Fs3yOudFZKafhx2lOh7gFouqZPMV
hllO99wZOytn0m4lBAGt414Smv8CUzAnS6j03hGGbRdgghb7EVUUL6eeOd5sG80y
7zdb3U22GpvEKevjLZD2diO+fQKgMIemlDnPcpAh6N8SiTsVU83ZoyAzuSA1L9xK
yhdgYj8H8s1jySpjYnmBK4TXpk+SfJohW7/qZCdEANBYq4cj7jAP4YzPjY6iec6w
Er5YDv4ckkV3/kXnwi0EDoYeAnI3dD27d9bXJmzQhwjZEOoihCNN8Z7rBvE9kKa2
IHrkl/ZCG3n6o7o4AbvpiwS5asDuT67JwLvd6OnRoh5st8U1Gc9BoTzKUXfYn7L5
HCQldVF/cIFLQ51Pw3Lou/KqUuacc8dl1ku7vOgeacpR+Ph1hjR2r3pDwtTQi2Ak
tAvWrG7K+qvaAqTaf+v/vCLHgMamP31jchBvc71GAwAIZuuO7XiyRFrFJbPMIvU/
IcHLZ+XAymO7A/n6kZ6Qc59CE1ZrCpwQ9BL6EIs77LPXw6OLZh7Dbai/YnoG1NeX
UnCq/bqg9NeQBRe6DOCeU4btTT9E7bqaqGglHwL28Yu6tOkXmVoe7aX5D83M3R1/
xlGVn/OvFwCBNKvLKWvGVH/Pa/wAn7Mzq3aN+gcQ3pjMISOKqWVJ56bVnDwH03J2
BeVU68ryonFxfg7I6gYtb7DUFBPVKnGnWxSsIlRGfv3d1EYBk72uwIAoZn7s3sD+
f5BaomGz+xKgQwJkvHOp42WhvpHk38+HThCp+mGBxIAoo71qGvAg01sYm+LYx3Oy
VEfS8zq6CKFlOM5NHodJFG/BU5Ime0JdNVcqJytR2K5wTbUOtckpkZvBBnNCiawe
SQiftiBxTIQzQo+av/cAjH+Ef6jwM5uNi8cWey82HxvzIlHNEsecE0gLvdl/7/is
9LHj+k1TcqT1qkoefQGQw5FvpoEFFQhvX3WSkqLqKHRFROXU7Q4D++FQUkL1c1LX
iQodm/zin4FajRdYxvVYHTosjrXQqHZh4ShlP9jLXFuRAWgGo7pEllLJaEW86ZRx
Aj4pcDjxpCmoV2WvkuE0HWmx9pj5cnkoZDh8UuGqgQg+Xe8u/Ge4Lj8IJx7zQ0tT
2GH77DyBDA7fpXFbpMe2QiPLxdhGsEJoRxQnR7InW38+ZQyco4Y1sXBZAeZAQwz3
3fIXsDIyvV79BAb0RDJ5/hckGtvQkEKZvEPP5ZoX7HA33DI32/+n0PgfUGgc4bwW
7F7CgkurgFXWNoGIpT7k8quNCW/szjftJZPSWKhwtvMao21hMrJ07+RH6OLPT3VG
8xo7+ZtkYW5TuxYu9VMv9IqIPcbMIhxe1v7Boy32qttrhCKBUMZucfdNI1tRlMYp
9SewoCNRfZyV5hGG6dsS5z9Rcd9KXke7KoYt+sJahdbKj6DHCjIsH8VlAxtXK+KQ
zB++SVKy3Rzp+p0Xihx2drUVi5Q1q3PaKyfJNZ2iYqgFBfe6UArF/NLmD4ZwpUk7
hCpELPmFUOrAPGE2Jnq6IVANcv//EFI1uiot3Bx7MjAaMjge4iYydc4A8LXuVJzz
w1karLVvKTio/pO4UhbSmbG0GU/kimMEDB2pcg9OFuu8PlafT4iLys2NoepTVsoc
+tTkxUpxMqV2qXOBHeHzcXSSN0qdTleJoA6j7LEucYyjXnVIFQuKdJEjkcTdtjai
MOcu6ZwS4hhz70j+n/L0HMqyGft3oZsfiMOTcUNjMlTG9T0sMa4h+DieH8rdMl+a
T135opQrgawEiOxiWeYZmJH215TPkCIBjatLFP0N76fnNDheZPYKtYmPDQomOepr
B5PC3yRrUogfFKszVru66U1wsf2FyaU9OEau96eOheRBO7qGQIk/Jty57vJyR9lz
icPabvT9jHNB/89B9uiSwqhc/xdN1W04oL3rUYtiO0lhthdSY6hKbuAbD7rOmG6S
qdebpuzwKSBotlLNVwaau7pSehx5yX2biK9xagI8KgEOWR199qwYCcQVKWAZWGJR
QUcKswUdu4pcJyevqNRF37YyLwa078Kol+IcGAYrTOiY4lmDiQNilDoqZQmBx0wN
UyK4QZrWTSKpuKcpcHp+CO8ccZ1AKz9aYRzH1Y69TVQVN6SsUXQMq0BYgJj0BcaY
ktNOgoI+jEugqcC5m3/Uqi59nalGXWAbGNxYv8ZH3vXXQqjdTnX/INzLApsJ/Tlt
l8LJ1O3fY4CGjKDwuIjNgDs1ZJHPXtgkhxEb2+V0wdPiqiR4SpSfJqDxjS1dMbQC
S+x8LBAfbcNp8HJPf0kyk1tFfJA6AZAusJ3TPgkvhfVHeWaGGyG3gAW0mcoyY2qu
sXEe4bOpN/hh2b9edyvkhSFZJZrfTcwOxGVvYVch81G+4E3W699w8zBLscAoTXEM
gZJ0cp6rPg+6Hz9msZ0F7PYYnjWD24GTauCucT+4pXax017/e2Q5kU/Z6qmtF4DJ
IkwLc6r30JZCSfO3mzeIXI41eb/LE9Lab1rACpUjv7N7B75G2UjH+uPhWQa0b/7b
FV6OHcE4kT7QBkUvwB6Pv7c1WvAS08aLNDE7LikTBgncSglFpWh2k5QeAILTEKxk
fPamA4RyuDVCeEH86R39MukxotGzIi42GkuQSif1z2iz0O2qrcomDi4nTWITdgyO
EUHzf2E78auigKaRnIJC9eMXVkswkdTm1Ej3kZjxRqID7LRUPHDh2coMu5mCu2QK
FGJGSJx1sQJsYduc4WgbL2h4IiY133DmwMNgNjYlEU/+oET3lJEeTUWIr6SE6m5e
swOAqB10vaJruEFP6C9cRcLlIPoM7mreDOf4evcWHDp61hgK7NmwSZFV4BLp2eBQ
rUtsdRNlFCuye5mTLY5q/9NSgJWbQO+oXwHDOdMHBWnUJF+WzGODtpDzzbIWU0d5
yQRT3ztb4LQMEEK4G4bWgn11Py7FvjVvsfEfTaPzREWSfL8F9c1cf2rsWf/q6KSP
q7jWbNHh/6m2AIQgsyLO/sMdLRreGQXH/cgyQzEAuNEDsmqHhe3X0s0sy5X0heXk
JWNRLHtdXQ6AVgRtOHr+XmBK+WMqUcSZe1/f4uh8vTlhuVLBrH2mrGr5z19XaK44
e0lFvXWT7HZ7mpnhftQBoBoZn1wq003M6uDCD46oEi/AZ3L78171zJ70z/05ssC4
mspJbdBL3t/mEo6QGJbFtjYv3/7O2UyFIWGfxCgiKf/r2ikuuT80YnbN6r7S04+t
u3v8pjxuZ1h3BHtNpsgLPqeH72ErUojn8stwoYlazoE/fnT0S3Q/LaEta6cj9Tep
X1BYrD54hQQ3gF4nDiSpxvTp0+Z4+ethNafNtRkcuMteu/gJA0tS5nqVmPITy+l2
Uo+n5z3RAlEkdhA9fRLSrit0QN0wlDJOCsOFxtBNKXhXqVz4mDQW/vKNMJ5BZR4L
7x2VWTU2KklMe5nCogtO+Yom9gePC9zCdtk8B+syh4bJKIe0m5kKN+hQAMjeSLic
ZSAlFCCHYhUIWWFGLc5hTc5WEnK/v5MCD4o/shQ7O9T6G3WMpKMbY5N+lM244OK/
xNr4IfG0MnK25YmkBcNAa4CrOhA6GylYI9/Lo700wnhj7VA6vS37W9+/2ZiYzhnj
WRz9HJhYX2PclHeDpKvcfqlG2HzU21oYTyrGyzFDWcq1F2bd6L2YfR6EgoBOMnxR
US46uG67gKgruVcFyBtMMcfXCMEQkAgSyIRykuD1ppx0jNNvOGiS7XriQNfeuLal
NG5//A+cOWvnsrLXk5AQ57oaS0xO4pevA7f65HmLTBIvZhoiIUrKuTO+san1Pacf
ETEe7jDGhk0wQIRdUgGhXb/baNx+eF+uF+Ci+Eld9P6tLZtrgDG4ekvevOhD8J4I
PpjcsQ9dnte4QOz8d1yAhFQKzthlV1MLmQV3WKndV8HFQmXUayr/iATZ6T1+mRwG
YxORnL7vxPwft3pTZOgRC2ouA3GCNhFwZsq3vZwSXDGry9Sbuqz94/gR5KNA6e1W
5wdjCwRRZs0yzYwip2z8ldpWuqxiNOUoBl4pPgxURLLSL3dXZ8BSVrnIMg9se3kU
zkS1E3kZFVXtIClxeTMLsQO5Et2ynOqQqOgsRMUJEd1a+JOjM8di7IeuygSKwOYq
0Azpf4B2hCxTivyTbTkW1Pxr8ehBUR6+tjpWrjL1HeP08gsGNBBiCJ28tKbhAm3K
eTzlsf17ntoPsucGR+sriq7bcF9sNk55/OaSFaXlftH+RSQagjoTG/1WwcIBnFoB
DjrAOxUzy+GoK6AFIqgUog107IZm9+i0cqUQ+ySVK9xRwM5o306gVqwLZPk1JXj9
KFv8RjM6Ca9c+c4XtIXQazu/yx0XjwIGsHBCG0L1wi6QEOo24fKxk4oHGuWcoYqA
bVRqPnu5xwDPOamsa0pijxIn1i1KDJOblphPnwhcvm8ST+QJOD5tqBwly8AZ4WOo
F+96/DA8f0heVMd45Xh1jtwu2othrOlBH5ZPHLKdPJ6y6rFEy1uPm39pcRmUQWGi
LVosodFmvUxDg1ZrAExi7NijreviuHoUDB4WVks2XdTddMNsOACFj9FbSULbdRZI
4p+Hl1vphRQZjzAYNIxeJrgl5c+9ytpwlL0HaBf1m1oZTp8jBKAJiAcsUvtcN6fT
or+mZIslijAVepW1Ua6oe8ouY2k/LoAqHKOVWGmD3mTa5HyYPwOAC4f45gcBqjB+
alnDsE0b9jE3nSLsCQsu7oPvnohVAuz+8HVxoCMEcYW4QUhgQdxs48E29q3sKZNH
xmM2IjnBcH6WfaPcShKV9D3t0Ou68R4KqZObw8hx3/Kv9nd+v9hqNKGVwmk1IBgL
GKDa6S8cHzqM3bZWlOdraVQveOyyOAt97GI7YOkIZOUZjuwTBUyDNkhjbQd1ph1c
OMaBPvWUyP2X1tLD1OWJ3ZEeYSTVwbxq1kUSH/zK2jDDCMN/t3JeRwpCFqwfhRKJ
P3ea42KSOLtkV3GITXE7ndlRS0/RpnGILNycF3kqn7pg2kNBn1sMd1eGgEH0cjJO
+2VO+UqQ+EZBh4qjAsJi77Fe3iwc97Sc3kIj8a3lWfwm0ksnXny9fFqc5+eLJr8s
17++DL0p7V7YkAKJFCpNf56x4C/CaflgXQD2oh9oTm7HKf1ufo0BBkUKViZz/BOv
R1Ih8Z/8D7Q4V/H3pHzpMwBld5xKMJ/Mb5tCKrbOdVJzXZz2uPQGHzSU9lN6j4Cw
hpcXsQIfmoPw76B+cCaZS4IakciloZP8rEJKbmTNdRkXt7wifobpo0AY4CX9xhYq
XOuxvqdgsemaEm/LAuMCEZLgrLCuvBDWGjSP+j0MTBvpbtN9GmhyLdMfK8/pIa6T
aUX2U0e3go8oIhnx4mUsCryoCTvMzmhmPRuT1UXU/tGIAE2B+JzLXGGuzp2Ur7mW
lw1TPwAyah07nOOZMJ/907QXr2xHEhlbWbBkSqxN0f3yvsfdcFdNvMofmIe5rZGx
K3QKmsfls6c+wBziBH5bDKbivl/M9QmKrgF0TSodunCTreuWzu4ZkutdTUMamP4I
R1vGIam5HS6x4ShDBQe19dTsFDiZSve0Lvh0MC3qCsbcRjImfc2ZsgcA/979VHAL
aewY9hbKAI3hkLpYyW3g1qOZne44YatiEPkcOcUm+HQaQX+Qhp2RbQPhiz/rMwt2
Gy0mQAGhb/lejX2MfKZ5+9QfKgZdGCN/wJwOk0bgIMA8lIgjPuCUJjzu1a5UYmH/
35FYdh7BQY5d+AOUwKy3+O1h+Ic4M8qugAVbR4ECPiTpW2nao6JUB3w3iVbSEoqJ
1W5r8s4nl4cNWrbT2XT5HLnJukrr2bikDHkcezsXdqhY2chkHVTC0CH1wVaTrjHF
vJW84cdHJNl67j2dLUoC+5G9OV33BkcUbK76hFi9SAQ48VY+1Ih98RaNxuNpRBIl
4vshwsXfKUDfooJxTSQsgroWSiCIdXeWUmjcqXuyiWvUPykhPr0QpEeZtSu3HFWg
IepljhvPEvgEmW+l/nXN+q7pwFC87nn4YR5t8Ph7M6/p0KBfQrbwX5TtGkZj4hDP
yk1isDxJDJdhU/Ak8VM/4zKBCTSidKpBilER3bUP0R6CdsoKbNWvK8o4GDE3PJSH
+JMo4DEotU37H7KuerSL0A+y5T0tqUD90JzsSP2y9c5JjBw8Hv+hjFNcDcikHB+B
aXE6q4vIakup8KFXdKx53EGoeswVDfAmKlOmMVU/Z29eIbl8j+wdmD5l7SPt2aH5
F4xWWpDERNZjoR9ii1254ZxapVRKbsKSpgP/3wxlT0LBjRt79I1Mk3X3aNgWeqw6
66eJVRdTKuxkhLq+evhePj90LrSslp9+8ewd1mZstn5mP2kBAQWweJZMPR/ljiwS
1Zq78q3vPYyBhTEihPZJT2A6BkiicAXH0m4XhrFDp/bLpHceT7RyYviZUFSjItPG
cmDsdDMSTavQ8as7tjazePgP0wQqBMjEog/KH/WSXtNzhoqz1iNUiduvM+CqS7M+
38ljwR7F97LhnA5Uu+6AUWyD4WfOxPT6YlKPUIr8E+Gthna/rcTf8J9i8YEguE1p
Dk2pqUTC8zO9XwJOoUBrmKDk5sbzzsTYA8ukA4KMUgNdmslSGmi9fVXNxAnUPXPq
aBEZl36COidvJNJ9f868sgPUpbczwxZ2xgeVpMzXkS1+1OKLM9Zw8j6SavTqoJpU
ncgyDK/rTJHLtMq8laX11LRpRzt6PgG4WT2zymM4phtluBxxpkkWmp5oDsLDU2o3
fQ9282/UAIKUBKoz+5cj5qJpWjSSZsrxJzgoWTfNZfoGGxDfgdRv6d0SGWMne1kd
zGk3xEUzQVJHYSvGGR68iORpHM2/k1kfHrVqj78+xqQihbFNoQZJiwI/8q5W6bnZ
XA6WkPhhAYh4HsV6tVpDaEwuJMj5EtoRAMsFmwifTxlJl4jGXYoXGCz5FCgM7VAH
7XysKGk4DBk6KG9+kqDzh1KSDBguUOtYcGtwpSPqtfnMi75+qgFksDVCMHrpp9L7
f4JakaZtcKqyMfGHybltFrpQ/wnu9c5BFyKqUrlSW4VFeyWQ74H7DaAzlnWF/ljm
2TY7JATCS48hBLypGdBFQ0ZGCTNMwfSYYg49gG5vBPu4Fag4KJGlBgIfpg6fS43u
vV0wSwBlaD1Qz0mYlNV7e7bjXRExA1QV8z7qfGjZg6zJPXh1tQvsJ53lS0Z9PKCE
BPpdRuzJ5nBG0Odhfz6VfxtxoGvG3EsvDK5zk6x0Rb3Oewrt5Gf3oX3CpGBkMniB
NLjOLN6juAZlg/S0Bnoi+gAFmRjUFUqdFxuDwzwbmexeEwhHkj3w1xftLjlSeDxC
wGTincR7P16SAHgQ6br655NSo2OvbltpXFjBPSnFLZNEifXfgQi97k6mwOz947Qs
2kCMjYtDBirQZHohA+Xvg0aaEoUQej6BA4wD9BZbL/RAuqY9UOff/HkC7G0KC/zh
LKuVV/E5TUVFa3kU790tbv1SctcUy20jMmeupGa8NvUpsYWEC1LybwWs9keXqi61
9yAKCUrJkYOJEuxrhSGYiZiuot3pzYJJUIuZdlclDHEWzNPYaZOIUhNbgmMI1CQ5
dKLAIHcQcRMU8dA0VLw/bercLut1j9mLpERGgmtp/zgorEuLhoPe7Z5Oxd9sUGw4
pbKwKdWo76cmBwhiFHkZZi5Tu9OR1BUrWTJi6kWJcmysMsrKipEo7OrRSWXBZaZn
Yip2aChNaCe2K8ZY8nUqMA+eBfhn67rCihcfImHJxoXKEwdnfRQT9cXFL658yk2u
+6H2wArdpyrc78dofB23PxThmtxPw2OoEy2BwB65cjBOhCK9fSBO6lZrcV+ovVhM
Ur1kHPhIhnH/k5E2y4mWSyyRlO4Z1ZOE8CTUcQK7V+WL6ef3WPnrNK2b/Y/K6eBf
Xo1wJDRZEP8/fVRKRj9ZvkmYPlh5X+nIJruLLGZbhM+a+HkfRFToPi3zL1b8YPZj
GSpNAjH4SbRyPziL97mWxWqDIKq8Wa5deaw7U4PiJ/Mv9hQyoA6ElmqpFn2MfMHf
J6TsLm9s8zVkpodOTK0AjU17egC9hZzuU1lqSuQZo/OeZ3kAM5Hu5vW6NUeSZmrY
XFogvS0dNZrn44ttD3dVa06iN1DCCM5mrUdrRx3R8Nc3teHQPZlEh/0YlD3wQ9Km
FbIAp+uDiJ0m8DKbff5/6/ihqib0Xgm7xO/EKjJpZMsJHd/hX30QFbqSECx6hgZu
11fC1n9Kw1lgOQblLRA6m/xGaMAqPVQEG6oBOkAxJ5jmkhvGxVPlXfyLyWuFF0Pr
KzuOZENOJ2JbF5DTXxYehxxevn01ex3wXHrdEyFcHWY16M3prKJloIYhIN3hg02S
YHtHyqbvOynkIyeZzzhMLkTpjVOd11MBNzTml3zB4LaIMBV1LjeF+YYacPyVrYJz
pzUEFgXEHer9OvKd1KWG9uaDfDNj8npmf+zaBZ240GMbS9yVkSiEbZHCZwqTXYNB
uc2pPF4S5tvweSKBrBZeGY2f126mGaoaWDjYCTkoP7ScCm8QZybmaNLL2vRXhouC
xfTCJ6jwv+2UjiO2OPw1GgXYTv3Wm0z0cXVjFpLDZwgxt71Y0aKzkCsy7HsbxdPf
hl9lX6XXjIDMWUgzSsREK1WisUNDZJtT6FWwD++fVh7w/HYJ21JEaShUjQG+FwHI
nEbQCqmjMgMAnyGYzIYOqfMzl0x5txs5f47rRxUxsp8CidrPLMOEv+d4xvd8vHmx
cair0/OM7vOdWyEiTn4r+LtD+QkR+DM3V8blF3KRAV/WQFfCi1kpqvVW9/DRkaSj
7J7ap6p57uG5ASTRRE2gbAM1yhgjFvdSEKO2aGQxYPXnys7PYbOlEKveeGmiHXeB
2qSgWG6QsGdoNhWK+uil4WOkVTESSNSN/x4ZPB/iJZKH4LT+19TPL3oDCex2yhWH
dPu47kRPZDURUYsfCmJt6yApPRYOSiPdHSx0HVAjyTqUC3joJWbAXQGo58sqtgdC
Edt/eFME7unaN5WSyl8VFodjWW80A5IwZJv8rSMGllSNSVDd/f2AYhD9GH9lo4kj
pwerSWwUXKCCgPbPP0Pbmd+/2KD9SYYKmAgGq/82HXLJflSbv95JxzQBo5eO/Sfg
VrOa4F5nZYc2BR2D/0lgiA5dvGOpW40yVdoYJhWlAPO+DSQA18ix2Z2ZLgVgS6Dg
8aZdIFeFgl6NWhitJdof1yhGNxfqEw3Je9xbypEQvsdfQ/iJF8KTb02HnDlqH4Tv
6pMrtd3b5/7sBehBPpub1wHyzru+GLTeOQc2c5N/9s3T+fHeIVT7/bDp2Zgx8hHE
pF4fCokTi3gt0bylr3oSoDXkxcatttJ4lQcfZQaJn6hKQoT43+khMwDpQ2GFaqS5
lViT9ixoru5cwnuYU637KIcbR3TzIChIS5A2qOkdy8Tux4Bhq2fxaY7F7DXGICy/
alr3eAXFH4kpDVXNO7h+/8XIxQqvO6l5t08Ne1NDrH/zUe8I2kKeFnRHos33au3g
cGTlGxm1/0U/MTGAOLDcPUtL5wOYP75UFG5eus//m0y2gqjcgPITUqNCmmNHs4sf
X3Io2+2gt3W9Fs8uaUgTBxi5Nwx4CtM0TFW1ocnYFbgG8YHipqHXnQnct3FYTL1g
RN4y4MPb2rzOmoARtQt0i4DT+d0H4v+7S24thm5PBt41fL9M6QbJg1JBwSTioP4X
9o64hDJIN2fP7I+saufSAx6gBAQcuRVMZ4gjCl2jsq5+vOwAWBdb+3wJkTquGPRU
13RkHRgJ41DtTMfdbkCbWLUz/9JVmX1m4uJJgFOA3ejJsrt0WiHA9dOMbZvrwI8k
0ae3lM54knFU3J9VH0uWw0+KKbqSi8VvVMPw/Hr0Vfw5DCiWaoeXolHn2b5WJ/ck
qVMJ+M8N8vIjRfSziBuj+dPZK4OL5eVrY6F7sUpOXBmXkHCTLcQnRcUobOFTsrOW
EXphSM5XNPeF02ttkBUlE/FVIH7Q50fkjjHVqlLu4DKGTA0+zD+SzDYUN2DAXa2o
b/5dpfgAEujPe7Ygc2bBg5aih/PJ+02v2UHVEQFmKRnzTOEaOSid1ZU5lKP/rSf2
W4QpY7taXr7VuQJ6EsDqt2gIOLfq1BTlrJ15nt+lQwqHIwh98I4UXOiH03MHnC1y
dOe4c/7rfgDb88nqUfcXnBUu2eGl6Zz0gWUISPIIglilSfAAQFBJX4IHkV8JwJmh
ZPpHiyOFHydBHcN8MwZF7Rgoh8l8VPIlIxXsmrsg+9nXFNCbqqziDltZ2Bp9Y2mV
msAcs2ugFpuZFwP3CiB9oO4i7RMbtdlQv8f/c0Ze7rr44Q/zCSX6IChwvGlvciRQ
Fy9gSJag/KwpNrv7D6wVV2Kk47+rY2jtEHKap9wU6MNsj4ZdmExiSOlm4lXrkWGp
j2Fi7ZX18xOP7XBydeEYwFk5r936Vy+z7HGU6Vf12htcKIuNkv1dUlm4OWKeentz
XunbxvyTh32IepgXv5SO7OekQdOpz5bMDICyHDtKWdHzXhdecZBSGE3yE7xfg/av
S59NcceJx5xo0hEgcN7lHHjJeYwRQULCCuedpUpkT0f8+qqF8HYKk/GzHzC++Deb
SMo0XoYTYsag5LxWF874FvOFyJCFNVTgBflI2lk/JB5HwXDvkOXE3qDLm3MjaRK3
/g3VTINN3zhyxa8mPqoQOxVqxyqyPLKwri6Owa9Od/tqVrtNMI3nV6hvqu5lj9Pb
sNwSZbU6RQhwd9sTDsGSoiyguCVAkIC+6S3KelS4PvlBBx1OC6GwZZSzY7fNK6eu
VuYgim3eDJiS7PKl63zWr6DMl7bMi/HYAzUx8Oew5ThZ6W+p0XKpclwpRjWq4edP
lA+wD29hMTbmlsyIoYYIqe9yeauKXyPkE0pF2Uo8txto1TWuk7GiIhPCz/fDHf5F
6/r6nHtCJ1aI5Cdq2keRi9uJZDnF7dy4ZHSyf3BEKGYy69bs/FqYX5i2H4ON2Mr5
CDFFkFCx9lqZuexzkBhc5ZxvDGlk+k8ktDu2yEGUiR6G0R0iWFcIYG4ipjxQcOrz
q+ngbaODM5jdE+P2QA/QlfhpCdCc2DRcYBxHcS+biHcy1b4xG8Is1Wx8SF4T4dhh
YhmupycmrQk/0PYTvzECr5MxJxTBOBDqumkvEFD0KOUYRf873lIVVxKyZ6uJLfFA
WW1GcAMkIXVVfgLaR5cmZhFg8S0LRHoLi04AU4qY3JGpTAQJMkJcW2QqRU1JkLxM
p20qUAvf71ONs7g/CcdTSPDN5oEuqwQtzB6F4h/KgYNgTPCJfK9bZjIt4PtEshqd
CMhKlNcXXnrv7Zvr7fYXWOo2gAHae/BDhi5hYxEfuc7LHNkMlE3TMz9D878W03dn
4aJD+MRJD7RnXNTKp5/defbVWsGb60h85+otUPp/4qFKw/K7VnE5MSDvTPq5Ylis
GK/ihEq16qJ0KruM+jmI68cu9agwNUyTgQRBpxLPcvuQbzWRd46QeCJS1dRHHNBq
72Ar6KZ62VJ3VJgQ+wQTDAUgMYKUUqmmc8LTfL9LYAFAZtCcyRAmItDbjxL9sIRv
SOpVh7PLWOu2qGHD0e7JDY6qLWrpz3oTF6thD1wwlVTJQ+rzV6Bway1m9WlNIoA6
DqjOp4NTpJ8ANvNBJkagbF0ptB5ajSBGIXMUZBToJSxopQJxk4hE7yFIeq01Canf
HgxTcoCIWjyzLDno5cIpu2dHrTw+9mq17e87aynYHjNpwcXxGx7VGBuxM9rsoBvY
J2xtZ4mebCHvtREkAyndz4+TrBHkFyEEhrI6kxVNYxat6EaYlohcuc5RkKDxBIdH
ZmGtzWF+JUhWpCO0JTjN+dxngSdP0C3b6txYWBsHBlKCo3+Xwnyd/vzHfmwffcta
KkbPTJhdUGyFUuq5zlQyBNC1ZRMcOL69I3gt6ee5sezdIkGfQ6gOf82qkvMXfoo9
8fMPhZ8QM8YrSdOMwyKAsoi54mXW1gbjNM3h+5OhssxGbkqbcq0y3AGd5vkqZWDj
8OHAgvgIGKFoXS1YLocF75NXEelPsQu32JMu4mIpZPme4nTG16UkOw+EtrZQk+oT
5pNFkZUtkVnixW+Q6wQJBQNxBx7Sn6ryF1MtvJyAzPg2djrn0zsuik0IFTE8JMVI
dJNnE8rGixQxX/puecQ79tFGogJsbbpowxmz+56IH6UygGveaxjg/Gaf6Mygl41p
/Q/gkV6e8ZRDXidBaGmVpjP10WAG9jto7yVXyIk5tIFUJq1mSx/5XvnFJkt9ERCa
wf21VAiUrK4M28aYssJYzKemSmfo+OslV89A6UYj6L5+3k26w7tDpPPnG+jG6jJj
b2A180OM4aKHRD6ZvybGdShw2l26Z5TXS/nI5S6ikwDdBo4Z6kM3nwSk/znwbu2o
L2NzhgFQAVB2VqlZ/pRunneTQcE6Zj+5evo2Vxt9hMD51oTao96LFem3WKDcjJp/
ZXUkc098QH7GFdwTXxZ5jCUteNL/Zp8+0luH3aH7Q4erSljUo1pcKcRMux3xiiXC
hWW+IXC6WdeVChRCg6Q4SPBzu28qNcAGq2ZuEBQoqqNvl5oK69n4EJtDbbCRhm+o
qFWZtBxn5UpMhpV6kMEZp+7sduysl14CWnSsqqQkNVf8hhTLmBkCMz8My55sYRMx
n8TKCvtk0JCIF7WM2jXrvzkctJsaGTgTfLOkdMw5sO8OwBnvbIwEvahjOE7S/mja
udA7MCyReek00ZzOqA4WTkWR6QqU0m8JdjzV4WsejpvA7yCXKQCMjazhMlkv5wtB
kgo9wF+uf+mgr5MfZ1FtioRqeEBYf8BmQ6zw/B83Lr6vgBaOOxqmVkO8lRczIIxB
eABnRE6may2ONqDqaNyISzxgKTYkoVT/AqQxfmb/LsxIQcM507pzOU1KKpAVqCqU
IpbJvdkd0/0SDiy77rGFtb1uvHxJd8VNEozuIFoY/0x9Lyhcbo1ZJ3wa7aAxjwn5
CJDGg38RlO9KmgLsZIfpbC8PdpLpslaFim+uY/9UkKAD0B1Ic0UmHjR4vpjxpKaP
PBSjlIO1oDyfr16fKfJdrBJodFiNmPPOh5J4kWJIX2KyX6unSf8kJSISKXiv2NYz
VBPLQ7/14WiZbPPdDRRcywEuD3IpGowVCjoSndMxWMqQ8oWkhYiOcw29gH+yFkQy
CgvyLZI761My2/izml0o8+ELY+yBNaCMYWvYaOnLfh6veClcOfssrpBc4klaHGgx
9i8wxmIQfbgp0p2RF73T5rySBXZ/M+tSmBk2NkIZqG6VYTZGI8EP/XJ/WYDFfd1f
X4KJ4ksqribyBGr3yOGM+DMR8Tur4J/3thHSJPS3q0bDQPLz9d0/SqhFOSKyl7N0
XHd5hA3bwKl2nXGwk9cK3wlLeeEw0Ve4Yu3a82CBDgxD4UWvdhPTcb5V+oroWfeY
PycMXB7WmtfHbN6aJ0b/YCIAX9ro4bKn7HuQSziVX20N2qHH+OyMqpp9+HcoQacM
/ifQqJBgcigVCqzZsCL1rNpgflT9FGVkJouegt+j/D3ve6ec0vOM3YzZglQYeG8T
W5gROMc8MdzH/Gs0rAfAGDEVlOxfyS0fzh9RbWdEP35zwIiBT0uVzS3YLFLRYtH8
T978OWlF/6fd9ADF2Jkg6PqIuQcZaFf1fHtDGPHrpNmLEljgAM4UDsLl/JjOBegN
OlvtaNVgxxrKy4o38CLBl2GBvNnZPuBOv0kiTSXr40A3i93SNR7HLv7fnmwTyiOx
QiRJT9+VyPEeyr/mjuz8qBcEP+wLj/9KJwGkJRxO1GeGaBL6xYomow7ASP1qjJcX
XdP0JP0Y+gkjJ6EpRwGbBalBLeTLg2MieXur2WZWuUuNiif3t5+9djMrZiL3BVOU
2PaX69m+Qakm+DQDTnEKOkBxqWG+aKpl5274GssAUBf5RZ9ta19I1bRWX5KJQRgJ
EtxXRgaSoqa+J5+V7TLVlwbzI/DqFxc2haAOHdAgRejZK7GQPHqR5+ena5X78UHv
57Hcf/2f4z14FTAogOqtqH12XDPlaVtE7OJme3K+BbcnL5xixDgnAfFkMoUYLgK7
LTScH+FraZoIr5PtkVGjYtRhstoBsdGbz6gC2xIOGalV6+//a4oyPL1bC2/2PAWd
PZN3cMT7w7kseXFSq2Vq8mippGuEc26WpAHXD3VC73IEf2Aw+/7/Y2cjyHzD5QXe
Nd4ZTzCsQ6tRkTfp7yaZCxvpCofcV+q6KDzRMJWEnBqxjPrQpyG+7cZstjwXxfTM
VMYXAiJ98qNtGKdsHOvUYmlxlZUzr7FIBmsmHOlh16ry8uKEwua1vMwmAzoxFNLe
2/hHoAoZ+nHuMdUzvFC6NWg7351kNa7vrri9SJAwecplpg/BagR6iFrz/5R0E2YW
IvyniP5fLZCjZtoqGYIy6DUPyahn9O32gWnvrN7a/A2aFX/GpEfyxLj3+JrlV0oi
PZmaIddPxDH9pBmFXb0qTwWLEIONhxip0Y07iD138PRozpBqGeUXFwuzigwQhHfv
7QQ7KFOafCh5f8uFYFAOiWFPSPQWK4LEz5os9YF1GAjT4+onsoTTFzQL0RDOS3PJ
OUDQL9yh5oaLg6Q24WTjLEQUnp+X9Ct+AG7PaKdQ+LnKsAH6MWA3nBhLl+Te2Kix
OTAertpMkgY0Y9JZmB0m5NCXsmQ4bgmnqbtAEiBvPZQvARFSjvH/B1C4fzq39vqM
L1fZtjyUIH6TOgbKL++uHST3memFQFRwgOBCIp4aOUrMKGKmjUqn9epI9rKy3aLf
wCDoJdGgO75uR3Oat4pL1EjBb2LmGXj8UYttNQ/r4ziRDHj7h3/dlhml1S5UMpSl
V2/QLsSCTY/yIS2yUtog1wgCWBBcfYhC99PgSZT0Y/SD1ZKT+g9e6HbKvVYvdOSq
UTvH3/xS606NvdDzWVAsM2TG8UkhJ/Bk6O+PNX4JD5Pi3AExi9zTqIJBwVVCUCpz
fWTHMYr1FriHBqcSGDFrBwl7276eQhymP7PkuV1iR/Qskmh7QbEHp3615+WNElrD
VrDPqcm7sORhz/58AqkDvUGWU1b8xKIp977HjzDwuLtBciPsZuhsd7Y9E4Z+iH2g
7nb45xOsZ+TZm0UkIpwdRg7hAXcx8QQFEN7nkD3Ybu+kKQAVJ4vpPTYmhFFBW4+J
ul2GYkNzPzrOPRmx4YNC6uOovZ1Q2D0/tzO6GqqLMDbGBe3Mj219NH4MgMhRKE4r
l7wfB8gT9HVC1VWy2smpG8orhlgsDFKfwQFlKA4kbgGfRbHMZfMnei+1PqrPCL6j
uiKXQr51o/FQM/KKHN9TjcoB7tc6mbpLqS63w0ap6JKQZNzQj05Y15O5RSCMAxzO
n1EZVH+CeTh7WkPaHB81ej1Se/gILn0BdN2ElgLhrwlRMyiHB4YWkOP4kJqZes6W
tru3SqiG56OEkYF4FF3VZo6tvdMzjBrMPw9JllQFxYFg0g7k06J4Yld1G/GXGLQA
CbFUTlUXoCtornMlrzRi2Hm6GB4mKEWd8PqwLML1JlvOicAnYOMYph6XfN7bTan4
Ps3yl3RQ+K5loruvlLfVHODu1ACnd4ja3cXy8NyqofARgGobnhJHc7wLwr1+AES/
v/rdCghNimNY15UeDTgKxR+iPXIITscOWufemRm4SrYwp2I8GJ7vj/c/4FZTaVYl
4SYf/nvECeiqh7E/1f/3/RWJ/L9MX70svFM1a4bRI9pxkquUVSEB1vs91FRUP9ru
ozMKeP8JMTOhc6KsWZDC2719cfaUsvqF+ba40wm8qvnpscZer2e1Vtz7/tor+9dE
O4fbhhZrqCHrfmupFJ1CgmHGMPWeGmtGoEd2A0Ipk+k3y17+N87sQfGcqGgIv9Kn
IwKj+GBKvxQtTKa7UIWnqfRepzBQ+MQqbwCwoUxT9kWnJKcLl8NxYsTgIdmTTzL/
T9JWU6DZMB2stZhpsDnaiVjLI0/adOIrBZYfUXH5PLe/hknUw+kk/pZeK5RY+2kK
hhpte/tJiwOvQmlGa9FwhYmzA0Lv5903AFKGsF7LX3Hm5M1I209HJy2Gf1lZxjaq
+YVqOHVFllvozzgDSpRp2MvyXhG8Te6cGO0lXbVuQeYSgmVKyQTk16nUC0wlZxuH
gylG1hLdQgrWBihVtFnLRzz3XP6v0VJJawKjvlvg6hKpHVZMfON+nKmTSu8l1Vom
PN9ukiult53K+wWAygmjLDmjveScBGGjeTN/ZoKvRl+a1TJm6fNitVKgDaRq6e1+
Kt3+zTpKyNs5Qy1pga07KlFF+AJ1wRboyORMnd5JNMzWyjlHI2HY9f5EUvg5fwV9
k5N4NYt92Zq+VoGnLgROCfMit0aVHkDoO6ijCbUoGvhOxAkSy1ZzMOa9/xuGqDQe
WatDevGtm12B+6dQ28kI1Db245uln68oSWXilD36C+UGXef/rSW956qcOdNgSJx9
EBuvKskyfeR76Dk2UjOSLYqUL9EPZVbaeAhStGFAtoK/l3iieD6C52XyVoyZPkNc
4SQe5xcDSmtErD2qdQliIAyCUE+3iLkgsx5Cql4b/WSNLYPpCYlLOaE42gegPV/H
9QzQRoy2GgzjQacyKsKQTw97qsPf1wriawP5SBP1tk4h0vMMFgmhMfdHi++CIHqJ
MHqhF0TS8gukQmfCEhh24aMahWiszKGjDjSGWijVFTlnxEJ8hevh4Wvlu28v+cfw
U4Sg5YUA9A5XbZn/Rd4Y64e9tcuG086r5zvX4KCjCh0RbjBy1gdH+V5czWi+rZLZ
y1nuUNN96zYYwrQf7LxZQFEuQGcGorLhMpTvAOzZM49VztK3ABzqczNglKQhjn13
gr3b+92zqL7Xiv4a5PNACryG/dw67Nr68Vff9KMs06GtytfBX4JjUxxmpO93mRgg
bKiqUq95SBqDc2K4q8iJJaYbF/YoAd/Mcb/TKqh9i7MfnYVdHSEyVhBL1bEQBx4H
IswSVUDIB6KToUr1W3Si4EO2AWIaPJmIqL1lQ3gcRh83Ag7Qf8QA0Bi012Up3XCM
wqY7YqIw+OKReGomCovG4qWy0Lh0HHq9sl9JdjxtNU8dg2X8QldPtz0Yl+1XxYuP
iM2vkQk+VlGvI4ibNMck9jBcXvrlzA8xlE0mLUVYFdlVKunVrMOldRBJ2YjPOJoc
ijJbND6NohZyWucIP1R7V/O/8bZSXh7JXFF6dcwovVKL0Hv1Oc5MTTUdOYIU4bH9
N1FgNcdRYsvw2PbXazQSij/ggz5dsa5Qj6XjBcRqFxZBH22mEYqQtmOcLXSLiBrl
aB/DzZykpLEQNatYyIkjJQ2xMhx9G/ZRD97/cte5mydA1aPDORQC4eInMpWUbcXt
lk6zRJCeI6XgSFGlbOK4Ef9Ec+YExKBtw///CNgEkqzUjLpBEuLBY8maIUTHe45D
2rmOZN4StVN2HglPeu2QScL2JDsruQ/GGwuZ1kki3dO1urKkJ+OYsy/JYZ1G5vKJ
BtIdcSAbuS2YGrc9QbxxhWsjaF/ajC+Eu19t1J9Dh+1msRER0YKAXfMgUaOyfdLM
v6Z8g9O30crfLZdMa1PneZEjomSwaWBZBlEL7v0QfsajZvKl+x0OGbkaLK6rAmbA
kVo/7fvvPXZtExTMDTiMQwzMC3sF4TgLkZVZvFSDwLzWzWgr29X9TcFUZ8ZKvu7O
4jSUjvD7LibCv025QjpoCMe7eV5aPpTXpnaVAtYPW6VeB6gTivyLdJ0/cCaHZ10R
sZGeWW7lBRYQVMhXN43W1TJGAuNkWLSdejf0drwjh+TUzH7wHpwGa6eIBcTdyzxt
zuWw95Qq8+RyRcYpOrBmLXSyVMUutaeEQtLJz1+MrApe7vwFWIwAy7isz6mTG9OZ
57pk4pFV9RFYAoZVUHgFqLJiyfanr4j6q8Eg7RJbif7OHf+9MX7Y5k1xqv4elbVM
PnEAsTSRpSdgsk180ejAjtCtkrpI1VJ6mVSGB0zYK0yGqArIsF27O6UE14nWQvtl
1BGAlhAAUvvNw74zD5+9EXvy0HQG/LfRUtONbHf6eizlJlgRzubdMv98curHGBRZ
9IBuPXK84OYZLt/Efr4Nyut4R8fD5MkKqUEkoeF1Mv3i6ESPVn195+hYCagExSzM
edQe2TYV+bh5K2hCOgAuIxAxSmmMtMZ8Pl00NWuqeHxE1uHWADjAIqrZg/csCTrF
odxaDwjlmAbM0TZwROzUvTg3Ar9fjfeVNSwfXO/wa0BUioa2fTZ5Xu3Ql980KeTo
86i65e1Bf4S7H9vHWuQe4KyOx6ocFsPTjnSN6+PXThgE9/8ElEsPv2K/fYMfLmPv
ALpZyj2pPZhNa9a8wMaBFx+jum/JjkDDLa0P80q5CztNcvdWsjDRte7Y9KjFF5fa
OW1GWhOmA1K0Srh6bTM3Rf3AfyKm7IKKRS24Dh8ZJOono/DAQEkVGs8gDFTGHAWF
mQNcf+Hj6vMJ8c6CCTCS/Cgv3KkqDmvBV5xTDzsfnPmiwamkQKYgE9X38ghiEoMO
0ZBinqoK7qC4/oESIELuxf9ATfOUWlq3nhMbV8Sa5bPfgnTngl9n6rLWruDsNLsJ
IXxQYqjlODQ8beicuDaL1wtcvlrySEIxcVFjFKkUSPxI5vSapKtWlykzWW6tUCV+
ISnsXrTsz/I/x+QCpxGxZYCum5Mjk4dRM/T7YUgFYkK5VYbAGC3hdyNLix0NtQVo
fA3uzV2f23awphSfQpYRFuyxoZL7gKBSPH7Ww3nW2H9qX26pU7n7xrCueP+0ddon
aZla78qksMzHkHWOGDtFAsDfNHBZpE+G/NZbk3Obj9R/aaKYWMbrm2PgMChiyKOe
xq3zOzrVX/9APaudtTa2yrYI4TwLuqSAsCr+3JF1JloYI13VeqCC7+Xrrh98htd/
x6yxOQKB1B1MI0JqsAF5ek7UgjAyYZX/nc+TvXmAK1p2Ln2UwoxrKtb+epUHIMXF
GjuM3roOUccEtcwK98nGajlEYMEGmz+GxrgTZSvuRRI2gYu8Pu5EbBuXdIPtG+Pa
/zBOgaAYVMlS/t4GugvqM3ymAtKVJqBqDYELwLVAYTzDjmMfEbipGpqaozmIykIN
oFqGUtEy
=MXCi
-----END PGP MESSAGE-----
