SN:3K60180500001583 BD:Jul 23 2018 VC:834b9c1 MD5:48f99e4865ed8b810be1bb0eaaabf929
SysTime,                      Time,         Batt_v,      Batt_v_sd,   BATT_PERCENT,BATT_PERCENT_sd,      [CH4]_ppm,   [CH4]_ppm_sd,      [H2O]_ppm,   [H2O]_ppm_sd,      [CO2]_ppm,   [CO2]_ppm_sd,     [CH4]d_ppm,  [CH4]d_ppm_sd,     [CO2]d_ppm,  [CO2]d_ppm_sd,      GasP_torr,   GasP_torr_sd,         GasT_C,      GasT_C_sd,         AmbT_C,      AmbT_C_sd,         RD0_us,      RD0_us_sd,         RD1_us,      RD1_us_sd, Temp_Status_mA,Temp_Status_mA_sd,Analyzer_Status_mA,Analyzer_Status_mA_sd,       Fit_Flag,      MIU_VALVE,       MIU_DESC
07/20/2020 14:03:24.559, 07/20/2020 14:03:24.505, 4.16245e+0, 0.00000e+0, 9.77064e+1, 0.00000e+0, 2.12306e+0, 0.00000e+0, 2.51859e+4, 0.00000e+0, 2.85433e+3, 0.00000e+0, 2.17791e+0, 0.00000e+0, 2.92808e+3, 0.00000e+0, 5.00660e+2, 0.00000e+0, 3.90886e+1, 0.00000e+0, 3.68374e+1, 0.00000e+0, 3.57898e+0, 0.00000e+0, 3.18569e+0, 0.00000e+0, 2.00000e+1, 0.00000e+0, 2.00000e+1, 0.00000e+0, 3, 7, 
07/20/2020 14:03:25.270, 07/20/2020 14:03:25.197, 4.16326e+0, 0.00000e+0, 9.78265e+1, 0.00000e+0, 2.11552e+0, 0.00000e+0, 2.52895e+4, 0.00000e+0, 2.86007e+3, 0.00000e+0, 2.17041e+0, 0.00000e+0, 2.93428e+3, 0.00000e+0, 5.00769e+2, 0.00000e+0, 3.91118e+1, 0.00000e+0, 3.68708e+1, 0.00000e+0, 3.58227e+0, 0.00000e+0, 3.18804e+0, 0.00000e+0, 2.00000e+1, 0.00000e+0, 2.00000e+1, 0.00000e+0, 3, 7, 
07/20/2020 14:03:26.252, 07/20/2020 14:03:26.199, 4.16389e+0, 0.00000e+0, 9.79190e+1, 0.00000e+0, 2.11877e+0, 0.00000e+0, 2.49616e+4, 0.00000e+0, 2.85704e+3, 0.00000e+0, 2.17301e+0, 0.00000e+0, 2.93018e+3, 0.00000e+0, 5.00675e+2, 0.00000e+0, 3.90890e+1, 0.00000e+0, 3.68832e+1, 0.00000e+0, 3.57920e+0, 0.00000e+0, 3.18413e+0, 0.00000e+0, 2.00000e+1, 0.00000e+0, 2.00000e+1, 0.00000e+0, 3, 7, 
07/20/2020 14:03:27.249, 07/20/2020 14:03:27.193, 4.16400e+0, 0.00000e+0, 9.79358e+1, 0.00000e+0, 2.11780e+0, 0.00000e+0, 2.50536e+4, 0.00000e+0, 2.85573e+3, 0.00000e+0, 2.17222e+0, 0.00000e+0, 2.92912e+3, 0.00000e+0, 5.00666e+2, 0.00000e+0, 3.90923e+1, 0.00000e+0, 3.68912e+1, 0.00000e+0, 3.57894e+0, 0.00000e+0, 3.18543e+0, 0.00000e+0, 2.00000e+1, 0.00000e+0, 2.00000e+1, 0.00000e+0, 3, 7, 
07/20/2020 14:03:28.241, 07/20/2020 14:03:28.187, 4.16394e+0, 0.00000e+0, 9.79255e+1, 0.00000e+0, 2.11461e+0, 0.00000e+0, 2.55430e+4, 0.00000e+0, 2.85398e+3, 0.00000e+0, 2.17004e+0, 0.00000e+0, 2.92879e+3, 0.00000e+0, 5.00652e+2, 0.00000e+0, 3.90881e+1, 0.00000e+0, 3.68813e+1, 0.00000e+0, 3.57949e+0, 0.00000e+0, 3.18664e+0, 0.00000e+0, 2.00000e+1, 0.00000e+0, 2.00000e+1, 0.00000e+0, 3, 7, 
07/20/2020 14:03:29.231, 07/20/2020 14:03:29.182, 4.16401e+0, 0.00000e+0, 9.79363e+1, 0.00000e+0, 2.12160e+0, 0.00000e+0, 2.49805e+4, 0.00000e+0, 2.85914e+3, 0.00000e+0, 2.17595e+0, 0.00000e+0, 2.93239e+3, 0.00000e+0, 5.00637e+2, 0.00000e+0, 3.90842e+1, 0.00000e+0, 3.68861e+1, 0.00000e+0, 3.57918e+0, 0.00000e+0, 3.18623e+0, 0.00000e+0, 2.00000e+1, 0.00000e+0, 2.00000e+1, 0.00000e+0, 3, 7, 
07/20/2020 14:03:30.230, 07/20/2020 14:03:30.176, 4.16397e+0, 0.00000e+0, 9.79304e+1, 0.00000e+0, 2.11832e+0, 0.00000e+0, 2.53551e+4, 0.00000e+0, 2.85569e+3, 0.00000e+0, 2.17343e+0, 0.00000e+0, 2.92998e+3, 0.00000e+0, 5.00711e+2, 0.00000e+0, 3.90937e+1, 0.00000e+0, 3.68821e+1, 0.00000e+0, 3.57980e+0, 0.00000e+0, 3.18689e+0, 0.00000e+0, 2.00000e+1, 0.00000e+0, 2.00000e+1, 0.00000e+0, 3, 8, 
07/20/2020 14:03:31.226, 07/20/2020 14:03:31.171, 4.16400e+0, 0.00000e+0, 9.79350e+1, 0.00000e+0, 2.12020e+0, 0.00000e+0, 2.51618e+4, 0.00000e+0, 2.85722e+3, 0.00000e+0, 2.17492e+0, 0.00000e+0, 2.93097e+3, 0.00000e+0, 5.00688e+2, 0.00000e+0, 3.90889e+1, 0.00000e+0, 3.68895e+1, 0.00000e+0, 3.57864e+0, 0.00000e+0, 3.18520e+0, 0.00000e+0, 2.00000e+1, 0.00000e+0, 2.00000e+1, 0.00000e+0, 3, 8, 
07/20/2020 14:03:32.220, 07/20/2020 14:03:32.165, 4.16401e+0, 0.00000e+0, 9.79370e+1, 0.00000e+0, 2.12041e+0, 0.00000e+0, 2.52227e+4, 0.00000e+0, 2.85741e+3, 0.00000e+0, 2.17527e+0, 0.00000e+0, 2.93135e+3, 0.00000e+0, 5.00714e+2, 0.00000e+0, 3.90914e+1, 0.00000e+0, 3.68909e+1, 0.00000e+0, 3.57938e+0, 0.00000e+0, 3.18666e+0, 0.00000e+0, 2.00000e+1, 0.00000e+0, 2.00000e+1, 0.00000e+0, 3, 8, 
07/20/2020 14:03:33.211, 07/20/2020 14:03:33.161, 4.16405e+0, 0.00000e+0, 9.79420e+1, 0.00000e+0, 2.11358e+0, 0.00000e+0, 2.50611e+4, 0.00000e+0, 2.85832e+3, 0.00000e+0, 2.16791e+0, 0.00000e+0, 2.93179e+3, 0.00000e+0, 5.00716e+2, 0.00000e+0, 3.90866e+1, 0.00000e+0, 3.68906e+1, 0.00000e+0, 3.58020e+0, 0.00000e+0, 3.18552e+0, 0.00000e+0, 2.00000e+1, 0.00000e+0, 2.00000e+1, 0.00000e+0, 3, 8, 
07/20/2020 14:03:34.213, 07/20/2020 14:03:34.154, 4.16405e+0, 0.00000e+0, 9.79429e+1, 0.00000e+0, 2.12349e+0, 0.00000e+0, 2.49594e+4, 0.00000e+0, 2.85952e+3, 0.00000e+0, 2.17785e+0, 0.00000e+0, 2.93272e+3, 0.00000e+0, 5.00721e+2, 0.00000e+0, 3.90903e+1, 0.00000e+0, 3.68851e+1, 0.00000e+0, 3.57799e+0, 0.00000e+0, 3.18588e+0, 0.00000e+0, 2.00000e+1, 0.00000e+0, 2.00000e+1, 0.00000e+0, 3, 8, 
07/20/2020 14:03:35.201, 07/20/2020 14:03:35.149, 4.16405e+0, 0.00000e+0, 9.79431e+1, 0.00000e+0, 2.11412e+0, 0.00000e+0, 2.51209e+4, 0.00000e+0, 2.86063e+3, 0.00000e+0, 2.16860e+0, 0.00000e+0, 2.93435e+3, 0.00000e+0, 5.00702e+2, 0.00000e+0, 3.90831e+1, 0.00000e+0, 3.68848e+1, 0.00000e+0, 3.57855e+0, 0.00000e+0, 3.18654e+0, 0.00000e+0, 2.00000e+1, 0.00000e+0, 2.00000e+1, 0.00000e+0, 3, 8, 
07/20/2020 14:03:36.194, 07/20/2020 14:03:36.143, 4.16405e+0, 0.00000e+0, 9.79419e+1, 0.00000e+0, 2.11622e+0, 0.00000e+0, 2.51273e+4, 0.00000e+0, 2.86160e+3, 0.00000e+0, 2.17077e+0, 0.00000e+0, 2.93536e+3, 0.00000e+0, 5.00685e+2, 0.00000e+0, 3.90826e+1, 0.00000e+0, 3.68785e+1, 0.00000e+0, 3.57909e+0, 0.00000e+0, 3.18610e+0, 0.00000e+0, 2.00000e+1, 0.00000e+0, 2.00000e+1, 0.00000e+0, 3, 8, 
07/20/2020 14:03:37.194, 07/20/2020 14:03:37.139, 4.16395e+0, 0.00000e+0, 9.79280e+1, 0.00000e+0, 2.11625e+0, 0.00000e+0, 2.49560e+4, 0.00000e+0, 2.86207e+3, 0.00000e+0, 2.17042e+0, 0.00000e+0, 2.93532e+3, 0.00000e+0, 5.00652e+2, 0.00000e+0, 3.90892e+1, 0.00000e+0, 3.68738e+1, 0.00000e+0, 3.58023e+0, 0.00000e+0, 3.18571e+0, 0.00000e+0, 2.00000e+1, 0.00000e+0, 2.00000e+1, 0.00000e+0, 3, 8, 
07/20/2020 14:03:38.185, 07/20/2020 14:03:38.133, 4.16416e+0, 0.00000e+0, 9.79588e+1, 0.00000e+0, 2.12049e+0, 0.00000e+0, 2.50400e+4, 0.00000e+0, 2.86065e+3, 0.00000e+0, 2.17495e+0, 0.00000e+0, 2.93412e+3, 0.00000e+0, 5.00651e+2, 0.00000e+0, 3.90872e+1, 0.00000e+0, 3.68741e+1, 0.00000e+0, 3.57774e+0, 0.00000e+0, 3.18583e+0, 0.00000e+0, 2.00000e+1, 0.00000e+0, 2.00000e+1, 0.00000e+0, 3, 8, 
07/20/2020 14:03:39.184, 07/20/2020 14:03:39.128, 4.16411e+0, 0.00000e+0, 9.79508e+1, 0.00000e+0, 2.11823e+0, 0.00000e+0, 2.51401e+4, 0.00000e+0, 2.86358e+3, 0.00000e+0, 2.17285e+0, 0.00000e+0, 2.93743e+3, 0.00000e+0, 5.00497e+2, 0.00000e+0, 3.90902e+1, 0.00000e+0, 3.68678e+1, 0.00000e+0, 3.57749e+0, 0.00000e+0, 3.18506e+0, 0.00000e+0, 2.00000e+1, 0.00000e+0, 2.00000e+1, 0.00000e+0, 3, 8, 
07/20/2020 14:03:40.180, 07/20/2020 14:03:40.122, 4.16405e+0, 0.00000e+0, 9.79424e+1, 0.00000e+0, 2.11640e+0, 0.00000e+0, 2.49996e+4, 0.00000e+0, 2.86046e+3, 0.00000e+0, 2.17067e+0, 0.00000e+0, 2.93381e+3, 0.00000e+0, 5.00891e+2, 0.00000e+0, 3.90863e+1, 0.00000e+0, 3.68706e+1, 0.00000e+0, 3.57967e+0, 0.00000e+0, 3.18599e+0, 0.00000e+0, 2.00000e+1, 0.00000e+0, 2.00000e+1, 0.00000e+0, 3, 8, 
07/20/2020 14:03:41.172, 07/20/2020 14:03:41.117, 4.16429e+0, 0.00000e+0, 9.79780e+1, 0.00000e+0, 2.11624e+0, 0.00000e+0, 2.50864e+4, 0.00000e+0, 2.86324e+3, 0.00000e+0, 2.17069e+0, 0.00000e+0, 2.93692e+3, 0.00000e+0, 5.00738e+2, 0.00000e+0, 3.90898e+1, 0.00000e+0, 3.68776e+1, 0.00000e+0, 3.58315e+0, 0.00000e+0, 3.18767e+0, 0.00000e+0, 2.00000e+1, 0.00000e+0, 2.00000e+1, 0.00000e+0, 3, 8, 
07/20/2020 14:03:42.172, 07/20/2020 14:03:42.111, 4.16394e+0, 0.00000e+0, 9.79259e+1, 0.00000e+0, 2.11651e+0, 0.00000e+0, 2.51091e+4, 0.00000e+0, 2.82332e+3, 0.00000e+0, 2.17102e+0, 0.00000e+0, 2.89604e+3, 0.00000e+0, 5.00749e+2, 0.00000e+0, 3.90854e+1, 0.00000e+0, 3.68779e+1, 0.00000e+0, 3.57760e+0, 0.00000e+0, 3.18505e+0, 0.00000e+0, 2.00000e+1, 0.00000e+0, 2.00000e+1, 0.00000e+0, 3, 8, 
07/20/2020 14:03:43.167, 07/20/2020 14:03:43.105, 4.16412e+0, 0.00000e+0, 9.79523e+1, 0.00000e+0, 2.10418e+0, 0.00000e+0, 2.51331e+4, 0.00000e+0, 2.52546e+3, 0.00000e+0, 2.15843e+0, 0.00000e+0, 2.59057e+3, 0.00000e+0, 5.00744e+2, 0.00000e+0, 3.90868e+1, 0.00000e+0, 3.68847e+1, 0.00000e+0, 3.58210e+0, 0.00000e+0, 3.18827e+0, 0.00000e+0, 2.00000e+1, 0.00000e+0, 2.00000e+1, 0.00000e+0, 3, 8, 
07/20/2020 14:03:44.162, 07/20/2020 14:03:44.100, 4.16397e+0, 0.00000e+0, 9.79310e+1, 0.00000e+0, 2.08288e+0, 0.00000e+0, 2.51709e+4, 0.00000e+0, 2.06825e+3, 0.00000e+0, 2.13666e+0, 0.00000e+0, 2.12165e+3, 0.00000e+0, 5.00714e+2, 0.00000e+0, 3.90807e+1, 0.00000e+0, 3.68864e+1, 0.00000e+0, 3.58220e+0, 0.00000e+0, 3.18906e+0, 0.00000e+0, 2.00000e+1, 0.00000e+0, 2.00000e+1, 0.00000e+0, 3, 8, 
07/20/2020 14:03:45.159, 07/20/2020 14:03:45.095, 4.16406e+0, 0.00000e+0, 9.79439e+1, 0.00000e+0, 2.06820e+0, 0.00000e+0, 2.55822e+4, 0.00000e+0, 1.67102e+3, 0.00000e+0, 2.12249e+0, 0.00000e+0, 1.71489e+3, 0.00000e+0, 5.00736e+2, 0.00000e+0, 3.90891e+1, 0.00000e+0, 3.68860e+1, 0.00000e+0, 3.58299e+0, 0.00000e+0, 3.18967e+0, 0.00000e+0, 2.00000e+1, 0.00000e+0, 2.00000e+1, 0.00000e+0, 3, 8, 
07/20/2020 14:03:46.154, 07/20/2020 14:03:46.089, 4.16421e+0, 0.00000e+0, 9.79665e+1, 0.00000e+0, 2.04673e+0, 0.00000e+0, 2.57290e+4, 0.00000e+0, 1.36208e+3, 0.00000e+0, 2.10078e+0, 0.00000e+0, 1.39805e+3, 0.00000e+0, 5.00649e+2, 0.00000e+0, 3.90802e+1, 0.00000e+0, 3.68813e+1, 0.00000e+0, 3.58429e+0, 0.00000e+0, 3.18981e+0, 0.00000e+0, 2.00000e+1, 0.00000e+0, 2.00000e+1, 0.00000e+0, 3, 8, 
07/20/2020 14:03:47.147, 07/20/2020 14:03:47.084, 4.16410e+0, 0.00000e+0, 9.79501e+1, 0.00000e+0, 2.04002e+0, 0.00000e+0, 2.61800e+4, 0.00000e+0, 1.15483e+3, 0.00000e+0, 2.09487e+0, 0.00000e+0, 1.18588e+3, 0.00000e+0, 5.00657e+2, 0.00000e+0, 3.90796e+1, 0.00000e+0, 3.68833e+1, 0.00000e+0, 3.58523e+0, 0.00000e+0, 3.19011e+0, 0.00000e+0, 2.00000e+1, 0.00000e+0, 2.00000e+1, 0.00000e+0, 3, 8, 
07/20/2020 14:03:48.144, 07/20/2020 14:03:48.079, 4.16413e+0, 0.00000e+0, 9.79547e+1, 0.00000e+0, 2.02833e+0, 0.00000e+0, 2.65746e+4, 0.00000e+0, 9.99283e+2, 0.00000e+0, 2.08370e+0, 0.00000e+0, 1.02656e+3, 0.00000e+0, 5.00676e+2, 0.00000e+0, 3.90864e+1, 0.00000e+0, 3.68785e+1, 0.00000e+0, 3.58580e+0, 0.00000e+0, 3.19104e+0, 0.00000e+0, 2.00000e+1, 0.00000e+0, 2.00000e+1, 0.00000e+0, 3, 8, 
07/20/2020 14:03:49.137, 07/20/2020 14:03:49.072, 4.16399e+0, 0.00000e+0, 9.79332e+1, 0.00000e+0, 2.01928e+0, 0.00000e+0, 2.67614e+4, 0.00000e+0, 8.62762e+2, 0.00000e+0, 2.07481e+0, 0.00000e+0, 8.86486e+2, 0.00000e+0, 5.00691e+2, 0.00000e+0, 3.90837e+1, 0.00000e+0, 3.68804e+1, 0.00000e+0, 3.58657e+0, 0.00000e+0, 3.19141e+0, 0.00000e+0, 2.00000e+1, 0.00000e+0, 2.00000e+1, 0.00000e+0, 3, 8, 
07/20/2020 14:03:50.120, 07/20/2020 14:03:50.067, 4.16406e+0, 0.00000e+0, 9.79439e+1, 0.00000e+0, 2.01602e+0, 0.00000e+0, 2.71749e+4, 0.00000e+0, 7.55662e+2, 0.00000e+0, 2.07234e+0, 0.00000e+0, 7.76771e+2, 0.00000e+0, 5.00595e+2, 0.00000e+0, 3.90926e+1, 0.00000e+0, 3.68837e+1, 0.00000e+0, 3.58667e+0, 0.00000e+0, 3.18969e+0, 0.00000e+0, 2.00000e+1, 0.00000e+0, 2.00000e+1, 0.00000e+0, 3, 8, 
07/20/2020 14:03:51.114, 07/20/2020 14:03:51.063, 4.16437e+0, 0.00000e+0, 9.79900e+1, 0.00000e+0, 2.01663e+0, 0.00000e+0, 2.70220e+4, 0.00000e+0, 6.81170e+2, 0.00000e+0, 2.07264e+0, 0.00000e+0, 7.00088e+2, 0.00000e+0, 5.00800e+2, 0.00000e+0, 3.90939e+1, 0.00000e+0, 3.68787e+1, 0.00000e+0, 3.58606e+0, 0.00000e+0, 3.19210e+0, 0.00000e+0, 2.00000e+1, 0.00000e+0, 2.00000e+1, 0.00000e+0, 3, 8, 
07/20/2020 14:03:52.130, 07/20/2020 14:03:52.056, 4.16411e+0, 0.00000e+0, 9.79508e+1, 0.00000e+0, 2.00847e+0, 0.00000e+0, 2.73958e+4, 0.00000e+0, 6.21735e+2, 0.00000e+0, 2.06504e+0, 0.00000e+0, 6.39248e+2, 0.00000e+0, 5.00695e+2, 0.00000e+0, 3.90946e+1, 0.00000e+0, 3.68624e+1, 0.00000e+0, 3.58948e+0, 0.00000e+0, 3.19158e+0, 0.00000e+0, 2.00000e+1, 0.00000e+0, 2.00000e+1, 0.00000e+0, 3, 8, 
07/20/2020 14:03:53.102, 07/20/2020 14:03:53.051, 4.16404e+0, 0.00000e+0, 9.79408e+1, 0.00000e+0, 2.00744e+0, 0.00000e+0, 2.71573e+4, 0.00000e+0, 5.72422e+2, 0.00000e+0, 2.06348e+0, 0.00000e+0, 5.88401e+2, 0.00000e+0, 5.00827e+2, 0.00000e+0, 3.90921e+1, 0.00000e+0, 3.68680e+1, 0.00000e+0, 3.58672e+0, 0.00000e+0, 3.19238e+0, 0.00000e+0, 2.00000e+1, 0.00000e+0, 2.00000e+1, 0.00000e+0, 3, 8, 
07/20/2020 14:03:54.094, 07/20/2020 14:03:54.046, 4.16417e+0, 0.00000e+0, 9.79596e+1, 0.00000e+0, 2.00612e+0, 0.00000e+0, 2.76573e+4, 0.00000e+0, 5.44936e+2, 0.00000e+0, 2.06318e+0, 0.00000e+0, 5.60437e+2, 0.00000e+0, 5.00800e+2, 0.00000e+0, 3.90857e+1, 0.00000e+0, 3.68722e+1, 0.00000e+0, 3.58603e+0, 0.00000e+0, 3.18886e+0, 0.00000e+0, 2.00000e+1, 0.00000e+0, 2.00000e+1, 0.00000e+0, 3, 8, 
07/20/2020 14:03:55.092, 07/20/2020 14:03:55.039, 4.16406e+0, 0.00000e+0, 9.79445e+1, 0.00000e+0, 2.00719e+0, 0.00000e+0, 2.76530e+4, 0.00000e+0, 5.19397e+2, 0.00000e+0, 2.06427e+0, 0.00000e+0, 5.34169e+2, 0.00000e+0, 5.00615e+2, 0.00000e+0, 3.90972e+1, 0.00000e+0, 3.68759e+1, 0.00000e+0, 3.58712e+0, 0.00000e+0, 3.19224e+0, 0.00000e+0, 2.00000e+1, 0.00000e+0, 2.00000e+1, 0.00000e+0, 3, 8, 
07/20/2020 14:03:56.094, 07/20/2020 14:03:56.036, 4.16413e+0, 0.00000e+0, 9.79549e+1, 0.00000e+0, 2.01102e+0, 0.00000e+0, 2.76614e+4, 0.00000e+0, 5.05260e+2, 0.00000e+0, 2.06823e+0, 0.00000e+0, 5.19634e+2, 0.00000e+0, 5.00895e+2, 0.00000e+0, 3.90946e+1, 0.00000e+0, 3.68778e+1, 0.00000e+0, 3.58752e+0, 0.00000e+0, 3.18906e+0, 0.00000e+0, 2.00000e+1, 0.00000e+0, 2.00000e+1, 0.00000e+0, 3, 8, 
07/20/2020 14:03:57.084, 07/20/2020 14:03:57.029, 4.16419e+0, 0.00000e+0, 9.79625e+1, 0.00000e+0, 2.02072e+0, 0.00000e+0, 2.75940e+4, 0.00000e+0, 5.19708e+2, 0.00000e+0, 2.07806e+0, 0.00000e+0, 5.34456e+2, 0.00000e+0, 5.00633e+2, 0.00000e+0, 3.90860e+1, 0.00000e+0, 3.68844e+1, 0.00000e+0, 3.58802e+0, 0.00000e+0, 3.19098e+0, 0.00000e+0, 2.00000e+1, 0.00000e+0, 2.00000e+1, 0.00000e+0, 3, 8, 
07/20/2020 14:03:58.075, 07/20/2020 14:03:58.024, 4.16412e+0, 0.00000e+0, 9.79521e+1, 0.00000e+0, 2.10052e+0, 0.00000e+0, 2.78406e+4, 0.00000e+0, 6.30886e+2, 0.00000e+0, 2.16067e+0, 0.00000e+0, 6.48954e+2, 0.00000e+0, 5.00756e+2, 0.00000e+0, 3.90915e+1, 0.00000e+0, 3.68819e+1, 0.00000e+0, 3.58281e+0, 0.00000e+0, 3.19052e+0, 0.00000e+0, 2.00000e+1, 0.00000e+0, 2.00000e+1, 0.00000e+0, 3, 8, 
07/20/2020 14:03:59.087, 07/20/2020 14:03:59.018, 4.16425e+0, 0.00000e+0, 9.79722e+1, 0.00000e+0, 2.13924e+0, 0.00000e+0, 2.77630e+4, 0.00000e+0, 6.78287e+2, 0.00000e+0, 2.20032e+0, 0.00000e+0, 6.97656e+2, 0.00000e+0, 5.00582e+2, 0.00000e+0, 3.90985e+1, 0.00000e+0, 3.68748e+1, 0.00000e+0, 3.58560e+0, 0.00000e+0, 3.19033e+0, 0.00000e+0, 2.00000e+1, 0.00000e+0, 2.00000e+1, 0.00000e+0, 3, 8, 
07/20/2020 14:04:00.076, 07/20/2020 14:04:00.012, 4.16413e+0, 0.00000e+0, 9.79542e+1, 0.00000e+0, 2.18993e+0, 0.00000e+0, 2.76444e+4, 0.00000e+0, 7.37395e+2, 0.00000e+0, 2.25219e+0, 0.00000e+0, 7.58360e+2, 0.00000e+0, 5.00695e+2, 0.00000e+0, 3.90896e+1, 0.00000e+0, 3.68683e+1, 0.00000e+0, 3.58083e+0, 0.00000e+0, 3.18975e+0, 0.00000e+0, 2.00000e+1, 0.00000e+0, 2.00000e+1, 0.00000e+0, 3, 1, 
07/20/2020 14:04:01.067, 07/20/2020 14:04:01.007, 4.16417e+0, 0.00000e+0, 9.79606e+1, 0.00000e+0, 2.21081e+0, 0.00000e+0, 2.78453e+4, 0.00000e+0, 7.62660e+2, 0.00000e+0, 2.27414e+0, 0.00000e+0, 7.84505e+2, 0.00000e+0, 5.00887e+2, 0.00000e+0, 3.90870e+1, 0.00000e+0, 3.68559e+1, 0.00000e+0, 3.58627e+0, 0.00000e+0, 3.18939e+0, 0.00000e+0, 2.00000e+1, 0.00000e+0, 2.00000e+1, 0.00000e+0, 3, 1, 
07/20/2020 14:04:02.054, 07/20/2020 14:04:02.002, 4.16418e+0, 0.00000e+0, 9.79619e+1, 0.00000e+0, 2.17057e+0, 0.00000e+0, 2.78801e+4, 0.00000e+0, 6.91860e+2, 0.00000e+0, 2.23282e+0, 0.00000e+0, 7.11702e+2, 0.00000e+0, 5.00659e+2, 0.00000e+0, 3.90746e+1, 0.00000e+0, 3.68392e+1, 0.00000e+0, 3.58708e+0, 0.00000e+0, 3.18999e+0, 0.00000e+0, 2.00000e+1, 0.00000e+0, 2.00000e+1, 0.00000e+0, 3, 1, 
07/20/2020 14:04:03.053, 07/20/2020 14:04:02.996, 4.16430e+0, 0.00000e+0, 9.79788e+1, 0.00000e+0, 2.13248e+0, 0.00000e+0, 2.76500e+4, 0.00000e+0, 6.14734e+2, 0.00000e+0, 2.19312e+0, 0.00000e+0, 6.32215e+2, 0.00000e+0, 5.00631e+2, 0.00000e+0, 3.90840e+1, 0.00000e+0, 3.68448e+1, 0.00000e+0, 3.58197e+0, 0.00000e+0, 3.19119e+0, 0.00000e+0, 2.00000e+1, 0.00000e+0, 2.00000e+1, 0.00000e+0, 3, 1, 
07/20/2020 14:04:04.048, 07/20/2020 14:04:03.991, 4.16421e+0, 0.00000e+0, 9.79665e+1, 0.00000e+0, 2.10090e+0, 0.00000e+0, 2.74835e+4, 0.00000e+0, 5.54268e+2, 0.00000e+0, 2.16027e+0, 0.00000e+0, 5.69932e+2, 0.00000e+0, 5.00781e+2, 0.00000e+0, 3.90892e+1, 0.00000e+0, 3.68628e+1, 0.00000e+0, 3.58429e+0, 0.00000e+0, 3.19095e+0, 0.00000e+0, 2.00000e+1, 0.00000e+0, 2.00000e+1, 0.00000e+0, 3, 1, 
07/20/2020 14:04:05.039, 07/20/2020 14:04:04.986, 4.16431e+0, 0.00000e+0, 9.79807e+1, 0.00000e+0, 2.07065e+0, 0.00000e+0, 2.73466e+4, 0.00000e+0, 5.07923e+2, 0.00000e+0, 2.12887e+0, 0.00000e+0, 5.22204e+2, 0.00000e+0, 5.00600e+2, 0.00000e+0, 3.90956e+1, 0.00000e+0, 3.68747e+1, 0.00000e+0, 3.59111e+0, 0.00000e+0, 3.19131e+0, 0.00000e+0, 2.00000e+1, 0.00000e+0, 2.00000e+1, 0.00000e+0, 3, 1, 
07/20/2020 14:04:06.027, 07/20/2020 14:04:05.979, 4.16438e+0, 0.00000e+0, 9.79908e+1, 0.00000e+0, 2.05645e+0, 0.00000e+0, 2.74126e+4, 0.00000e+0, 4.76850e+2, 0.00000e+0, 2.11441e+0, 0.00000e+0, 4.90290e+2, 0.00000e+0, 5.00813e+2, 0.00000e+0, 3.91065e+1, 0.00000e+0, 3.68820e+1, 0.00000e+0, 3.58538e+0, 0.00000e+0, 3.19097e+0, 0.00000e+0, 2.00000e+1, 0.00000e+0, 2.00000e+1, 0.00000e+0, 3, 1, 
07/20/2020 14:04:07.034, 07/20/2020 14:04:06.974, 4.16430e+0, 0.00000e+0, 9.79800e+1, 0.00000e+0, 2.04806e+0, 0.00000e+0, 2.76616e+4, 0.00000e+0, 4.56019e+2, 0.00000e+0, 2.10632e+0, 0.00000e+0, 4.68992e+2, 0.00000e+0, 5.00796e+2, 0.00000e+0, 3.90961e+1, 0.00000e+0, 3.68762e+1, 0.00000e+0, 3.59002e+0, 0.00000e+0, 3.19356e+0, 0.00000e+0, 2.00000e+1, 0.00000e+0, 2.00000e+1, 0.00000e+0, 3, 1, 
07/20/2020 14:04:08.018, 07/20/2020 14:04:07.970, 4.16435e+0, 0.00000e+0, 9.79866e+1, 0.00000e+0, 2.08418e+0, 0.00000e+0, 2.74246e+4, 0.00000e+0, 5.41357e+2, 0.00000e+0, 2.14295e+0, 0.00000e+0, 5.56622e+2, 0.00000e+0, 5.00758e+2, 0.00000e+0, 3.91010e+1, 0.00000e+0, 3.68777e+1, 0.00000e+0, 3.58271e+0, 0.00000e+0, 3.18979e+0, 0.00000e+0, 2.00000e+1, 0.00000e+0, 2.00000e+1, 0.00000e+0, 3, 1, 
07/20/2020 14:04:09.015, 07/20/2020 14:04:08.964, 4.16431e+0, 0.00000e+0, 9.79805e+1, 0.00000e+0, 2.13584e+0, 0.00000e+0, 2.73693e+4, 0.00000e+0, 6.52609e+2, 0.00000e+0, 2.19595e+0, 0.00000e+0, 6.70973e+2, 0.00000e+0, 5.00798e+2, 0.00000e+0, 3.91021e+1, 0.00000e+0, 3.68846e+1, 0.00000e+0, 3.58285e+0, 0.00000e+0, 3.19079e+0, 0.00000e+0, 2.00000e+1, 0.00000e+0, 2.00000e+1, 0.00000e+0, 3, 1, 
07/20/2020 14:04:10.013, 07/20/2020 14:04:09.957, 4.16443e+0, 0.00000e+0, 9.79984e+1, 0.00000e+0, 2.13348e+0, 0.00000e+0, 2.74740e+4, 0.00000e+0, 6.36689e+2, 0.00000e+0, 2.19375e+0, 0.00000e+0, 6.54675e+2, 0.00000e+0, 5.00733e+2, 0.00000e+0, 3.91031e+1, 0.00000e+0, 3.68924e+1, 0.00000e+0, 3.58457e+0, 0.00000e+0, 3.19125e+0, 0.00000e+0, 2.00000e+1, 0.00000e+0, 2.00000e+1, 0.00000e+0, 3, 1, 
07/20/2020 14:04:11.010, 07/20/2020 14:04:10.953, 4.16427e+0, 0.00000e+0, 9.79753e+1, 0.00000e+0, 2.10126e+0, 0.00000e+0, 2.72862e+4, 0.00000e+0, 5.80075e+2, 0.00000e+0, 2.16020e+0, 0.00000e+0, 5.96347e+2, 0.00000e+0, 5.00768e+2, 0.00000e+0, 3.91017e+1, 0.00000e+0, 3.68991e+1, 0.00000e+0, 3.58593e+0, 0.00000e+0, 3.18798e+0, 0.00000e+0, 2.00000e+1, 0.00000e+0, 2.00000e+1, 0.00000e+0, 3, 1, 
07/20/2020 14:04:12.003, 07/20/2020 14:04:11.947, 4.16430e+0, 0.00000e+0, 9.79790e+1, 0.00000e+0, 2.07912e+0, 0.00000e+0, 2.72674e+4, 0.00000e+0, 5.36158e+2, 0.00000e+0, 2.13740e+0, 0.00000e+0, 5.51187e+2, 0.00000e+0, 5.00723e+2, 0.00000e+0, 3.91030e+1, 0.00000e+0, 3.69013e+1, 0.00000e+0, 3.58247e+0, 0.00000e+0, 3.18894e+0, 0.00000e+0, 2.00000e+1, 0.00000e+0, 2.00000e+1, 0.00000e+0, 3, 1, 
07/20/2020 14:04:12.988, 07/20/2020 14:04:12.942, 4.16420e+0, 0.00000e+0, 9.79642e+1, 0.00000e+0, 2.06455e+0, 0.00000e+0, 2.74185e+4, 0.00000e+0, 5.04439e+2, 0.00000e+0, 2.12275e+0, 0.00000e+0, 5.18660e+2, 0.00000e+0, 5.00706e+2, 0.00000e+0, 3.90887e+1, 0.00000e+0, 3.68959e+1, 0.00000e+0, 3.58448e+0, 0.00000e+0, 3.18892e+0, 0.00000e+0, 2.00000e+1, 0.00000e+0, 2.00000e+1, 0.00000e+0, 3, 1, 
07/20/2020 14:04:13.995, 07/20/2020 14:04:13.936, 4.16414e+0, 0.00000e+0, 9.79564e+1, 0.00000e+0, 2.04933e+0, 0.00000e+0, 2.71978e+4, 0.00000e+0, 4.74504e+2, 0.00000e+0, 2.10662e+0, 0.00000e+0, 4.87770e+2, 0.00000e+0, 5.00671e+2, 0.00000e+0, 3.90970e+1, 0.00000e+0, 3.68928e+1, 0.00000e+0, 3.58477e+0, 0.00000e+0, 3.18752e+0, 0.00000e+0, 2.00000e+1, 0.00000e+0, 2.00000e+1, 0.00000e+0, 3, 1, 
07/20/2020 14:04:14.984, 07/20/2020 14:04:14.931, 4.16433e+0, 0.00000e+0, 9.79833e+1, 0.00000e+0, 2.04670e+0, 0.00000e+0, 2.72665e+4, 0.00000e+0, 4.52219e+2, 0.00000e+0, 2.10407e+0, 0.00000e+0, 4.64895e+2, 0.00000e+0, 5.00703e+2, 0.00000e+0, 3.90962e+1, 0.00000e+0, 3.68963e+1, 0.00000e+0, 3.58641e+0, 0.00000e+0, 3.18765e+0, 0.00000e+0, 2.00000e+1, 0.00000e+0, 2.00000e+1, 0.00000e+0, 3, 1, 
07/20/2020 14:04:15.976, 07/20/2020 14:04:15.925, 4.16425e+0, 0.00000e+0, 9.79724e+1, 0.00000e+0, 2.03260e+0, 0.00000e+0, 2.69790e+4, 0.00000e+0, 4.36332e+2, 0.00000e+0, 2.08896e+0, 0.00000e+0, 4.48431e+2, 0.00000e+0, 5.00711e+2, 0.00000e+0, 3.91014e+1, 0.00000e+0, 3.69068e+1, 0.00000e+0, 3.58357e+0, 0.00000e+0, 3.18875e+0, 0.00000e+0, 2.00000e+1, 0.00000e+0, 2.00000e+1, 0.00000e+0, 3, 1, 
07/20/2020 14:04:16.971, 07/20/2020 14:04:16.920, 4.16432e+0, 0.00000e+0, 9.79817e+1, 0.00000e+0, 2.03178e+0, 0.00000e+0, 2.70471e+4, 0.00000e+0, 4.22537e+2, 0.00000e+0, 2.08826e+0, 0.00000e+0, 4.34283e+2, 0.00000e+0, 5.00722e+2, 0.00000e+0, 3.91030e+1, 0.00000e+0, 3.69101e+1, 0.00000e+0, 3.58253e+0, 0.00000e+0, 3.18943e+0, 0.00000e+0, 2.00000e+1, 0.00000e+0, 2.00000e+1, 0.00000e+0, 3, 1, 
07/20/2020 14:04:17.970, 07/20/2020 14:04:17.915, 4.16428e+0, 0.00000e+0, 9.79770e+1, 0.00000e+0, 2.02512e+0, 0.00000e+0, 2.71253e+4, 0.00000e+0, 4.13067e+2, 0.00000e+0, 2.08159e+0, 0.00000e+0, 4.24584e+2, 0.00000e+0, 5.00734e+2, 0.00000e+0, 3.91046e+1, 0.00000e+0, 3.69113e+1, 0.00000e+0, 3.58461e+0, 0.00000e+0, 3.18714e+0, 0.00000e+0, 2.00000e+1, 0.00000e+0, 2.00000e+1, 0.00000e+0, 3, 1, 
07/20/2020 14:04:18.957, 07/20/2020 14:04:18.909, 4.16407e+0, 0.00000e+0, 9.79460e+1, 0.00000e+0, 2.02279e+0, 0.00000e+0, 2.74601e+4, 0.00000e+0, 4.07228e+2, 0.00000e+0, 2.07990e+0, 0.00000e+0, 4.18726e+2, 0.00000e+0, 5.00789e+2, 0.00000e+0, 3.91017e+1, 0.00000e+0, 3.69062e+1, 0.00000e+0, 3.58459e+0, 0.00000e+0, 3.18904e+0, 0.00000e+0, 2.00000e+1, 0.00000e+0, 2.00000e+1, 0.00000e+0, 3, 1, 
07/20/2020 14:04:19.961, 07/20/2020 14:04:19.903, 4.16424e+0, 0.00000e+0, 9.79708e+1, 0.00000e+0, 2.01558e+0, 0.00000e+0, 2.69902e+4, 0.00000e+0, 4.05082e+2, 0.00000e+0, 2.07150e+0, 0.00000e+0, 4.16319e+2, 0.00000e+0, 5.00757e+2, 0.00000e+0, 3.91082e+1, 0.00000e+0, 3.69133e+1, 0.00000e+0, 3.58603e+0, 0.00000e+0, 3.19008e+0, 0.00000e+0, 2.00000e+1, 0.00000e+0, 2.00000e+1, 0.00000e+0, 3, 1, 
07/20/2020 14:04:20.955, 07/20/2020 14:04:20.898, 4.16418e+0, 0.00000e+0, 9.79617e+1, 0.00000e+0, 2.01488e+0, 0.00000e+0, 2.71482e+4, 0.00000e+0, 4.01661e+2, 0.00000e+0, 2.07111e+0, 0.00000e+0, 4.12870e+2, 0.00000e+0, 5.00751e+2, 0.00000e+0, 3.91067e+1, 0.00000e+0, 3.69163e+1, 0.00000e+0, 3.58786e+0, 0.00000e+0, 3.18683e+0, 0.00000e+0, 2.00000e+1, 0.00000e+0, 2.00000e+1, 0.00000e+0, 3, 1, 
07/20/2020 14:04:21.947, 07/20/2020 14:04:21.893, 4.16415e+0, 0.00000e+0, 9.79578e+1, 0.00000e+0, 2.02333e+0, 0.00000e+0, 2.72595e+4, 0.00000e+0, 4.05027e+2, 0.00000e+0, 2.08004e+0, 0.00000e+0, 4.16378e+2, 0.00000e+0, 5.00722e+2, 0.00000e+0, 3.91084e+1, 0.00000e+0, 3.69187e+1, 0.00000e+0, 3.58471e+0, 0.00000e+0, 3.18922e+0, 0.00000e+0, 2.00000e+1, 0.00000e+0, 2.00000e+1, 0.00000e+0, 3, 1, 
07/20/2020 14:04:22.939, 07/20/2020 14:04:22.888, 4.16422e+0, 0.00000e+0, 9.79678e+1, 0.00000e+0, 2.01782e+0, 0.00000e+0, 2.72330e+4, 0.00000e+0, 4.10895e+2, 0.00000e+0, 2.07431e+0, 0.00000e+0, 4.22398e+2, 0.00000e+0, 5.00684e+2, 0.00000e+0, 3.91095e+1, 0.00000e+0, 3.69095e+1, 0.00000e+0, 3.58465e+0, 0.00000e+0, 3.18898e+0, 0.00000e+0, 2.00000e+1, 0.00000e+0, 2.00000e+1, 0.00000e+0, 3, 1, 
07/20/2020 14:04:23.933, 07/20/2020 14:04:23.881, 4.16424e+0, 0.00000e+0, 9.79710e+1, 0.00000e+0, 2.02662e+0, 0.00000e+0, 2.70215e+4, 0.00000e+0, 4.08776e+2, 0.00000e+0, 2.08290e+0, 0.00000e+0, 4.20129e+2, 0.00000e+0, 5.00645e+2, 0.00000e+0, 3.91039e+1, 0.00000e+0, 3.69070e+1, 0.00000e+0, 3.58497e+0, 0.00000e+0, 3.18847e+0, 0.00000e+0, 2.00000e+1, 0.00000e+0, 2.00000e+1, 0.00000e+0, 3, 1, 
07/20/2020 14:04:24.928, 07/20/2020 14:04:24.875, 4.16418e+0, 0.00000e+0, 9.79622e+1, 0.00000e+0, 2.02133e+0, 0.00000e+0, 2.73951e+4, 0.00000e+0, 4.13418e+2, 0.00000e+0, 2.07826e+0, 0.00000e+0, 4.25062e+2, 0.00000e+0, 5.00658e+2, 0.00000e+0, 3.91042e+1, 0.00000e+0, 3.68954e+1, 0.00000e+0, 3.58479e+0, 0.00000e+0, 3.18841e+0, 0.00000e+0, 2.00000e+1, 0.00000e+0, 2.00000e+1, 0.00000e+0, 3, 1, 
07/20/2020 14:04:25.917, 07/20/2020 14:04:25.870, 4.16408e+0, 0.00000e+0, 9.79472e+1, 0.00000e+0, 2.02757e+0, 0.00000e+0, 2.71285e+4, 0.00000e+0, 4.37907e+2, 0.00000e+0, 2.08411e+0, 0.00000e+0, 4.50118e+2, 0.00000e+0, 5.00677e+2, 0.00000e+0, 3.91073e+1, 0.00000e+0, 3.68913e+1, 0.00000e+0, 3.58442e+0, 0.00000e+0, 3.18746e+0, 0.00000e+0, 2.00000e+1, 0.00000e+0, 2.00000e+1, 0.00000e+0, 3, 1, 
07/20/2020 14:04:26.922, 07/20/2020 14:04:26.865, 4.16408e+0, 0.00000e+0, 9.79472e+1, 0.00000e+0, 2.02902e+0, 0.00000e+0, 2.71371e+4, 0.00000e+0, 4.47633e+2, 0.00000e+0, 2.08562e+0, 0.00000e+0, 4.60119e+2, 0.00000e+0, 5.00740e+2, 0.00000e+0, 3.91347e+1, 0.00000e+0, 3.68931e+1, 0.00000e+0, 3.58704e+0, 0.00000e+0, 3.18916e+0, 0.00000e+0, 2.00000e+1, 0.00000e+0, 2.00000e+1, 0.00000e+0, 3, 1, 
07/20/2020 14:04:27.915, 07/20/2020 14:04:27.859, 4.16422e+0, 0.00000e+0, 9.79677e+1, 0.00000e+0, 2.02243e+0, 0.00000e+0, 2.71148e+4, 0.00000e+0, 4.37995e+2, 0.00000e+0, 2.07879e+0, 0.00000e+0, 4.50202e+2, 0.00000e+0, 5.00701e+2, 0.00000e+0, 3.90942e+1, 0.00000e+0, 3.68950e+1, 0.00000e+0, 3.58700e+0, 0.00000e+0, 3.19024e+0, 0.00000e+0, 2.00000e+1, 0.00000e+0, 2.00000e+1, 0.00000e+0, 3, 1, 
07/20/2020 14:04:28.909, 07/20/2020 14:04:28.854, 4.16420e+0, 0.00000e+0, 9.79653e+1, 0.00000e+0, 2.01649e+0, 0.00000e+0, 2.71874e+4, 0.00000e+0, 4.29117e+2, 0.00000e+0, 2.07285e+0, 0.00000e+0, 4.41109e+2, 0.00000e+0, 5.00731e+2, 0.00000e+0, 3.91054e+1, 0.00000e+0, 3.68929e+1, 0.00000e+0, 3.58616e+0, 0.00000e+0, 3.18994e+0, 0.00000e+0, 2.00000e+1, 0.00000e+0, 2.00000e+1, 0.00000e+0, 3, 1, 
07/20/2020 14:04:29.903, 07/20/2020 14:04:29.849, 4.16414e+0, 0.00000e+0, 9.79557e+1, 0.00000e+0, 2.01339e+0, 0.00000e+0, 2.70120e+4, 0.00000e+0, 4.21080e+2, 0.00000e+0, 2.06928e+0, 0.00000e+0, 4.32770e+2, 0.00000e+0, 5.00731e+2, 0.00000e+0, 3.91064e+1, 0.00000e+0, 3.68937e+1, 0.00000e+0, 3.58670e+0, 0.00000e+0, 3.18790e+0, 0.00000e+0, 2.00000e+1, 0.00000e+0, 2.00000e+1, 0.00000e+0, 3, 1, 
07/20/2020 14:04:30.902, 07/20/2020 14:04:30.843, 4.16408e+0, 0.00000e+0, 9.79462e+1, 0.00000e+0, 2.01140e+0, 0.00000e+0, 2.74186e+4, 0.00000e+0, 4.12805e+2, 0.00000e+0, 2.06810e+0, 0.00000e+0, 4.24443e+2, 0.00000e+0, 5.00701e+2, 0.00000e+0, 3.91138e+1, 0.00000e+0, 3.69012e+1, 0.00000e+0, 3.58688e+0, 0.00000e+0, 3.18870e+0, 0.00000e+0, 2.00000e+1, 0.00000e+0, 2.00000e+1, 0.00000e+0, 3, 2, 
07/20/2020 14:04:31.891, 07/20/2020 14:04:31.838, 4.16416e+0, 0.00000e+0, 9.79592e+1, 0.00000e+0, 2.01543e+0, 0.00000e+0, 2.72474e+4, 0.00000e+0, 4.09946e+2, 0.00000e+0, 2.07189e+0, 0.00000e+0, 4.21428e+2, 0.00000e+0, 5.00691e+2, 0.00000e+0, 3.91073e+1, 0.00000e+0, 3.69057e+1, 0.00000e+0, 3.58479e+0, 0.00000e+0, 3.18701e+0, 0.00000e+0, 2.00000e+1, 0.00000e+0, 2.00000e+1, 0.00000e+0, 3, 2, 
07/20/2020 14:04:32.882, 07/20/2020 14:04:32.832, 4.16415e+0, 0.00000e+0, 9.79567e+1, 0.00000e+0, 2.01067e+0, 0.00000e+0, 2.74171e+4, 0.00000e+0, 4.07271e+2, 0.00000e+0, 2.06735e+0, 0.00000e+0, 4.18752e+2, 0.00000e+0, 5.00677e+2, 0.00000e+0, 3.91156e+1, 0.00000e+0, 3.69073e+1, 0.00000e+0, 3.58663e+0, 0.00000e+0, 3.18845e+0, 0.00000e+0, 2.00000e+1, 0.00000e+0, 2.00000e+1, 0.00000e+0, 3, 2, 
07/20/2020 14:04:33.882, 07/20/2020 14:04:33.827, 4.16409e+0, 0.00000e+0, 9.79477e+1, 0.00000e+0, 2.00889e+0, 0.00000e+0, 2.72958e+4, 0.00000e+0, 4.06525e+2, 0.00000e+0, 2.06526e+0, 0.00000e+0, 4.17932e+2, 0.00000e+0, 5.00666e+2, 0.00000e+0, 3.91120e+1, 0.00000e+0, 3.69010e+1, 0.00000e+0, 3.58741e+0, 0.00000e+0, 3.19001e+0, 0.00000e+0, 2.00000e+1, 0.00000e+0, 2.00000e+1, 0.00000e+0, 3, 2, 
07/20/2020 14:04:34.877, 07/20/2020 14:04:34.821, 4.16425e+0, 0.00000e+0, 9.79716e+1, 0.00000e+0, 2.00859e+0, 0.00000e+0, 2.74333e+4, 0.00000e+0, 4.05702e+2, 0.00000e+0, 2.06525e+0, 0.00000e+0, 4.17146e+2, 0.00000e+0, 5.00630e+2, 0.00000e+0, 3.91145e+1, 0.00000e+0, 3.69041e+1, 0.00000e+0, 3.58547e+0, 0.00000e+0, 3.18953e+0, 0.00000e+0, 2.00000e+1, 0.00000e+0, 2.00000e+1, 0.00000e+0, 3, 2, 
07/20/2020 14:04:35.871, 07/20/2020 14:04:35.815, 4.16412e+0, 0.00000e+0, 9.79532e+1, 0.00000e+0, 2.01054e+0, 0.00000e+0, 2.76704e+4, 0.00000e+0, 4.03080e+2, 0.00000e+0, 2.06775e+0, 0.00000e+0, 4.14550e+2, 0.00000e+0, 5.00624e+2, 0.00000e+0, 3.91131e+1, 0.00000e+0, 3.68958e+1, 0.00000e+0, 3.58618e+0, 0.00000e+0, 3.19114e+0, 0.00000e+0, 2.00000e+1, 0.00000e+0, 2.00000e+1, 0.00000e+0, 3, 2, 
07/20/2020 14:04:36.870, 07/20/2020 14:04:36.811, 4.16405e+0, 0.00000e+0, 9.79425e+1, 0.00000e+0, 2.00853e+0, 0.00000e+0, 2.72343e+4, 0.00000e+0, 4.02113e+2, 0.00000e+0, 2.06476e+0, 0.00000e+0, 4.13371e+2, 0.00000e+0, 5.00637e+2, 0.00000e+0, 3.91071e+1, 0.00000e+0, 3.68959e+1, 0.00000e+0, 3.58858e+0, 0.00000e+0, 3.18929e+0, 0.00000e+0, 2.00000e+1, 0.00000e+0, 2.00000e+1, 0.00000e+0, 3, 2, 
07/20/2020 14:04:37.858, 07/20/2020 14:04:37.805, 4.16414e+0, 0.00000e+0, 9.79556e+1, 0.00000e+0, 2.06458e+0, 0.00000e+0, 2.74872e+4, 0.00000e+0, 4.00133e+2, 0.00000e+0, 2.12293e+0, 0.00000e+0, 4.11443e+2, 0.00000e+0, 5.00701e+2, 0.00000e+0, 3.91110e+1, 0.00000e+0, 3.68998e+1, 0.00000e+0, 3.58451e+0, 0.00000e+0, 3.18988e+0, 0.00000e+0, 2.00000e+1, 0.00000e+0, 2.00000e+1, 0.00000e+0, 3, 2, 
07/20/2020 14:04:38.854, 07/20/2020 14:04:38.800, 4.16376e+0, 0.00000e+0, 9.78998e+1, 0.00000e+0, 2.16681e+0, 0.00000e+0, 2.73259e+4, 0.00000e+0, 4.01709e+2, 0.00000e+0, 2.22769e+0, 0.00000e+0, 4.12994e+2, 0.00000e+0, 5.00797e+2, 0.00000e+0, 3.91494e+1, 0.00000e+0, 3.68839e+1, 0.00000e+0, 3.58723e+0, 0.00000e+0, 3.18986e+0, 0.00000e+0, 2.00000e+1, 0.00000e+0, 2.00000e+1, 0.00000e+0, 3, 2, 
07/20/2020 14:04:39.862, 07/20/2020 14:04:39.793, 4.16403e+0, 0.00000e+0, 9.79399e+1, 0.00000e+0, 2.26377e+0, 0.00000e+0, 2.73515e+4, 0.00000e+0, 4.00862e+2, 0.00000e+0, 2.32743e+0, 0.00000e+0, 4.12134e+2, 0.00000e+0, 5.00785e+2, 0.00000e+0, 3.91536e+1, 0.00000e+0, 3.68883e+1, 0.00000e+0, 3.58823e+0, 0.00000e+0, 3.19144e+0, 0.00000e+0, 2.00000e+1, 0.00000e+0, 2.00000e+1, 0.00000e+0, 3, 2, 
07/20/2020 14:04:40.856, 07/20/2020 14:04:40.788, 4.16419e+0, 0.00000e+0, 9.79625e+1, 0.00000e+0, 2.34392e+0, 0.00000e+0, 2.73513e+4, 0.00000e+0, 4.02133e+2, 0.00000e+0, 2.40984e+0, 0.00000e+0, 4.13441e+2, 0.00000e+0, 5.00695e+2, 0.00000e+0, 3.91203e+1, 0.00000e+0, 3.68954e+1, 0.00000e+0, 3.58778e+0, 0.00000e+0, 3.18871e+0, 0.00000e+0, 2.00000e+1, 0.00000e+0, 2.00000e+1, 0.00000e+0, 3, 2, 
07/20/2020 14:04:41.837, 07/20/2020 14:04:41.783, 4.16425e+0, 0.00000e+0, 9.79716e+1, 0.00000e+0, 2.35096e+0, 0.00000e+0, 2.73211e+4, 0.00000e+0, 4.02565e+2, 0.00000e+0, 2.41699e+0, 0.00000e+0, 4.13873e+2, 0.00000e+0, 5.00712e+2, 0.00000e+0, 3.91144e+1, 0.00000e+0, 3.69026e+1, 0.00000e+0, 3.58794e+0, 0.00000e+0, 3.19012e+0, 0.00000e+0, 2.00000e+1, 0.00000e+0, 2.00000e+1, 0.00000e+0, 3, 2, 
07/20/2020 14:04:42.848, 07/20/2020 14:04:42.777, 4.16390e+0, 0.00000e+0, 9.79202e+1, 0.00000e+0, 2.29460e+0, 0.00000e+0, 2.72472e+4, 0.00000e+0, 4.03704e+2, 0.00000e+0, 2.35888e+0, 0.00000e+0, 4.15012e+2, 0.00000e+0, 5.00742e+2, 0.00000e+0, 3.91317e+1, 0.00000e+0, 3.68927e+1, 0.00000e+0, 3.58843e+0, 0.00000e+0, 3.18864e+0, 0.00000e+0, 2.00000e+1, 0.00000e+0, 2.00000e+1, 0.00000e+0, 3, 2, 
07/20/2020 14:04:43.824, 07/20/2020 14:04:43.773, 4.16392e+0, 0.00000e+0, 9.79227e+1, 0.00000e+0, 2.24101e+0, 0.00000e+0, 2.71729e+4, 0.00000e+0, 4.04265e+2, 0.00000e+0, 2.30361e+0, 0.00000e+0, 4.15557e+2, 0.00000e+0, 5.00758e+2, 0.00000e+0, 3.91406e+1, 0.00000e+0, 3.68947e+1, 0.00000e+0, 3.58569e+0, 0.00000e+0, 3.18835e+0, 0.00000e+0, 2.00000e+1, 0.00000e+0, 2.00000e+1, 0.00000e+0, 3, 2, 
07/20/2020 14:04:44.827, 07/20/2020 14:04:44.766, 4.16387e+0, 0.00000e+0, 9.79159e+1, 0.00000e+0, 2.21566e+0, 0.00000e+0, 2.73703e+4, 0.00000e+0, 4.04642e+2, 0.00000e+0, 2.27801e+0, 0.00000e+0, 4.16029e+2, 0.00000e+0, 5.00724e+2, 0.00000e+0, 3.91284e+1, 0.00000e+0, 3.68962e+1, 0.00000e+0, 3.58653e+0, 0.00000e+0, 3.18897e+0, 0.00000e+0, 2.00000e+1, 0.00000e+0, 2.00000e+1, 0.00000e+0, 3, 2, 
07/20/2020 14:04:45.819, 07/20/2020 14:04:45.760, 4.16401e+0, 0.00000e+0, 9.79362e+1, 0.00000e+0, 2.18630e+0, 0.00000e+0, 2.69602e+4, 0.00000e+0, 4.04576e+2, 0.00000e+0, 2.24688e+0, 0.00000e+0, 4.15786e+2, 0.00000e+0, 5.00664e+2, 0.00000e+0, 3.91238e+1, 0.00000e+0, 3.68962e+1, 0.00000e+0, 3.58669e+0, 0.00000e+0, 3.18834e+0, 0.00000e+0, 2.00000e+1, 0.00000e+0, 2.00000e+1, 0.00000e+0, 3, 2, 
07/20/2020 14:04:46.815, 07/20/2020 14:04:46.755, 4.16418e+0, 0.00000e+0, 9.79615e+1, 0.00000e+0, 2.17012e+0, 0.00000e+0, 2.70013e+4, 0.00000e+0, 4.03500e+2, 0.00000e+0, 2.23034e+0, 0.00000e+0, 4.14697e+2, 0.00000e+0, 5.00657e+2, 0.00000e+0, 3.91012e+1, 0.00000e+0, 3.68957e+1, 0.00000e+0, 3.58582e+0, 0.00000e+0, 3.18876e+0, 0.00000e+0, 2.00000e+1, 0.00000e+0, 2.00000e+1, 0.00000e+0, 3, 2, 
07/20/2020 14:04:47.802, 07/20/2020 14:04:47.751, 4.16424e+0, 0.00000e+0, 9.79708e+1, 0.00000e+0, 2.15604e+0, 0.00000e+0, 2.73900e+4, 0.00000e+0, 4.04935e+2, 0.00000e+0, 2.21676e+0, 0.00000e+0, 4.16339e+2, 0.00000e+0, 5.00651e+2, 0.00000e+0, 3.91051e+1, 0.00000e+0, 3.68886e+1, 0.00000e+0, 3.58603e+0, 0.00000e+0, 3.18938e+0, 0.00000e+0, 2.00000e+1, 0.00000e+0, 2.00000e+1, 0.00000e+0, 3, 2, 
07/20/2020 14:04:48.796, 07/20/2020 14:04:48.744, 4.16438e+0, 0.00000e+0, 9.79910e+1, 0.00000e+0, 2.14144e+0, 0.00000e+0, 2.73568e+4, 0.00000e+0, 4.05500e+2, 0.00000e+0, 2.20167e+0, 0.00000e+0, 4.16906e+2, 0.00000e+0, 5.00637e+2, 0.00000e+0, 3.91106e+1, 0.00000e+0, 3.68859e+1, 0.00000e+0, 3.58978e+0, 0.00000e+0, 3.18895e+0, 0.00000e+0, 2.00000e+1, 0.00000e+0, 2.00000e+1, 0.00000e+0, 3, 2, 
07/20/2020 14:04:49.793, 07/20/2020 14:04:49.739, 4.16423e+0, 0.00000e+0, 9.79684e+1, 0.00000e+0, 2.13120e+0, 0.00000e+0, 2.72301e+4, 0.00000e+0, 4.04571e+2, 0.00000e+0, 2.19086e+0, 0.00000e+0, 4.15896e+2, 0.00000e+0, 5.00661e+2, 0.00000e+0, 3.91100e+1, 0.00000e+0, 3.68838e+1, 0.00000e+0, 3.58548e+0, 0.00000e+0, 3.18900e+0, 0.00000e+0, 2.00000e+1, 0.00000e+0, 2.00000e+1, 0.00000e+0, 3, 2, 
07/20/2020 14:04:50.780, 07/20/2020 14:04:50.734, 4.16427e+0, 0.00000e+0, 9.79756e+1, 0.00000e+0, 2.10880e+0, 0.00000e+0, 2.74676e+4, 0.00000e+0, 4.05192e+2, 0.00000e+0, 2.16836e+0, 0.00000e+0, 4.16636e+2, 0.00000e+0, 5.00711e+2, 0.00000e+0, 3.91092e+1, 0.00000e+0, 3.68810e+1, 0.00000e+0, 3.58610e+0, 0.00000e+0, 3.18838e+0, 0.00000e+0, 2.00000e+1, 0.00000e+0, 2.00000e+1, 0.00000e+0, 3, 2, 
07/20/2020 14:04:51.784, 07/20/2020 14:04:51.728, 4.16437e+0, 0.00000e+0, 9.79893e+1, 0.00000e+0, 2.09379e+0, 0.00000e+0, 2.70787e+4, 0.00000e+0, 4.07346e+2, 0.00000e+0, 2.15206e+0, 0.00000e+0, 4.18683e+2, 0.00000e+0, 5.00691e+2, 0.00000e+0, 3.91036e+1, 0.00000e+0, 3.68776e+1, 0.00000e+0, 3.58477e+0, 0.00000e+0, 3.18922e+0, 0.00000e+0, 2.00000e+1, 0.00000e+0, 2.00000e+1, 0.00000e+0, 3, 2, 
07/20/2020 14:04:52.779, 07/20/2020 14:04:52.723, 4.16431e+0, 0.00000e+0, 9.79803e+1, 0.00000e+0, 2.10107e+0, 0.00000e+0, 2.74006e+4, 0.00000e+0, 4.08749e+2, 0.00000e+0, 2.16026e+0, 0.00000e+0, 4.20264e+2, 0.00000e+0, 5.00730e+2, 0.00000e+0, 3.91089e+1, 0.00000e+0, 3.68760e+1, 0.00000e+0, 3.58650e+0, 0.00000e+0, 3.18851e+0, 0.00000e+0, 2.00000e+1, 0.00000e+0, 2.00000e+1, 0.00000e+0, 3, 2, 
07/20/2020 14:04:53.772, 07/20/2020 14:04:53.718, 4.16434e+0, 0.00000e+0, 9.79849e+1, 0.00000e+0, 2.15103e+0, 0.00000e+0, 2.73667e+4, 0.00000e+0, 4.10538e+2, 0.00000e+0, 2.21155e+0, 0.00000e+0, 4.22089e+2, 0.00000e+0, 5.00732e+2, 0.00000e+0, 3.91064e+1, 0.00000e+0, 3.68828e+1, 0.00000e+0, 3.58651e+0, 0.00000e+0, 3.18842e+0, 0.00000e+0, 2.00000e+1, 0.00000e+0, 2.00000e+1, 0.00000e+0, 3, 2, 
07/20/2020 14:04:54.772, 07/20/2020 14:04:54.711, 4.16425e+0, 0.00000e+0, 9.79721e+1, 0.00000e+0, 2.18405e+0, 0.00000e+0, 2.73125e+4, 0.00000e+0, 4.08233e+2, 0.00000e+0, 2.24538e+0, 0.00000e+0, 4.19696e+2, 0.00000e+0, 5.00740e+2, 0.00000e+0, 3.91153e+1, 0.00000e+0, 3.68852e+1, 0.00000e+0, 3.58467e+0, 0.00000e+0, 3.18864e+0, 0.00000e+0, 2.00000e+1, 0.00000e+0, 2.00000e+1, 0.00000e+0, 3, 2, 
07/20/2020 14:04:55.764, 07/20/2020 14:04:55.706, 4.16423e+0, 0.00000e+0, 9.79695e+1, 0.00000e+0, 2.19377e+0, 0.00000e+0, 2.73740e+4, 0.00000e+0, 4.07769e+2, 0.00000e+0, 2.25551e+0, 0.00000e+0, 4.19246e+2, 0.00000e+0, 5.00688e+2, 0.00000e+0, 3.91051e+1, 0.00000e+0, 3.68857e+1, 0.00000e+0, 3.58659e+0, 0.00000e+0, 3.18958e+0, 0.00000e+0, 2.00000e+1, 0.00000e+0, 2.00000e+1, 0.00000e+0, 3, 2, 
07/20/2020 14:04:56.754, 07/20/2020 14:04:56.700, 4.16439e+0, 0.00000e+0, 9.79921e+1, 0.00000e+0, 2.19033e+0, 0.00000e+0, 2.76149e+4, 0.00000e+0, 4.08438e+2, 0.00000e+0, 2.25254e+0, 0.00000e+0, 4.20037e+2, 0.00000e+0, 5.00736e+2, 0.00000e+0, 3.91104e+1, 0.00000e+0, 3.68875e+1, 0.00000e+0, 3.58557e+0, 0.00000e+0, 3.18900e+0, 0.00000e+0, 2.00000e+1, 0.00000e+0, 2.00000e+1, 0.00000e+0, 3, 2, 
07/20/2020 14:04:57.743, 07/20/2020 14:04:57.695, 4.16433e+0, 0.00000e+0, 9.79841e+1, 0.00000e+0, 2.17240e+0, 0.00000e+0, 2.73276e+4, 0.00000e+0, 4.08202e+2, 0.00000e+0, 2.23344e+0, 0.00000e+0, 4.19671e+2, 0.00000e+0, 5.00714e+2, 0.00000e+0, 3.91214e+1, 0.00000e+0, 3.68793e+1, 0.00000e+0, 3.58745e+0, 0.00000e+0, 3.18890e+0, 0.00000e+0, 2.00000e+1, 0.00000e+0, 2.00000e+1, 0.00000e+0, 3, 2, 
07/20/2020 14:04:58.743, 07/20/2020 14:04:58.690, 4.16435e+0, 0.00000e+0, 9.79869e+1, 0.00000e+0, 2.15260e+0, 0.00000e+0, 2.74935e+4, 0.00000e+0, 4.09207e+2, 0.00000e+0, 2.21346e+0, 0.00000e+0, 4.20776e+2, 0.00000e+0, 5.00673e+2, 0.00000e+0, 3.91084e+1, 0.00000e+0, 3.68796e+1, 0.00000e+0, 3.58606e+0, 0.00000e+0, 3.18858e+0, 0.00000e+0, 2.00000e+1, 0.00000e+0, 2.00000e+1, 0.00000e+0, 3, 2, 
07/20/2020 14:04:59.739, 07/20/2020 14:04:59.684, 4.16450e+0, 0.00000e+0, 9.80086e+1, 0.00000e+0, 2.12148e+0, 0.00000e+0, 2.73954e+4, 0.00000e+0, 4.09203e+2, 0.00000e+0, 2.18124e+0, 0.00000e+0, 4.20729e+2, 0.00000e+0, 5.00690e+2, 0.00000e+0, 3.91090e+1, 0.00000e+0, 3.68789e+1, 0.00000e+0, 3.58453e+0, 0.00000e+0, 3.18839e+0, 0.00000e+0, 2.00000e+1, 0.00000e+0, 2.00000e+1, 0.00000e+0, 3, 2, 
07/20/2020 14:05:00.737, 07/20/2020 14:05:00.679, 4.16432e+0, 0.00000e+0, 9.79821e+1, 0.00000e+0, 2.09079e+0, 0.00000e+0, 2.73990e+4, 0.00000e+0, 4.11718e+2, 0.00000e+0, 2.14969e+0, 0.00000e+0, 4.23317e+2, 0.00000e+0, 5.00716e+2, 0.00000e+0, 3.91137e+1, 0.00000e+0, 3.68746e+1, 0.00000e+0, 3.58711e+0, 0.00000e+0, 3.18972e+0, 0.00000e+0, 2.00000e+1, 0.00000e+0, 2.00000e+1, 0.00000e+0, 3, 3, 
07/20/2020 14:05:01.729, 07/20/2020 14:05:01.674, 4.16421e+0, 0.00000e+0, 9.79657e+1, 0.00000e+0, 2.07058e+0, 0.00000e+0, 2.74950e+4, 0.00000e+0, 4.13600e+2, 0.00000e+0, 2.12912e+0, 0.00000e+0, 4.25293e+2, 0.00000e+0, 5.00705e+2, 0.00000e+0, 3.91104e+1, 0.00000e+0, 3.68744e+1, 0.00000e+0, 3.58756e+0, 0.00000e+0, 3.18903e+0, 0.00000e+0, 2.00000e+1, 0.00000e+0, 2.00000e+1, 0.00000e+0, 3, 3, 
07/20/2020 14:05:02.718, 07/20/2020 14:05:02.669, 4.16427e+0, 0.00000e+0, 9.79747e+1, 0.00000e+0, 2.05883e+0, 0.00000e+0, 2.76449e+4, 0.00000e+0, 4.14242e+2, 0.00000e+0, 2.11737e+0, 0.00000e+0, 4.26019e+2, 0.00000e+0, 5.00716e+2, 0.00000e+0, 3.91053e+1, 0.00000e+0, 3.68814e+1, 0.00000e+0, 3.58519e+0, 0.00000e+0, 3.18938e+0, 0.00000e+0, 2.00000e+1, 0.00000e+0, 2.00000e+1, 0.00000e+0, 3, 3, 
07/20/2020 14:05:03.722, 07/20/2020 14:05:03.662, 4.16359e+0, 0.00000e+0, 9.78741e+1, 0.00000e+0, 2.05068e+0, 0.00000e+0, 2.72954e+4, 0.00000e+0, 4.14668e+2, 0.00000e+0, 2.10823e+0, 0.00000e+0, 4.26305e+2, 0.00000e+0, 5.00678e+2, 0.00000e+0, 3.91166e+1, 0.00000e+0, 3.68585e+1, 0.00000e+0, 3.58679e+0, 0.00000e+0, 3.18925e+0, 0.00000e+0, 2.00000e+1, 0.00000e+0, 2.00000e+1, 0.00000e+0, 3, 3, 
07/20/2020 14:05:04.706, 07/20/2020 14:05:04.656, 4.16433e+0, 0.00000e+0, 9.79840e+1, 0.00000e+0, 2.04997e+0, 0.00000e+0, 2.75385e+4, 0.00000e+0, 4.13339e+2, 0.00000e+0, 2.10802e+0, 0.00000e+0, 4.25044e+2, 0.00000e+0, 5.00630e+2, 0.00000e+0, 3.90980e+1, 0.00000e+0, 3.68750e+1, 0.00000e+0, 3.58673e+0, 0.00000e+0, 3.18854e+0, 0.00000e+0, 2.00000e+1, 0.00000e+0, 2.00000e+1, 0.00000e+0, 3, 3, 
07/20/2020 14:05:05.702, 07/20/2020 14:05:05.652, 4.16424e+0, 0.00000e+0, 9.79705e+1, 0.00000e+0, 2.04879e+0, 0.00000e+0, 2.75019e+4, 0.00000e+0, 4.13268e+2, 0.00000e+0, 2.10673e+0, 0.00000e+0, 4.24955e+2, 0.00000e+0, 5.00656e+2, 0.00000e+0, 3.91076e+1, 0.00000e+0, 3.68619e+1, 0.00000e+0, 3.58458e+0, 0.00000e+0, 3.18734e+0, 0.00000e+0, 2.00000e+1, 0.00000e+0, 2.00000e+1, 0.00000e+0, 3, 3, 
07/20/2020 14:05:06.696, 07/20/2020 14:05:06.647, 4.16430e+0, 0.00000e+0, 9.79790e+1, 0.00000e+0, 2.04935e+0, 0.00000e+0, 2.75693e+4, 0.00000e+0, 4.13125e+2, 0.00000e+0, 2.10745e+0, 0.00000e+0, 4.24838e+2, 0.00000e+0, 5.00704e+2, 0.00000e+0, 3.91204e+1, 0.00000e+0, 3.68563e+1, 0.00000e+0, 3.58750e+0, 0.00000e+0, 3.19025e+0, 0.00000e+0, 2.00000e+1, 0.00000e+0, 2.00000e+1, 0.00000e+0, 3, 3, 
07/20/2020 14:05:07.697, 07/20/2020 14:05:07.641, 4.16426e+0, 0.00000e+0, 9.79728e+1, 0.00000e+0, 2.04042e+0, 0.00000e+0, 2.75930e+4, 0.00000e+0, 4.11295e+2, 0.00000e+0, 2.09832e+0, 0.00000e+0, 4.22966e+2, 0.00000e+0, 5.00623e+2, 0.00000e+0, 3.91110e+1, 0.00000e+0, 3.68578e+1, 0.00000e+0, 3.58898e+0, 0.00000e+0, 3.19053e+0, 0.00000e+0, 2.00000e+1, 0.00000e+0, 2.00000e+1, 0.00000e+0, 3, 3, 
07/20/2020 14:05:08.690, 07/20/2020 14:05:08.635, 4.16399e+0, 0.00000e+0, 9.79337e+1, 0.00000e+0, 2.04128e+0, 0.00000e+0, 2.74280e+4, 0.00000e+0, 4.11191e+2, 0.00000e+0, 2.09885e+0, 0.00000e+0, 4.22788e+2, 0.00000e+0, 5.00725e+2, 0.00000e+0, 3.91274e+1, 0.00000e+0, 3.68495e+1, 0.00000e+0, 3.58667e+0, 0.00000e+0, 3.18926e+0, 0.00000e+0, 2.00000e+1, 0.00000e+0, 2.00000e+1, 0.00000e+0, 3, 3, 
07/20/2020 14:05:09.687, 07/20/2020 14:05:09.633, 4.16430e+0, 0.00000e+0, 9.79798e+1, 0.00000e+0, 2.03915e+0, 0.00000e+0, 2.75108e+4, 0.00000e+0, 4.10376e+2, 0.00000e+0, 2.09683e+0, 0.00000e+0, 4.21986e+2, 0.00000e+0, 5.00683e+2, 0.00000e+0, 3.91120e+1, 0.00000e+0, 3.68629e+1, 0.00000e+0, 3.58867e+0, 0.00000e+0, 3.18980e+0, 0.00000e+0, 2.00000e+1, 0.00000e+0, 2.00000e+1, 0.00000e+0, 3, 3, 
07/20/2020 14:05:10.684, 07/20/2020 14:05:10.624, 4.16419e+0, 0.00000e+0, 9.79636e+1, 0.00000e+0, 2.03949e+0, 0.00000e+0, 2.78499e+4, 0.00000e+0, 4.12187e+2, 0.00000e+0, 2.09792e+0, 0.00000e+0, 4.23996e+2, 0.00000e+0, 5.00641e+2, 0.00000e+0, 3.91152e+1, 0.00000e+0, 3.68557e+1, 0.00000e+0, 3.58463e+0, 0.00000e+0, 3.18972e+0, 0.00000e+0, 2.00000e+1, 0.00000e+0, 2.00000e+1, 0.00000e+0, 3, 3, 
07/20/2020 14:05:11.666, 07/20/2020 14:05:11.618, 4.16418e+0, 0.00000e+0, 9.79620e+1, 0.00000e+0, 2.03981e+0, 0.00000e+0, 2.73991e+4, 0.00000e+0, 4.10595e+2, 0.00000e+0, 2.09727e+0, 0.00000e+0, 4.22162e+2, 0.00000e+0, 5.00811e+2, 0.00000e+0, 3.91263e+1, 0.00000e+0, 3.68599e+1, 0.00000e+0, 3.58800e+0, 0.00000e+0, 3.19092e+0, 0.00000e+0, 2.00000e+1, 0.00000e+0, 2.00000e+1, 0.00000e+0, 3, 3, 
07/20/2020 14:05:12.669, 07/20/2020 14:05:12.614, 4.16419e+0, 0.00000e+0, 9.79625e+1, 0.00000e+0, 2.04022e+0, 0.00000e+0, 2.73838e+4, 0.00000e+0, 4.10780e+2, 0.00000e+0, 2.09767e+0, 0.00000e+0, 4.22345e+2, 0.00000e+0, 5.00758e+2, 0.00000e+0, 3.91226e+1, 0.00000e+0, 3.68582e+1, 0.00000e+0, 3.58552e+0, 0.00000e+0, 3.18756e+0, 0.00000e+0, 2.00000e+1, 0.00000e+0, 2.00000e+1, 0.00000e+0, 3, 3, 
07/20/2020 14:05:13.661, 07/20/2020 14:05:13.608, 4.16427e+0, 0.00000e+0, 9.79748e+1, 0.00000e+0, 2.04617e+0, 0.00000e+0, 2.75198e+4, 0.00000e+0, 4.11571e+2, 0.00000e+0, 2.10407e+0, 0.00000e+0, 4.23218e+2, 0.00000e+0, 5.00727e+2, 0.00000e+0, 3.91107e+1, 0.00000e+0, 3.68621e+1, 0.00000e+0, 3.58533e+0, 0.00000e+0, 3.18938e+0, 0.00000e+0, 2.00000e+1, 0.00000e+0, 2.00000e+1, 0.00000e+0, 3, 3, 
07/20/2020 14:05:14.656, 07/20/2020 14:05:14.602, 4.16392e+0, 0.00000e+0, 9.79236e+1, 0.00000e+0, 2.03720e+0, 0.00000e+0, 2.72714e+4, 0.00000e+0, 4.10239e+2, 0.00000e+0, 2.09431e+0, 0.00000e+0, 4.21740e+2, 0.00000e+0, 5.00852e+2, 0.00000e+0, 3.91457e+1, 0.00000e+0, 3.68583e+1, 0.00000e+0, 3.58834e+0, 0.00000e+0, 3.18957e+0, 0.00000e+0, 2.00000e+1, 0.00000e+0, 2.00000e+1, 0.00000e+0, 3, 3, 
07/20/2020 14:05:15.652, 07/20/2020 14:05:15.597, 4.16396e+0, 0.00000e+0, 9.79297e+1, 0.00000e+0, 2.03689e+0, 0.00000e+0, 2.73324e+4, 0.00000e+0, 4.09985e+2, 0.00000e+0, 2.09413e+0, 0.00000e+0, 4.21506e+2, 0.00000e+0, 5.00827e+2, 0.00000e+0, 3.91489e+1, 0.00000e+0, 3.68582e+1, 0.00000e+0, 3.58756e+0, 0.00000e+0, 3.18850e+0, 0.00000e+0, 2.00000e+1, 0.00000e+0, 2.00000e+1, 0.00000e+0, 3, 3, 
07/20/2020 14:05:16.721, 07/20/2020 14:05:16.592, 4.16363e+0, 0.00000e+0, 9.78800e+1, 0.00000e+0, 2.03886e+0, 0.00000e+0, 2.75693e+4, 0.00000e+0, 4.10994e+2, 0.00000e+0, 2.09666e+0, 0.00000e+0, 4.22646e+2, 0.00000e+0, 5.00635e+2, 0.00000e+0, 3.91501e+1, 0.00000e+0, 3.68464e+1, 0.00000e+0, 3.58506e+0, 0.00000e+0, 3.18984e+0, 0.00000e+0, 2.00000e+1, 0.00000e+0, 2.00000e+1, 0.00000e+0, 3, 3, 
07/20/2020 14:05:17.686, 07/20/2020 14:05:17.586, 4.16346e+0, 0.00000e+0, 9.78548e+1, 0.00000e+0, 2.03418e+0, 0.00000e+0, 2.75494e+4, 0.00000e+0, 4.09502e+2, 0.00000e+0, 2.09181e+0, 0.00000e+0, 4.21103e+2, 0.00000e+0, 5.01002e+2, 0.00000e+0, 3.91612e+1, 0.00000e+0, 3.68480e+1, 0.00000e+0, 3.58613e+0, 0.00000e+0, 3.19066e+0, 0.00000e+0, 2.00000e+1, 0.00000e+0, 2.00000e+1, 0.00000e+0, 3, 3, 
07/20/2020 14:05:18.667, 07/20/2020 14:05:18.587, 4.16394e+0, 0.00000e+0, 9.79260e+1, 0.00000e+0, 2.03631e+0, 0.00000e+0, 2.74374e+4, 0.00000e+0, 4.10057e+2, 0.00000e+0, 2.09375e+0, 0.00000e+0, 4.21625e+2, 0.00000e+0, 5.00701e+2, 0.00000e+0, 3.91379e+1, 0.00000e+0, 3.68493e+1, 0.00000e+0, 3.58845e+0, 0.00000e+0, 3.19059e+0, 0.00000e+0, 2.00000e+1, 0.00000e+0, 2.00000e+1, 0.00000e+0, 3, 3, 
07/20/2020 14:05:19.683, 07/20/2020 14:05:19.582, 4.16403e+0, 0.00000e+0, 9.79396e+1, 0.00000e+0, 2.04037e+0, 0.00000e+0, 2.73504e+4, 0.00000e+0, 4.08574e+2, 0.00000e+0, 2.09775e+0, 0.00000e+0, 4.20063e+2, 0.00000e+0, 5.00777e+2, 0.00000e+0, 3.91368e+1, 0.00000e+0, 3.68523e+1, 0.00000e+0, 3.58364e+0, 0.00000e+0, 3.18976e+0, 0.00000e+0, 2.00000e+1, 0.00000e+0, 2.00000e+1, 0.00000e+0, 3, 3, 
07/20/2020 14:05:20.678, 07/20/2020 14:05:20.577, 4.16400e+0, 0.00000e+0, 9.79354e+1, 0.00000e+0, 2.03963e+0, 0.00000e+0, 2.75431e+4, 0.00000e+0, 4.07787e+2, 0.00000e+0, 2.09740e+0, 0.00000e+0, 4.19336e+2, 0.00000e+0, 5.00740e+2, 0.00000e+0, 3.91226e+1, 0.00000e+0, 3.68551e+1, 0.00000e+0, 3.58731e+0, 0.00000e+0, 3.18760e+0, 0.00000e+0, 2.00000e+1, 0.00000e+0, 2.00000e+1, 0.00000e+0, 3, 3, 
07/20/2020 14:05:21.632, 07/20/2020 14:05:21.571, 4.16409e+0, 0.00000e+0, 9.79481e+1, 0.00000e+0, 2.03683e+0, 0.00000e+0, 2.74178e+4, 0.00000e+0, 4.07977e+2, 0.00000e+0, 2.09425e+0, 0.00000e+0, 4.19478e+2, 0.00000e+0, 5.00708e+2, 0.00000e+0, 3.91256e+1, 0.00000e+0, 3.68501e+1, 0.00000e+0, 3.58727e+0, 0.00000e+0, 3.18937e+0, 0.00000e+0, 2.00000e+1, 0.00000e+0, 2.00000e+1, 0.00000e+0, 3, 3, 
07/20/2020 14:05:22.647, 07/20/2020 14:05:22.565, 4.16383e+0, 0.00000e+0, 9.79101e+1, 0.00000e+0, 2.04444e+0, 0.00000e+0, 2.75233e+4, 0.00000e+0, 4.06528e+2, 0.00000e+0, 2.10230e+0, 0.00000e+0, 4.18033e+2, 0.00000e+0, 5.00787e+2, 0.00000e+0, 3.91541e+1, 0.00000e+0, 3.68395e+1, 0.00000e+0, 3.58584e+0, 0.00000e+0, 3.19018e+0, 0.00000e+0, 2.00000e+1, 0.00000e+0, 2.00000e+1, 0.00000e+0, 3, 3, 
07/20/2020 14:05:23.645, 07/20/2020 14:05:23.560, 4.16405e+0, 0.00000e+0, 9.79432e+1, 0.00000e+0, 2.04184e+0, 0.00000e+0, 2.76719e+4, 0.00000e+0, 4.06551e+2, 0.00000e+0, 2.09995e+0, 0.00000e+0, 4.18121e+2, 0.00000e+0, 5.00718e+2, 0.00000e+0, 3.91187e+1, 0.00000e+0, 3.68418e+1, 0.00000e+0, 3.58413e+0, 0.00000e+0, 3.18993e+0, 0.00000e+0, 2.00000e+1, 0.00000e+0, 2.00000e+1, 0.00000e+0, 3, 3, 
07/20/2020 14:05:24.632, 07/20/2020 14:05:24.555, 4.16420e+0, 0.00000e+0, 9.79641e+1, 0.00000e+0, 2.03823e+0, 0.00000e+0, 2.74289e+4, 0.00000e+0, 4.06513e+2, 0.00000e+0, 2.09571e+0, 0.00000e+0, 4.17978e+2, 0.00000e+0, 5.00690e+2, 0.00000e+0, 3.91153e+1, 0.00000e+0, 3.68438e+1, 0.00000e+0, 3.58848e+0, 0.00000e+0, 3.18970e+0, 0.00000e+0, 2.00000e+1, 0.00000e+0, 2.00000e+1, 0.00000e+0, 3, 3, 
07/20/2020 14:05:25.634, 07/20/2020 14:05:25.549, 4.16404e+0, 0.00000e+0, 9.79415e+1, 0.00000e+0, 2.04544e+0, 0.00000e+0, 2.75648e+4, 0.00000e+0, 4.05496e+2, 0.00000e+0, 2.10342e+0, 0.00000e+0, 4.16990e+2, 0.00000e+0, 5.00726e+2, 0.00000e+0, 3.91093e+1, 0.00000e+0, 3.68388e+1, 0.00000e+0, 3.58720e+0, 0.00000e+0, 3.18832e+0, 0.00000e+0, 2.00000e+1, 0.00000e+0, 2.00000e+1, 0.00000e+0, 3, 3, 
07/20/2020 14:05:26.606, 07/20/2020 14:05:26.543, 4.16386e+0, 0.00000e+0, 9.79141e+1, 0.00000e+0, 2.04417e+0, 0.00000e+0, 2.76026e+4, 0.00000e+0, 4.04788e+2, 0.00000e+0, 2.10219e+0, 0.00000e+0, 4.16279e+2, 0.00000e+0, 5.00773e+2, 0.00000e+0, 3.91246e+1, 0.00000e+0, 3.68404e+1, 0.00000e+0, 3.58665e+0, 0.00000e+0, 3.18917e+0, 0.00000e+0, 2.00000e+1, 0.00000e+0, 2.00000e+1, 0.00000e+0, 3, 3, 
07/20/2020 14:05:27.617, 07/20/2020 14:05:27.538, 4.16401e+0, 0.00000e+0, 9.79360e+1, 0.00000e+0, 2.04121e+0, 0.00000e+0, 2.74787e+4, 0.00000e+0, 4.04653e+2, 0.00000e+0, 2.09888e+0, 0.00000e+0, 4.16087e+2, 0.00000e+0, 5.00769e+2, 0.00000e+0, 3.91051e+1, 0.00000e+0, 3.68327e+1, 0.00000e+0, 3.58750e+0, 0.00000e+0, 3.18885e+0, 0.00000e+0, 2.00000e+1, 0.00000e+0, 2.00000e+1, 0.00000e+0, 3, 3, 

-----BEGIN PGP MESSAGE-----
Version: GnuPG v1

jA0EAwMCnU5geuqDoElgye0cx+xzcWckkLpn6kHnpHVZXWjIErjm++8kXEjcGLCu
TrRnHIvcmXngMHeIrCS2drheLhtHOrqEQkdBo1yG/tmYo3SzRlncF3ZMMe9QMp0h
M4QvOj9i1gG/r35xchAAYio1nrjdXBqTHGl3yw+FmUJGI/G6a1I6jiCgKTacAUo0
glN37jdpK1cw6RzYOOfXhmecYQpR5TUHD4+G2atyb0exQs27xTKTOPCYQQh0wJUN
l02Nl+vuBPisNqF/puaP4t1gyFAEu8dTFnAbSMsSIl5E8zcjA0irNMvtUjsS8cku
Jc+HDLGd3D34cIH7JkFsHbQ96w0g1Zl7JCJqlxFVSiM2cLU3hsRQJDo+pAldUUhl
oc/fbEB3vLCYd8K31HaP4g5aU4McC6Mt/Dxaovqabehh2n0gk0/XuNZ+xrxnEok1
W097Eip0i5DyNA0kEfyv65Rm/riZn1n24mGWCfZqgBs68U9UtgppLMwU5Sta66O4
mT+LMGY8r50lKc0cSS/uEIz2RU7S32VNi/dW03MnUhh6auD4ndE2SOh4/C695bN7
XtYvpHI2szAWYLJ+6ZVjXtvbWmv9qKw+Amfnwg5BMc50XkAUc2xX+iQ97B8KFv8v
1PefC+TsfgoADWhfBGejyIUHUAmHOCm+N/ZGgJBme54RJ5NOvluKaabH6JLlvaML
coeGLFBjHBlQejuf0rzrmd9uRBS6uoPAgIjFHVmAwbrCBm1fLdv11jGJur2COmFU
1Y6OpnFY5ZtZRtSG4WIHVgR13ZN3iI8Ba+DhM2oEgLSlLDIdG7dUn2oRsJMmRqkt
1IJCGCf1/VdRE2cfv++UI4WCwHegtDHSwjJeJbyPt+0+QDR5RHXbBvzv/79c0dva
dAaDN9CF6GKZhT5gC1rv1Z/fh4xeCMdVqxNlI7Cyf+t/8iY5zIfQFGani3mYhgGt
6tSwaHymJN+5UFbA/1+BZppeaYl7TfR4+w0gzsodjGraHDt/T+PwduXkwKnkVpXQ
7x9Snk+n14ravOZgENjLOSbpMc/dcQXAKgZhgdOWIlXI2IeDGP0Dvvi/cwUgfdiK
v7ujePmxHvAIGuVre+57bS8dmS1F4Xg2wJuXFyX+UT/dvJjXGjWV7NvffQ/vhV5h
WZO9reW+GDs1HtGliri8FE+ltYY6vYGzI26dTwVFYIX5dnaD54sujG8SRKbD1ERJ
TdtONodURi+OtqtrxCHursrfZDRxdU+lgE2BcbWtzV/iz69iw01tKOyFcOd/bVzE
9rvhNRbQSKF/jBeAYJUx2h3++WQnNm8+2Ud8lrgfE2L+uKPUeuTpYd4DL6ZMuRbC
ETIvPNe0xqwxQXpYp4mL4rvIILXyqVCkpslGjRpPeQaSs+TQBx0f3a9KpMBEtdzU
M/VuNxCfTAuDkddG7GBolN04bagum1IgPK77MLRs9Vdx19goPcLAU6eqTs9d9P14
/S4/f4cQIfqd9zLeehbV3FzMGWl86a3/VBvrYzslrOxzA8By2y4uG+oWWX/4OXAR
gdCexuIbKuTuxeZlxIjErb4uWOt6wxeTMNArogGftuBohh+GEX8YasbZiF49ovj+
ome5fuSmmuVDYgcDMdcaQ8HMIhU4I9JnQ9ZoSaWWKNvui/iDNNLG7K8YVmzNgy1h
43EEzbrlaiinoBJcUEShndrkikquhjjX4lO2hh2hp7k4/V3rOSNlWyBdfmoCYdRC
34enb+3eQZ1ErxZkmR6gZoboIoB2qU/HGPlwqy71Lu/tLuTsEazQhUQCtEGXOB61
lVGz3G/dt65VF0QMvd6jIEEhHkwdVRVJkqNzOJcHBS9CB6H0hY0gjMuHMHSFtmp+
xvgxn/uREL7RBO46JTjU7jh3imYHLSazoXy9bxILdQdW1pdjbZZin17SpZaYthA+
oCC5QlACpAaJokWCbR49XO6ZuQvV+UFb0N4VrASRBaEMuar+CkTjhvdLAbwVcLde
u+1TJQHoBvTDD1Dlnw2cDWwTbgMDvmY5RyXv1XAPf0KfpsHpCpHaMKWV42UlOWw/
XR05xLo5i8/xuxYExaQVdfDlZLGyuLvczr6E1W1twJYG6m48b/kQ+dFdvdz20oD3
V+7caGknBNZmt/mf8P07Bb3+DRkndDhAMeP8ZTt5FG0K5uL91212cQW9O4u8Fy/5
Auf6ivEGSrMAeYfKN0qdKFY3B3RdP+gfv7ORxyPsSaM/kgZM74ujXwEv+vOFZ8zG
fYqExr1rQ8c4P7BXTrBK/CtW3gcfBl3DcT6CUeIYWMrg73jYlhuvV9UR/oR+3EwK
e0aTo/xhD/SEYd+Nu2wVG3a/+/JTWjFngvf566W04tJhHn12K/vFORIyjrcsqYTv
eFFqmn1xFKd6sRAa5w3oJnU8j8+1TOYxknnNd5tRs4Cdi9DG6n9+HQaWMhPWRw+D
Szq2yVOsRTJcOc3bH9cRmqemjxf8HRyrKMi7rJ1q3DzN6vozHbm34ecvv+JKFxcT
eytQErMUqzQ4uOJ7snhjy9MgJvI30jV7mP7Q5x2jahv0K/Eb3L05rDLF0YgTksZ2
P+JTPim6GfYtJ4XNpNqDlpa20o1v/yRerpusCiKatnjQddteNrd2RvSs2s7L82VV
i2ciKOSni/PzNS/hWJLK1JqRkdRU5NWfgI1cYBYxcatq1s+sb3FgrSAcZ3yi7MmT
L69PBneAcg9tyjxDY0nolzFUnyd4JB4AQTg9wKbV0pVp7oMdhA1S5tsl2b3cOXvB
HtDAIxD5npPKqbKWpZsHyFgPFNUCVA4bYWwYPOz7T4zPQdXYRx/tOXjP6I2KG7jS
AimH4vcdEx3oWLOK4GCAmj//h+To4SaGk0jZvZ7SCDzeUPdCAiyaxiw4ojwhLvMr
ySTFKG2+H+FiviEgCgTqKW1NaZPbUjz1oH0PYCuyMy49Xuie6NyfpFWg7IhYacuE
XUR9egGKSJDdWWH0PRzkfHsVERQJBPkGmEUwmDaHsWZzJdsXbRxVVDBUyML0E9ev
GBzSQ5Cinv/DZO8qpdpClyBzsWUXrxgyGMzdh2qHXFKn0XYzaRUY70pAWbTRv1EL
+5BdPSPT31fe5hA5hAPB8cCIbAkzlXAo/+GM4/2tlPfWjfI2ZSZ904Q4VUKHDRCo
EatbPha8uIL7LL7KLxsZQ8lP1Eevb22Jnkw7CpatMAgeMbcSlRxtryGYbNCOHgup
6aV76H3JqXmmM2PtgD6Bo8drHBHpzFxyZzlo3+ERdmZg84vVnoeGBrRp6CTtr0Z4
fxUu/iAJKz5M29z8VcB/IGLtrvKWjD2aajGOHTFkMp8i5k7Wzk5/lGY668beJygC
JMlX3snXfVWMZapK0Dt/i67fArFznQRfRwG9rnV/b8CDq8MigM5hh20SrMYMSlFW
ilUU3S70UpgTgVSn3asLNJTdAilZQveIlChtgbrG4JEkoJIYZwmAX5IxPbcRSFKw
3czO8toWS6NHPvH2/fjYi2siXtpsm1CiyZQP5mt5GSvD76upJHXK3ykesNt2j+/z
0GVkb+LQpxzHqFnsQc+RnnXdFY1INM43cyrQJeUcBjVnPsT11W0gGKi1bhxPHXn6
lIVikLYWzYzD7zKlgL4cXFMLAsgt22H38oz1FpTzIJfLzXNMN6fHPmB6J/7wDCYd
8PndEVlbmgD8TZFqINsHe0xpM/bUGIg6UCVB5gB9ms5zCUNHd2pcyWNUxb0+fYkJ
a1mxADYVjtJvYxXnhbgu7/OujT8MgdB2Fknx84pHe1NgEBsb6OGZpDzqCIJ2LEkD
Q8ei8IxPpxcWyLHcDIQPojaDEZb1VLRQKjkuBcwUKsyDTcKyz91NV5rRcwpL8+XH
jKlNaI43m6cnx/DmuZ/O7yAXEpT4mjIW4ao8gvV5GP0M6RmUE25fPENPK9Aqkk2k
oQn/wtb+RqoEljxH7EfFP5HM9XQo7tH99ujbtf+StQyqIcjN9mV9u+8DXVBisFaD
ofzGixX2d7uhTHGTsALPDHrWeM7B/Msj2xJiBPwOBoJjMbfQawECr2FVM8dTAhgO
E6iQHnY6ghDlVCodE8eq1ysEPN5PWhPv9i440n3i0B8qoy2ZrCK4mvCycYuxtKkb
erawsBfrvlU04CaU0+2cXO8aJUHVB3WtVQ3xsp+415RyDJuANTWV9C4CQ0qb3hKX
tMQYuRANRd8fjAEaan0xNlyKUuwwBayrF3FUKmJbSqC0PG/khY10qtpkotbTGqR1
s//giiWqLZYv4QQFFiHuwwy8nclI08/RVgJBWlz9tu6L4F84/FXLqo7fHFJNhDiq
pgLZ3dxftzD1NXs04xj7pwfefulm8/arYW1+o5f6e3l5SfEdHaHqTd+YThB00IAq
hSXCxP6P7w+bB+Q6uRiRtnghrqyaKsQ1dnCHym06HVKTwMxLcet7uX1ol4eeQqFF
ZkAFd5pP3LfecCBIBF14FVmrQBwVYh+2C832fJww4Dpye8eZLJKxCnAPPqGJ01we
iFk5kqIothnWcFUXXr6k7Gu6oW/9DEiG6Kw359fXjIwI0H/D0A8CuS5W/hdiDjwN
3uyxj9AaaCKdBNnypVSazj38UjJNRtbWVLJLGusqTiFwDeCBNxnGV++9XqqCYKTF
VZhaXenXeSD7RHr9pbAI7g8jrPA1sW2iAs6wLoge63SR8KY51WFXUtRztAW6APoo
BeaAAmE6BV5b2+8sJPaVqFVNd0dL/XWz5TWyT7GPLowzkoamZNsym6CqfyRAHSvS
i6SzLnBw9WXOpTDwTJqsjAt/9Ga4XaGgMiEdG/WzS8TdjlhhMjWdTLV3ps3QyY1C
T6Kk0CIuqhC7KcCAgLKo2qGQoHhgF4i+VBL1v8Mj8ml+1IYoBTzgC7g6PIfYDYpy
Mpr3TbdhiDh1PDIJExEoThZTGbIO5AVTkjk4svrqOzBmAk81bKqExpRIrjii8HPl
ilDvDPx497cqX9YFGslhlLFj9dRLI1Eq3UDT0er556iehRCd+ZPOy4qRVR7mXB79
PlIYMfONE4JgdFgrupeM9yDlCGU2IDwLbLXZeN9s8q1Z5FhkK2jSBEFqll0qJofz
I6dOyy8uyhqBIxbNefs7WV6Cis9p1rFXznsRn0MZ3cxjJhUBVtG6K0UxUeXKeSdu
XjlG0uR/75gvecDcNxS2WOvIVJjLodaQnvXGy2rax+S9C6bIfrMpy/F7kEPFDU3K
kMjrr/W+jYqWXnDcV4bBPxqPGAa96sbguDQyu4he8KcdRCleNfnAaj59EF9mVEuZ
2D9CnRZDj/lM9NCB29Y4atjK2FNglVgCJt6lU2EKJsnst302xk5uFy+XCbNaA3BR
31APbeVzAcLU1diMb2MzSrD2J9K1PYDKkuErHOXpGiXAPrm8mJxWiw6bsLNyyDrc
WxQ7SI3UdKQyzuaBgg+aof32VgoH56SxRee9QDwfQvtFn3ZXMXDxRWj9oeuQLNvi
Ae00WNUPN3NoIhuBajsFzO4lXnKDLLI0CRFYVRHJWoHoxAXNr8X3PDVi8+FIOM92
6RzOJDVXKhvfg/VdFF7SApgvvgCiFPeLlVnFac23Z4eVM+g1qxD40mH/9U4621x7
vMEF1aZ8h6VCGVd2Nc/UEZ9x+lngsJNLV5BS8D3HBMIWA6ABEosx8SzCJvyCKpXC
OCsSUtUyV2LIIcJjODuKUyr7BPOmjkTmdqEqc5mnEgqyl14uioGbdNwPQHK/PaNl
BVcLW03lF2gY2WMlnV9cLTb6t9EMnb7W6/9tyZnliz8euY41W5MYYIMY3YhUcTVq
nuv4vge9/Dg5e2rGgJth0U1uZiysW/DBiJAMTiff55cwi5T/bm+bm+jmFBcBCObs
CtWWktXh6rCaF+vDWadPXNUbCbouiAfztUsnaroR8Py3UDSuc9AFT3Szfa+vMsOV
JXQHXitRbtbcryyeUNxZxxf2eNAuo/b3bsN5HQxFy0wxxJLspuGmWIKmmrbLu7oV
Utc89WMZgxZ7gdPHNljCXY9J/ALTb2Tcbi243jtMfvzMuqLH/sOKcRPUSSsyKTje
2jAfjWqhcRw8d2cb/6IMY8FAvCXh2fms7V1PG16J4XlvvF80ENQFi+oh/8NuQYxq
4qA8D7eNT7ZXCxgTeZw6z9l293gJoh/NYSZJYmnxWNCGZCCVW9iepc0KFfLKXq6L
GrXWKgVsOtDudExGLoyDsLWQA5YXGRn7BSgSUNZ9UKngzMEYqp/47hZu/rEw3cB0
uWbcxDhvkaFqzn9WTJBZdgKy27jBIf9MuCpK6BtY/dKxPhOkF2Q0PXBcRToTzLgW
7PQydg6oJ2h5Umu5oxL0qoTbfmhqxhtg+mV2h2RymPFAchG9okZbEp0Mg3CFpa+8
WMYOkYEeAW2MijZz0VUDETkoOb5R6OFzGlGAApaBdJwJLhoq42HYSvae4ddISs54
tmXAWDjxTIDrWwgeHqZVawZyPwEnWupDpPNzWPGun+kOromAKajC/ooIke6T73SG
XpGWKBgmYwnr+3nGK7/0fU5WkmoQYMT5QTV1yqEbCDKEnykVfMFN1+Kcqv/j+Fda
MUSkmFgjoKpLGqVrfG5RBSJewgIWiuRTLLKoi6mAn0hMMXqEiwSoFLNRYm05fdoe
aki/3LDBcD+73p+R4nbjImUyWRmpv+ykrW9S5ClhA7KFjlUtn0sl3voHnXsbUSIv
g+8beL97NW4sb2U2jbqzg86oji3rf/B/oBiCBFnczmBICS4DTlE64563+qo8Nni+
58DiECs1kPRFb+M8dFvWnwClT+O7XnaePXLbxyNaXNsPR2CuunKhKGJZft9UKR64
OnAyh85S80PKdovJ1i1+i9BQKCEWW0zTa8OSJTC3rGLBvh5OBExd19JL5XNFSIiK
Vl8HtznzZ4jh0mbEOrVh2HPadPR5rWBLMJFAwuRIW05e008hctVh+JbtwHvkiqYr
V8fXWxCFE2OAyVapbETsFDUQeH0aMJr7i9I7F/qZNWcBmuuMWMG6PiC647QfFoUt
rHkFU/OU+8k1IXTPPaQym1NdQymq2lWTA4lWib3D1sAYiH6iUfVG1j8+HMUk70Vy
KuDjMrQPcXIqqCxwiUEXgaUALkOhkobJcIs8gVhsN5Sq6yo5wWSv/8X0FHb8GDak
RpdbD8UMdp1HUPCzBzJe2119khnzzXKVjV4fPaqTldwNxiR3JzgwTa8CW8L7Gapk
WnPpgTxKiH5juZOx6MU2AKGRkggaFPVlksPWdsKkhCVUHVnIcMX340ex9wuFIWgN
f47tlBK9LnYjzASC0A7SsycSzk21XMk7dk/aJnifuQ2BRYREc5FFUQhTKfG3KNUO
+HENVWRgVEIqEkm2HBoM+EQqVcEPQdmPO7lZiqrGpANFyN+TNsx7mhFwYa7hconR
gqreUCijf5EcCb+arSQRWGt9ZhLvE8+0L68I3RP2D99KEfUYb+aLoyTfdoWyvCvR
WAEguT0LjqAcQRwVSwtOTMTuVisElgKoDLda/3TKithrZaF0L+nY3bdLNTN8Ij+P
oWNxgDGaDDtEeQCQOe+disUIRSEIVKfYX5Pb6cjHf5t/Iy4C9sy3wgLeltJ3zWCa
l/11YFWnUd9KuTec5FwdvWsXhx2Qj1is+XlFhO9jbJicJL6uHvWCmyQ3n9NCHWgb
9yeyasloafotKW6hjbpdLUOf1Ebkq2egDYlkLCevEqye38K7uvkakVMvYvBTrSsP
12+vC9d3Ut44zDSTiI/+TjPylw3Uslif90tFpLLNBl2157rKfX2lXON0Ma/AtPpa
+lklOzE1E46GqSzQkZ+jYCLoxDLkqSVvTt2RFwZnxFu7ACDI2gj9fbj75DkpM3fZ
+lT/XfkswhhwoiAQ99UeuIEujbnyBwQsd7gDOJg5ZEQGuz4fggyH/Oxt4+gkcnpe
ucmk8WnPpYjBCxsJiriXIFkDLqgWweDCmJFpfTRbLZOfLul3Yh6Xe6aXiA44SAtM
lDoKn8G6gyTF2h7XPJvbuTeNCXi/7Fi/hVSv95ueYINliZov/jGlUF2zyGHRWyol
z7XfDbyoF/qB4HS7yq/7w2LA1bSEiaE39acn9GC94Z9Em8lTmxQHUUFX/X8rM62A
4Am5u2NRl4CpoI4RFtDOuXllX4/suSirsBS1VB2i+2RMlxKvFc0l05r0BYLeBaHv
rS7FsD4143BdnQdmUclvBJ5fxbTO1QHq3FCSzAsB2dlFeEZ7gl1rlxOU868sQUZ9
uMEXyUAIrWnERvoaW7nGV9Xm69U1Lhid327DF7Hn959YE4gP4c5lJxmbsKlkaari
56fqUtFkwZSuYfQLnaEqK1yrehEZOUcxEOBnT6eLl/SoPSYIhnt5qm2I2+IRS1MX
FDV4PYPTsN98erW8/ZeJZnXd5ypnFRPkDdnCyKYzvRFypa1nuil5vT+L+X7XSfrr
VbAfaeaWKqvdSSaXX+S21pLNFauX/pxoCqL86/aPrdpadVcMEfN1/SDiJtN8GkOz
DIr/TD1S5TYXNM5jlydZ08fjY/Zgs7isRKUpcoxJO4ATh9PPwJoLOR43jPoWhHk3
xdCinSDxmE9gxeJycKQQLU7R1aO7GEjkLKQQVXvjiB+uPhWMD40LlSCJJL94ulU7
R3p8Ktjsfwo7ECCJrZTUv4xmjPpw2mwJJqgSCCQ4MNz+DmvbTzGR39GKUjZanh/3
ip3La/CSRfzRmHB9JjDGMnM2cNYlHGamlTcTE15CgTo0i2atFEzPk0FVE6i44IBb
t/+ApZ5Zft6YfCbqkk5oBm5KBpM9LUZxlffZAnJ9kBZk3wORoy7rhcSh+u3asSm6
dmIqnUgKWHIA/1J1A5y1L9jismzBSWCfMy1yXcv9FdJ4ePn+rb8MKy8RbMNNPvjj
3po2kz5XzLLFkq6qsrW1LRXa9vg+UfYnw96KeDTp3qcR92/gZKq/ubWw2kqfg/0+
55L98/liRxS56n/qiOnoWrbQ/aYRF5jT1/fEUfsPJ0weePcFF/b7Os6366khmavE
UqaKfkJCdwf5e9tcMq9F3bOiumcwYzmYJWcq1LAZiZl+2NxHd3Z1K1RVqci8Vesl
H9jm8BHpOSJldDTu9v/2ot9idtJAVTLM4pJdsKEWYYkpAnPuO7IZMrSegAHc/x3f
wzFwDnYoZ6fAApPb6m6RnjvBwlbwi35AfN81TWhv0k5Z4SJnFUYcJCLIDMPRuTuB
ro+Yc6U6Mh5A5islPyyHg5ZwiBc6b72c7a9PEGo7138cprceL/QEHLP1R6Mwamdi
Xqrcb5zy/aBATNR2yPXgEQ/TxqiKe6tYE60MRdwZJyuqlcUzFp1oaeg0iEh8rYTa
wEUWY1yuA2EiVbvMgxSANqNLRKHW2+As2zqiwWseVHSKdgz1Vtj+NRnU3EIHyUAD
LLiUw6Yr1s/tVM/DgNBzB0ygUJvbM7ZkzJ55xWvg4cyfDIEW9vv2Z+5JPbfCbncz
GxqDsvTPzkOgEYnsU00thO4xvvFXicfl3mmXEG833S8bHFRDOpYEnSjHs1v/K76d
2jD8gdaYwaxVubIHtoMFfp+U5YNPzWI0hm3n/XqMFlaj9Ghm9e1G06rOwb4TxWBk
d8rtU/t+47jbt12pwTooAJ8Dq8zeAtjXErYW3wFKAQhzCa3qGPnLzpaYXPAZOzv+
V3QmBsj9viDwmjVnW5v0Qo39BWqvs04tfu76/tALALRp4sRLcYzEw7tsUIuPLZnK
4Wk5d76vPIKdTIniSnYLEf0wDgfT0HIv61v0I8/NOxw2WyrjaljeaislsxTKK6gf
ulHTMi6W04EJkvz7pWr3A2pQDqYDpg9CWCqHYiPBqbEYah1qRi2ZgXPmF0MHyfLd
d2zU5AiuVZvfzcguxIfTZUZ7JpsCm1pK27SxwUv1UJiNPpRamB2fOitfS2lYFw1b
kSsBf5hE4yynHz5imsEcBsOArq+36YZS0A9Vc73xHIPmr6drk8QSXfw1Bt2gEm2W
Mid1uh9+g5MBHADVEwV732q29I6M+3Lqv9cn21N7gm568KsRHKmFvsKGUrM/sD5y
sU12zwzyUTVw/Um6LvfpoS6UfkFtdovwrzVP/fkZ6YcrJka78rea0JJZjuyy1nb9
FfZQt1WZpvAUBZbDH4JLd0HIudVfyust/qLd80Bb1vJiYdngMVSGCyPoqQwhsElb
RTtzfeWFfXf0r7X2oVN5UKVmdU5gmmUqEg2I7t/iFxZ4oPJCXglzGu61bHKy1zOo
4OwfPtBf2tM8eYgfCUp66UzNcp7hZoQ7rvWqle0U+d84Mc0TdJfva2DdMrqEiW79
UpFaAPlLZmSuuJxowmOFOHAVvO7HuwiGTJXA1p4++zqYUr3aJh2JCX6EcKSXCx5A
fmM5oBr7auzX39rJCr8LRXTzjSQIJa3I1gwrMGy6IOAnQv2oy19hYv5p/beguKtV
3c7OFOtqo8GC9ogXyC5lmnDufSvCtYF+nMoGCcMf1w+M5qR9kThOs7ifzqc5zZcf
LK96RIwhITVyjiHdmCPu8rwQn0iLjQduYGzWdiQI9pj40LaXgDMRtqKUR26oVDv5
ZC+20h3UflMGh9FPZNvmbsjO2Qm1if1RQoXmV4PBvWKlUVzxZoqHRIwLOLYZ7dva
1/r9f0hsXCRC4bH6ENLgbXLvuqoygQ5OJteUAJfzWW65OC/pRAm+B/0u/HQiVarA
TqlsNuN6fHVUcTuPEP8LdpSJ2eMmrGSz1Jv8cAALg9E18RBqO6jEHjmnlxm6t4FT
6RZ5CHIWUVMxgwnSLRoyeINoMuHm8MHtnOesBJb2yLSm8+t10TZIvfAdBKg/fnjP
HV8QfkV8HOPDGZ/6/6BCyT4XvmAPW8nm9e/9XGiO+ATnXls0bFILpwoAMxpKOFHr
+Kjv1hBBDuhMR+rwoB22936vrSYmlMLBkDdS0DlGvKGVOx91fbQQIlWqpFASAbbk
SG70Lw8lugJlpUr9K2ipcDKFLGkHmcjDCyU8a2RLcKIz3pDKn1MYRkXmUVtdOlwx
Pu1ctjhFrLqD7UN0oEvuyXmtJNro6AyNMX59jZwu6W64bYzeIQiIcYOQR1BlqDvn
s8EqgugAUIoKyK6LTQe8S+Cp1pqvF0OK0i5OWO08HzXXkFy3/5UcdRkIfDCU+Chm
Fo3uvD7LtRWPjaFtb/rSaTn8jBlcZRKdrh75SX710szK63Asm8hHWurfwA1uuRgv
D05vhtD9Kz88v/53dGqc67KyzGdcucLZXT7qZcazpUgaBa9syccwwpx4yVSIQ/5Y
Of3tP/UNmavSq0AeDozyi6/Z4SUz++t1VLCIxwwi0MlbVTC/5+VABj9qHEApaNW3
epafJoLxGcMG68XC2duVP8e517UPE0GaEUxES2XwjC5aOoRrnexeMkssYNDmNFhe
1IuqxzNnlDt1wEROE+uUYFuU6/McYDVqUjnf/1bIi6O0I23TaW5mee0VH8C2dIPA
KI9hbcdD9tqX7BbIi/EduP+7w9QMFzEoxpJ5+fH82VfGZJcDvqfu9ac+NuC9Xe9+
k7QHyQ4Di14fQO4ySdg0U700nwNCswJgCIZdqXxlC2bP+yAtrqB4H5dSeSEkhnER
xv1DjSC14dwKnedgB2MR2j/hkIHSkRcPplksbqVO+ODjJhssQY8pDYLBOp+PbkH5
BmvwO2ANtgkHkBe+z2JRsTSCUADbplRAM9CkxJrZzKrP7IZux2NJ9fd+z0DoDAdq
TQ/bj3v63ThVjs0bdzv3BMsTqCg5SxaDxRXf1lIz1HuKDwLCyYzFtH3yHVNm9oo3
iUjDQgvEVEc3fjNLYqAhjLVQR9+ufivBCDQwfdc9m8nRtRXlNYgU09F0jf2+4LWV
PET+5Bo8CPqETTqRUc88jn+aFmF5e7PeFGj+5MuRNS3rBix6nosEl9w+hAzc7GnR
tuntDStMGUqA6mWpoHW+lI3+MdD9lcL1T/rwHR2B+beTPxBA66tL9Uc3zQlzwVPf
VFlLXBAkssF1V9oTSFmZRkUyPcXcWYahRMF9d8WZZVzWJrlbbdAiXY3y1e68kz5X
H9lm1eY4D2hQBvdaU6IMK8qLp/oHPEL1IfStzREgb2isYRJ8E1MdmI4cNUpJPRRA
NCnOE/L7l1VOtGO0mPtheQpFR1xUEnB8z5bpaJ6ncLh00BMr/ywZZOKtqZiL42w5
7yohoA9pMZg92aarewxRdJXveoWkYBDsJQyOnTa2NpWLE5t7Lt1TV9r8szyxunXy
+SGFokoRaQgpxubNZjV6RxxZM8t4D3apJgwFnn2mTjEAF0vwPfMYxLLWJhRIut19
m+Y0Wa3U0T6sGRBUO6Wbd21gkZuQj8bxPJTalmaY+8nWOXOBSGB2q4N87ZVKDjjN
bz27q9xMupi5jdkcz4AYChHsIoOtCh3UJFHoGbtAVyE2dykB48xQqGNQGGblLJMo
4Yz3TqmDnL5OYjrkvou3HryI6qFG6LynXUkG4+2L39zCcrbKOCm3clLVyDf60W7t
w0tYOJB7Q5BG36GBAUFZOuTRKUYdVFaLipy0Uzoz5tjw2vKdb5hkQikjsQK0P/Xp
tDxsH1AjIiAc++JA7UCLT21lwXmLjC27CqVq4jtWR/CGZnLxi8tH97TmYfzk7tRa
sgvZdR7wzSP0TbTsoyEvwGukKEyKmP0COrLmCVyEUsXg87K03GNDOwJ5sPM/c9pb
k+Jf7cFqsppRcUjZtPL2j6r8CqEidKJ0UG4DcuO/VkaWB9TJQvMxtYdqkBEssaZa
v+T2Wnfnhv2d2+PTwJoRFKvRRAimBD2g68tkt8f9DI7uAy4GbiI/bThd0aUVs2OT
A5QQT4ZRG+g1wDmTA7d5xGhp3Ir8L61k8Jae3GBwKA8G6UcrPSNPOxQgYYjU1kj+
VsenWl9A0qPSye0MlZQkvaz01wYnb36I5pepBjQFPuRp8Tlep595iIh5ohMIU7Dt
K55IKo5+huQQtW9OXAZdgJsStZmv+t7X/sjZIsuIyL9cx5lYoRgol3p2sH3nf4H5
4KxaIkZGBWW+Madi0iBOVMvTmztuRRr57A9hmpbT6A5JElpyEwlsS4MVhoT9n1Z8
DkeDpGRhQxfnM/t/TT7GIixUnt0dm4maPn4G9TDIpc6Qt678a033HsUcrlFbbzQ6
+jnLinvZBXTiuHNXGS23f0Pg6wa2j6tqtJY14d12S0NK1zQm2r5lHYW4njdRRs3s
ydw5RG7kyjAW06uT93XZf0ZP/bwWNFgTg+9E/4dVkPlWDHL/9uRJZur7HN3og/PA
vdqj+J8j+g/g5ZmSsbSyXKk9IwG5w3hgAVJrgGpFNQDax3sPcaQPHIVzsv2T8rYr
/tnl2hRpSwytsamBcaVxOXA4VWMQ0w9/qAtte5+bTGCSa6NGBDzsvyzCz3FJgj5Y
le4qsycaQDZeIv+l2MpcC7qxbmpmrG4HkRvpOdeKxmMejY25f6qij/5vOMuGsMTO
MWa4ks4L9BB4HNtWNRNCIZAsZGpU5ZC0nhIqHp0S0oR0//aqwW7ClW/hCO0GzL2E
sPf6p7jT60c2amxbkmuRoy/ned73B5gfBsM+/LKrDK4Sy92XBEVR6z1aQYRGjsq7
0F7g6kuO4wocBEvRSCIwhrqzwqeO1chgfkRvMUTpAmsa/NXoJGDl6IhI7+G8oQkn
XyLhn7XsB6SW5+QpaWBgbkM3lSPOYvfYsn5GsuxYFqqwFSZDzweAdV6nvDi5qN2H
yzUwNEUFdQpJrG3DvwyeJ/D6irMVFX4kXAYvq2Sir2Rplw5+Z0M1Lr3AZNSCyU2s
z51MWz7ZwfdCdfik8BHciFUl17TibfF6NX1hQkVJxy+pYC4S4dWkeGyc7l0tEpIN
06ltPbd2CU0zEghgwFfBP0U5r6XaCYFSmeMesFenepmBXcjtdNq6SvCMVnKiSMpU
i/hmFfdJPjQLC+9ExF7lKSUMmKWHvfHK0kW2zdT+WB3+MLxaSWhUxxkq1R4oGGJ2
XE5b6KF6+yUDaqmzFPX2uFT0zG4dbxN8o9Hq4pbMbMk/sfgVBK+IbZrmxQq4QgCn
foFqb+WC1RXxXZdUjXBo2l3B7ey0Ouqnd3aaWtM0ja610roxFCJWexBvuFVOkO3g
DOnvAxMnPGEwNdkFOGSqMwW/cZV38qZFNdr5YO0OBAnpRuiAKumGVU28Xkf95MsH
4S0TClQTUF+8tsoz/eXSQ1Jejm4PTieSKLp2BPxIp/6Vl375nUy8XvxKzv6f6gbi
s1fYCqTRUKQftq6DMgD3X2k5ZpMOJy+qWsPkN8mZNprwFI3gnysKPeCRT1TyOaNv
ATxM5ZYjDwvlU9njsfW7Re4NGkXQ9l17yz3Fg7B8jiBpcZ5O2BKOwimweSAZiEsd
xcE/EyVn9g34PbL/zsSDVGuTqxg94j7b08Tw2makz/YkKkeTdiuSfwogA78t1I0V
HlZFsj8pEbbB90AR+OtKgPzhJ1VRlKDco66qZNcDymD7unYgWFy0pN27AK6isBmI
mFCTO7tEcFYmP122Efv6seA9fqz6FDc48n2IEJ6vpeEQqUjwGg4mXUw6JhtkQlWd
yC+WW/OSji6y/Dom8tBeM6ddgFKHhApZmjizpaNgYO8Dmtw+6b0tDCNE3XK4C/dY
9oSI0MYuqYKfUSt042QvjBcI/Zfo59ykM3O37I+u394s6ixS6XVeKzvDoMaGg90Z
/M0UCnuxOtLmg6k0YFiTwAjbUdjr5ubyhHB1UWQYY5TcMWdSWTHzBiOZsZskefUJ
+dyU21IcEteXH5ds5vjDiUx4QBChfUwe9e8E2884OSYC1bmHgKcqdhP/D8puaWYa
mQgGCXXJRAhVIKTO7TW5eA6zYohdYWit6UUuBqGwdU7WhlO80d53pErbVFpyMMRG
DsRhTHvaNOApaol5rnMQ3CLZC9v77Yjtb7P/6CWmCT8g2jFBXQOBPO0/pp6bBrwA
my+1yj7z4gvTYwApluMQFe5S08rwxp2YIf7BcnGRfOEohhz5guMUKPhIfBkJpb80
k+3i6OeM2ncGGKiX1kNnUebtlVqbDgTfnz7iDdjGOwzJ3R/umu4cqKSp6ycOj2TB
fCG0H/beCQlVpEW103r75krl5EGmSK4MJbXPhv4Q1+un/RKUNtILV3UbQNXIb5vT
/knTci20ZeaJ8N1RUWq/P/zFWk3ewb6c01RVAKXUiAmgC/ppI3RgdzqsBtb6YjmG
m2msUkeJ4I2RS0reNQx+2OmSik7Sr9WCB1Y4QXgTFTdX5U9dJkKt8OEu1gqWgPhE
JXq1pVXEO3d5ROeDY2jdolAiG8Ps/fN6A1dUvmhLzW6KkjDV0ScVObK6ktI3HeRI
H0WSC0fzvNVAcXUVykwP3FVprAjMeSaYE18hV4nkDALN9lbTAQYBVk3QeEdPaJFc
Vh5m7Nmsdf8YhDnwutLrAljg6WuMKZj5/GHvgSZez4gIZUfLLRvlbpik++fcq72N
1FPPsFERCXzZRIIFXYlz/v+TRDmVaPcv8zlRmIkP08Db9bk+7SjpsI6XV3RWuZWU
qVzgQHF/M5IZTRnc060BuLiGFszsUOREHm9R3pFPmGCCzDe7U2idX6kNYtJYELLm
gNsRPN5SCt7tJS8Agis59ylCyoNWUosIbEgTxrRPaZAAd1AH5B2f6DkeX8YOE3gr
lneIoLf5aC+OQEqJixQ/0RBv9ZTpTqiUJF9QwYLPQSd7uuzBCxwPUzMywqICahOh
mHTq9kx0Ij8gQC1KWty4uSv+IghXhVsK+2g3F4pE/er4B0x6qsGUjMJ8y+bVUGt4
tJOAMPL8TB3m136DCWa/lWuVYcSVG+8yo+VFz6iq6Dus9auTE8WrrFvfgvF6KwDL
WmFULgc/TSZjLZH1pKHwS+4E9pcXva5bm3nJ+xafB9mDqi4l5IvEwehdL+gCNx0v
OW9KUYOCQuYMISD/wdK8QHRKVN3xdDnBfunNv9VJ88O7Xg4sC0WzCM2FNAgpYAsb
ipCjNn7nNyj9kP/Amg34JRQOhTEoh7w1jKTDn+ft7OFG7wZSlnTjQvdJu8/dwlg8
82tPymA7UAJ7LHAdhSAL4fhtPrUT0gQ1Spb6NrOMbKdW4VGTepJLWCjhNPTcTAWa
SloRxXiYRtP9jSGjj9q4R948k1ZnR9FQ8PO2eCi2N7E1yyz03q7tA0s5uN1Zyx6b
zAK9BPMiy7X/i0ccQYTbvd7oLwy8Vp0SJpg6jGndgUtlokamJbG6XfF72EVC1c9/
nDx0NAT6/OxKhq0pW0gtu36K1YXKPTgueTvcoFoTlWIXhKlHJ5XaKKHtROSoecOw
8s8o0PZzh6ySqVBRvmafTW7WB70XF2+AFh8Zh4n2Fy809UWONQUsiQMxXiRd8GTe
vZzFGmLIldqmJ5Gs/PrxoQQK/CvY0rjNgx8aCEIT+Aq1QcxtyaT4llPe19L1jgkk
DgPEitaE8e/fdHAMsgnsYfWOBfTFeDSl6YApJGFNDNe0Ko87KoWUwwgjSI8qkGs1
/cUOpSWygPUwEGKTcZBC5sA/KuEjDg24xjuJmKdwei1k3BMOru0O9OrexWIRCeo6
MAThTP89E5KVRmWs7vJSSrNlwQKOKNNsUps4J/NUxSUsnVtq3M7nh0fk4icxJkcK
4tezXxWELvasDVc6GNur3OekdX262hEjt2NA/a5PbspigqYQf8Kf6Qe7WO+MQ2Hf
SsDBYlAUv46XEvQFjMCwIwuJdvDnjaMkYJ2RzRVbSOjjLNLtMenKMg5ZaJs+Y6aH
Et117jSIM3PBrGhO3CIQkhB/jHGsNnjPnLyrRJUnhdvS+t03RKkwppwQYVaHk+hi
Q1PyNygchRmZ7ljMMlNzqydBXrkGAf1CZ8JOUUNT25Mn9C2i3wUzktcZ97Q9/5TN
4I4NZ/iEqLsh8yEdDC/OrFaEUZ3kArreMd4jZ/1LXpl7CE9TYeccJ1UFHPTsLIqy
US1iStp2z8dP+2Rpdc06iM6OZLRg3TtKyrUkupq8XzftDhcMVOqtwz+VJE3kZpYt
wd7T1JuqoTWXOkzctbxqZeimNkU5W4vjUUHU3SWHcvrSRAKi0gi73+68Zad06aKp
Va4Xva8Y1tS+IUO0Vc3+UJzbD81miqzvMW9Jd9LoFZdzHROVd6rlm3kNawc4rZ/8
ag5yhsP/avCdyf0msalSGb7gaapGWPI+WcYypetxUT7FnWqWxCymdL/GMOgzQngm
0H5ZzORhw4AjCR71XW8uXOqEjgYugUw3bJgtYTjKsTVc5Mk41eZI7dyDQMCso8ya
T7O63ui9Ab7iaRt0Kmyq3xBuJu0/OSgWuPmN0vr2+pnNxZkEzVqnyt5MJWRlQsqs
EAsSO2xeDS8nw23WPME6AatRfiLGXw2sKRMH0d0m+nSMUvgm+2UqV1RHgCCw8Cnt
q27ZTcbGSNgcLe+2WhHeutRMzjPqc0LugxUp0Df6UyRKIxaWXybrJPurK83MP9eW
Og2HNQQx95CyeIfZGsra3J/KJCkVY4Ev6hfYZk4YUsOyquwrVhM2mCYK3aKfvrwq
C3Rm4JX5Flh2fp2NFiVfxEIJLWIqPazV4QT4BFIUcRPs9NLyudZTWpk+eGobqfb9
G2fMBDzw+qlIgCoLWJg/RYF704bXyG1JX6J6VlgEhaJWlc1P5NOUeW9Ix9dwKQfH
CinEXLFldJZTAAUrLlpAKKwOPtXtngjZUc71LTfHAz3/rN81sKXY4+IsL7uh0qFO
V9mYAfYfRe9u5vHGokLod+gkGPZIPf2Azc7/x1BwOw7IGFOZh4EuY+tyGJqM+p5q
75sHH50dOTMyPWJC3Owv7e5jdtAzbWW1AzaRPrHUggSq+JrB9Hsnp9K5tQnHWMrf
MN/C3W+jZ8PWm4/R4roYyLH0uCL9rd5U+L+/EvcmWez0zevOh8yyEuPbGkDxlLLF
8Ar1klD1YfuFZXgkNSCrYmwtbOszr74I2hTE8ifP2pG/e8MBJNW/01w8PoIrUmZF
K6JWGcKd+/QIS6wnEdelpnIsSP9j7nq3oD3CCbudXgob5v65HvVTLvAxlicbRQRm
IN5X+yefwt9Hd3BoS2pk40LfKNfFTp/wgRCA/YwbPPqULv0uRaebeXO+G3P1/ybw
oK2ceCCIDyqx64bSvhoxI1ASlG+QUp2vDFswoQvTwshBXZIZbj67HMmWVJK7DjrV
16qmN6bh6/Dmf8ZdEJlLCCYpbIsOELOBlo2rT+DTUUaAVh2FDmBwJ5o5UMOSVnL1
5rAEasbgI4Ndk5LGfeC9g/q/2m8nU4pQqoHbMYr8DI9CtJdWsJpp9/IwTfN6twvq
6wXJlWj2CW5mUPUiHy9uzMnOiAeXy7uLgDDHnevrNP2HqCsEwAje7z70gHtqZwm9
GaiGE5lUXXCOHYbcX1U1gwX8ZcWrCTaxqjfrGgK0tpS10Cd3G/EBtt0koXTpqDII
YUnY5VEvZVt6ipkEmx53/fWqsura2u9+CgCMBwRVXkuBDmB6alumxF51ebwL/M3g
K7Wmf5NKrGKuE2ra74N6p8P701Vtemt3SPzT3IcSJfvt0pckh33kZdDXyb+lmgck
xpZAvFFHHZv4ejZkPnUF7Kqhy4rnm81L1shCCDXUV4VG4cdc4RCnJ3awRwVgHxiT
hgDjw0maRY4rMg7YQGcCkzIYpaBPNicJTrmWo3zshlhPNkegoFowwYU2bVotw/jz
v7rbU6RuGFMuVpcpBCPbx6WV1y0D5jeKd5cI+alcpoFHF4sie8QeB8Hb5wKMC0/K
C9ZDDdtpDZDoy9qX42uAJUVMy/UuxNeSKGLneIw57J0SvOBU3VYSl0iKe59N3O0N
P07UH4KEfViK94/xidDH/O+Y+fYrQiDiilGGZfwox76zG6v7JBB+tI8OxdymGABc
pwdz8ASS8gVrp9qubPMCoIoo5bh+kRDe7gYSJTBgSOt+BjdBQlD6b85rI2YuCLrf
slrzygdLhXNhpzAQGKhEI7Ozlv67MPzr4OhvXEWEaqrmaFRfGqNWrpRAlezmt+bq
Ev5/p08RxeBWh1kGFs/2RZTjoCnhdHk3Er7yVzCitxSXYAUn8PcZkB7WgAg5pAEY
R4uE4WV02BoJ885Vg18FNMOPUFmwNvyVJUcbOLtRZABa5sOgIE+Rz5+GDlg3WVMG
ue/pHXpfeIQHf7096dnOfnNY+g2STtd9VG2++h+0hsWTeyVOzIrW6A5dArHDIfsC
UidgGQqewOGZYCFTdj7ZBgj7sp5KKARzzb89QONi8Nj2NOhx9r65O+vV9d1UDGr9
AVcm0gxF97KebziF/9WV6Q7d0mi5aoxc1wzBiJCzWtQbcvO9W0uCz+Qe9Iy2obBz
BJezokutsmB4CAilOvQcZqdjjJwQQT/31Vg73xkR6YX1xh8LVQNaYHsWvT+loI2B
B7LiXCq9Xlfho0iqZn3+2CbFoBqjekTGcUYFZx3pD5za24AA/5GP+emO8gWRVpoC
E/RX3l00Bqw/taMZ2Ym9BT6ZT9oQm28+jURuXZzU6qfp+7VMvLBGfQFyXWMy2RR+
KKLe4wpOd0JwRJCfAEAqMQjmbz+CfepRl82CQuUTUMIvUmJcaeOeuwQ7qQHUqTMY
gnIxWhIKX8dtHx7bD4P/dC4+aAqpz2cujdqsUYXa6ANouYMSErOnkbxsdFWkoD4p
tFHObWuSMZ5wd/xiVmR3E5aUdmwTvj6iDYCjFRjoKbKuxJ8c9uB/Y9bus88o+BS+
qMB0oSlFQzq97w0dbJ76ax69X2+fItQaFRhn6YKe/eNdicy5Fl1GvOLRKxBzXtQ/
nxWVco5sFkpVha02weZFPYJ8ih5c+xv/szWmMENk8w5jxIcvh/JwXJSr9mazJym5
yoFRzz7ijVpVogfOm+BlYY9SFp9RcFyBK90HHYnG7Berh6agGNvGYgztsY11zL7x
EEVHRoakUAXkBa1/k7BZ40Y7oaAGn2vUZ5ZVs5p6cpk+xRrzp+S36CcfgEnt2Dcr
8el4R860pLv97Bwp61aAXMcfSjR8OlJy+9JWhmZPFvStIBkV+plwVasnGgc4nQlL
N2RLyaQ6HK675lhDH6EoJeoWcBayF/Ztw9oORxwz2EblOUAWgfZ8J6Tg9zlcbVts
l3jdpTTi1ZA3WWKd1A1jk7EQFarNC2leRbolw796CSzHjTCfA38DZqxtQNBRlJ5c
Yjv65R0TZ1Gv21QqozE6evoZV9VYDIbjEvY7RhiDg3Wth0FCBh9eyNn+vKm7+kzF
K2vdgXffhWJyeZDbm1+2u66Oo9uvfaxAa2NQffLRYqGYpBwGpHisuNs7siXo+r/h
v23qiz6KgkH/Du2W5flD67CucBwu9wyX4Khb8j9W7yMnNPKK5mN7NiSv+w8w575N
XYvju6wH7uAyxJsyoVWnye7Jy8ONG7nsWVu+2L/Au2xCWYyeQgj8Xxhg+Gxqu12k
KWLxeExKJjW8AHSbTZ0lBsAv7p886nqyVzDpBpEe3RwGifkAR+YgXYwEJRBEMkFk
4HMHy89zia1ceD0aN7GqGQZbIiOYmXK/7W8IDYAQ9DpDJggXVenNUtJxa/wujjyD
cHH4o0E1A+/1wnhMYkFWiqoIJdbg3iaOqZFd/B8Zrcz1C6+wDnee0JtOd3fqG/Yu
yz26bQIL/iuqjVTOfbpoPW1cJgjA97aTfDtUv8bswLKvM/PI4YXzkJJl+N+BRkvM
vCI19Cphpo3BhEEmFitvuI0tWEFhm0eg7t341WkxBcGNLfjwcGNk+p8cB/FK42DT
zPvTHg9T9NxnmTM+EJ0UeOD3GazL6kYiJvIV/hR/jO6U2MkKSfuyeMVVNxkULF2a
ZlLpRtkrrGVI0XSu2Yp9EVWuDGkjlw5whS7uYP46C3Y4sOVH5q1oroOTWyzocX7x
nKt2ddP3j/K5h7UvBNBJVTiipoJMiw6ansM/WU+0DFTuUdivGsT3n/Uj7LcaJ+oe
mFxS14nzsFkTWkGLf8KzIzWvqOzkX9o+psTm+jMs1O8gL4aFOhutjQrV/8t92vVi
W4AYpZV7SSCQR4BMYgxkjngt/y/OkeNi/BVjAW243IkFHEPkDLEaq399F6ippnCy
/O2Q9rNgGsvdTPMi+H2YMtYVqZBc7ws/6N5U0F5/cQqNfPHzDrnWTku0WxvWRWgR
ncw/2oTSEyEbjHBJeqw7F5D/Yih3lG2yH4v4JkpWSVUmlTJwkFd6r24u8sO3vSxP
NgqVlMPuH8fLuLCuHE4OMBqSIJW8yPzqGudn0yb0h/NNMUGoUeUcZPuZdzUzWif1
PWRY2eXNrR0lJaQM6tJa4dZuVAPWAboeoMIcSC12vO6Yo5WdV4kKnwZBn9EOJKdO
u7XIpgDGUyl6rVkgZHzDHCn2HgY7YJX24xWOvOBmDzzPTzS7QzSZutrLPHNyVr84
Q7AfPz8BmjD4+rpJ73a+60onuX6+45rpDBiynnaqGLswfQwRvfX5NbPSgKiN6uu6
NsjemwZLfXgYkfpIxxFd4sOBw6mDT3MD2ccupZE/tbeDg0A6MDU5Q0VWPBpN6GYM
OTJtW0CYAGEdnlGG6EZotkgae8m4iSUgnPfntxrpZMIvsNKHShrnoQisPL/tqQPD
0Vy0G7yYjbisqaC2xY9bIQG/XuJbQgckdM0AFOTttYTQkHdb/bTJwLKNtPB02Vkd
Lt1/UuD2Vdcuy+E1FMXCA0u3GoNFH7whqT5m23nm53qsbyi/rBeJwLtoNONITm78
vEyTby8dO+UjeluR30SeGOO6Wfglmj2fgi9JeNNMAZiPO3tf2BwJnqpZXGkBBPS2
ufCfb+UOtYqvJAujUIMxZ81olEf0r+scKfbzef/9pvzh0m46Lb9EOxkylVBYle6c
dSM+vwji1f5rUgUOV53ScNzNVi0IX+N+k4daFNdvNiUR/5yMVSO3zGsfQPQztyk7
LtzuYLQCPOfJxYMywfaJkgAf+5ttja1KSWv9Ucssk8vnRmYKvRDRIA8PEecWb2F4
rfHUiQluN38yeb9RStzus3hL4/MQ+zF0xGn0YrZj4OGF5+113CuajzB62sdXAyZ8
XXrAuyy8OCEetHuMprR68P4LPUE/rR/JYK1/sPcgv3xgW9lab4AAmrJioLj8YSiH
/IdGboT/wHS0Eox3+UThIZ8InTz68zkSRkVCRnIWWuqZ6BD0MXXP8Q7m8J8ZNp7i
kF5B2H5LuxMgqYJidHnlYNXVJwptNhvWX//C8kUYI0/H2HCtUyG1r9HTPiSjNQiq
5Q1CY9X7e6w89onMtWoAyNmmHCMMV/HPwMKvQTGDBu6vugN/zongDEYhahJM1MIa
lnz0pgnnay21xibNqMrTz8nmhibH0o7pzVTiu9NEKdkDtjeWWdKPUCq9RyEcyamG
3XpsqxeDGns4v/3TfoUQSMkxttiqcGn8jQU5CIZWDCxwVrYgbH5UmSoaPzS+EDLq
KGhoZaf/41zZbF6VomlzUSXW3a6M8WjPoQtr/hXNwhapHOOITUprzbtPPnp5+wF/
LB/+ZfLsZw2n8a75keqQF0mH/p0YBGTN59EgrAXT19TFZDdk8YQu25+k4KP2+8DA
KOA7ZCWqyEvcd89+UC1r0Tg/XIcCpKtjJDCtQ+7A/71wfxOwY/GkNwCmifDcyHbb
s03RiAFVstoIFDNdUZ5jzMQ27WOFPqCKy8PiQCscK13LdFWBjjUbzt7zvn2PNEG+
JO+PLSgSNR1icOwiPTFP1ulQ41qPUjnJMGcpKlfq9vxFk+tXdn6t6bfL7SC3dJpj
jEvS1hKCpfip1UUTFAy65b62S6Ls+J3TwIfrqXhazQFYdF6N1a/c0DkIObm901/d
nyNu5h+MU4MnBAy8gdpURuhXFswXmwEENBizLNMnXEnTPPz2TphSrr+racMARIaj
5b7wxB/vDLce/d25NoJNSEGLq6zHTyyDV42YCm8CJYqcaPyfMjpPerkjYGD+rIkl
HoYsR+hPggDMXmx17X1p3TXhvEcF6vnviVy0lU63DVQheEmSWjFoU7oJrC/YG8Er
HwG9cVO4f+BYBt5r8Xpe4XP4y0pCcmg6M/MGNj1Nmbz9CYcf3w1rTFZzHeUnKMBn
CYY5zd8VsOVBTVzh+SC+jcEKUyAgIfQ+92LxWpk6efxs93mjvWbWlsto/h7l6MjM
ctEgNAnm1BQNuoAhiHZOfDvCtkzr7L//jdUcXvp/l+Unb/tHiLRRT4zhgzGshJri
1OMA7P6IKWGoLXYwfdS+AbzXvsR7T6xhoqYQRkLmJgT6l2paCzLTNeTyRsEDa2J7
gH5zCD277YckKWG4rY55AGedaRBdh3tVkDUEbGx29YtSGAnbHbf8V4yKgjiHmaDl
lCBKnDLETHKaPUxd4h0QQiuFdHmD3PVgbG6aotaTiEnH9W7XXMXrigHbMGCC1Qmi
BIPX/ZUhbVySHLmecCIDDa1j9/tOwL41XpNjaLJLPw5Of0S7X6KE84tyMxyzW2Mm
r/f+fXS55xYI7vlKhYwtv0Nly2vnr6/07Tl/r3J26t6eiN1zZoyCy+chaceHkk2p
6xuzMZ9IwmctVs0F+V1jxAT6hJt7GPqE4VAL4R7K4b7Tx2FeEQ7v5A1LIISbo3Lj
cd/k73IYgxBi9qJqnWexyclk4R78jyPD/Bo75Kft48x7RS7s5gSN55ssgPDWAgLh
TEncJR50WUeX2sE52+TB03SzJCY0cxpyiZmtQ9tuHSOosgD9yZUPon1TGGNNijs/
e4fS/YCC2LhYQGFoIyvOM3vGWvfJ8kbtKQryoX3mTSoaRS0S5y0S/26tJOkh4d4I
aBWxq6Nrxzo+PaJjjqtZHU81GIocQAmFvFkHdMlQWahlQtsbPGv9wVa9kZIt0OXu
qsMP0VkIBvARbiyy9rydor9x1UHHThSQa4Tl07Hhzv36o3Rk19IDfVi9S6ueu4/1
JAe0VG8TXJ4C3WJqarP+TSgWmZshyjfdGeW8jE4yHBfvF13wMcU/VyLk7qzcC47p
KoQBUWaknt+1J/31nwMbROu+d27mOmw7WBAWjdV7kfvDcVmK7jLivDSZWY1FDAaA
Sb3uDqdeVgSEfFrzigkkc48WH3yLyR4jIGKtccktrd4Cnh5/Tud7Xcjwy/p1dIJu
reLhCfHF3dZAY065UCpFPsg16ns5O5GIPpST2gVeuu/q2UJf1YjxFDfkKcED/5x7
ZjqSIp8hYgM6KTVnEVyvlabAxR6EhJe/kha4WZZ7qmbTEXxMajc4bIed7Fg0bOwx
invLELjSc/K76+oaUFwKER0dIRUHFEscpaXqsGOvH4CHiMcTCIMk+vz5RVoyJgOM
tXMUy8MeYnzwp0EISU1QfIkHxrIRmN7DJJ/2SvDcxeZxw0l/SgpR8rpp1MAWbA64
oGN0KdVDNo2o2AJz6n8E7waTvjZZouzpQ7Q2ZmMATZsguoIhP0BoBZB4oxpCA1u2
qvDP6WqB60wb1bVb+a+j+MCkNJJmGfw64jsZAqsZKySlZW+IqSXux+J3U5iTNiH8
vAQfNXOJqX+CHCmD7CbiNnHivZ/L7vR88YhqpGuIaPqrE4RCFh/v+bn12KlIduZj
heRNSQvFheEa7dX2gF/ZU6pKay4OvaRJRJYofeqqaevNV4eQ8IRj1FPTokO6aEi9
FYNhQnh2wfHlW4E6LTAC1y78O686dskadikX9pMG7y49rfxZr8Wexk5IJ8PtmPFh
09HxWF70NT3aV+TXLiM1WmHRGZsU8aW9UJBRo8p8KF1oBmAfOZrWFuXUDI7PYDny
RIJcCiW/3XalA7lxI4fGsyw7QDnPP30z6p5Nb5RaREZ22QOLtfzHGAUpYouZatKP
g9hnN1gb3UpmMTN1PbV3G8oeGesxGGoLfO4Dp1zrYx6Tnr1vT98Sup1BRYls9wwM
B4znu8mDT5JFVwuBH9mn6f8Z6bqE/E4JE92YrID3LUeYN4dTCuEUhJlHSrM2Jk64
G2MPIe5OTNrcAnlXjt3cVW0jsOO+qlrEOdeAq6KO4CK14ZMNON4pztFeSe9MEAyA
zO1PccwU/nvpWqZSIu/61cifqeTjXe25d6mfR09Biu5H7yVrn9aNlVT5OyxSt3NM
9ZXOEpqY81crafb85Kx4r6gPib26NhCKZIPpAlP9cPXYyZsbeKsdN3gRIvqTpd2F
aW9qkOeWmFltivx22qBosu7/0aWvEVcoP+fM1AMbsgXO/6o7u85NJoGKekvRxpKg
wEd8DQuJXHL87HujwPsD7xs7bXfegP3twBhl7EMUlKQ5ZC+JrcjVGy/QGXShUDz9
pkDkXQilJM8u7OsD6pn5posqDz7xwvfRJw/uniiXg95Azsv0Z2mZyDWAm9A5OJZj
p/3nCsHLPxVd7h8tiayie3J+DmgGc/ekSSrrlgPuJ7pI18UP71W73EQCuwTkFfvO
MXheoGoSrfhIExMMWp1EeRVIQI8cMYUIi9LEKcSfQJKD+/83OVpn9ZS7WsRvdz00
6PPfFQw0WHmpq606PRD4PMpUrcVlrsuwkEyon6K+rm3oK/9aeOWo/cujBtLycSoh
FzeOJd4L2/mTu+EWAR5KZEXU5guGil7GWU/YqMSag75GxlKOLyFOY70Fak3d5b5j
L7K+X7dYQQN6C3UgQhAmyn7za29DBUHGj5kxmmbGgoQ/35wgBaqaZgMvNR+2zbRs
+6GKq8IORcLq5bb/ysfyqtJr/akSzO3dPPtTmif01G46ksDKkNQICPbtxjAJRdS0
zRTiUghax3xr1CaHiBCSIuhetvry4+JgnYST5HBkP7giTt7uHI6rdCBaJKmVHqax
CvdrSHAjhZ4dZsIfayfqj2iIsOgt/mGgGd/7Ar4fCMRw9/kjzRXsMQb/eL2B2bA2
OSBISzWNUUDf9NNR+LvrysS7qUKDExoiod76Lpkf3wJc/qSoezQGXFwsf7LbhXtq
bp2UB64DSJdKl3uDlPXHzz0FarQ847ug+D/5GrJiiv7a4yuwhZI9DLya7M1b5/xc
9k6VEEnFtFviMYSz2lV4GgiehAT5m0izbew/Kyq4Vqib1sB6MDY6orF8nkZhS7XN
I+/fyCcWjA7jcLbhPlUwL8cwK8/ZVwNz87CiwwBXKnazUV3c4hJ+dFQA0y0gmE41
Cdt5W6iiuRPLE1Ao4FeFAi916YScHw6Kkzzk89ShjC+2aYMJCxU0nQHEMHuDdGa0
y30UEaMOT3hGHyJToIeiuyXmuM8XxzrHBdiCutcQFEtZCYG5ri+VBW6vzxpdSkVJ
oxKEUdqEQbJx4ZJP5s4aqxemzLLwYdfsEh/jhME7vkTsL+bJVogp+ar+1GeEFbw2
ttbzfIuB1JTcSvk2YGf9IHWYGh+WKycWOwEJdO8DCY/dqIYefzo5cnbTOqWD8VUu
i7U6wq3tIS0XZoYDZFUFkYsgcZYPD8IQW74peOf8Qx37aAPCHlE34De0HO9RYmUY
KiWGuVM0Hc+bwYgJrxt/vlbgopvuJMxzNVaspKK5wAeLtI1PGV0gTUMZFXOFyPF6
IcLDNRP6vO7RMeEZQbAaif6AWmZsZmzxfSKk4CrehbQClu2w3FkMjnscDQR1Vp7Y
2keh5cLxiOqCz8eueT6D/VbZXa73rfzIWL6PPPs5nlc8UESsHSavi8TjJ2fkyjQC
uW2xUStmxrucNxhqdkbop0jJXIgcXm+VoOu6zVpKhxtARReMcRUYRCIevstewyzf
hkQWetFygOKMDdNHCwiuXchBF1KYtE1BA5oP9V1OOpm6frHQaAP9Az+w1nFFb5bf
d+Uge5T2g0wp05PL6SWZmse/xDuVg73e5tJCN1h2JIZxpxNwf4dvNn/egoLfX48Y
T4rTf94i53a2FPvIVJsSzWNPpaK9D/3/NyF6dmpIn1m5poUBtbsvOcBSYBhnaGS+
5Eisot7plZph0Nog/h5xqOgdIirto58ZKyN4MwNB/DX9uHf7ahK2jE0CLZDhuUo0
B2ydWISEJR2zDbb6C1D4A5z8sOPnQA2zKgUQkpcICrwjYTHBSdJHlwTHirN5BDWB
LVADAxBIrK2TZR5Poi3B28P4ekyY8ZV2K8/oYknWamHo6J/SPJICUQLP1tdWt1Ao
op1f3bnxmgcRixaneEF7savAOkvGrzE8KMPYx0jAkciaGt93VSJMwKMxc9N7tlWi
LV4NbioZlNtM7mICBin62eHlJ8XO+4owXClNcdPO+j/T460MtXKXAAhjvtFIcKw9
J15woTgVzZX7TkAKr9BkP7foTV7wN30hjtFBzf7dzAFEeiV+dGvzb8dy6XOGIaeS
CzVeDh/5dIUbMOjXd27QnfPxbvitQ/GB4tiuN3pAv+kwmJFAtVtnj5W+Woh8qUFP
c5GVBSZLUgiqlIixQTwled2m4k+aV0qCTC8ID5CsBU9ZKoWfx4W/XzqCrIv3NCX9
lFBouLamt+Y2PLkFXMmeH1qJtf4gmqkK39TECfpO8L7jWz5iZV9fpf34UPNFLJTO
/gf+pNMGWQxRHRbEgI6K04+UsJWpwbMqSRJu6ICL+iSiSve+GPcgyIl1vOB4ABqd
D6/kYAKRU/J4CEkiNfPZXIEWPj11bJdlN/ne1s4ChyRBqCqhi2ykk0bPM9meh5CW
WQWnIe8XjeJPwEWA1XYJ9gab0JLQ5JUjN+2q9zXDg1xfe2ahzpBGKJnytfxRI608
tZORB2X2nei/0KYiuoRk2KUxXdI1iz8i1evuVIeOsMc+DEw57f4cuSows63POPcv
8ZZRQcrJoqK5zOBlN+GY1MD6csjnwa8lRK+YKv9cPD0o0NNfjRlo8uf05vIAcifs
nUd47Cvjk0xvvx8Oq/OIZwca5sTvL2Wtl7SgsmwA1WU7ne0VK45+iIz6gPEiMP+u
L7CF5uPtIpaklRUAvq9nDsg3+J2Le2GGm/fV/nwQVFi/ahbW3c2KVt1pvMBt9ZRS
Jd8Gomb8B+87MjRtoeYhZBq9h860591meUo5euk135UiIa+0lLkTEcT1uEix68Rl
OYwreAY9lEMo2fk2YjjiKrGSgj9DwZ7IjQnRgZGudnXIkc0+USVAB4IUJ7HUUVl1
x0NqXdYW9kNV5qDzGZ229od+0YWBfgR/5H1UnmMpLCmaqTv4gVgrsbflZkKBhaU7
Rle27a7i8Ozh79bZJmoYVp/+x88f62WXKJZl1Jxae1lMUOe3g/98HL1ViUrp8OFH
J3AoIzhO3wNPO8L9S7J0f+18dTZQzVbzc3vHZb7ue1yQzXW0iVJfp86G5pzu1jb4
Aa+y9J9nueSV1qT5xJOD5Yk7DQbYDfpm3HW7t5aKtYVymp6fgE/UNbPIbocO135r
Wx7vQGVCKd9XMGTZeeCOjonvejLFJydAKmphDZjtWqcKFML717yVwhCBANSEi/J8
Umf0SlIxmI0tSwKCBiJvm7N6oaZa/vfi1l4XiqhKS2b6wumbWRhYhY05bY+WhuvC
WytKGz8942kqKD1EbBMThAx2v5IuYLA8vcIMZxIXuVzh2C+iLn83o0YzqtBJ27yr
Ze8+3hcYRxTsvNtjfAQEOMnEwcx1pk+t08MRgCvw5PKYmKpFEwDbfqHhKpI9N9Kq
oep/W4Z+Dtra/2boV5metjMF79wV6geQ27dX5Z+FLXvzXx/dkCh4Uo3dnhpi4mgy
xxSsJjvwND7lPPUYH2EUuwjaTuZdIX03L+hw0/iCu/iXGlw9nXbwIrCUJ8t7Mjbd
ri4YJcZHs+3LOtku7SqWk0pIjbsW7Qp8E6KXlBSrvLhJW+Eu1uIPLoWJlVz6p/+W
7W8Tw6LsFZdocp15x74FzmgSBK2j9dJlHqVqp2pRPcTjwGrq3V45+4bDfGsCFdzq
rF13NaHrj5dtd6EWvZAfWvwnm6AIEUGqG9YrnixdNfgOpFHUMxBqoBCVRktq+sxT
X5WHQKx/QA9mvrNGlRMGlOXgKIe1PKyXsVyixlNRCG6sFWgLXOD+nLGBQko1yOrs
QQndvFoJVhOxrWuIAkeJbpl+Wp6jbvifS4JC1sajSgYtzPkRKzNnYiNaviwZ5/dJ
/Z920cl/Av1Keqo3L9dMPqSC4g8GOMAOLILPLqkKbzQYqBOkx/fmtBSAHwmpVC6G
WvtAeOqY5Hlp6Roqt+0ZsZLL5Hh91EyDr/YHcaEZ1HwCkmR245FZ87nQ2YTfuLJs
VPa/6PYT6TesWQKV2S+1U5pOK7fBiDV6AoawnZveB2PYD+e9p6GCstFk4Bd8ubbu
yd54LgUtGLdZDYxDEapkPv27ouRAFn/XItj0xNIxh2YDd42J6EzoQiVsQd4ZLC2W
ULFW1NIfYBqzTrxjVpT3CiM16bJ/48DxhAaFom6hX2vHuxvABAtCjQNrlpGS9kOU
LcRquSMQtVU8V9yLHhxC1f+r2dRb0BxOUpIKU3WnAlaHWfUC/Xa4LCK9F/YAVVrL
T7ognEn6dreIsblKondwglPvrrvOJK/xUe8lYp0DjOmH3YmKzF0qRxZ6W9kei3lK
1JxNxWxpxc8XDljw0n3gcKD0G7XPbF0nTeGeob1OveIafu3Vlf9GdNol4bYNhlTV
+bDCqbh+Ebzn14qvfc4IRPjjj29kc97jmWQcKwCECScyD96pI3vAKYEsCHCKj9pZ
OQRCda9mufY7cUy4u5qyTMQ/ds/gp6QWbTDYiR2Fe+GNbbrlXcwvL7XGejo5bRc7
/1o5bEuxcchCKAyn0UGNb/0JH6mzWYTa5dJfe4WQmcAC9wrJrJ1yqKdbQFb6rDSR
L7UpbmLrYT32xGHEDNgUb7FIoIhD92RTasHGGvQwoQiH1C21B2YOx3veQD4KSojR
BVWoebDi2KVIOcfW1ch2TuDZxvXbfRoBtYRxb6bg4catpR+mmzx7ZfsD0uXFfYE9
U1n9B/n4HqfBUB0lbFsI5FpH4DWYwMZ4RboHbbG6H5CG1bJ6fHaTe4Z7YQpognYb
yYMskZa5H5DuFxSv9aZ7sRF2TMJwec5o8i8ghQqhuOXoWr959M7U/V91ObAl+iaf
3V8TmJnyC2dY4QhC5KIwpYXaP/lpOwl3jdFNsPEERvCrOCyzflTOO/C7FaNmNRp5
QkWBH/+q1lGelasJDY3FVRTstQ8qXYSEZh49IKhF9UEJy0qA9w3uf0XGNc1yQYwm
boa4CW0bw+CFNoRcaRRHSnx9GNFkvpb2PkhuRwZZnjjx7GOrDo08ifN573YloIN8
b70E4X999SYL1Sywk3Dq2/g8rJDq+cVLB8+tRhZzSCaMPcGUYZWwawFwt0XhVH6p
5TYmsXqai7RUtwu8W8Grh/dkACTl5O3KKrSIMlsG5zJbVxGir1Dq7V2C6x03YgW/
7WdCgpophDvpUNj+c+2UHGUFcQv1WzQTFG/q99gHJUSrfaOMM13qoCaaOJg3gIOc
55tUIW7sEjF30jrW7OSwR5WyAsWbA3RFzM0aJiMr3VDYjBUHkAVrHlCseHwA/4At
B42YM0YhGqcbnLROVmsXd3nz0aIoKikrvgyuBezo8ho4TiAALZAIztZHWLA57Azv
ClavVw3Rf6f6jBASHT9Gobl9lVKEsSD7YqHES/GbohqsD9V8Cm1MpCS1Em4HJLFV
+P527EtBzT/N9mItPU5HDniqqWmGxMciTFAog6QvCmn15o2xzQpx1vqzkcfKC3kL
EX4mXx2oV5iiiaK++l5FNDLLpt3TXoeT5WW0tvXk/mz32pq2ygLrRpYiKL4k+pmC
vMXij+4W444yaRp88oWE1BOXPTQR7w/3YB8Ed6PawOaMAf0IhaMS8vRdcZVFZ17A
L9/w4j0s7VgX5Y5W8R5valwYnRdS9LWed42H28qkJpYVO6KQn2DiKQO1mk7G1sv6
DkM/sGHVWjipDZIlxtZsMiNvCOIrhrspQIroUlWrP1coCGNyLpw+PA40HxCxzoFH
6XffQkYD92tW06tQY5DgRK6NRIqxlrXQqMmzVCyKUjJjLPjTjlb3gIChOhv4gkp6
0n44BXPWMKogqVC7UyrkQ6HZF1je1OEfpvUxf53AK1el8ValfaIEzC/ttMasUVzl
WC+nQ+B/V9IfmSEY7aRdAqthBSxt7s//Ao6zeaOZOoL49wdI0BlJn+ZM0CddLYTH
IY+yB5VPn5v2pliKt84fOEKI0eCfJWPh7Q7dD8R+6C/rZLrIMpTSJCHBhYb4qU5C
Qzk4e3PDZA9IQJeCOSvUHgK1eddRf9BqhtTAWokKMrCfPRnj8Q1CuL64MG14zvJL
r57+PXUrovht1eHcSfagZmK+B5AgKe7j4jydkh9fAr32ZDoSGBlRae9kWB+Lu/+y
8RxLvjjODNNoWwhrn2QWMD/UzilaTL5Yuqv6n1Ty7qFeyPRG3Oy2AVxWjiglv07+
Mi4Q2nw+fO58yo79q4bE4H6D6CemtmpAx8a+Slz5/xeVFUhU6akHfRtyWCfFIHHH
S2fuSzVRBbRUS26VaU8gqAgawWFWfw8QJPPpURr506yGL6cKRKNqUNCgRbnSEMIt
UqwJhs1AK38dZ5XzjnM3vsq6hBFXTnskmsvb3KIyh9G6eXSJlej1Lmo3IW1NbT9E
TLha7t9JcRYjUUK9sJq5wwubhcv5qE/mAfgOgdK1Qo5w6q0clXHbgFP6EJVf57DC
fcn4KfOcGLx5Vw8lCp0VRGRUUMVKcZF1paVEmEYe+M2XV8rxbF+m2FtiFyRqxyH1
Ccbyjh4qkSseOuNdmYQEUU5LX7MKQq+AB1pQtPtOSuIR8uFIx6FneNreLoxWslaO
Et2xXTosZJaWSfxpiZ587d9okargwP9U5KlUYZj6GD8xsoDy4FjZkcOKiL/Dr0qZ
yuSfYYWm5SDXr1BTFq5u7a//Olke+w8Aej3UGYgw80Jw653+ZS0uHpxegwuKaPDC
04+r6b6hY9nZeIvgesFu0nU2pV0BlQM4l4LxMOxntZNE0akBwfXAMl/gcRfxBi84
5XdFGwCe5P2lPmpFO6NSoPh3p3WO4xf13sLaGADXqhNKByKrmJw5hjx/8QLRJO68
1cJxsph6SYVuO6GOQNuHpnTnqBJCwZ9s4iG3fO/mkP9OCzJ8HYG/dT/9oqsN5Zqi
I9muy4e4ox73t+z4GZlAFNjCh0gt2jqapiYJo/vb8JljgKeZQ8ONpOt/V4/SkbPB
2WbiSLWNtwVBSCeRE97R4F7lhhBk/ToQ2eZFq0dKXq0YCT6JAHJHtVfcv5xp3lsX
RqK9IuO90Lu5t7lMlMGT18Y77sbeLMN9bLzVv75U4ohjWe/BW628EYmwa/aE1PIU
Exa9rLq6GMi/mqdS0xVHdYTesGHxO6rxyUI081zGUTDkJysDSlTMPXzp4/QvWTbk
hMkn3D7tCN1WowE64Y4gusNH8eamBjE6MVx7y/gWejRg1eB2v+n5weB8apSADlNK
Yf/oP5BlA1xH550rG+9LFdrZT4Eao5bUOZ4/H9cM7TtFu/4L2iFKif87Szzwxzej
y2+7xagqFxzId37weF2X+lXrwGTNZuPoTWUAw3uEpkG3TAUg+ykuGf2dxTla4cJr
zcq9K/q10a/VoV3zwSt18M/+7fSi2msnhEkCqjzBEySDM3vYJRIGRoe7Tr36g2jU
tc0OoMOVTl5/kqbJHc+mIpan5uDtMbM4vro5YHexEkCzwNa36K62fpJYSFBSr6OY
uoBXit4sBKEHNtAArKxCLxLM8icprGbA3Rls/F+3Yuh7ttz06UN/Ldb+gpu8JVyD
aoR7fdtNJRvLAjbvuHhZNZeoRgbeCkd/Cbd7aST27E7MVwQxnSBvTMb8y6hwVBP+
PdXPk6aAIUtKxKb6sOighFG6I5hmFAMQRynBoIQQjnlMAkF6qrhXjY25CepE1QDP
9ixrN7jhw0a/jWhykpcIVTbsyRm5OjTLc3GyZBJcHwaxSkhpJ+44L+hkAgYb4+Vp
9h0SJCxy8Z9oOTLl63LZ83fJhL/kmS2gJznq3KPbkMwIOXepLYIYTM3EUG24WDRC
zP+0mZ08OtkEwrd7UQAEyFziyJWyo8oYQ2DDXUOXqE/lIz+i+wkP+3lJkDb2hbne
m0/qIvWmzD4ICotdslqOwalrlOxCByW5GzJGGn/SaM7ciaqqVjaGCe1cJnpVXkGL
fLVsBfR1GSf3lnOEVBalBHdi+l4pQSgTQbgBaIme85XiJIR+ALiJCawgfa66tx3d
hICobc5bksC5WarJpQMneAvPJgzXl4D8J+Y1vrEj9fnAmxRw2TDo7E89IxfIwTIJ
9bGIn2Pmd0pVYQ0EwZx/wXmaCH3E56SKKtPUwLS2q4j/d1lCXqU7q1dT+lJMlF2Y
rXkyDorILJoxc1F7l4u4Q00ezZxK+P5wOuz66bU7IIL8B2elnw0UloOVtNVP1woW
596PfGoQqEylfQEaDLMSyT91JqmaFgP80AjUUkrWtLgCziOPKlf6irkVjRfuS1la
y1ZMZHFXLkd2goNz7EmIYmcVS5DV9jwexAXZ94TEkA7BQ4R5ipfSgRld46VAmRf+
XfBXN4M7ZhhqVuI5UnMyrr13mERClkmMTDwmvTZgFzee7QB2+YCEtSwMbucqF29+
fY9DH/w8MZ/XRnUdPTIz85B6sawNaxZFm4jo/uFX5EnEAzECmb/PGnympxCLVdnY
O76jOrimZCFQ/a3u9F12r0CDtvz9Cj9nuG/2lwwMUfxy+Piuj+5HlGmba5r/7nW7
v1aEojfAcDjdJStYJk0q8joMZaRm5w7MRaWvNdpQ+cH2M8raNOALXVJ0GUsSjng/
SIWZcktCtMXLH6rATtz8Uu0Oi539xVanxfTkVkLOp5n25ORs6vJlLAnaVCXj/D0d
ZkkWM4SB6LM+P48JVH81fJQq0lNnomFwZcHt5m/pG8b7Xgw7TrmrIYY6P/1Lx00j
O/Un6xJDQKC4RV4jDt3MMwGFY8DFqc/eyrqpFyEFEhWlliSmJOOvPvMw7vgbRdys
ci26x74XxXVcqXOg9+BNo9ZqDwhjTKVW4RlSk3NZwxeSINkEFLigtMwCIBQ90u3F
+VPP7JM9ug5ZI9Rigno87XutyF6n1JZ6yhSHcw4L/IPFm14RBEGmuEbaskz/TVUq
hUe/0akXWA7yPsfTau5kbKAY1Zk0mlhWcnlVTbiXro+8E06N6H8V0qNEYdR4hg+y
uRqr+SJZeGcg76fKZ3bJsgdnGrDsW2EVHLl40UneLXCVl8Yi/K8WIEg9KvIs+rsc
0FYLqIHMekfRPiUtIu8v6KNhVGVmx0o5SmUpu+/87HQTj+uWLVMGeMOgsE/sL+Qv
x62joOazIV8pyOp2QEy/t9JEKT/8gmJeW7969L/F4JkaIukhVnK0jxZ9bhxJ77gR
CEmrB0HeaUDiNQWii96s9OlaQ0sMsDiYdAwLANSnJOT+hxkN7uJ4GR30skpIPzZa
UakyiJZ8K8E6FR0gWFcDLOdKY7atKy/eLsROs6BcqVtl1e/6GlgL/Eo7R1j+lRU0
0SSHp1UDKMEgY8kO8KNuIbvmfg6ptB5jxH4lu8k3ZEYjUid4wlVmRwjSCR9VMsUg
S7UThtQQCcyuZgXCVfpajUcRflCD3FjUBmYn3tgyPO8fmt9/pp8INTHtH56nQo1J
4u+Y011hDM8tBC9tyRSOUIX2wGhJkG5G3LvohkDsuzdXwxa4QsXOU6vrTh5v9wiI
56kLnBVo6ireJotIey/SSfjD1QiHpBb07apz+18OzTC3touuscH/77XTOeDdNqKo
bQtquOOidKZUwABMkfC0wgUQwtCEJp01Wz50nde16SIPwHjkqWWPuKk9wN13mASK
0kKc99Y8BY3BepF0DRtKDGEYt+HOCVaA7ozR/fzZmJUQ2x+BxBB8p++6ZYyGODHV
B4gIbj1IqqriYJaXB4JTT73LKXBnphCuuZWk6/ze90394vmu+sG/JtxDyMSkrlwW
ygKYn5lAX0QyO2E7Yebr3+5LDF3q+UWQLKLpsxcbbGwzh6D721prwId4cu/jg19g
sws5rOvoHAERiWGmjUgFDLZQVFvfECaNmdEfotXDg+7wQHBFgjXCOEQGcCe0I/7m
483i9AO3QrtCGpKjCu3N0CwKRTHqEhzobcTfLCJ2z30PgH2NCqNsVLSb7sprHqS7
bemv2zkUtPh8T2cSFRA/mItR9QnimXrwoEz7NdqTLxV+Xtltz54yYvzI4vkEieFT
1kbdfMjzQbOAk5fD2CWR1IZULnP0dAV3/7RqLP/R+VUJnz8smCXfbgY6Wu+8Jd1U
3IcLEWHbbtvcSD2mYoGX87hWCKuS8Dn4bIJzZtjxNJd8x0LhTvhk+zX0q9mgSRwt
UPH+8K9NPaYddsKfT2FRuCqlAUOVkL9crSGIGtPo24eiERB4VPk6cCuIifFiIOas
TZJRPfBpzWNbz5FLYa56Gso5EXAT98owOPMM3VBuwdUQajE/pgXu8jFVQE/8Nj3Z
g76wj+jCYlkhngJl+xk8qqxLLjc038ySy8WuGucpZ+xC+US28sJQSFuTUHQD8kq+
DyDN4JKOIl3FNDbFugRezSSbWQE62QKWhj+XD3Qp3gKzB5R75evZyTy5as6Im+yD
uLWz2IqMJWU5CDQyYM/I5HzIJJCMS7Ktt7gIexgM5ApJjazPBuj1HiMvS/OzdvpC
QDJB2dCGY1DAn6S4LLShNemejIop6BTK2t49p1J4CKNyPN/wrHFJM7AG6PJSfiuH
Eb+AM31pE8L7o1i9kOeN5o0izT5zM5WhxQ6ntAhbI2Q07q84NBDMlXKoytdBTTHS
8mOKGgKjZNg3065nNN60ShvhYa0d1tapvJQr+/5X1oP09/+fHzMSlnq8x7iq5hlW
xL1tlvMDMjLFNsm2GZ0U81W1PLe3jkQpuXyYJzTUqlNuz+3bLLHUuIf58kIDNH1U
6tu9HaUH0CtHEHCPRo1PjZNZA+aCoVESC53QkmRSbxN8RVsnxeoKLxMbDWra+Q0w
GxWKWPNOOtcH/+VOiVLmtYmbO8bF7zGR2B4BU4y/jwfSOYsCweCxt4dpen8g8ILw
mVQNXfW597fuvyKgMoo34guN8u8/W8bWtulaeGugc5t7toM8jHHXVBR+UjhYMa43
CenRwHrkbXRQzsQWmmMUyh28Vpp49wxHe4kb6Y4xqT8TUh1LBHeGYYPIICmaUU6P
aZTif1DBhRe+xt1Z/phT78Zfsrra0nSqzRug/vpxhCR2OY4L13l1W5Gze/2faseW
LCifoXM42DwyrMtwqKM/EIjv2CiUnFG7Wnk3h3ovI4WVo9wc2HuAQdwNjJ3Knalc
lboSrQc2v8uU1dSb4fg7M520UcTCPYiqe2hbDSk4GzxQvm8rmHaGwO5zRmFCj6ip
pa31IAj6lQ1zW8G+k7gVK/Izc2bVxw853YSdxreCbLnSILRQqDKJkkUxRI9MgTP0
1sBF3dZFvVD33ok0QPTMYj+bCWhtXT6A4U/8RJhcaGDfTj1Xo0cirBKF7nqy/Yig
noZqO0WFkkho63D1Hnjt3WMV6UzqcADtQAw8G++B5EfgQEfsyucBfW2sOoUovniO
KVPBQY9+wW0eyga1ZLaVm01tiCo4yhrUWblCT5tUIZIbeJr1GMftRYbyEiOaD95I
25cIsIb1PLjlGwNbMI8QzTy87DfdwdMEi1upOWGofFNIEHytnFTqK+2vpOjOnLWT
67o8bu1CCYTtri5AvW3yo/HOyCGytX54l1XlZ6DGqvQnJbT2hUphzOCqj/az8x4D
lqzw980mPliugjfOG1oVmcXBqrXyioIkND6XxxriUxKc4uBxU1YsrSbyAwUDr1Z8
MiOuPljKfSb3kHvInLUkhS0PqN6fPDrcSgyf+DF3SqwwMavc3zHJ+j3sqUkN5sqN
clshIf5q1Kt0GI7DpcrDBjbECu+f642k/LRHfBDE0ajeRFDmoAU8FWoFoMR5oPdA
gtf4HAnoP11hJFMJWkkwMQsDXoNRitVgy4hWpZLv8QKa2VUT+Mfh3+8HCpluTYGF
WhmGt16QyB+oeYFpzxEM5+w5/cVb/VfsMSl0EMqtqRoSvQgIpfYZ/4bmAhAn0ZXm
xRlemObZIn3W0PcpTw/Mon7/Zw4X37+W5GnxhCj7NIaxoF797DswPB3JcUgtkGIH
Nm+icvIyQKXLzYcv53+QSVnvTeD0SBfrkWLSPaUnujuI+VqzFqqh0aBuQZ/NpEwj
I8cJM5IlXxIFRZm5mMgu5fMO0XxtrbPXfzsBnZSDu5rRgZnwKLBK/BrIfMIKKPQ1
n4IKj/C4NTZO+46eHT2572VxIoPNVYVUJ/b/Axs2t28UsYAg5G4y1GNBwiFyuy9B
hm70eZXZF/k6/43cIicEU4oYxcDw3bQ9TRKzB58v0A4IVf79DiPjyTwM28rbhKYl
b7k7mWre4XmNrvkM1uhgzJm0mHEeo7vL5YJjrma4G+S1+7WFobQlxXxNnUIE0l4C
0vlm5Ts/cs1EQAEpeTvNXMbgGUDNktHkZkpOMcLtEHb2v6V+rPxZyhJeHjYLEPYE
ZqtSSCtPohrlTrkfYgQt30buIp8KtHUKl4MET4ILcna9dUiTZ8yDhDHUNkp440XF
hdVUanJG+a44cddQUWUcETtdqZRWlW4Uz3bQKwPv/+RYBBEj25+voP0/oDvdkghJ
plo6JzKye+PICcfHc16CWs8PYfbqShlDTS3PcozOUJQfsQrcHX98c6aN6RYWutfd
P0A7fj/aSEgK8FUcMa+oiLagmUvDyB9suCcRCUXeW91JLAkPKNYZ2aD6iAqQWAqE
kmEwdUUhbpLKFjH/J+YbVFx4vepn6/NZj2B4Z//wuZA3AZamStHtSX/cnfg9u0Lj
c55r0xkLG5LlPP064ViE2J/s6ybsXWHXITQf/76jjBoPdnFRrE9FvSe57UdE1voL
vtcrepvUkgYl+r6b5Ln/Zr417bidkWCH+Z0loeeAwFiIe9+/FtcoWokIFrvtZOzl
sXU2q4xxunCIZzKleyKsp7vaVlyAg6NBH2jrDIRFTgCm174rZWZZ6sg6a36oH1lC
P1jKxdN26HJ7wrSkOI2FZlxg5VKqRYtFJAziIpBmO5mgILh1JyjwXXyS+MBT36xR
vr5KItIPx1kFMHkE4rbaGPNaUBTKXfSQthsFRPwSE8C8hZMGFwmW99JowNvMV1fX
bkcrXXgOP+vwDm6g6OvJRYHRgZ0D3DRD2IqAynXtphtbgIf7aa4E9FpC2AJPaTuT
gGVYJt3xQMtY8RoXBk3l1Wk9wg/lUyG+llCUFGF8xWM+APbnQXfTInDIrGroFyRA
+ael50iACmK6mSBKCE3XxExwcz49VIk/f7iWKbssOjlMhGnsDgoZXm3i5aBXYs3h
xV9+DJOz/bbN6rEQqf94P/pg0HeDZ9ihkfgz+t45jjjxXVpiI2wcnugB97aRSvGV
zp3ZXIJDTfHg8cVw9+ORPDXHfdUV5VPHWhL+v40LTHDvDf++p71uuQdN7Na7iHUX
LcaT2pdE/3NZkUFqtZNu0VUekRiO4WmTlc4Bez8JCwgkVLreoHe2jIV6mOyR274M
wdjDosOMpOkEfY3JxebcYwTawFOTvIfQQt+kKpQzl/znjijKE6kF/1n5BE/iHd9z
YmmOzRLJbtI=
=x9wD
-----END PGP MESSAGE-----
