SN:3K60180500001583 BD:Jul 23 2018 VC:834b9c1 MD5:48f99e4865ed8b810be1bb0eaaabf929
SysTime,                      Time,         Batt_v,      Batt_v_sd,   BATT_PERCENT,BATT_PERCENT_sd,      [CH4]_ppm,   [CH4]_ppm_sd,      [H2O]_ppm,   [H2O]_ppm_sd,      [CO2]_ppm,   [CO2]_ppm_sd,     [CH4]d_ppm,  [CH4]d_ppm_sd,     [CO2]d_ppm,  [CO2]d_ppm_sd,      GasP_torr,   GasP_torr_sd,         GasT_C,      GasT_C_sd,         AmbT_C,      AmbT_C_sd,         RD0_us,      RD0_us_sd,         RD1_us,      RD1_us_sd, Temp_Status_mA,Temp_Status_mA_sd,Analyzer_Status_mA,Analyzer_Status_mA_sd,       Fit_Flag,      MIU_VALVE,       MIU_DESC
06/16/2020 09:35:12.414, 06/16/2020 09:35:12.335, 4.15830e+0, 0.00000e+0, -2.09565e+2, 0.00000e+0, 2.01244e+0, 0.00000e+0, 1.05789e+4, 0.00000e+0, 7.37719e+2, 0.00000e+0, 1.01698e+0, 0.00000e+0, 3.72803e+2, 0.00000e+0, 5.01636e+2, 0.00000e+0, 2.26744e+1, 0.00000e+0, 2.36249e+1, 0.00000e+0, 3.59735e+0, 0.00000e+0, 3.18812e+0, 0.00000e+0, 2.00000e+1, 0.00000e+0, 2.00000e+1, 0.00000e+0, 2, 1, 
06/16/2020 09:35:13.404, 06/16/2020 09:35:13.330, 4.15810e+0, 0.00000e+0, 9.70655e+1, 0.00000e+0, 2.01540e+0, 0.00000e+0, 1.15801e+4, 0.00000e+0, 7.38812e+2, 0.00000e+0, 2.03902e+0, 0.00000e+0, 7.47468e+2, 0.00000e+0, 5.01661e+2, 0.00000e+0, 2.26610e+1, 0.00000e+0, 2.36307e+1, 0.00000e+0, 3.59703e+0, 0.00000e+0, 3.18825e+0, 0.00000e+0, 2.00000e+1, 0.00000e+0, 2.00000e+1, 0.00000e+0, 2, 1, 
06/16/2020 09:35:14.409, 06/16/2020 09:35:14.325, 4.15834e+0, 0.00000e+0, 9.71001e+1, 0.00000e+0, 2.02127e+0, 0.00000e+0, 1.09455e+4, 0.00000e+0, 7.36659e+2, 0.00000e+0, 2.04364e+0, 0.00000e+0, 7.44811e+2, 0.00000e+0, 5.01646e+2, 0.00000e+0, 2.26887e+1, 0.00000e+0, 2.36413e+1, 0.00000e+0, 3.59265e+0, 0.00000e+0, 3.18930e+0, 0.00000e+0, 2.00000e+1, 0.00000e+0, 2.00000e+1, 0.00000e+0, 2, 1, 
06/16/2020 09:35:15.377, 06/16/2020 09:35:15.319, 4.15844e+0, 0.00000e+0, 9.71146e+1, 0.00000e+0, 2.01229e+0, 0.00000e+0, 1.17206e+4, 0.00000e+0, 7.39910e+2, 0.00000e+0, 2.03616e+0, 0.00000e+0, 7.48685e+2, 0.00000e+0, 5.01646e+2, 0.00000e+0, 2.26961e+1, 0.00000e+0, 2.36440e+1, 0.00000e+0, 3.59454e+0, 0.00000e+0, 3.18892e+0, 0.00000e+0, 2.00000e+1, 0.00000e+0, 2.00000e+1, 0.00000e+0, 2, 1, 
06/16/2020 09:35:16.372, 06/16/2020 09:35:16.314, 4.15841e+0, 0.00000e+0, 9.71108e+1, 0.00000e+0, 2.02140e+0, 0.00000e+0, 1.14092e+4, 0.00000e+0, 7.37329e+2, 0.00000e+0, 2.04472e+0, 0.00000e+0, 7.45839e+2, 0.00000e+0, 5.01652e+2, 0.00000e+0, 2.27032e+1, 0.00000e+0, 2.36560e+1, 0.00000e+0, 3.59583e+0, 0.00000e+0, 3.19112e+0, 0.00000e+0, 2.00000e+1, 0.00000e+0, 2.00000e+1, 0.00000e+0, 2, 1, 
06/16/2020 09:35:17.361, 06/16/2020 09:35:17.308, 4.15857e+0, 0.00000e+0, 9.71346e+1, 0.00000e+0, 2.01705e+0, 0.00000e+0, 1.08391e+4, 0.00000e+0, 7.39909e+2, 0.00000e+0, 2.03916e+0, 0.00000e+0, 7.48017e+2, 0.00000e+0, 5.01650e+2, 0.00000e+0, 2.27069e+1, 0.00000e+0, 2.36596e+1, 0.00000e+0, 3.59517e+0, 0.00000e+0, 3.18808e+0, 0.00000e+0, 2.00000e+1, 0.00000e+0, 2.00000e+1, 0.00000e+0, 2, 1, 
06/16/2020 09:35:18.368, 06/16/2020 09:35:18.302, 4.15843e+0, 0.00000e+0, 9.71135e+1, 0.00000e+0, 2.02513e+0, 0.00000e+0, 1.18875e+4, 0.00000e+0, 7.38267e+2, 0.00000e+0, 2.04949e+0, 0.00000e+0, 7.47149e+2, 0.00000e+0, 5.01669e+2, 0.00000e+0, 2.26895e+1, 0.00000e+0, 2.36680e+1, 0.00000e+0, 3.59425e+0, 0.00000e+0, 3.18703e+0, 0.00000e+0, 2.00000e+1, 0.00000e+0, 2.00000e+1, 0.00000e+0, 2, 1, 
06/16/2020 09:35:19.350, 06/16/2020 09:35:19.298, 4.15864e+0, 0.00000e+0, 9.71446e+1, 0.00000e+0, 2.01973e+0, 0.00000e+0, 1.10949e+4, 0.00000e+0, 7.37072e+2, 0.00000e+0, 2.04239e+0, 0.00000e+0, 7.45341e+2, 0.00000e+0, 5.01651e+2, 0.00000e+0, 2.26936e+1, 0.00000e+0, 2.36720e+1, 0.00000e+0, 3.59134e+0, 0.00000e+0, 3.18600e+0, 0.00000e+0, 2.00000e+1, 0.00000e+0, 2.00000e+1, 0.00000e+0, 2, 1, 
06/16/2020 09:35:20.348, 06/16/2020 09:35:20.292, 4.15864e+0, 0.00000e+0, 9.71440e+1, 0.00000e+0, 2.01778e+0, 0.00000e+0, 1.10487e+4, 0.00000e+0, 7.37545e+2, 0.00000e+0, 2.04033e+0, 0.00000e+0, 7.45785e+2, 0.00000e+0, 5.01646e+2, 0.00000e+0, 2.26974e+1, 0.00000e+0, 2.36757e+1, 0.00000e+0, 3.59351e+0, 0.00000e+0, 3.18720e+0, 0.00000e+0, 2.00000e+1, 0.00000e+0, 2.00000e+1, 0.00000e+0, 2, 1, 
06/16/2020 09:35:21.362, 06/16/2020 09:35:21.286, 4.15866e+0, 0.00000e+0, 9.71472e+1, 0.00000e+0, 2.02824e+0, 0.00000e+0, 1.21781e+4, 0.00000e+0, 7.33877e+2, 0.00000e+0, 2.05325e+0, 0.00000e+0, 7.42924e+2, 0.00000e+0, 5.01661e+2, 0.00000e+0, 2.26998e+1, 0.00000e+0, 2.36818e+1, 0.00000e+0, 3.59099e+0, 0.00000e+0, 3.18704e+0, 0.00000e+0, 2.00000e+1, 0.00000e+0, 2.00000e+1, 0.00000e+0, 2, 1, 
06/16/2020 09:35:22.339, 06/16/2020 09:35:22.280, 4.15881e+0, 0.00000e+0, 9.71695e+1, 0.00000e+0, 2.01543e+0, 0.00000e+0, 1.20873e+4, 0.00000e+0, 7.36391e+2, 0.00000e+0, 2.04009e+0, 0.00000e+0, 7.45401e+2, 0.00000e+0, 5.01644e+2, 0.00000e+0, 2.27257e+1, 0.00000e+0, 2.36821e+1, 0.00000e+0, 3.59021e+0, 0.00000e+0, 3.18811e+0, 0.00000e+0, 2.00000e+1, 0.00000e+0, 2.00000e+1, 0.00000e+0, 2, 1, 
06/16/2020 09:35:23.333, 06/16/2020 09:35:23.275, 4.15875e+0, 0.00000e+0, 9.71612e+1, 0.00000e+0, 2.02962e+0, 0.00000e+0, 1.18548e+4, 0.00000e+0, 7.34833e+2, 0.00000e+0, 2.05397e+0, 0.00000e+0, 7.43649e+2, 0.00000e+0, 5.01637e+2, 0.00000e+0, 2.27276e+1, 0.00000e+0, 2.36895e+1, 0.00000e+0, 3.59092e+0, 0.00000e+0, 3.18751e+0, 0.00000e+0, 2.00000e+1, 0.00000e+0, 2.00000e+1, 0.00000e+0, 2, 1, 
06/16/2020 09:35:24.362, 06/16/2020 09:35:24.270, 4.15869e+0, 0.00000e+0, 9.71522e+1, 0.00000e+0, 2.01794e+0, 0.00000e+0, 1.12689e+4, 0.00000e+0, 7.37719e+2, 0.00000e+0, 2.04094e+0, 0.00000e+0, 7.46127e+2, 0.00000e+0, 5.01623e+2, 0.00000e+0, 2.27304e+1, 0.00000e+0, 2.36899e+1, 0.00000e+0, 3.59192e+0, 0.00000e+0, 3.18684e+0, 0.00000e+0, 2.00000e+1, 0.00000e+0, 2.00000e+1, 0.00000e+0, 3, 1, 
06/16/2020 09:35:25.336, 06/16/2020 09:35:25.264, 4.15842e+0, 0.00000e+0, 9.71122e+1, 0.00000e+0, 2.02211e+0, 0.00000e+0, 1.20816e+4, 0.00000e+0, 7.38835e+2, 0.00000e+0, 2.04684e+0, 0.00000e+0, 7.47871e+2, 0.00000e+0, 5.01646e+2, 0.00000e+0, 2.27303e+1, 0.00000e+0, 2.36907e+1, 0.00000e+0, 3.59304e+0, 0.00000e+0, 3.18435e+0, 0.00000e+0, 2.00000e+1, 0.00000e+0, 2.00000e+1, 0.00000e+0, 3, 1, 
06/16/2020 09:35:26.336, 06/16/2020 09:35:26.258, 4.15869e+0, 0.00000e+0, 9.71519e+1, 0.00000e+0, 2.01629e+0, 0.00000e+0, 1.21987e+4, 0.00000e+0, 7.39358e+2, 0.00000e+0, 2.04119e+0, 0.00000e+0, 7.48489e+2, 0.00000e+0, 5.01623e+2, 0.00000e+0, 2.27334e+1, 0.00000e+0, 2.37007e+1, 0.00000e+0, 3.59352e+0, 0.00000e+0, 3.18371e+0, 0.00000e+0, 2.00000e+1, 0.00000e+0, 2.00000e+1, 0.00000e+0, 3, 1, 
06/16/2020 09:35:27.309, 06/16/2020 09:35:27.253, 4.15850e+0, 0.00000e+0, 9.71244e+1, 0.00000e+0, 2.02146e+0, 0.00000e+0, 1.23931e+4, 0.00000e+0, 7.38404e+2, 0.00000e+0, 2.04682e+0, 0.00000e+0, 7.47670e+2, 0.00000e+0, 5.01612e+2, 0.00000e+0, 2.27347e+1, 0.00000e+0, 2.37056e+1, 0.00000e+0, 3.59434e+0, 0.00000e+0, 3.18405e+0, 0.00000e+0, 2.00000e+1, 0.00000e+0, 2.00000e+1, 0.00000e+0, 3, 1, 
06/16/2020 09:35:28.308, 06/16/2020 09:35:28.247, 4.15876e+0, 0.00000e+0, 9.71618e+1, 0.00000e+0, 2.02214e+0, 0.00000e+0, 1.23582e+4, 0.00000e+0, 7.38547e+2, 0.00000e+0, 2.04744e+0, 0.00000e+0, 7.47789e+2, 0.00000e+0, 5.01626e+2, 0.00000e+0, 2.27389e+1, 0.00000e+0, 2.37106e+1, 0.00000e+0, 3.59582e+0, 0.00000e+0, 3.18544e+0, 0.00000e+0, 2.00000e+1, 0.00000e+0, 2.00000e+1, 0.00000e+0, 3, 1, 
06/16/2020 09:35:29.296, 06/16/2020 09:35:29.242, 4.15874e+0, 0.00000e+0, 9.71598e+1, 0.00000e+0, 2.02144e+0, 0.00000e+0, 1.22943e+4, 0.00000e+0, 7.43438e+2, 0.00000e+0, 2.04660e+0, 0.00000e+0, 7.52692e+2, 0.00000e+0, 5.01632e+2, 0.00000e+0, 2.27446e+1, 0.00000e+0, 2.37112e+1, 0.00000e+0, 3.59411e+0, 0.00000e+0, 3.18681e+0, 0.00000e+0, 2.00000e+1, 0.00000e+0, 2.00000e+1, 0.00000e+0, 3, 1, 
06/16/2020 09:35:30.303, 06/16/2020 09:35:30.245, 4.15872e+0, 0.00000e+0, 9.71565e+1, 0.00000e+0, 2.01765e+0, 0.00000e+0, 1.25947e+4, 0.00000e+0, 7.45696e+2, 0.00000e+0, 2.04339e+0, 0.00000e+0, 7.55208e+2, 0.00000e+0, 5.01628e+2, 0.00000e+0, 2.27469e+1, 0.00000e+0, 2.37236e+1, 0.00000e+0, 3.59318e+0, 0.00000e+0, 3.18629e+0, 0.00000e+0, 2.00000e+1, 0.00000e+0, 2.00000e+1, 0.00000e+0, 3, 1, 
06/16/2020 09:35:31.292, 06/16/2020 09:35:31.239, 4.15884e+0, 0.00000e+0, 9.71734e+1, 0.00000e+0, 2.01995e+0, 0.00000e+0, 1.20872e+4, 0.00000e+0, 7.42699e+2, 0.00000e+0, 2.04467e+0, 0.00000e+0, 7.51786e+2, 0.00000e+0, 5.01617e+2, 0.00000e+0, 2.27521e+1, 0.00000e+0, 2.37265e+1, 0.00000e+0, 3.58994e+0, 0.00000e+0, 3.18710e+0, 0.00000e+0, 2.00000e+1, 0.00000e+0, 2.00000e+1, 0.00000e+0, 3, 1, 
06/16/2020 09:35:32.327, 06/16/2020 09:35:32.232, 4.15877e+0, 0.00000e+0, 9.71631e+1, 0.00000e+0, 2.02664e+0, 0.00000e+0, 1.25798e+4, 0.00000e+0, 7.44302e+2, 0.00000e+0, 2.05246e+0, 0.00000e+0, 7.53784e+2, 0.00000e+0, 5.01631e+2, 0.00000e+0, 2.27529e+1, 0.00000e+0, 2.37320e+1, 0.00000e+0, 3.59035e+0, 0.00000e+0, 3.18507e+0, 0.00000e+0, 2.00000e+1, 0.00000e+0, 2.00000e+1, 0.00000e+0, 3, 2, 
06/16/2020 09:35:33.297, 06/16/2020 09:35:33.227, 4.15861e+0, 0.00000e+0, 9.71395e+1, 0.00000e+0, 2.02721e+0, 0.00000e+0, 1.20762e+4, 0.00000e+0, 7.46513e+2, 0.00000e+0, 2.05199e+0, 0.00000e+0, 7.55639e+2, 0.00000e+0, 5.01620e+2, 0.00000e+0, 2.27574e+1, 0.00000e+0, 2.37357e+1, 0.00000e+0, 3.59083e+0, 0.00000e+0, 3.18665e+0, 0.00000e+0, 2.00000e+1, 0.00000e+0, 2.00000e+1, 0.00000e+0, 3, 2, 
06/16/2020 09:35:34.305, 06/16/2020 09:35:34.222, 4.15886e+0, 0.00000e+0, 9.71777e+1, 0.00000e+0, 2.02298e+0, 0.00000e+0, 1.24875e+4, 0.00000e+0, 7.47783e+2, 0.00000e+0, 2.04856e+0, 0.00000e+0, 7.57239e+2, 0.00000e+0, 5.01611e+2, 0.00000e+0, 2.27565e+1, 0.00000e+0, 2.37426e+1, 0.00000e+0, 3.59129e+0, 0.00000e+0, 3.18694e+0, 0.00000e+0, 2.00000e+1, 0.00000e+0, 2.00000e+1, 0.00000e+0, 3, 2, 
06/16/2020 09:35:35.302, 06/16/2020 09:35:35.216, 4.15864e+0, 0.00000e+0, 9.71445e+1, 0.00000e+0, 2.02404e+0, 0.00000e+0, 1.25760e+4, 0.00000e+0, 7.43476e+2, 0.00000e+0, 2.04982e+0, 0.00000e+0, 7.52945e+2, 0.00000e+0, 5.01629e+2, 0.00000e+0, 2.27607e+1, 0.00000e+0, 2.37447e+1, 0.00000e+0, 3.59537e+0, 0.00000e+0, 3.18536e+0, 0.00000e+0, 2.00000e+1, 0.00000e+0, 2.00000e+1, 0.00000e+0, 3, 2, 
06/16/2020 09:35:36.294, 06/16/2020 09:35:36.212, 4.15890e+0, 0.00000e+0, 9.71823e+1, 0.00000e+0, 2.02663e+0, 0.00000e+0, 1.26540e+4, 0.00000e+0, 7.42483e+2, 0.00000e+0, 2.05260e+0, 0.00000e+0, 7.51999e+2, 0.00000e+0, 5.01622e+2, 0.00000e+0, 2.27490e+1, 0.00000e+0, 2.37538e+1, 0.00000e+0, 3.59043e+0, 0.00000e+0, 3.18642e+0, 0.00000e+0, 2.00000e+1, 0.00000e+0, 2.00000e+1, 0.00000e+0, 3, 2, 
06/16/2020 09:35:37.260, 06/16/2020 09:35:37.206, 4.15881e+0, 0.00000e+0, 9.71701e+1, 0.00000e+0, 2.02442e+0, 0.00000e+0, 1.20790e+4, 0.00000e+0, 7.44411e+2, 0.00000e+0, 2.04917e+0, 0.00000e+0, 7.53513e+2, 0.00000e+0, 5.01618e+2, 0.00000e+0, 2.27520e+1, 0.00000e+0, 2.37557e+1, 0.00000e+0, 3.59222e+0, 0.00000e+0, 3.18514e+0, 0.00000e+0, 2.00000e+1, 0.00000e+0, 2.00000e+1, 0.00000e+0, 3, 2, 
06/16/2020 09:35:38.279, 06/16/2020 09:35:38.200, 4.15894e+0, 0.00000e+0, 9.71887e+1, 0.00000e+0, 2.01832e+0, 0.00000e+0, 1.25133e+4, 0.00000e+0, 7.42245e+2, 0.00000e+0, 2.04390e+0, 0.00000e+0, 7.51650e+2, 0.00000e+0, 5.01609e+2, 0.00000e+0, 2.27557e+1, 0.00000e+0, 2.37656e+1, 0.00000e+0, 3.59223e+0, 0.00000e+0, 3.18569e+0, 0.00000e+0, 2.00000e+1, 0.00000e+0, 2.00000e+1, 0.00000e+0, 3, 2, 
06/16/2020 09:35:39.246, 06/16/2020 09:35:39.194, 4.15883e+0, 0.00000e+0, 9.71721e+1, 0.00000e+0, 2.02709e+0, 0.00000e+0, 1.26011e+4, 0.00000e+0, 7.34026e+2, 0.00000e+0, 2.05296e+0, 0.00000e+0, 7.43394e+2, 0.00000e+0, 5.01623e+2, 0.00000e+0, 2.27758e+1, 0.00000e+0, 2.37689e+1, 0.00000e+0, 3.59197e+0, 0.00000e+0, 3.18498e+0, 0.00000e+0, 2.00000e+1, 0.00000e+0, 2.00000e+1, 0.00000e+0, 3, 2, 
06/16/2020 09:35:40.251, 06/16/2020 09:35:40.190, 4.15897e+0, 0.00000e+0, 9.71937e+1, 0.00000e+0, 2.02131e+0, 0.00000e+0, 1.27486e+4, 0.00000e+0, 7.33255e+2, 0.00000e+0, 2.04741e+0, 0.00000e+0, 7.42723e+2, 0.00000e+0, 5.01632e+2, 0.00000e+0, 2.27756e+1, 0.00000e+0, 2.37729e+1, 0.00000e+0, 3.59173e+0, 0.00000e+0, 3.18532e+0, 0.00000e+0, 2.00000e+1, 0.00000e+0, 2.00000e+1, 0.00000e+0, 3, 2, 
06/16/2020 09:35:41.239, 06/16/2020 09:35:41.184, 4.15889e+0, 0.00000e+0, 9.71813e+1, 0.00000e+0, 2.01950e+0, 0.00000e+0, 1.15853e+4, 0.00000e+0, 7.23867e+2, 0.00000e+0, 2.04317e+0, 0.00000e+0, 7.32352e+2, 0.00000e+0, 5.01618e+2, 0.00000e+0, 2.27760e+1, 0.00000e+0, 2.37811e+1, 0.00000e+0, 3.58871e+0, 0.00000e+0, 3.18756e+0, 0.00000e+0, 2.00000e+1, 0.00000e+0, 2.00000e+1, 0.00000e+0, 3, 2, 
06/16/2020 09:35:42.283, 06/16/2020 09:35:42.178, 4.15898e+0, 0.00000e+0, 9.71953e+1, 0.00000e+0, 2.02944e+0, 0.00000e+0, 1.23259e+4, 0.00000e+0, 7.22706e+2, 0.00000e+0, 2.05477e+0, 0.00000e+0, 7.31726e+2, 0.00000e+0, 5.01614e+2, 0.00000e+0, 2.27797e+1, 0.00000e+0, 2.37926e+1, 0.00000e+0, 3.58951e+0, 0.00000e+0, 3.18865e+0, 0.00000e+0, 2.00000e+1, 0.00000e+0, 2.00000e+1, 0.00000e+0, 3, 2, 
06/16/2020 09:35:43.263, 06/16/2020 09:35:43.172, 4.15889e+0, 0.00000e+0, 9.71807e+1, 0.00000e+0, 2.01441e+0, 0.00000e+0, 1.25742e+4, 0.00000e+0, 7.23162e+2, 0.00000e+0, 2.04006e+0, 0.00000e+0, 7.32371e+2, 0.00000e+0, 5.01623e+2, 0.00000e+0, 2.27851e+1, 0.00000e+0, 2.37927e+1, 0.00000e+0, 3.59084e+0, 0.00000e+0, 3.18878e+0, 0.00000e+0, 2.00000e+1, 0.00000e+0, 2.00000e+1, 0.00000e+0, 3, 2, 
06/16/2020 09:35:44.256, 06/16/2020 09:35:44.167, 4.15892e+0, 0.00000e+0, 9.71865e+1, 0.00000e+0, 2.03318e+0, 0.00000e+0, 1.26654e+4, 0.00000e+0, 7.24528e+2, 0.00000e+0, 2.05926e+0, 0.00000e+0, 7.33823e+2, 0.00000e+0, 5.01642e+2, 0.00000e+0, 2.27903e+1, 0.00000e+0, 2.38026e+1, 0.00000e+0, 3.59289e+0, 0.00000e+0, 3.18987e+0, 0.00000e+0, 2.00000e+1, 0.00000e+0, 2.00000e+1, 0.00000e+0, 3, 2, 
06/16/2020 09:35:45.222, 06/16/2020 09:35:45.162, 4.15901e+0, 0.00000e+0, 9.71994e+1, 0.00000e+0, 2.01537e+0, 0.00000e+0, 1.17230e+4, 0.00000e+0, 7.22750e+2, 0.00000e+0, 2.03927e+0, 0.00000e+0, 7.31323e+2, 0.00000e+0, 5.01638e+2, 0.00000e+0, 2.27883e+1, 0.00000e+0, 2.38074e+1, 0.00000e+0, 3.59081e+0, 0.00000e+0, 3.18899e+0, 0.00000e+0, 2.00000e+1, 0.00000e+0, 2.00000e+1, 0.00000e+0, 3, 2, 
06/16/2020 09:35:46.217, 06/16/2020 09:35:46.156, 4.15896e+0, 0.00000e+0, 9.71920e+1, 0.00000e+0, 2.02812e+0, 0.00000e+0, 1.24092e+4, 0.00000e+0, 7.29657e+2, 0.00000e+0, 2.05360e+0, 0.00000e+0, 7.38825e+2, 0.00000e+0, 5.01627e+2, 0.00000e+0, 2.27916e+1, 0.00000e+0, 2.38189e+1, 0.00000e+0, 3.59206e+0, 0.00000e+0, 3.18713e+0, 0.00000e+0, 2.00000e+1, 0.00000e+0, 2.00000e+1, 0.00000e+0, 3, 2, 
06/16/2020 09:35:47.202, 06/16/2020 09:35:47.150, 4.15914e+0, 0.00000e+0, 9.72189e+1, 0.00000e+0, 2.02778e+0, 0.00000e+0, 1.14485e+4, 0.00000e+0, 7.24257e+2, 0.00000e+0, 2.05126e+0, 0.00000e+0, 7.32645e+2, 0.00000e+0, 5.01644e+2, 0.00000e+0, 2.27943e+1, 0.00000e+0, 2.38211e+1, 0.00000e+0, 3.59255e+0, 0.00000e+0, 3.18756e+0, 0.00000e+0, 2.00000e+1, 0.00000e+0, 2.00000e+1, 0.00000e+0, 3, 2, 
06/16/2020 09:35:48.235, 06/16/2020 09:35:48.145, 4.15884e+0, 0.00000e+0, 9.71742e+1, 0.00000e+0, 2.01118e+0, 0.00000e+0, 1.24856e+4, 0.00000e+0, 7.40530e+2, 0.00000e+0, 2.03661e+0, 0.00000e+0, 7.49893e+2, 0.00000e+0, 5.01643e+2, 0.00000e+0, 2.27970e+1, 0.00000e+0, 2.38259e+1, 0.00000e+0, 3.59114e+0, 0.00000e+0, 3.18718e+0, 0.00000e+0, 2.00000e+1, 0.00000e+0, 2.00000e+1, 0.00000e+0, 3, 2, 
06/16/2020 09:35:49.211, 06/16/2020 09:35:49.139, 4.15893e+0, 0.00000e+0, 9.71875e+1, 0.00000e+0, 2.03841e+0, 0.00000e+0, 1.29051e+4, 0.00000e+0, 7.35157e+2, 0.00000e+0, 2.06506e+0, 0.00000e+0, 7.44768e+2, 0.00000e+0, 5.01641e+2, 0.00000e+0, 2.28022e+1, 0.00000e+0, 2.38330e+1, 0.00000e+0, 3.59232e+0, 0.00000e+0, 3.18806e+0, 0.00000e+0, 2.00000e+1, 0.00000e+0, 2.00000e+1, 0.00000e+0, 3, 2, 
06/16/2020 09:35:50.190, 06/16/2020 09:35:50.134, 4.15899e+0, 0.00000e+0, 9.71959e+1, 0.00000e+0, 2.01662e+0, 0.00000e+0, 1.25735e+4, 0.00000e+0, 7.32386e+2, 0.00000e+0, 2.04230e+0, 0.00000e+0, 7.41711e+2, 0.00000e+0, 5.01627e+2, 0.00000e+0, 2.28041e+1, 0.00000e+0, 2.38429e+1, 0.00000e+0, 3.59284e+0, 0.00000e+0, 3.18684e+0, 0.00000e+0, 2.00000e+1, 0.00000e+0, 2.00000e+1, 0.00000e+0, 3, 2, 
06/16/2020 09:35:51.182, 06/16/2020 09:35:51.129, 4.15940e+0, 0.00000e+0, 9.72559e+1, 0.00000e+0, 2.01955e+0, 0.00000e+0, 1.26049e+4, 0.00000e+0, 7.46448e+2, 0.00000e+0, 2.04533e+0, 0.00000e+0, 7.55977e+2, 0.00000e+0, 5.01639e+2, 0.00000e+0, 2.28210e+1, 0.00000e+0, 2.38442e+1, 0.00000e+0, 3.59040e+0, 0.00000e+0, 3.18518e+0, 0.00000e+0, 2.00000e+1, 0.00000e+0, 2.00000e+1, 0.00000e+0, 3, 2, 
06/16/2020 09:35:52.183, 06/16/2020 09:35:52.123, 4.15906e+0, 0.00000e+0, 9.72060e+1, 0.00000e+0, 2.03365e+0, 0.00000e+0, 1.23862e+4, 0.00000e+0, 7.34957e+2, 0.00000e+0, 2.05916e+0, 0.00000e+0, 7.44175e+2, 0.00000e+0, 5.01636e+2, 0.00000e+0, 2.28011e+1, 0.00000e+0, 2.38524e+1, 0.00000e+0, 3.59026e+0, 0.00000e+0, 3.18351e+0, 0.00000e+0, 2.00000e+1, 0.00000e+0, 2.00000e+1, 0.00000e+0, 3, 2, 
06/16/2020 09:35:53.178, 06/16/2020 09:35:53.118, 4.15892e+0, 0.00000e+0, 9.71854e+1, 0.00000e+0, 2.01018e+0, 0.00000e+0, 1.29158e+4, 0.00000e+0, 7.38388e+2, 0.00000e+0, 2.03648e+0, 0.00000e+0, 7.48050e+2, 0.00000e+0, 5.01637e+2, 0.00000e+0, 2.28046e+1, 0.00000e+0, 2.38601e+1, 0.00000e+0, 3.59026e+0, 0.00000e+0, 3.18561e+0, 0.00000e+0, 2.00000e+1, 0.00000e+0, 2.00000e+1, 0.00000e+0, 3, 2, 
06/16/2020 09:35:54.199, 06/16/2020 09:35:54.112, 4.15907e+0, 0.00000e+0, 9.72080e+1, 0.00000e+0, 2.02666e+0, 0.00000e+0, 1.23975e+4, 0.00000e+0, 7.44708e+2, 0.00000e+0, 2.05210e+0, 0.00000e+0, 7.54057e+2, 0.00000e+0, 5.01639e+2, 0.00000e+0, 2.27998e+1, 0.00000e+0, 2.38689e+1, 0.00000e+0, 3.59094e+0, 0.00000e+0, 3.18630e+0, 0.00000e+0, 2.00000e+1, 0.00000e+0, 2.00000e+1, 0.00000e+0, 3, 2, 
06/16/2020 09:35:55.179, 06/16/2020 09:35:55.106, 4.15894e+0, 0.00000e+0, 9.71891e+1, 0.00000e+0, 2.04202e+0, 0.00000e+0, 1.26550e+4, 0.00000e+0, 7.31590e+2, 0.00000e+0, 2.06819e+0, 0.00000e+0, 7.40967e+2, 0.00000e+0, 5.01658e+2, 0.00000e+0, 2.28467e+1, 0.00000e+0, 2.38656e+1, 0.00000e+0, 3.59030e+0, 0.00000e+0, 3.18440e+0, 0.00000e+0, 2.00000e+1, 0.00000e+0, 2.00000e+1, 0.00000e+0, 3, 2, 
06/16/2020 09:35:56.159, 06/16/2020 09:35:56.101, 4.15917e+0, 0.00000e+0, 9.72234e+1, 0.00000e+0, 2.02396e+0, 0.00000e+0, 1.14144e+4, 0.00000e+0, 7.28581e+2, 0.00000e+0, 2.04733e+0, 0.00000e+0, 7.36993e+2, 0.00000e+0, 5.01649e+2, 0.00000e+0, 2.28138e+1, 0.00000e+0, 2.38764e+1, 0.00000e+0, 3.59274e+0, 0.00000e+0, 3.18449e+0, 0.00000e+0, 2.00000e+1, 0.00000e+0, 2.00000e+1, 0.00000e+0, 3, 2, 
06/16/2020 09:35:57.188, 06/16/2020 09:35:57.097, 4.15894e+0, 0.00000e+0, 9.71884e+1, 0.00000e+0, 2.00642e+0, 0.00000e+0, 1.29649e+4, 0.00000e+0, 7.40884e+2, 0.00000e+0, 2.03277e+0, 0.00000e+0, 7.50615e+2, 0.00000e+0, 5.01652e+2, 0.00000e+0, 2.28097e+1, 0.00000e+0, 2.38808e+1, 0.00000e+0, 3.59079e+0, 0.00000e+0, 3.18507e+0, 0.00000e+0, 2.00000e+1, 0.00000e+0, 2.00000e+1, 0.00000e+0, 3, 2, 
06/16/2020 09:35:58.163, 06/16/2020 09:35:58.090, 4.15896e+0, 0.00000e+0, 9.71924e+1, 0.00000e+0, 2.03016e+0, 0.00000e+0, 1.25655e+4, 0.00000e+0, 7.39875e+2, 0.00000e+0, 2.05599e+0, 0.00000e+0, 7.49290e+2, 0.00000e+0, 5.01629e+2, 0.00000e+0, 2.28234e+1, 0.00000e+0, 2.38824e+1, 0.00000e+0, 3.59164e+0, 0.00000e+0, 3.18591e+0, 0.00000e+0, 2.00000e+1, 0.00000e+0, 2.00000e+1, 0.00000e+0, 3, 2, 
06/16/2020 09:35:59.169, 06/16/2020 09:35:59.085, 4.15912e+0, 0.00000e+0, 9.72152e+1, 0.00000e+0, 2.03476e+0, 0.00000e+0, 1.26594e+4, 0.00000e+0, 7.28796e+2, 0.00000e+0, 2.06085e+0, 0.00000e+0, 7.38141e+2, 0.00000e+0, 5.01649e+2, 0.00000e+0, 2.28125e+1, 0.00000e+0, 2.38850e+1, 0.00000e+0, 3.59642e+0, 0.00000e+0, 3.18512e+0, 0.00000e+0, 2.00000e+1, 0.00000e+0, 2.00000e+1, 0.00000e+0, 3, 2, 
06/16/2020 09:36:00.139, 06/16/2020 09:36:00.079, 4.15913e+0, 0.00000e+0, 9.72162e+1, 0.00000e+0, 2.01076e+0, 0.00000e+0, 1.27226e+4, 0.00000e+0, 7.32958e+2, 0.00000e+0, 2.03667e+0, 0.00000e+0, 7.42403e+2, 0.00000e+0, 5.01644e+2, 0.00000e+0, 2.28158e+1, 0.00000e+0, 2.38985e+1, 0.00000e+0, 3.59457e+0, 0.00000e+0, 3.18695e+0, 0.00000e+0, 2.00000e+1, 0.00000e+0, 2.00000e+1, 0.00000e+0, 3, 2, 
06/16/2020 09:36:01.152, 06/16/2020 09:36:01.074, 4.15929e+0, 0.00000e+0, 9.72402e+1, 0.00000e+0, 2.00728e+0, 0.00000e+0, 1.30730e+4, 0.00000e+0, 7.44506e+2, 0.00000e+0, 2.03387e+0, 0.00000e+0, 7.54368e+2, 0.00000e+0, 5.01636e+2, 0.00000e+0, 2.28221e+1, 0.00000e+0, 2.39029e+1, 0.00000e+0, 3.59717e+0, 0.00000e+0, 3.18983e+0, 0.00000e+0, 2.00000e+1, 0.00000e+0, 2.00000e+1, 0.00000e+0, 3, 2, 
06/16/2020 09:36:02.146, 06/16/2020 09:36:02.069, 4.15914e+0, 0.00000e+0, 9.72182e+1, 0.00000e+0, 2.02403e+0, 0.00000e+0, 1.26656e+4, 0.00000e+0, 7.44536e+2, 0.00000e+0, 2.05000e+0, 0.00000e+0, 7.54087e+2, 0.00000e+0, 5.01652e+2, 0.00000e+0, 2.28233e+1, 0.00000e+0, 2.39062e+1, 0.00000e+0, 3.59305e+0, 0.00000e+0, 3.18822e+0, 0.00000e+0, 2.00000e+1, 0.00000e+0, 2.00000e+1, 0.00000e+0, 3, 3, 
06/16/2020 09:36:03.127, 06/16/2020 09:36:03.064, 4.15911e+0, 0.00000e+0, 9.72135e+1, 0.00000e+0, 2.03743e+0, 0.00000e+0, 1.29409e+4, 0.00000e+0, 7.34150e+2, 0.00000e+0, 2.06414e+0, 0.00000e+0, 7.43775e+2, 0.00000e+0, 5.01640e+2, 0.00000e+0, 2.28268e+1, 0.00000e+0, 2.39127e+1, 0.00000e+0, 3.59565e+0, 0.00000e+0, 3.18725e+0, 0.00000e+0, 2.00000e+1, 0.00000e+0, 2.00000e+1, 0.00000e+0, 3, 3, 
06/16/2020 09:36:04.114, 06/16/2020 09:36:04.058, 4.15905e+0, 0.00000e+0, 9.72050e+1, 0.00000e+0, 2.03147e+0, 0.00000e+0, 1.21772e+4, 0.00000e+0, 7.29287e+2, 0.00000e+0, 2.05652e+0, 0.00000e+0, 7.38277e+2, 0.00000e+0, 5.01649e+2, 0.00000e+0, 2.28346e+1, 0.00000e+0, 2.39169e+1, 0.00000e+0, 3.59089e+0, 0.00000e+0, 3.18532e+0, 0.00000e+0, 2.00000e+1, 0.00000e+0, 2.00000e+1, 0.00000e+0, 3, 3, 
06/16/2020 09:36:05.129, 06/16/2020 09:36:05.053, 4.15911e+0, 0.00000e+0, 9.72132e+1, 0.00000e+0, 2.02162e+0, 0.00000e+0, 1.26739e+4, 0.00000e+0, 7.28468e+2, 0.00000e+0, 2.04757e+0, 0.00000e+0, 7.37819e+2, 0.00000e+0, 5.01593e+2, 0.00000e+0, 2.28337e+1, 0.00000e+0, 2.39282e+1, 0.00000e+0, 3.59151e+0, 0.00000e+0, 3.18605e+0, 0.00000e+0, 2.00000e+1, 0.00000e+0, 2.00000e+1, 0.00000e+0, 3, 3, 
06/16/2020 09:36:06.125, 06/16/2020 09:36:06.047, 4.15911e+0, 0.00000e+0, 9.72146e+1, 0.00000e+0, 2.01455e+0, 0.00000e+0, 1.27673e+4, 0.00000e+0, 7.32992e+2, 0.00000e+0, 2.04060e+0, 0.00000e+0, 7.42471e+2, 0.00000e+0, 5.01678e+2, 0.00000e+0, 2.28436e+1, 0.00000e+0, 2.39284e+1, 0.00000e+0, 3.58853e+0, 0.00000e+0, 3.18419e+0, 0.00000e+0, 2.00000e+1, 0.00000e+0, 2.00000e+1, 0.00000e+0, 3, 3, 
06/16/2020 09:36:07.118, 06/16/2020 09:36:07.042, 4.15932e+0, 0.00000e+0, 9.72447e+1, 0.00000e+0, 2.02248e+0, 0.00000e+0, 1.24123e+4, 0.00000e+0, 7.31135e+2, 0.00000e+0, 2.04789e+0, 0.00000e+0, 7.40324e+2, 0.00000e+0, 5.01638e+2, 0.00000e+0, 2.28594e+1, 0.00000e+0, 2.39334e+1, 0.00000e+0, 3.59221e+0, 0.00000e+0, 3.18477e+0, 0.00000e+0, 2.00000e+1, 0.00000e+0, 2.00000e+1, 0.00000e+0, 3, 3, 
06/16/2020 09:36:08.119, 06/16/2020 09:36:08.037, 4.15909e+0, 0.00000e+0, 9.72103e+1, 0.00000e+0, 2.02304e+0, 0.00000e+0, 1.20750e+4, 0.00000e+0, 7.30453e+2, 0.00000e+0, 2.04776e+0, 0.00000e+0, 7.39381e+2, 0.00000e+0, 5.01642e+2, 0.00000e+0, 2.28627e+1, 0.00000e+0, 2.39394e+1, 0.00000e+0, 3.58962e+0, 0.00000e+0, 3.18510e+0, 0.00000e+0, 2.00000e+1, 0.00000e+0, 2.00000e+1, 0.00000e+0, 3, 3, 
06/16/2020 09:36:09.090, 06/16/2020 09:36:09.030, 4.15930e+0, 0.00000e+0, 9.72417e+1, 0.00000e+0, 2.03255e+0, 0.00000e+0, 1.12081e+4, 0.00000e+0, 7.27207e+2, 0.00000e+0, 2.05559e+0, 0.00000e+0, 7.35450e+2, 0.00000e+0, 5.01611e+2, 0.00000e+0, 2.28535e+1, 0.00000e+0, 2.39415e+1, 0.00000e+0, 3.58889e+0, 0.00000e+0, 3.18457e+0, 0.00000e+0, 2.00000e+1, 0.00000e+0, 2.00000e+1, 0.00000e+0, 3, 3, 
06/16/2020 09:36:10.105, 06/16/2020 09:36:10.024, 4.15920e+0, 0.00000e+0, 9.72270e+1, 0.00000e+0, 2.02913e+0, 0.00000e+0, 1.20900e+4, 0.00000e+0, 7.23761e+2, 0.00000e+0, 2.05396e+0, 0.00000e+0, 7.32618e+2, 0.00000e+0, 5.01673e+2, 0.00000e+0, 2.28569e+1, 0.00000e+0, 2.39492e+1, 0.00000e+0, 3.58708e+0, 0.00000e+0, 3.18683e+0, 0.00000e+0, 2.00000e+1, 0.00000e+0, 2.00000e+1, 0.00000e+0, 3, 3, 
06/16/2020 09:36:11.093, 06/16/2020 09:36:11.020, 4.15937e+0, 0.00000e+0, 9.72522e+1, 0.00000e+0, 2.03451e+0, 0.00000e+0, 1.21694e+4, 0.00000e+0, 7.20940e+2, 0.00000e+0, 2.05958e+0, 0.00000e+0, 7.29821e+2, 0.00000e+0, 5.01640e+2, 0.00000e+0, 2.28611e+1, 0.00000e+0, 2.39568e+1, 0.00000e+0, 3.58861e+0, 0.00000e+0, 3.18831e+0, 0.00000e+0, 2.00000e+1, 0.00000e+0, 2.00000e+1, 0.00000e+0, 3, 3, 
06/16/2020 09:36:12.091, 06/16/2020 09:36:12.014, 4.15917e+0, 0.00000e+0, 9.72224e+1, 0.00000e+0, 2.04320e+0, 0.00000e+0, 1.25700e+4, 0.00000e+0, 7.23130e+2, 0.00000e+0, 2.06921e+0, 0.00000e+0, 7.32336e+2, 0.00000e+0, 5.01625e+2, 0.00000e+0, 2.28673e+1, 0.00000e+0, 2.39572e+1, 0.00000e+0, 3.58927e+0, 0.00000e+0, 3.18778e+0, 0.00000e+0, 2.00000e+1, 0.00000e+0, 2.00000e+1, 0.00000e+0, 3, 3, 
06/16/2020 09:36:13.088, 06/16/2020 09:36:13.009, 4.15931e+0, 0.00000e+0, 9.72439e+1, 0.00000e+0, 2.03674e+0, 0.00000e+0, 1.29560e+4, 0.00000e+0, 7.30658e+2, 0.00000e+0, 2.06347e+0, 0.00000e+0, 7.40249e+2, 0.00000e+0, 5.01664e+2, 0.00000e+0, 2.28727e+1, 0.00000e+0, 2.39602e+1, 0.00000e+0, 3.59240e+0, 0.00000e+0, 3.18842e+0, 0.00000e+0, 2.00000e+1, 0.00000e+0, 2.00000e+1, 0.00000e+0, 3, 3, 
06/16/2020 09:36:14.060, 06/16/2020 09:36:14.002, 4.15921e+0, 0.00000e+0, 9.72292e+1, 0.00000e+0, 2.01816e+0, 0.00000e+0, 1.25701e+4, 0.00000e+0, 7.33152e+2, 0.00000e+0, 2.04385e+0, 0.00000e+0, 7.42485e+2, 0.00000e+0, 5.01630e+2, 0.00000e+0, 2.28737e+1, 0.00000e+0, 2.39674e+1, 0.00000e+0, 3.59325e+0, 0.00000e+0, 3.18682e+0, 0.00000e+0, 2.00000e+1, 0.00000e+0, 2.00000e+1, 0.00000e+0, 3, 3, 
06/16/2020 09:36:15.076, 06/16/2020 09:36:14.997, 4.15918e+0, 0.00000e+0, 9.72235e+1, 0.00000e+0, 2.00980e+0, 0.00000e+0, 1.29517e+4, 0.00000e+0, 7.31733e+2, 0.00000e+0, 2.03617e+0, 0.00000e+0, 7.41335e+2, 0.00000e+0, 5.01636e+2, 0.00000e+0, 2.28798e+1, 0.00000e+0, 2.39699e+1, 0.00000e+0, 3.59297e+0, 0.00000e+0, 3.18654e+0, 0.00000e+0, 2.00000e+1, 0.00000e+0, 2.00000e+1, 0.00000e+0, 3, 3, 
06/16/2020 09:36:16.056, 06/16/2020 09:36:15.992, 4.15926e+0, 0.00000e+0, 9.72360e+1, 0.00000e+0, 2.00614e+0, 0.00000e+0, 1.31325e+4, 0.00000e+0, 7.24292e+2, 0.00000e+0, 2.03284e+0, 0.00000e+0, 7.33930e+2, 0.00000e+0, 5.01666e+2, 0.00000e+0, 2.28812e+1, 0.00000e+0, 2.39764e+1, 0.00000e+0, 3.59379e+0, 0.00000e+0, 3.18653e+0, 0.00000e+0, 2.00000e+1, 0.00000e+0, 2.00000e+1, 0.00000e+0, 3, 3, 
06/16/2020 09:36:17.044, 06/16/2020 09:36:16.986, 4.15894e+0, 0.00000e+0, 9.71886e+1, 0.00000e+0, 2.02497e+0, 0.00000e+0, 1.24701e+4, 0.00000e+0, 7.12877e+2, 0.00000e+0, 2.05054e+0, 0.00000e+0, 7.21879e+2, 0.00000e+0, 5.01617e+2, 0.00000e+0, 2.28937e+1, 0.00000e+0, 2.39696e+1, 0.00000e+0, 3.59290e+0, 0.00000e+0, 3.18617e+0, 0.00000e+0, 2.00000e+1, 0.00000e+0, 2.00000e+1, 0.00000e+0, 3, 3, 
06/16/2020 09:36:18.040, 06/16/2020 09:36:17.982, 4.15952e+0, 0.00000e+0, 9.72738e+1, 0.00000e+0, 2.03791e+0, 0.00000e+0, 1.27238e+4, 0.00000e+0, 7.13159e+2, 0.00000e+0, 2.06417e+0, 0.00000e+0, 7.22350e+2, 0.00000e+0, 5.01639e+2, 0.00000e+0, 2.28990e+1, 0.00000e+0, 2.39873e+1, 0.00000e+0, 3.59454e+0, 0.00000e+0, 3.18698e+0, 0.00000e+0, 2.00000e+1, 0.00000e+0, 2.00000e+1, 0.00000e+0, 3, 3, 
06/16/2020 09:36:19.030, 06/16/2020 09:36:18.975, 4.15926e+0, 0.00000e+0, 9.72356e+1, 0.00000e+0, 2.02877e+0, 0.00000e+0, 1.27964e+4, 0.00000e+0, 7.21235e+2, 0.00000e+0, 2.05507e+0, 0.00000e+0, 7.30584e+2, 0.00000e+0, 5.01644e+2, 0.00000e+0, 2.29075e+1, 0.00000e+0, 2.39933e+1, 0.00000e+0, 3.59671e+0, 0.00000e+0, 3.18760e+0, 0.00000e+0, 2.00000e+1, 0.00000e+0, 2.00000e+1, 0.00000e+0, 3, 3, 
06/16/2020 09:36:20.049, 06/16/2020 09:36:19.971, 4.15910e+0, 0.00000e+0, 9.72129e+1, 0.00000e+0, 2.01628e+0, 0.00000e+0, 1.27443e+4, 0.00000e+0, 7.23144e+2, 0.00000e+0, 2.04230e+0, 0.00000e+0, 7.32479e+2, 0.00000e+0, 5.01655e+2, 0.00000e+0, 2.29217e+1, 0.00000e+0, 2.40012e+1, 0.00000e+0, 3.59549e+0, 0.00000e+0, 3.18658e+0, 0.00000e+0, 2.00000e+1, 0.00000e+0, 2.00000e+1, 0.00000e+0, 3, 3, 
06/16/2020 09:36:21.015, 06/16/2020 09:36:20.964, 4.15899e+0, 0.00000e+0, 9.71967e+1, 0.00000e+0, 2.00702e+0, 0.00000e+0, 1.27983e+4, 0.00000e+0, 7.09808e+2, 0.00000e+0, 2.03304e+0, 0.00000e+0, 7.19010e+2, 0.00000e+0, 5.01599e+2, 0.00000e+0, 2.29248e+1, 0.00000e+0, 2.40036e+1, 0.00000e+0, 3.59404e+0, 0.00000e+0, 3.18626e+0, 0.00000e+0, 2.00000e+1, 0.00000e+0, 2.00000e+1, 0.00000e+0, 3, 3, 
06/16/2020 09:36:22.012, 06/16/2020 09:36:21.959, 4.15932e+0, 0.00000e+0, 9.72442e+1, 0.00000e+0, 2.03629e+0, 0.00000e+0, 1.27171e+4, 0.00000e+0, 7.02476e+2, 0.00000e+0, 2.06252e+0, 0.00000e+0, 7.11524e+2, 0.00000e+0, 5.01681e+2, 0.00000e+0, 2.29403e+1, 0.00000e+0, 2.40139e+1, 0.00000e+0, 3.59252e+0, 0.00000e+0, 3.18603e+0, 0.00000e+0, 2.00000e+1, 0.00000e+0, 2.00000e+1, 0.00000e+0, 3, 3, 
06/16/2020 09:36:23.007, 06/16/2020 09:36:22.954, 4.15904e+0, 0.00000e+0, 9.72034e+1, 0.00000e+0, 2.02934e+0, 0.00000e+0, 1.27562e+4, 0.00000e+0, 7.13886e+2, 0.00000e+0, 2.05556e+0, 0.00000e+0, 7.23110e+2, 0.00000e+0, 5.01659e+2, 0.00000e+0, 2.29174e+1, 0.00000e+0, 2.40173e+1, 0.00000e+0, 3.59322e+0, 0.00000e+0, 3.18517e+0, 0.00000e+0, 2.00000e+1, 0.00000e+0, 2.00000e+1, 0.00000e+0, 3, 3, 
06/16/2020 09:36:24.006, 06/16/2020 09:36:23.948, 4.15935e+0, 0.00000e+0, 9.72491e+1, 0.00000e+0, 2.00410e+0, 0.00000e+0, 1.31055e+4, 0.00000e+0, 7.12136e+2, 0.00000e+0, 2.03072e+0, 0.00000e+0, 7.21593e+2, 0.00000e+0, 5.01643e+2, 0.00000e+0, 2.29436e+1, 0.00000e+0, 2.40320e+1, 0.00000e+0, 3.59456e+0, 0.00000e+0, 3.18630e+0, 0.00000e+0, 2.00000e+1, 0.00000e+0, 2.00000e+1, 0.00000e+0, 3, 3, 
06/16/2020 09:36:24.999, 06/16/2020 09:36:24.943, 4.15948e+0, 0.00000e+0, 9.72686e+1, 0.00000e+0, 2.01571e+0, 0.00000e+0, 1.27754e+4, 0.00000e+0, 7.05414e+2, 0.00000e+0, 2.04180e+0, 0.00000e+0, 7.14543e+2, 0.00000e+0, 5.01672e+2, 0.00000e+0, 2.29357e+1, 0.00000e+0, 2.40424e+1, 0.00000e+0, 3.58983e+0, 0.00000e+0, 3.18529e+0, 0.00000e+0, 2.00000e+1, 0.00000e+0, 2.00000e+1, 0.00000e+0, 3, 3, 
06/16/2020 09:36:25.994, 06/16/2020 09:36:25.937, 4.15938e+0, 0.00000e+0, 9.72537e+1, 0.00000e+0, 2.03484e+0, 0.00000e+0, 1.26714e+4, 0.00000e+0, 7.10764e+2, 0.00000e+0, 2.06096e+0, 0.00000e+0, 7.19886e+2, 0.00000e+0, 5.01622e+2, 0.00000e+0, 2.29395e+1, 0.00000e+0, 2.40475e+1, 0.00000e+0, 3.59109e+0, 0.00000e+0, 3.18626e+0, 0.00000e+0, 2.00000e+1, 0.00000e+0, 2.00000e+1, 0.00000e+0, 3, 3, 
06/16/2020 09:36:26.990, 06/16/2020 09:36:26.933, 4.15926e+0, 0.00000e+0, 9.72353e+1, 0.00000e+0, 2.02439e+0, 0.00000e+0, 1.29340e+4, 0.00000e+0, 7.26276e+2, 0.00000e+0, 2.05092e+0, 0.00000e+0, 7.35793e+2, 0.00000e+0, 5.01610e+2, 0.00000e+0, 2.29420e+1, 0.00000e+0, 2.40601e+1, 0.00000e+0, 3.58976e+0, 0.00000e+0, 3.18724e+0, 0.00000e+0, 2.00000e+1, 0.00000e+0, 2.00000e+1, 0.00000e+0, 3, 3, 
06/16/2020 09:36:27.984, 06/16/2020 09:36:27.926, 4.15930e+0, 0.00000e+0, 9.72426e+1, 0.00000e+0, 2.00953e+0, 0.00000e+0, 1.29535e+4, 0.00000e+0, 7.18124e+2, 0.00000e+0, 2.03590e+0, 0.00000e+0, 7.27548e+2, 0.00000e+0, 5.01654e+2, 0.00000e+0, 2.29663e+1, 0.00000e+0, 2.40576e+1, 0.00000e+0, 3.59069e+0, 0.00000e+0, 3.18826e+0, 0.00000e+0, 2.00000e+1, 0.00000e+0, 2.00000e+1, 0.00000e+0, 3, 3, 
06/16/2020 09:36:28.971, 06/16/2020 09:36:28.922, 4.15907e+0, 0.00000e+0, 9.72076e+1, 0.00000e+0, 2.03606e+0, 0.00000e+0, 1.25965e+4, 0.00000e+0, 7.14574e+2, 0.00000e+0, 2.06204e+0, 0.00000e+0, 7.23690e+2, 0.00000e+0, 5.01620e+2, 0.00000e+0, 2.29562e+1, 0.00000e+0, 2.40700e+1, 0.00000e+0, 3.59204e+0, 0.00000e+0, 3.18929e+0, 0.00000e+0, 2.00000e+1, 0.00000e+0, 2.00000e+1, 0.00000e+0, 3, 3, 
06/16/2020 09:36:29.967, 06/16/2020 09:36:29.915, 4.15943e+0, 0.00000e+0, 9.72608e+1, 0.00000e+0, 2.02245e+0, 0.00000e+0, 1.28071e+4, 0.00000e+0, 7.30489e+2, 0.00000e+0, 2.04869e+0, 0.00000e+0, 7.39966e+2, 0.00000e+0, 5.01638e+2, 0.00000e+0, 2.29617e+1, 0.00000e+0, 2.40797e+1, 0.00000e+0, 3.59279e+0, 0.00000e+0, 3.18721e+0, 0.00000e+0, 2.00000e+1, 0.00000e+0, 2.00000e+1, 0.00000e+0, 3, 3, 
06/16/2020 09:36:30.964, 06/16/2020 09:36:30.911, 4.15894e+0, 0.00000e+0, 9.71893e+1, 0.00000e+0, 2.01852e+0, 0.00000e+0, 1.26607e+4, 0.00000e+0, 7.21197e+2, 0.00000e+0, 2.04440e+0, 0.00000e+0, 7.30445e+2, 0.00000e+0, 5.01639e+2, 0.00000e+0, 2.29805e+1, 0.00000e+0, 2.40790e+1, 0.00000e+0, 3.59498e+0, 0.00000e+0, 3.18813e+0, 0.00000e+0, 2.00000e+1, 0.00000e+0, 2.00000e+1, 0.00000e+0, 3, 3, 
06/16/2020 09:36:31.952, 06/16/2020 09:36:31.904, 4.15942e+0, 0.00000e+0, 9.72601e+1, 0.00000e+0, 2.02128e+0, 0.00000e+0, 1.29996e+4, 0.00000e+0, 7.33465e+2, 0.00000e+0, 2.04790e+0, 0.00000e+0, 7.43125e+2, 0.00000e+0, 5.01595e+2, 0.00000e+0, 2.29726e+1, 0.00000e+0, 2.40979e+1, 0.00000e+0, 3.59128e+0, 0.00000e+0, 3.18586e+0, 0.00000e+0, 2.00000e+1, 0.00000e+0, 2.00000e+1, 0.00000e+0, 3, 3, 
06/16/2020 09:36:32.953, 06/16/2020 09:36:32.899, 4.15932e+0, 0.00000e+0, 9.72442e+1, 0.00000e+0, 2.02713e+0, 0.00000e+0, 1.25784e+4, 0.00000e+0, 7.26194e+2, 0.00000e+0, 2.05295e+0, 0.00000e+0, 7.35445e+2, 0.00000e+0, 5.01613e+2, 0.00000e+0, 2.29624e+1, 0.00000e+0, 2.41033e+1, 0.00000e+0, 3.59513e+0, 0.00000e+0, 3.18671e+0, 0.00000e+0, 2.00000e+1, 0.00000e+0, 2.00000e+1, 0.00000e+0, 3, 4, 
06/16/2020 09:36:33.947, 06/16/2020 09:36:33.894, 4.15904e+0, 0.00000e+0, 9.72042e+1, 0.00000e+0, 2.01189e+0, 0.00000e+0, 1.27788e+4, 0.00000e+0, 7.35634e+2, 0.00000e+0, 2.03794e+0, 0.00000e+0, 7.45156e+2, 0.00000e+0, 5.01518e+2, 0.00000e+0, 2.30045e+1, 0.00000e+0, 2.41015e+1, 0.00000e+0, 3.59548e+0, 0.00000e+0, 3.18677e+0, 0.00000e+0, 2.00000e+1, 0.00000e+0, 2.00000e+1, 0.00000e+0, 3, 4, 
06/16/2020 09:36:34.945, 06/16/2020 09:36:34.888, 4.15942e+0, 0.00000e+0, 9.72595e+1, 0.00000e+0, 2.03385e+0, 0.00000e+0, 1.24668e+4, 0.00000e+0, 7.30844e+2, 0.00000e+0, 2.05953e+0, 0.00000e+0, 7.40070e+2, 0.00000e+0, 5.01657e+2, 0.00000e+0, 2.29772e+1, 0.00000e+0, 2.41285e+1, 0.00000e+0, 3.59596e+0, 0.00000e+0, 3.18706e+0, 0.00000e+0, 2.00000e+1, 0.00000e+0, 2.00000e+1, 0.00000e+0, 3, 4, 
06/16/2020 09:36:35.939, 06/16/2020 09:36:35.884, 4.15937e+0, 0.00000e+0, 9.72527e+1, 0.00000e+0, 2.01609e+0, 0.00000e+0, 1.28197e+4, 0.00000e+0, 7.33976e+2, 0.00000e+0, 2.04227e+0, 0.00000e+0, 7.43508e+2, 0.00000e+0, 5.01616e+2, 0.00000e+0, 2.29749e+1, 0.00000e+0, 2.41360e+1, 0.00000e+0, 3.59437e+0, 0.00000e+0, 3.18567e+0, 0.00000e+0, 2.00000e+1, 0.00000e+0, 2.00000e+1, 0.00000e+0, 3, 4, 
06/16/2020 09:36:36.925, 06/16/2020 09:36:36.877, 4.15956e+0, 0.00000e+0, 9.72802e+1, 0.00000e+0, 2.03054e+0, 0.00000e+0, 1.27247e+4, 0.00000e+0, 7.36886e+2, 0.00000e+0, 2.05671e+0, 0.00000e+0, 7.46383e+2, 0.00000e+0, 5.01595e+2, 0.00000e+0, 2.29830e+1, 0.00000e+0, 2.41418e+1, 0.00000e+0, 3.59469e+0, 0.00000e+0, 3.18598e+0, 0.00000e+0, 2.00000e+1, 0.00000e+0, 2.00000e+1, 0.00000e+0, 3, 4, 
06/16/2020 09:36:37.928, 06/16/2020 09:36:37.871, 4.15905e+0, 0.00000e+0, 9.72057e+1, 0.00000e+0, 2.01681e+0, 0.00000e+0, 1.27432e+4, 0.00000e+0, 7.31892e+2, 0.00000e+0, 2.04284e+0, 0.00000e+0, 7.41339e+2, 0.00000e+0, 5.01623e+2, 0.00000e+0, 2.30257e+1, 0.00000e+0, 2.41351e+1, 0.00000e+0, 3.59423e+0, 0.00000e+0, 3.18557e+0, 0.00000e+0, 2.00000e+1, 0.00000e+0, 2.00000e+1, 0.00000e+0, 3, 4, 
06/16/2020 09:36:39.022, 06/16/2020 09:36:38.975, 4.15878e+0, 0.00000e+0, 9.71655e+1, 0.00000e+0, 2.02096e+0, 0.00000e+0, 1.27172e+4, 0.00000e+0, 7.42289e+2, 0.00000e+0, 2.04699e+0, 0.00000e+0, 7.51851e+2, 0.00000e+0, 5.01550e+2, 0.00000e+0, 2.30061e+1, 0.00000e+0, 2.41237e+1, 0.00000e+0, 3.59486e+0, 0.00000e+0, 3.18480e+0, 0.00000e+0, 2.00000e+1, 0.00000e+0, 2.00000e+1, 0.00000e+0, 3, 4, 
06/16/2020 09:36:39.912, 06/16/2020 09:36:39.862, 4.15913e+0, 0.00000e+0, 9.72173e+1, 0.00000e+0, 2.03044e+0, 0.00000e+0, 1.23118e+4, 0.00000e+0, 7.32728e+2, 0.00000e+0, 2.05575e+0, 0.00000e+0, 7.41861e+2, 0.00000e+0, 5.01722e+2, 0.00000e+0, 2.30270e+1, 0.00000e+0, 2.41344e+1, 0.00000e+0, 3.59284e+0, 0.00000e+0, 3.18406e+0, 0.00000e+0, 2.00000e+1, 0.00000e+0, 2.00000e+1, 0.00000e+0, 3, 4, 
06/16/2020 09:36:40.903, 06/16/2020 09:36:40.856, 4.15904e+0, 0.00000e+0, 9.72035e+1, 0.00000e+0, 2.01068e+0, 0.00000e+0, 1.24987e+4, 0.00000e+0, 7.37766e+2, 0.00000e+0, 2.03613e+0, 0.00000e+0, 7.47103e+2, 0.00000e+0, 5.01594e+2, 0.00000e+0, 2.30343e+1, 0.00000e+0, 2.41552e+1, 0.00000e+0, 3.59323e+0, 0.00000e+0, 3.18565e+0, 0.00000e+0, 2.00000e+1, 0.00000e+0, 2.00000e+1, 0.00000e+0, 3, 4, 
06/16/2020 09:36:41.905, 06/16/2020 09:36:41.850, 4.15934e+0, 0.00000e+0, 9.72482e+1, 0.00000e+0, 2.02995e+0, 0.00000e+0, 1.25344e+4, 0.00000e+0, 7.37404e+2, 0.00000e+0, 2.05572e+0, 0.00000e+0, 7.46764e+2, 0.00000e+0, 5.01616e+2, 0.00000e+0, 2.30063e+1, 0.00000e+0, 2.41658e+1, 0.00000e+0, 3.59435e+0, 0.00000e+0, 3.18490e+0, 0.00000e+0, 2.00000e+1, 0.00000e+0, 2.00000e+1, 0.00000e+0, 3, 4, 
06/16/2020 09:36:42.902, 06/16/2020 09:36:42.844, 4.15899e+0, 0.00000e+0, 9.71959e+1, 0.00000e+0, 2.02109e+0, 0.00000e+0, 1.27589e+4, 0.00000e+0, 7.31193e+2, 0.00000e+0, 2.04721e+0, 0.00000e+0, 7.40643e+2, 0.00000e+0, 5.01625e+2, 0.00000e+0, 2.30505e+1, 0.00000e+0, 2.41674e+1, 0.00000e+0, 3.59314e+0, 0.00000e+0, 3.18736e+0, 0.00000e+0, 2.00000e+1, 0.00000e+0, 2.00000e+1, 0.00000e+0, 3, 4, 
06/16/2020 09:36:43.888, 06/16/2020 09:36:43.839, 4.15928e+0, 0.00000e+0, 9.72388e+1, 0.00000e+0, 2.01655e+0, 0.00000e+0, 1.27959e+4, 0.00000e+0, 7.37859e+2, 0.00000e+0, 2.04269e+0, 0.00000e+0, 7.47423e+2, 0.00000e+0, 5.01591e+2, 0.00000e+0, 2.30196e+1, 0.00000e+0, 2.41793e+1, 0.00000e+0, 3.59415e+0, 0.00000e+0, 3.18783e+0, 0.00000e+0, 2.00000e+1, 0.00000e+0, 2.00000e+1, 0.00000e+0, 3, 4, 
06/16/2020 09:36:44.885, 06/16/2020 09:36:44.835, 4.15879e+0, 0.00000e+0, 9.71666e+1, 0.00000e+0, 2.02986e+0, 0.00000e+0, 1.30573e+4, 0.00000e+0, 7.30168e+2, 0.00000e+0, 2.05671e+0, 0.00000e+0, 7.39828e+2, 0.00000e+0, 5.01527e+2, 0.00000e+0, 2.30424e+1, 0.00000e+0, 2.41651e+1, 0.00000e+0, 3.59379e+0, 0.00000e+0, 3.18618e+0, 0.00000e+0, 2.00000e+1, 0.00000e+0, 2.00000e+1, 0.00000e+0, 3, 4, 
06/16/2020 09:36:45.881, 06/16/2020 09:36:45.829, 4.15910e+0, 0.00000e+0, 9.72117e+1, 0.00000e+0, 2.01565e+0, 0.00000e+0, 1.28881e+4, 0.00000e+0, 7.27039e+2, 0.00000e+0, 2.04197e+0, 0.00000e+0, 7.36531e+2, 0.00000e+0, 5.01660e+2, 0.00000e+0, 2.30440e+1, 0.00000e+0, 2.41888e+1, 0.00000e+0, 3.59496e+0, 0.00000e+0, 3.18685e+0, 0.00000e+0, 2.00000e+1, 0.00000e+0, 2.00000e+1, 0.00000e+0, 3, 4, 
06/16/2020 09:36:46.873, 06/16/2020 09:36:46.822, 4.15937e+0, 0.00000e+0, 9.72517e+1, 0.00000e+0, 2.01979e+0, 0.00000e+0, 1.26328e+4, 0.00000e+0, 7.26437e+2, 0.00000e+0, 2.04563e+0, 0.00000e+0, 7.35731e+2, 0.00000e+0, 5.01611e+2, 0.00000e+0, 2.30456e+1, 0.00000e+0, 2.41960e+1, 0.00000e+0, 3.59248e+0, 0.00000e+0, 3.18730e+0, 0.00000e+0, 2.00000e+1, 0.00000e+0, 2.00000e+1, 0.00000e+0, 3, 4, 
06/16/2020 09:36:47.864, 06/16/2020 09:36:47.817, 4.15941e+0, 0.00000e+0, 9.72576e+1, 0.00000e+0, 2.02479e+0, 0.00000e+0, 1.27405e+4, 0.00000e+0, 7.23571e+2, 0.00000e+0, 2.05092e+0, 0.00000e+0, 7.32909e+2, 0.00000e+0, 5.01580e+2, 0.00000e+0, 2.30301e+1, 0.00000e+0, 2.42090e+1, 0.00000e+0, 3.59465e+0, 0.00000e+0, 3.18752e+0, 0.00000e+0, 2.00000e+1, 0.00000e+0, 2.00000e+1, 0.00000e+0, 3, 4, 
06/16/2020 09:36:48.866, 06/16/2020 09:36:48.811, 4.15898e+0, 0.00000e+0, 9.71942e+1, 0.00000e+0, 2.03075e+0, 0.00000e+0, 1.26528e+4, 0.00000e+0, 7.16121e+2, 0.00000e+0, 2.05678e+0, 0.00000e+0, 7.25298e+2, 0.00000e+0, 5.01612e+2, 0.00000e+0, 2.30646e+1, 0.00000e+0, 2.42051e+1, 0.00000e+0, 3.59171e+0, 0.00000e+0, 3.18631e+0, 0.00000e+0, 2.00000e+1, 0.00000e+0, 2.00000e+1, 0.00000e+0, 3, 4, 
06/16/2020 09:36:49.862, 06/16/2020 09:36:49.807, 4.15878e+0, 0.00000e+0, 9.71653e+1, 0.00000e+0, 2.02260e+0, 0.00000e+0, 1.24479e+4, 0.00000e+0, 7.16450e+2, 0.00000e+0, 2.04810e+0, 0.00000e+0, 7.25480e+2, 0.00000e+0, 5.01616e+2, 0.00000e+0, 2.30576e+1, 0.00000e+0, 2.42022e+1, 0.00000e+0, 3.59326e+0, 0.00000e+0, 3.18587e+0, 0.00000e+0, 2.00000e+1, 0.00000e+0, 2.00000e+1, 0.00000e+0, 3, 4, 
06/16/2020 09:36:50.855, 06/16/2020 09:36:50.800, 4.15934e+0, 0.00000e+0, 9.72481e+1, 0.00000e+0, 2.01903e+0, 0.00000e+0, 1.24913e+4, 0.00000e+0, 7.15806e+2, 0.00000e+0, 2.04457e+0, 0.00000e+0, 7.24861e+2, 0.00000e+0, 5.01589e+2, 0.00000e+0, 2.30612e+1, 0.00000e+0, 2.42195e+1, 0.00000e+0, 3.59365e+0, 0.00000e+0, 3.18552e+0, 0.00000e+0, 2.00000e+1, 0.00000e+0, 2.00000e+1, 0.00000e+0, 3, 4, 
06/16/2020 09:36:51.849, 06/16/2020 09:36:51.796, 4.15937e+0, 0.00000e+0, 9.72522e+1, 0.00000e+0, 2.02077e+0, 0.00000e+0, 1.24595e+4, 0.00000e+0, 7.15610e+2, 0.00000e+0, 2.04627e+0, 0.00000e+0, 7.24639e+2, 0.00000e+0, 5.01612e+2, 0.00000e+0, 2.30563e+1, 0.00000e+0, 2.42293e+1, 0.00000e+0, 3.59176e+0, 0.00000e+0, 3.18687e+0, 0.00000e+0, 2.00000e+1, 0.00000e+0, 2.00000e+1, 0.00000e+0, 3, 4, 
06/16/2020 09:36:52.844, 06/16/2020 09:36:52.790, 4.15936e+0, 0.00000e+0, 9.72509e+1, 0.00000e+0, 2.02329e+0, 0.00000e+0, 1.26814e+4, 0.00000e+0, 7.14684e+2, 0.00000e+0, 2.04927e+0, 0.00000e+0, 7.23863e+2, 0.00000e+0, 5.01614e+2, 0.00000e+0, 2.30579e+1, 0.00000e+0, 2.42349e+1, 0.00000e+0, 3.59361e+0, 0.00000e+0, 3.18861e+0, 0.00000e+0, 2.00000e+1, 0.00000e+0, 2.00000e+1, 0.00000e+0, 3, 4, 
06/16/2020 09:36:53.836, 06/16/2020 09:36:53.784, 4.15891e+0, 0.00000e+0, 9.71839e+1, 0.00000e+0, 2.02819e+0, 0.00000e+0, 1.27836e+4, 0.00000e+0, 7.11144e+2, 0.00000e+0, 2.05445e+0, 0.00000e+0, 7.20353e+2, 0.00000e+0, 5.01621e+2, 0.00000e+0, 2.30589e+1, 0.00000e+0, 2.42220e+1, 0.00000e+0, 3.59529e+0, 0.00000e+0, 3.18783e+0, 0.00000e+0, 2.00000e+1, 0.00000e+0, 2.00000e+1, 0.00000e+0, 3, 4, 
06/16/2020 09:36:54.829, 06/16/2020 09:36:54.778, 4.15956e+0, 0.00000e+0, 9.72797e+1, 0.00000e+0, 2.02110e+0, 0.00000e+0, 1.28053e+4, 0.00000e+0, 7.12260e+2, 0.00000e+0, 2.04732e+0, 0.00000e+0, 7.21499e+2, 0.00000e+0, 5.01592e+2, 0.00000e+0, 2.30605e+1, 0.00000e+0, 2.42429e+1, 0.00000e+0, 3.59194e+0, 0.00000e+0, 3.18636e+0, 0.00000e+0, 2.00000e+1, 0.00000e+0, 2.00000e+1, 0.00000e+0, 3, 4, 
06/16/2020 09:36:55.827, 06/16/2020 09:36:55.773, 4.15940e+0, 0.00000e+0, 9.72559e+1, 0.00000e+0, 2.02171e+0, 0.00000e+0, 1.26436e+4, 0.00000e+0, 7.08974e+2, 0.00000e+0, 2.04759e+0, 0.00000e+0, 7.18053e+2, 0.00000e+0, 5.01612e+2, 0.00000e+0, 2.30519e+1, 0.00000e+0, 2.42452e+1, 0.00000e+0, 3.59320e+0, 0.00000e+0, 3.18737e+0, 0.00000e+0, 2.00000e+1, 0.00000e+0, 2.00000e+1, 0.00000e+0, 3, 4, 
06/16/2020 09:36:56.820, 06/16/2020 09:36:56.768, 4.15925e+0, 0.00000e+0, 9.72338e+1, 0.00000e+0, 2.02584e+0, 0.00000e+0, 1.27485e+4, 0.00000e+0, 7.06352e+2, 0.00000e+0, 2.05200e+0, 0.00000e+0, 7.15473e+2, 0.00000e+0, 5.01605e+2, 0.00000e+0, 2.30380e+1, 0.00000e+0, 2.42407e+1, 0.00000e+0, 3.58981e+0, 0.00000e+0, 3.18632e+0, 0.00000e+0, 2.00000e+1, 0.00000e+0, 2.00000e+1, 0.00000e+0, 3, 4, 
06/16/2020 09:36:57.815, 06/16/2020 09:36:57.762, 4.15921e+0, 0.00000e+0, 9.72288e+1, 0.00000e+0, 2.02301e+0, 0.00000e+0, 1.24993e+4, 0.00000e+0, 7.04626e+2, 0.00000e+0, 2.04862e+0, 0.00000e+0, 7.13545e+2, 0.00000e+0, 5.01618e+2, 0.00000e+0, 2.30509e+1, 0.00000e+0, 2.42497e+1, 0.00000e+0, 3.58908e+0, 0.00000e+0, 3.18734e+0, 0.00000e+0, 2.00000e+1, 0.00000e+0, 2.00000e+1, 0.00000e+0, 3, 4, 
06/16/2020 09:36:58.803, 06/16/2020 09:36:58.757, 4.15894e+0, 0.00000e+0, 9.71892e+1, 0.00000e+0, 2.02530e+0, 0.00000e+0, 1.24943e+4, 0.00000e+0, 7.02056e+2, 0.00000e+0, 2.05093e+0, 0.00000e+0, 7.10939e+2, 0.00000e+0, 5.01480e+2, 0.00000e+0, 2.31050e+1, 0.00000e+0, 2.42444e+1, 0.00000e+0, 3.59235e+0, 0.00000e+0, 3.18667e+0, 0.00000e+0, 2.00000e+1, 0.00000e+0, 2.00000e+1, 0.00000e+0, 3, 4, 
06/16/2020 09:36:59.796, 06/16/2020 09:36:59.751, 4.15849e+0, 0.00000e+0, 9.71228e+1, 0.00000e+0, 2.02271e+0, 0.00000e+0, 1.23243e+4, 0.00000e+0, 7.00724e+2, 0.00000e+0, 2.04795e+0, 0.00000e+0, 7.09468e+2, 0.00000e+0, 5.01777e+2, 0.00000e+0, 2.32068e+1, 0.00000e+0, 2.42294e+1, 0.00000e+0, 3.59131e+0, 0.00000e+0, 3.18712e+0, 0.00000e+0, 2.00000e+1, 0.00000e+0, 2.00000e+1, 0.00000e+0, 3, 4, 
06/16/2020 09:37:00.808, 06/16/2020 09:37:00.745, 4.15947e+0, 0.00000e+0, 9.72677e+1, 0.00000e+0, 2.02598e+0, 0.00000e+0, 1.26920e+4, 0.00000e+0, 7.00200e+2, 0.00000e+0, 2.05203e+0, 0.00000e+0, 7.09201e+2, 0.00000e+0, 5.01676e+2, 0.00000e+0, 2.31043e+1, 0.00000e+0, 2.42709e+1, 0.00000e+0, 3.59480e+0, 0.00000e+0, 3.18714e+0, 0.00000e+0, 2.00000e+1, 0.00000e+0, 2.00000e+1, 0.00000e+0, 3, 4, 
06/16/2020 09:37:01.799, 06/16/2020 09:37:01.745, 4.15644e+0, 0.00000e+0, 9.68195e+1, 0.00000e+0, 2.02105e+0, 0.00000e+0, 1.25979e+4, 0.00000e+0, 7.01508e+2, 0.00000e+0, 2.04684e+0, 0.00000e+0, 7.10459e+2, 0.00000e+0, 5.01609e+2, 0.00000e+0, 2.32961e+1, 0.00000e+0, 2.41815e+1, 0.00000e+0, 3.59344e+0, 0.00000e+0, 3.18729e+0, 0.00000e+0, 2.00000e+1, 0.00000e+0, 2.00000e+1, 0.00000e+0, 3, 4, 
06/16/2020 09:37:02.791, 06/16/2020 09:37:02.736, 4.15750e+0, 0.00000e+0, 9.69767e+1, 0.00000e+0, 2.01982e+0, 0.00000e+0, 1.25332e+4, 0.00000e+0, 6.97888e+2, 0.00000e+0, 2.04546e+0, 0.00000e+0, 7.06745e+2, 0.00000e+0, 5.01900e+2, 0.00000e+0, 2.32443e+1, 0.00000e+0, 2.42368e+1, 0.00000e+0, 3.59329e+0, 0.00000e+0, 3.18744e+0, 0.00000e+0, 2.00000e+1, 0.00000e+0, 2.00000e+1, 0.00000e+0, 3, 5, 
06/16/2020 09:37:03.782, 06/16/2020 09:37:03.729, 4.15906e+0, 0.00000e+0, 9.72067e+1, 0.00000e+0, 2.02991e+0, 0.00000e+0, 1.25562e+4, 0.00000e+0, 6.98111e+2, 0.00000e+0, 2.05572e+0, 0.00000e+0, 7.06988e+2, 0.00000e+0, 5.01559e+2, 0.00000e+0, 2.31135e+1, 0.00000e+0, 2.42767e+1, 0.00000e+0, 3.59378e+0, 0.00000e+0, 3.18787e+0, 0.00000e+0, 2.00000e+1, 0.00000e+0, 2.00000e+1, 0.00000e+0, 3, 5, 
06/16/2020 09:37:04.778, 06/16/2020 09:37:04.725, 4.15950e+0, 0.00000e+0, 9.72721e+1, 0.00000e+0, 2.02134e+0, 0.00000e+0, 1.26934e+4, 0.00000e+0, 7.02156e+2, 0.00000e+0, 2.04733e+0, 0.00000e+0, 7.11183e+2, 0.00000e+0, 5.01567e+2, 0.00000e+0, 2.31074e+1, 0.00000e+0, 2.43001e+1, 0.00000e+0, 3.59327e+0, 0.00000e+0, 3.18633e+0, 0.00000e+0, 2.00000e+1, 0.00000e+0, 2.00000e+1, 0.00000e+0, 3, 5, 
06/16/2020 09:37:05.774, 06/16/2020 09:37:05.719, 4.15976e+0, 0.00000e+0, 9.73095e+1, 0.00000e+0, 2.01798e+0, 0.00000e+0, 1.26109e+4, 0.00000e+0, 7.05889e+2, 0.00000e+0, 2.04376e+0, 0.00000e+0, 7.14905e+2, 0.00000e+0, 5.01635e+2, 0.00000e+0, 2.30931e+1, 0.00000e+0, 2.43105e+1, 0.00000e+0, 3.59429e+0, 0.00000e+0, 3.18701e+0, 0.00000e+0, 2.00000e+1, 0.00000e+0, 2.00000e+1, 0.00000e+0, 3, 5, 
06/16/2020 09:37:06.770, 06/16/2020 09:37:06.713, 4.15925e+0, 0.00000e+0, 9.72347e+1, 0.00000e+0, 2.02041e+0, 0.00000e+0, 1.24702e+4, 0.00000e+0, 7.11534e+2, 0.00000e+0, 2.04593e+0, 0.00000e+0, 7.20519e+2, 0.00000e+0, 5.01686e+2, 0.00000e+0, 2.31755e+1, 0.00000e+0, 2.43034e+1, 0.00000e+0, 3.59609e+0, 0.00000e+0, 3.18543e+0, 0.00000e+0, 2.00000e+1, 0.00000e+0, 2.00000e+1, 0.00000e+0, 3, 5, 
06/16/2020 09:37:07.765, 06/16/2020 09:37:07.707, 4.15883e+0, 0.00000e+0, 9.71723e+1, 0.00000e+0, 2.02634e+0, 0.00000e+0, 1.25737e+4, 0.00000e+0, 7.15764e+2, 0.00000e+0, 2.05215e+0, 0.00000e+0, 7.24878e+2, 0.00000e+0, 5.01671e+2, 0.00000e+0, 2.32042e+1, 0.00000e+0, 2.42893e+1, 0.00000e+0, 3.59230e+0, 0.00000e+0, 3.18601e+0, 0.00000e+0, 2.00000e+1, 0.00000e+0, 2.00000e+1, 0.00000e+0, 3, 5, 
06/16/2020 09:37:08.756, 06/16/2020 09:37:08.703, 4.15937e+0, 0.00000e+0, 9.72521e+1, 0.00000e+0, 2.02987e+0, 0.00000e+0, 1.27700e+4, 0.00000e+0, 7.22293e+2, 0.00000e+0, 2.05612e+0, 0.00000e+0, 7.31636e+2, 0.00000e+0, 5.01604e+2, 0.00000e+0, 2.31154e+1, 0.00000e+0, 2.43277e+1, 0.00000e+0, 3.59129e+0, 0.00000e+0, 3.18294e+0, 0.00000e+0, 2.00000e+1, 0.00000e+0, 2.00000e+1, 0.00000e+0, 3, 5, 
06/16/2020 09:37:09.751, 06/16/2020 09:37:09.698, 4.15943e+0, 0.00000e+0, 9.72606e+1, 0.00000e+0, 2.02462e+0, 0.00000e+0, 1.29557e+4, 0.00000e+0, 7.26532e+2, 0.00000e+0, 2.05119e+0, 0.00000e+0, 7.36068e+2, 0.00000e+0, 5.01627e+2, 0.00000e+0, 2.31449e+1, 0.00000e+0, 2.43240e+1, 0.00000e+0, 3.59179e+0, 0.00000e+0, 3.18621e+0, 0.00000e+0, 2.00000e+1, 0.00000e+0, 2.00000e+1, 0.00000e+0, 3, 5, 
06/16/2020 09:37:10.743, 06/16/2020 09:37:10.691, 4.15932e+0, 0.00000e+0, 9.72442e+1, 0.00000e+0, 2.01918e+0, 0.00000e+0, 1.28312e+4, 0.00000e+0, 7.26091e+2, 0.00000e+0, 2.04542e+0, 0.00000e+0, 7.35529e+2, 0.00000e+0, 5.01607e+2, 0.00000e+0, 2.31096e+1, 0.00000e+0, 2.43435e+1, 0.00000e+0, 3.59396e+0, 0.00000e+0, 3.18313e+0, 0.00000e+0, 2.00000e+1, 0.00000e+0, 2.00000e+1, 0.00000e+0, 3, 5, 
06/16/2020 09:37:11.736, 06/16/2020 09:37:11.686, 4.15977e+0, 0.00000e+0, 9.73108e+1, 0.00000e+0, 2.02962e+0, 0.00000e+0, 1.29838e+4, 0.00000e+0, 7.29294e+2, 0.00000e+0, 2.05632e+0, 0.00000e+0, 7.38888e+2, 0.00000e+0, 5.01617e+2, 0.00000e+0, 2.31058e+1, 0.00000e+0, 2.43515e+1, 0.00000e+0, 3.59108e+0, 0.00000e+0, 3.18314e+0, 0.00000e+0, 2.00000e+1, 0.00000e+0, 2.00000e+1, 0.00000e+0, 3, 5, 
06/16/2020 09:37:12.735, 06/16/2020 09:37:12.681, 4.15981e+0, 0.00000e+0, 9.73168e+1, 0.00000e+0, 2.02282e+0, 0.00000e+0, 1.28317e+4, 0.00000e+0, 7.30864e+2, 0.00000e+0, 2.04912e+0, 0.00000e+0, 7.40364e+2, 0.00000e+0, 5.01583e+2, 0.00000e+0, 2.30884e+1, 0.00000e+0, 2.43601e+1, 0.00000e+0, 3.59099e+0, 0.00000e+0, 3.18469e+0, 0.00000e+0, 2.00000e+1, 0.00000e+0, 2.00000e+1, 0.00000e+0, 3, 5, 
06/16/2020 09:37:13.728, 06/16/2020 09:37:13.675, 4.15940e+0, 0.00000e+0, 9.72568e+1, 0.00000e+0, 2.02184e+0, 0.00000e+0, 1.27624e+4, 0.00000e+0, 7.29756e+2, 0.00000e+0, 2.04798e+0, 0.00000e+0, 7.39190e+2, 0.00000e+0, 5.01620e+2, 0.00000e+0, 2.30968e+1, 0.00000e+0, 2.43518e+1, 0.00000e+0, 3.59355e+0, 0.00000e+0, 3.18479e+0, 0.00000e+0, 2.00000e+1, 0.00000e+0, 2.00000e+1, 0.00000e+0, 3, 5, 
06/16/2020 09:37:14.719, 06/16/2020 09:37:14.669, 4.15948e+0, 0.00000e+0, 9.72682e+1, 0.00000e+0, 2.02655e+0, 0.00000e+0, 1.26428e+4, 0.00000e+0, 7.30868e+2, 0.00000e+0, 2.05250e+0, 0.00000e+0, 7.40227e+2, 0.00000e+0, 5.01646e+2, 0.00000e+0, 2.30924e+1, 0.00000e+0, 2.43593e+1, 0.00000e+0, 3.59086e+0, 0.00000e+0, 3.18442e+0, 0.00000e+0, 2.00000e+1, 0.00000e+0, 2.00000e+1, 0.00000e+0, 3, 5, 
06/16/2020 09:37:15.717, 06/16/2020 09:37:15.663, 4.15991e+0, 0.00000e+0, 9.73322e+1, 0.00000e+0, 2.02308e+0, 0.00000e+0, 1.27630e+4, 0.00000e+0, 7.35846e+2, 0.00000e+0, 2.04924e+0, 0.00000e+0, 7.45359e+2, 0.00000e+0, 5.01589e+2, 0.00000e+0, 2.31172e+1, 0.00000e+0, 2.43758e+1, 0.00000e+0, 3.59049e+0, 0.00000e+0, 3.18318e+0, 0.00000e+0, 2.00000e+1, 0.00000e+0, 2.00000e+1, 0.00000e+0, 3, 5, 
06/16/2020 09:37:16.717, 06/16/2020 09:37:16.658, 4.16001e+0, 0.00000e+0, 9.73462e+1, 0.00000e+0, 2.02761e+0, 0.00000e+0, 1.27775e+4, 0.00000e+0, 7.33276e+2, 0.00000e+0, 2.05385e+0, 0.00000e+0, 7.42767e+2, 0.00000e+0, 5.01602e+2, 0.00000e+0, 2.31164e+1, 0.00000e+0, 2.43874e+1, 0.00000e+0, 3.58932e+0, 0.00000e+0, 3.18273e+0, 0.00000e+0, 2.00000e+1, 0.00000e+0, 2.00000e+1, 0.00000e+0, 3, 5, 
06/16/2020 09:37:17.706, 06/16/2020 09:37:17.653, 4.15997e+0, 0.00000e+0, 9.73401e+1, 0.00000e+0, 2.02839e+0, 0.00000e+0, 1.28410e+4, 0.00000e+0, 7.37504e+2, 0.00000e+0, 2.05478e+0, 0.00000e+0, 7.47098e+2, 0.00000e+0, 5.01610e+2, 0.00000e+0, 2.31282e+1, 0.00000e+0, 2.43814e+1, 0.00000e+0, 3.59046e+0, 0.00000e+0, 3.18315e+0, 0.00000e+0, 2.00000e+1, 0.00000e+0, 2.00000e+1, 0.00000e+0, 3, 5, 
06/16/2020 09:37:18.699, 06/16/2020 09:37:18.648, 4.15966e+0, 0.00000e+0, 9.72952e+1, 0.00000e+0, 2.02330e+0, 0.00000e+0, 1.26737e+4, 0.00000e+0, 7.36080e+2, 0.00000e+0, 2.04927e+0, 0.00000e+0, 7.45528e+2, 0.00000e+0, 5.01573e+2, 0.00000e+0, 2.31289e+1, 0.00000e+0, 2.43934e+1, 0.00000e+0, 3.58948e+0, 0.00000e+0, 3.18225e+0, 0.00000e+0, 2.00000e+1, 0.00000e+0, 2.00000e+1, 0.00000e+0, 3, 5, 
06/16/2020 09:37:19.696, 06/16/2020 09:37:19.642, 4.16013e+0, 0.00000e+0, 9.73645e+1, 0.00000e+0, 2.02939e+0, 0.00000e+0, 1.28230e+4, 0.00000e+0, 7.40157e+2, 0.00000e+0, 2.05575e+0, 0.00000e+0, 7.49771e+2, 0.00000e+0, 5.01609e+2, 0.00000e+0, 2.31414e+1, 0.00000e+0, 2.43957e+1, 0.00000e+0, 3.59072e+0, 0.00000e+0, 3.18289e+0, 0.00000e+0, 2.00000e+1, 0.00000e+0, 2.00000e+1, 0.00000e+0, 3, 5, 
06/16/2020 09:37:20.692, 06/16/2020 09:37:20.637, 4.16005e+0, 0.00000e+0, 9.73525e+1, 0.00000e+0, 2.02286e+0, 0.00000e+0, 1.27480e+4, 0.00000e+0, 7.38929e+2, 0.00000e+0, 2.04898e+0, 0.00000e+0, 7.48470e+2, 0.00000e+0, 5.01586e+2, 0.00000e+0, 2.31332e+1, 0.00000e+0, 2.44007e+1, 0.00000e+0, 3.59078e+0, 0.00000e+0, 3.18270e+0, 0.00000e+0, 2.00000e+1, 0.00000e+0, 2.00000e+1, 0.00000e+0, 3, 5, 
06/16/2020 09:37:21.682, 06/16/2020 09:37:21.631, 4.15968e+0, 0.00000e+0, 9.72980e+1, 0.00000e+0, 2.02908e+0, 0.00000e+0, 1.28225e+4, 0.00000e+0, 7.39782e+2, 0.00000e+0, 2.05544e+0, 0.00000e+0, 7.49391e+2, 0.00000e+0, 5.01577e+2, 0.00000e+0, 2.31503e+1, 0.00000e+0, 2.43901e+1, 0.00000e+0, 3.58992e+0, 0.00000e+0, 3.18232e+0, 0.00000e+0, 2.00000e+1, 0.00000e+0, 2.00000e+1, 0.00000e+0, 3, 5, 
06/16/2020 09:37:22.671, 06/16/2020 09:37:22.625, 4.15937e+0, 0.00000e+0, 9.72528e+1, 0.00000e+0, 2.02557e+0, 0.00000e+0, 1.26471e+4, 0.00000e+0, 7.36795e+2, 0.00000e+0, 2.05151e+0, 0.00000e+0, 7.46232e+2, 0.00000e+0, 5.01595e+2, 0.00000e+0, 2.31466e+1, 0.00000e+0, 2.43929e+1, 0.00000e+0, 3.59018e+0, 0.00000e+0, 3.18269e+0, 0.00000e+0, 2.00000e+1, 0.00000e+0, 2.00000e+1, 0.00000e+0, 3, 5, 
                                                                                                                                                                                                                                                                                                                                                                                                         