SN:3K60180500001584 BD:Jul 23 2018 VC:834b9c1 MD5:48f99e4865ed8b810be1bb0eaaabf929
SysTime,                      Time,         Batt_v,      Batt_v_sd,   BATT_PERCENT,BATT_PERCENT_sd,      [CH4]_ppm,   [CH4]_ppm_sd,      [H2O]_ppm,   [H2O]_ppm_sd,      [CO2]_ppm,   [CO2]_ppm_sd,     [CH4]d_ppm,  [CH4]d_ppm_sd,     [CO2]d_ppm,  [CO2]d_ppm_sd,      GasP_torr,   GasP_torr_sd,         GasT_C,      GasT_C_sd,         AmbT_C,      AmbT_C_sd,         RD0_us,      RD0_us_sd,         RD1_us,      RD1_us_sd, Temp_Status_mA,Temp_Status_mA_sd,Analyzer_Status_mA,Analyzer_Status_mA_sd,       Fit_Flag,      MIU_VALVE,       MIU_DESC
08/11/2021 11:30:17.396, 08/11/2021 11:30:17.342, 3.47136e+0, 0.00000e+0, -2.62547e+2, 0.00000e+0, 1.79698e+0, 0.00000e+0, 1.92325e+4, 0.00000e+0, 3.97369e+2, 0.00000e+0, 9.16107e-1, 0.00000e+0, 2.02581e+2, 0.00000e+0, 4.98306e+2, 0.00000e+0, 2.49672e+1, 0.00000e+0, 2.66160e+1, 0.00000e+0, 2.77501e+0, 0.00000e+0, 2.74693e+0, 0.00000e+0, 2.00000e+1, 0.00000e+0, 1.30000e+1, 0.00000e+0, 2, 1, 
08/11/2021 11:30:22.372, 08/11/2021 11:30:22.314, 3.47022e+0, 7.38166e-4, -4.43177e+0, 1.09846e-1, 1.80867e+0, 3.05709e-3, 2.19546e+4, 1.98055e+2, 4.04877e+2, 1.48824e+0, 1.84927e+0, 3.46011e-3, 4.13966e+2, 1.47831e+0, 4.98682e+2, 1.40781e+0, 2.49808e+1, 1.63390e-3, 2.66578e+1, 2.24651e-2, 2.77570e+0, 5.67138e-4, 2.74755e+0, 6.11622e-4, 2.00000e+1, 0.00000e+0, 1.30000e+1, 0.00000e+0, 2, 1, 
08/11/2021 11:30:27.343, 08/11/2021 11:30:27.287, 3.46765e+0, 7.80049e-4, -4.81395e+0, 1.16079e-1, 1.80984e+0, 1.25720e-3, 2.20566e+4, 1.63211e+2, 3.97072e+2, 2.02007e+0, 1.85065e+0, 1.54803e-3, 4.06028e+2, 2.09875e+0, 4.98895e+2, 1.16513e+0, 2.49801e+1, 5.65745e-3, 2.67218e+1, 1.72822e-2, 2.77540e+0, 4.82753e-4, 2.74711e+0, 7.62579e-4, 2.00000e+1, 0.00000e+0, 1.30000e+1, 0.00000e+0, 2, 1, 
08/11/2021 11:30:32.314, 08/11/2021 11:30:32.261, 3.46423e+0, 1.72520e-3, -5.32356e+0, 2.56726e-1, 1.81165e+0, 1.69925e-3, 2.21575e+4, 1.22005e+2, 3.93118e+2, 1.02993e+0, 1.85271e+0, 1.95746e-3, 4.02026e+2, 1.07828e+0, 4.98649e+2, 1.33987e+0, 2.49908e+1, 1.03366e-3, 2.67880e+1, 1.96197e-2, 2.77456e+0, 8.29340e-4, 2.74723e+0, 3.34484e-4, 2.00000e+1, 0.00000e+0, 1.30000e+1, 0.00000e+0, 3, 1, 
08/11/2021 11:30:37.302, 08/11/2021 11:30:37.232, 3.46082e+0, 1.56412e-3, -5.83063e+0, 2.32755e-1, 1.81321e+0, 1.08170e-3, 2.23650e+4, 2.38912e+2, 3.90418e+2, 1.19127e+0, 1.85469e+0, 1.39902e-3, 3.99349e+2, 1.24681e+0, 4.98422e+2, 1.15583e+0, 2.49908e+1, 5.34612e-4, 2.68419e+1, 2.31957e-2, 2.77488e+0, 1.85251e-4, 2.74680e+0, 5.67797e-4, 2.00000e+1, 0.00000e+0, 1.30000e+1, 0.00000e+0, 3, 1, 
08/11/2021 11:30:42.260, 08/11/2021 11:30:42.206, 3.45737e+0, 1.59773e-3, -6.34335e+0, 2.37757e-1, 1.81299e+0, 4.62642e-3, 2.22925e+4, 1.40229e+2, 3.88201e+2, 9.46339e-1, 1.85433e+0, 4.89655e-3, 3.97052e+2, 9.92902e-1, 4.98649e+2, 1.54048e+0, 2.49926e+1, 1.64194e-3, 2.69043e+1, 2.12033e-2, 2.77429e+0, 1.25158e-4, 2.74660e+0, 7.43941e-4, 2.00000e+1, 0.00000e+0, 1.30000e+1, 0.00000e+0, 3, 1, 
08/11/2021 11:30:47.236, 08/11/2021 11:30:47.179, 3.45357e+0, 6.97783e-4, -6.90909e+0, 1.03837e-1, 1.81584e+0, 2.71079e-3, 2.24378e+4, 1.19502e+2, 3.86450e+2, 8.52822e-1, 1.85752e+0, 2.69622e-3, 3.95320e+2, 8.72413e-1, 4.98699e+2, 1.03562e+0, 2.50012e+1, 3.98942e-3, 2.69649e+1, 1.79585e-2, 2.77437e+0, 2.17599e-4, 2.74634e+0, 1.58651e-4, 2.00000e+1, 0.00000e+0, 1.30000e+1, 0.00000e+0, 3, 1, 
08/11/2021 11:30:52.207, 08/11/2021 11:30:52.151, 3.44959e+0, 1.51899e-3, -7.50178e+0, 2.26040e-1, 1.81725e+0, 3.41066e-3, 2.24729e+4, 1.56982e+2, 3.85314e+2, 1.46764e+0, 1.85903e+0, 3.66762e-3, 3.94173e+2, 1.53558e+0, 4.98280e+2, 1.45942e+0, 2.50158e+1, 5.04014e-3, 2.70273e+1, 2.35212e-2, 2.77401e+0, 6.64669e-4, 2.74661e+0, 3.27808e-4, 2.00000e+1, 0.00000e+0, 1.30000e+1, 0.00000e+0, 3, 1, 
08/11/2021 11:30:57.177, 08/11/2021 11:30:57.124, 3.44580e+0, 1.33785e-3, -8.06584e+0, 1.99085e-1, 1.81525e+0, 2.67825e-3, 2.23997e+4, 9.81436e+1, 3.91652e+2, 1.92725e+0, 1.85684e+0, 2.71289e-3, 4.00626e+2, 1.99279e+0, 4.98431e+2, 9.85203e-1, 2.50304e+1, 5.73675e-3, 2.70947e+1, 2.64545e-2, 2.77359e+0, 2.55349e-4, 2.74621e+0, 5.58387e-4, 2.00000e+1, 0.00000e+0, 1.30000e+1, 0.00000e+0, 3, 1, 
08/11/2021 11:31:02.156, 08/11/2021 11:31:02.096, 3.44224e+0, 1.15540e-3, -8.59577e+0, 1.71934e-1, 1.81117e+0, 2.86891e-3, 2.23533e+4, 1.36381e+2, 4.02057e+2, 4.02289e+0, 1.85258e+0, 2.89539e-3, 4.11250e+2, 4.14269e+0, 4.98846e+2, 1.49440e+0, 2.50478e+1, 5.77771e-3, 2.71556e+1, 1.97886e-2, 2.77388e+0, 5.15506e-4, 2.74626e+0, 3.12740e-4, 2.00000e+1, 0.00000e+0, 1.30000e+1, 0.00000e+0, 3, 1, 
08/11/2021 11:31:07.138, 08/11/2021 11:31:07.070, 3.43788e+0, 1.07237e-3, -9.24335e+0, 1.59580e-1, 1.80816e+0, 3.85513e-3, 2.23260e+4, 1.95864e+2, 4.05110e+2, 2.71686e+0, 1.84945e+0, 4.15680e-3, 4.14361e+2, 2.79943e+0, 4.98677e+2, 1.04480e+0, 2.50716e+1, 8.03953e-3, 2.72157e+1, 2.12993e-2, 2.77366e+0, 8.37281e-4, 2.74599e+0, 4.56318e-4, 2.00000e+1, 0.00000e+0, 1.30000e+1, 0.00000e+0, 3, 2, 
08/11/2021 11:31:12.096, 08/11/2021 11:31:12.041, 3.43502e+0, 1.26557e-3, -9.66953e+0, 1.88328e-1, 1.81271e+0, 3.79332e-3, 2.26130e+4, 1.86341e+2, 4.01367e+2, 8.63267e-1, 1.85465e+0, 4.14627e-3, 4.10654e+2, 9.24756e-1, 4.98154e+2, 1.44099e+0, 2.50864e+1, 5.43911e-3, 2.72707e+1, 2.03229e-2, 2.77353e+0, 5.83338e-4, 2.74554e+0, 3.71407e-4, 2.00000e+1, 0.00000e+0, 1.30000e+1, 0.00000e+0, 3, 2, 
08/11/2021 11:31:17.066, 08/11/2021 11:31:17.014, 3.43104e+0, 1.48798e-3, -1.02624e+1, 2.21426e-1, 1.81184e+0, 1.09893e-3, 2.26274e+4, 2.10750e+2, 4.01810e+2, 3.46458e-1, 1.85378e+0, 8.81332e-4, 4.11113e+2, 4.12302e-1, 4.98381e+2, 1.10899e+0, 2.51076e+1, 4.41217e-3, 2.73327e+1, 1.78887e-2, 2.77327e+0, 8.23178e-4, 2.74530e+0, 4.25110e-4, 2.00000e+1, 0.00000e+0, 1.30000e+1, 0.00000e+0, 3, 2, 
08/11/2021 11:31:22.041, 08/11/2021 11:31:21.986, 3.42605e+0, 1.28291e-3, -1.10045e+1, 1.90909e-1, 1.81329e+0, 2.04577e-3, 2.25782e+4, 2.29199e+2, 3.97769e+2, 1.17750e+0, 1.85517e+0, 2.09447e-3, 4.06957e+2, 1.24339e+0, 4.98682e+2, 1.52026e+0, 2.51201e+1, 4.12682e-3, 2.74000e+1, 2.66415e-2, 2.77275e+0, 6.40720e-4, 2.74499e+0, 4.41922e-4, 2.00000e+1, 0.00000e+0, 1.30000e+1, 0.00000e+0, 3, 2, 
08/11/2021 11:31:27.020, 08/11/2021 11:31:26.959, 3.42204e+0, 1.05677e-3, -1.16014e+1, 1.57257e-1, 1.81158e+0, 2.50740e-3, 2.26607e+4, 1.76301e+2, 4.02982e+2, 4.13569e+0, 1.85358e+0, 2.63100e-3, 4.12325e+2, 4.24109e+0, 4.98685e+2, 1.19990e+0, 2.51353e+1, 4.64811e-3, 2.74660e+1, 1.81562e-2, 2.77265e+0, 3.72675e-4, 2.74505e+0, 7.79746e-4, 2.00000e+1, 0.00000e+0, 1.30000e+1, 0.00000e+0, 3, 2, 
08/11/2021 11:31:31.987, 08/11/2021 11:31:31.932, 3.41925e+0, 1.14519e-3, -1.20167e+1, 1.70416e-1, 1.81183e+0, 3.30628e-3, 2.26170e+4, 1.47810e+2, 4.06790e+2, 1.07429e+0, 1.85376e+0, 3.63332e-3, 4.16203e+2, 1.13522e+0, 4.98314e+2, 1.50387e+0, 2.51389e+1, 1.19731e-2, 2.75219e+1, 2.55161e-2, 2.77213e+0, 8.72684e-4, 2.74492e+0, 7.47039e-4, 2.00000e+1, 0.00000e+0, 1.30000e+1, 0.00000e+0, 3, 2, 
08/11/2021 11:31:36.979, 08/11/2021 11:31:36.905, 3.41488e+0, 1.53824e-3, -1.26670e+1, 2.28904e-1, 1.81091e+0, 3.57165e-3, 2.27510e+4, 1.82486e+2, 4.07675e+2, 1.23693e+0, 1.85307e+0, 3.94504e-3, 4.17166e+2, 1.28003e+0, 4.98313e+2, 1.03499e+0, 2.51572e+1, 4.21212e-3, 2.75926e+1, 1.52039e-2, 2.77238e+0, 5.34280e-4, 2.74419e+0, 2.42425e-4, 2.00000e+1, 0.00000e+0, 1.30000e+1, 0.00000e+0, 3, 2, 
08/11/2021 11:31:41.934, 08/11/2021 11:31:41.877, 3.41056e+0, 1.03379e-3, -1.33098e+1, 1.53837e-1, 1.81389e+0, 1.49624e-3, 2.27792e+4, 1.08128e+2, 4.03307e+2, 5.07152e-1, 1.85617e+0, 1.52893e-3, 4.12708e+2, 5.50329e-1, 4.98659e+2, 1.46352e+0, 2.51731e+1, 1.14144e-2, 2.76560e+1, 2.22290e-2, 2.77201e+0, 5.28283e-4, 2.74429e+0, 5.43007e-4, 2.00000e+1, 0.00000e+0, 1.30000e+1, 0.00000e+0, 3, 2, 
08/11/2021 11:31:46.906, 08/11/2021 11:31:46.851, 3.40689e+0, 8.27596e-4, -1.38563e+1, 1.23154e-1, 1.81374e+0, 1.64981e-3, 2.27374e+4, 1.45210e+2, 4.00055e+2, 3.03657e+0, 1.85594e+0, 1.57666e-3, 4.09363e+2, 3.14367e+0, 4.98659e+2, 1.04291e+0, 2.51762e+1, 6.11402e-3, 2.77190e+1, 1.95612e-2, 2.77225e+0, 5.19333e-4, 2.74382e+0, 5.88987e-4, 2.00000e+1, 0.00000e+0, 1.30000e+1, 0.00000e+0, 3, 2, 
08/11/2021 11:31:51.881, 08/11/2021 11:31:51.824, 3.40248e+0, 1.37461e-3, -1.45117e+1, 2.04555e-1, 1.81331e+0, 2.70600e-3, 2.27941e+4, 1.95278e+2, 3.96590e+2, 4.19829e+0, 1.85561e+0, 3.09031e-3, 4.05841e+2, 4.30045e+0, 4.98252e+2, 1.38974e+0, 2.52042e+1, 2.21791e-2, 2.77818e+1, 2.48808e-2, 2.77159e+0, 4.03223e-4, 2.74404e+0, 4.00259e-4, 2.00000e+1, 0.00000e+0, 1.30000e+1, 0.00000e+0, 3, 2, 
08/11/2021 11:31:56.852, 08/11/2021 11:31:56.795, 3.39893e+0, 1.22377e-3, -1.50407e+1, 1.82109e-1, 1.81402e+0, 3.72102e-3, 2.28545e+4, 1.61496e+2, 3.99189e+2, 3.29771e+0, 1.85644e+0, 3.83521e-3, 4.08525e+2, 3.31329e+0, 4.98372e+2, 1.36359e+0, 2.52241e+1, 7.68013e-3, 2.78434e+1, 2.38843e-2, 2.77181e+0, 9.01249e-4, 2.74346e+0, 2.63586e-4, 2.00000e+1, 0.00000e+0, 1.30000e+1, 0.00000e+0, 3, 2, 
08/11/2021 11:32:01.830, 08/11/2021 11:32:01.768, 3.39507e+0, 1.11901e-3, -1.56150e+1, 1.66519e-1, 1.81153e+0, 3.74085e-3, 2.27017e+4, 7.90278e+1, 4.03242e+2, 3.73581e+0, 1.85361e+0, 3.96334e-3, 4.12609e+2, 3.84315e+0, 4.98670e+2, 1.24034e+0, 2.52244e+1, 3.41391e-3, 2.79070e+1, 2.07713e-2, 2.77135e+0, 5.58421e-4, 2.74370e+0, 2.98454e-4, 2.00000e+1, 0.00000e+0, 1.30000e+1, 0.00000e+0, 3, 2, 
08/11/2021 11:32:06.800, 08/11/2021 11:32:06.741, 3.39156e+0, 1.06678e-3, -1.61362e+1, 1.58747e-1, 1.81157e+0, 3.13249e-3, 2.27585e+4, 1.92093e+2, 4.05547e+2, 1.48868e+0, 1.85376e+0, 3.23179e-3, 4.14992e+2, 1.58300e+0, 4.98939e+2, 1.26448e+0, 2.52245e+1, 1.10079e-2, 2.79703e+1, 1.97766e-2, 2.77153e+0, 5.69227e-4, 2.74358e+0, 4.48555e-4, 2.00000e+1, 0.00000e+0, 1.30000e+1, 0.00000e+0, 3, 2, 
08/11/2021 11:32:11.768, 08/11/2021 11:32:11.713, 3.38770e+0, 1.26106e-3, -1.67106e+1, 1.87658e-1, 1.81147e+0, 2.80062e-3, 2.28161e+4, 1.26557e+2, 4.03065e+2, 1.38148e+0, 1.85376e+0, 3.00609e-3, 4.12476e+2, 1.38796e+0, 4.98271e+2, 1.35631e+0, 2.52484e+1, 4.41251e-3, 2.80241e+1, 2.25686e-2, 2.77155e+0, 5.15772e-4, 2.74351e+0, 6.57136e-4, 2.00000e+1, 0.00000e+0, 1.30000e+1, 0.00000e+0, 3, 1, 
08/11/2021 11:32:16.750, 08/11/2021 11:32:16.687, 3.38353e+0, 1.40880e-3, -1.73317e+1, 2.09643e-1, 1.80937e+0, 3.61234e-3, 2.27846e+4, 2.43074e+2, 4.03534e+2, 1.12760e+0, 1.85156e+0, 4.07874e-3, 4.12942e+2, 1.15904e+0, 4.98461e+2, 1.28569e+0, 2.52621e+1, 5.24898e-3, 2.80856e+1, 2.60862e-2, 2.77129e+0, 5.48666e-4, 2.74337e+0, 4.54541e-4, 2.00000e+1, 0.00000e+0, 1.30000e+1, 0.00000e+0, 3, 1, 
08/11/2021 11:32:21.720, 08/11/2021 11:32:21.659, 3.37856e+0, 1.86046e-3, -1.80715e+1, 2.76853e-1, 1.80897e+0, 4.34117e-3, 2.28590e+4, 1.09922e+2, 4.11995e+2, 8.10214e+0, 1.85129e+0, 4.60782e-3, 4.21633e+2, 8.28218e+0, 4.98550e+2, 1.28108e+0, 2.52641e+1, 9.07722e-3, 2.81502e+1, 2.26634e-2, 2.77172e+0, 3.54442e-4, 2.74302e+0, 5.62775e-4, 2.00000e+1, 0.00000e+0, 1.30000e+1, 0.00000e+0, 3, 1, 
08/11/2021 11:32:26.711, 08/11/2021 11:32:26.633, 3.37426e+0, 1.98936e-3, -1.87117e+1, 2.96035e-1, 1.81013e+0, 3.07429e-3, 2.28287e+4, 1.77227e+2, 4.49536e+2, 5.73319e+0, 1.85242e+0, 3.47504e-3, 4.60038e+2, 5.91694e+0, 4.98566e+2, 1.47138e+0, 2.52872e+1, 1.35479e-2, 2.82225e+1, 2.14416e-2, 2.77133e+0, 7.21322e-4, 2.74258e+0, 6.87572e-4, 2.00000e+1, 0.00000e+0, 1.30000e+1, 0.00000e+0, 3, 1, 
08/11/2021 11:32:31.674, 08/11/2021 11:32:31.621, 3.36995e+0, 8.46790e-4, -1.93526e+1, 1.26010e-1, 1.81167e+0, 3.08782e-3, 2.28157e+4, 1.27676e+2, 4.30801e+2, 8.30896e+0, 1.85397e+0, 3.28925e-3, 4.40860e+2, 8.53035e+0, 4.98536e+2, 1.29596e+0, 2.53021e+1, 8.52478e-3, 2.82838e+1, 1.96723e-2, 2.77060e+0, 5.63071e-4, 2.74245e+0, 3.23517e-4, 2.00000e+1, 0.00000e+0, 1.30000e+1, 0.00000e+0, 3, 1, 
08/11/2021 11:32:36.632, 08/11/2021 11:32:36.577, 3.36466e+0, 1.25266e-3, -2.01400e+1, 1.86408e-1, 1.80998e+0, 1.34028e-3, 2.29654e+4, 2.35517e+2, 4.34030e+2, 6.66842e+0, 1.85253e+0, 1.45601e-3, 4.44233e+2, 6.88539e+0, 4.98322e+2, 1.33454e+0, 2.53188e+1, 4.52544e-3, 2.83418e+1, 2.20054e-2, 2.77051e+0, 4.71099e-4, 2.74286e+0, 3.13378e-4, 2.00000e+1, 0.00000e+0, 1.30000e+1, 0.00000e+0, 3, 1, 
08/11/2021 11:32:41.605, 08/11/2021 11:32:41.550, 3.36115e+0, 1.32068e-3, -2.06617e+1, 1.96529e-1, 1.80893e+0, 1.97280e-3, 2.29749e+4, 1.09626e+2, 4.26277e+2, 5.37845e+0, 1.85147e+0, 2.22291e-3, 4.36301e+2, 5.53095e+0, 4.98428e+2, 1.17577e+0, 2.53214e+1, 1.15192e-2, 2.84019e+1, 1.93100e-2, 2.77061e+0, 3.40476e-4, 2.74231e+0, 4.35075e-4, 2.00000e+1, 0.00000e+0, 1.30000e+1, 0.00000e+0, 3, 1, 
08/11/2021 11:32:46.582, 08/11/2021 11:32:46.523, 3.35602e+0, 1.97576e-3, -2.14254e+1, 2.94012e-1, 1.81263e+0, 3.37325e-3, 2.28449e+4, 1.90750e+2, 4.11771e+2, 3.92482e+0, 1.85501e+0, 3.63338e-3, 4.21397e+2, 3.97839e+0, 4.98668e+2, 1.58109e+0, 2.53351e+1, 1.04536e-2, 2.84586e+1, 1.75720e-2, 2.77005e+0, 5.15978e-4, 2.74212e+0, 5.93142e-4, 2.00000e+1, 0.00000e+0, 1.30000e+1, 0.00000e+0, 3, 1, 
08/11/2021 11:32:51.556, 08/11/2021 11:32:51.503, 3.35125e+0, 1.20753e-3, -2.21352e+1, 1.79692e-1, 1.81192e+0, 3.76292e-3, 2.28278e+4, 1.53200e+2, 4.04996e+2, 2.19288e+0, 1.85425e+0, 3.95763e-3, 4.14457e+2, 2.23957e+0, 4.98368e+2, 9.68519e-1, 2.53455e+1, 1.22137e-3, 2.85177e+1, 1.86964e-2, 2.77015e+0, 5.11757e-4, 2.74220e+0, 4.78533e-4, 2.00000e+1, 0.00000e+0, 1.30000e+1, 0.00000e+0, 3, 1, 
08/11/2021 11:32:56.535, 08/11/2021 11:32:56.475, 3.33887e+0, 9.05558e-3, -2.39773e+1, 1.34756e+0, 1.80793e+0, 2.66445e-3, 2.29354e+4, 1.57728e+2, 4.03492e+2, 1.57358e+0, 1.85037e+0, 2.63133e-3, 4.12963e+2, 1.65268e+0, 4.98224e+2, 1.55626e+0, 2.53483e+1, 1.11634e-3, 2.85744e+1, 2.29776e-2, 2.77048e+0, 5.17944e-4, 2.74152e+0, 4.96440e-4, 2.00000e+1, 0.00000e+0, 1.30000e+1, 0.00000e+0, 3, 1, 
08/11/2021 11:33:01.506, 08/11/2021 11:33:01.448, 3.33975e+0, 1.67661e-3, -2.38473e+1, 2.49495e-1, 1.80620e+0, 2.33167e-3, 2.27624e+4, 6.36830e+1, 4.06330e+2, 9.47531e-1, 1.84827e+0, 2.45760e-3, 4.15795e+2, 9.87879e-1, 4.98598e+2, 8.98517e-1, 2.53589e+1, 3.81868e-3, 2.86443e+1, 2.32689e-2, 2.76959e+0, 7.81606e-4, 2.74164e+0, 4.15628e-4, 2.00000e+1, 0.00000e+0, 1.30000e+1, 0.00000e+0, 3, 1, 
08/11/2021 11:33:06.471, 08/11/2021 11:33:06.420, 3.33348e+0, 3.09815e-3, -2.47797e+1, 4.61034e-1, 1.80500e+0, 3.94147e-3, 2.28245e+4, 1.36702e+2, 4.05853e+2, 1.47061e+0, 1.84717e+0, 4.28991e-3, 4.15333e+2, 1.53866e+0, 4.98680e+2, 1.50222e+0, 2.53711e+1, 3.37424e-3, 2.87068e+1, 1.87896e-2, 2.76949e+0, 4.63990e-4, 2.74157e+0, 6.80307e-4, 2.00000e+1, 0.00000e+0, 1.30000e+1, 0.00000e+0, 3, 1, 
08/11/2021 11:33:11.452, 08/11/2021 11:33:11.393, 3.31861e+0, 6.51936e-3, -2.69919e+1, 9.70143e-1, 1.80713e+0, 1.09868e-3, 2.28329e+4, 1.84369e+2, 4.04024e+2, 8.13663e-1, 1.84935e+0, 1.18990e-3, 4.13465e+2, 8.86474e-1, 4.98379e+2, 8.76676e-1, 2.53929e+1, 5.91342e-3, 2.87539e+1, 3.22961e-2, 2.77008e+0, 4.91211e-4, 2.74136e+0, 3.42370e-4, 2.00000e+1, 0.00000e+0, 1.30000e+1, 0.00000e+0, 3, 2, 
08/11/2021 11:33:16.422, 08/11/2021 11:33:16.366, 3.32177e+0, 1.45566e-3, -2.65222e+1, 2.16617e-1, 1.80448e+0, 2.28753e-3, 2.29599e+4, 2.49819e+2, 4.05741e+2, 4.77058e-1, 1.84689e+0, 2.78138e-3, 4.15276e+2, 5.14871e-1, 4.98267e+2, 1.65190e+0, 2.54166e+1, 1.04458e-2, 2.88412e+1, 2.22436e-2, 2.77001e+0, 4.73670e-4, 2.74121e+0, 5.77827e-4, 2.00000e+1, 0.00000e+0, 1.30000e+1, 0.00000e+0, 3, 2, 
08/11/2021 11:33:21.402, 08/11/2021 11:33:21.338, 3.31640e+0, 2.71650e-3, -2.73221e+1, 4.04241e-1, 1.80429e+0, 8.92175e-4, 2.28023e+4, 1.21675e+2, 4.10177e+2, 4.12912e+0, 1.84639e+0, 8.38390e-4, 4.19748e+2, 4.19546e+0, 4.98475e+2, 8.27280e-1, 2.54338e+1, 7.20301e-3, 2.89042e+1, 2.26465e-2, 2.76936e+0, 5.93589e-4, 2.74097e+0, 6.94382e-4, 2.00000e+1, 0.00000e+0, 1.30000e+1, 0.00000e+0, 3, 2, 
08/11/2021 11:33:26.370, 08/11/2021 11:33:26.311, 3.31003e+0, 2.32293e-3, -2.82693e+1, 3.45674e-1, 1.79968e+0, 3.57973e-3, 2.27896e+4, 2.53723e+2, 4.27362e+2, 3.48455e+0, 1.84165e+0, 4.13006e-3, 4.37328e+2, 3.61626e+0, 4.98627e+2, 1.58235e+0, 2.54495e+1, 1.09095e-2, 2.89632e+1, 1.90157e-2, 2.76911e+0, 5.80720e-4, 2.74094e+0, 2.81463e-4, 2.00000e+1, 0.00000e+0, 1.30000e+1, 0.00000e+0, 3, 2, 
08/11/2021 11:33:31.342, 08/11/2021 11:33:31.283, 3.30320e+0, 1.83821e-3, -2.92851e+1, 2.73543e-1, 1.80033e+0, 2.44943e-3, 2.28515e+4, 1.85905e+2, 4.31662e+2, 2.77337e+0, 1.84244e+0, 2.38710e-3, 4.41758e+2, 2.89321e+0, 4.98455e+2, 1.12324e+0, 2.54793e+1, 6.12365e-3, 2.90263e+1, 1.77342e-2, 2.76920e+0, 5.42518e-4, 2.74099e+0, 3.06057e-4, 2.00000e+1, 0.00000e+0, 1.30000e+1, 0.00000e+0, 3, 2, 
