SN:3K60180500001584 BD:Jul 23 2018 VC:834b9c1 MD5:48f99e4865ed8b810be1bb0eaaabf929
SysTime,                      Time,         Batt_v,      Batt_v_sd,   BATT_PERCENT,BATT_PERCENT_sd,      [CH4]_ppm,   [CH4]_ppm_sd,      [H2O]_ppm,   [H2O]_ppm_sd,      [CO2]_ppm,   [CO2]_ppm_sd,     [CH4]d_ppm,  [CH4]d_ppm_sd,     [CO2]d_ppm,  [CO2]d_ppm_sd,      GasP_torr,   GasP_torr_sd,         GasT_C,      GasT_C_sd,         AmbT_C,      AmbT_C_sd,         RD0_us,      RD0_us_sd,         RD1_us,      RD1_us_sd, Temp_Status_mA,Temp_Status_mA_sd,Analyzer_Status_mA,Analyzer_Status_mA_sd,       Fit_Flag,      MIU_VALVE,       MIU_DESC
06/15/2023 17:10:47.423, 06/15/2023 17:10:47.367, 4.15888e+0, 0.00000e+0, 9.80479e+1, 0.00000e+0, 1.98744e+0, 0.00000e+0, 1.79119e+4, 0.00000e+0, 6.87895e+2, 0.00000e+0, 2.02369e+0, 0.00000e+0, 7.00441e+2, 0.00000e+0, 4.80659e+2, 0.00000e+0, 3.03609e+1, 0.00000e+0, 3.19319e+1, 0.00000e+0, 3.79327e+0, 0.00000e+0, 3.28012e+0, 0.00000e+0, 2.00000e+1, 0.00000e+0, 2.00000e+1, 0.00000e+0, 2, 1, 
06/15/2023 17:10:48.424, 06/15/2023 17:10:48.363, 4.15899e+0, 0.00000e+0, 9.80644e+1, 0.00000e+0, 2.00057e+0, 0.00000e+0, 1.96644e+4, 0.00000e+0, 6.98914e+2, 0.00000e+0, 2.04070e+0, 0.00000e+0, 7.12933e+2, 0.00000e+0, 4.80618e+2, 0.00000e+0, 3.03585e+1, 0.00000e+0, 3.19354e+1, 0.00000e+0, 3.79351e+0, 0.00000e+0, 3.27895e+0, 0.00000e+0, 2.00000e+1, 0.00000e+0, 2.00000e+1, 0.00000e+0, 2, 1, 
06/15/2023 17:10:49.413, 06/15/2023 17:10:49.357, 4.15906e+0, 0.00000e+0, 9.80748e+1, 0.00000e+0, 2.00055e+0, 0.00000e+0, 1.99437e+4, 0.00000e+0, 6.99264e+2, 0.00000e+0, 2.04126e+0, 0.00000e+0, 7.13493e+2, 0.00000e+0, 4.80646e+2, 0.00000e+0, 3.03576e+1, 0.00000e+0, 3.19437e+1, 0.00000e+0, 3.79316e+0, 0.00000e+0, 3.27796e+0, 0.00000e+0, 2.00000e+1, 0.00000e+0, 2.00000e+1, 0.00000e+0, 2, 1, 
06/15/2023 17:10:50.409, 06/15/2023 17:10:50.351, 4.15908e+0, 0.00000e+0, 9.80773e+1, 0.00000e+0, 2.00128e+0, 0.00000e+0, 1.98911e+4, 0.00000e+0, 6.99673e+2, 0.00000e+0, 2.04189e+0, 0.00000e+0, 7.13873e+2, 0.00000e+0, 4.80619e+2, 0.00000e+0, 3.03475e+1, 0.00000e+0, 3.19557e+1, 0.00000e+0, 3.79325e+0, 0.00000e+0, 3.27848e+0, 0.00000e+0, 2.00000e+1, 0.00000e+0, 2.00000e+1, 0.00000e+0, 2, 1, 
06/15/2023 17:10:51.403, 06/15/2023 17:10:51.345, 4.15898e+0, 0.00000e+0, 9.80631e+1, 0.00000e+0, 2.00175e+0, 0.00000e+0, 1.99939e+4, 0.00000e+0, 6.99553e+2, 0.00000e+0, 2.04259e+0, 0.00000e+0, 7.13825e+2, 0.00000e+0, 4.80647e+2, 0.00000e+0, 3.03579e+1, 0.00000e+0, 3.19525e+1, 0.00000e+0, 3.79383e+0, 0.00000e+0, 3.27768e+0, 0.00000e+0, 2.00000e+1, 0.00000e+0, 2.00000e+1, 0.00000e+0, 2, 1, 
06/15/2023 17:10:52.401, 06/15/2023 17:10:52.341, 4.15912e+0, 0.00000e+0, 9.80827e+1, 0.00000e+0, 2.00133e+0, 0.00000e+0, 1.99105e+4, 0.00000e+0, 6.99914e+2, 0.00000e+0, 2.04199e+0, 0.00000e+0, 7.14132e+2, 0.00000e+0, 4.80675e+2, 0.00000e+0, 3.03780e+1, 0.00000e+0, 3.19527e+1, 0.00000e+0, 3.79355e+0, 0.00000e+0, 3.27788e+0, 0.00000e+0, 2.00000e+1, 0.00000e+0, 2.00000e+1, 0.00000e+0, 2, 1, 
06/15/2023 17:10:53.392, 06/15/2023 17:10:53.335, 4.15915e+0, 0.00000e+0, 9.80878e+1, 0.00000e+0, 1.99892e+0, 0.00000e+0, 2.00921e+4, 0.00000e+0, 7.00121e+2, 0.00000e+0, 2.03991e+0, 0.00000e+0, 7.14476e+2, 0.00000e+0, 4.80657e+2, 0.00000e+0, 3.03569e+1, 0.00000e+0, 3.19572e+1, 0.00000e+0, 3.79377e+0, 0.00000e+0, 3.27707e+0, 0.00000e+0, 2.00000e+1, 0.00000e+0, 2.00000e+1, 0.00000e+0, 2, 1, 
06/15/2023 17:10:54.389, 06/15/2023 17:10:54.330, 4.15912e+0, 0.00000e+0, 9.80831e+1, 0.00000e+0, 2.00252e+0, 0.00000e+0, 2.01573e+4, 0.00000e+0, 7.00099e+2, 0.00000e+0, 2.04372e+0, 0.00000e+0, 7.14502e+2, 0.00000e+0, 4.80617e+2, 0.00000e+0, 3.03549e+1, 0.00000e+0, 3.19640e+1, 0.00000e+0, 3.79378e+0, 0.00000e+0, 3.27763e+0, 0.00000e+0, 2.00000e+1, 0.00000e+0, 2.00000e+1, 0.00000e+0, 2, 1, 
06/15/2023 17:10:55.380, 06/15/2023 17:10:55.325, 4.15915e+0, 0.00000e+0, 9.80875e+1, 0.00000e+0, 1.99979e+0, 0.00000e+0, 2.03549e+4, 0.00000e+0, 7.00045e+2, 0.00000e+0, 2.04134e+0, 0.00000e+0, 7.14590e+2, 0.00000e+0, 4.80610e+2, 0.00000e+0, 3.03546e+1, 0.00000e+0, 3.19737e+1, 0.00000e+0, 3.79343e+0, 0.00000e+0, 3.27829e+0, 0.00000e+0, 2.00000e+1, 0.00000e+0, 2.00000e+1, 0.00000e+0, 2, 1, 
06/15/2023 17:10:56.377, 06/15/2023 17:10:56.319, 4.15914e+0, 0.00000e+0, 9.80856e+1, 0.00000e+0, 1.99971e+0, 0.00000e+0, 2.02697e+4, 0.00000e+0, 6.99641e+2, 0.00000e+0, 2.04109e+0, 0.00000e+0, 7.14116e+2, 0.00000e+0, 4.80708e+2, 0.00000e+0, 3.03541e+1, 0.00000e+0, 3.19875e+1, 0.00000e+0, 3.79401e+0, 0.00000e+0, 3.27887e+0, 0.00000e+0, 2.00000e+1, 0.00000e+0, 2.00000e+1, 0.00000e+0, 2, 1, 
06/15/2023 17:10:57.370, 06/15/2023 17:10:57.313, 4.15929e+0, 0.00000e+0, 9.81084e+1, 0.00000e+0, 2.00528e+0, 0.00000e+0, 2.01570e+4, 0.00000e+0, 6.98964e+2, 0.00000e+0, 2.04653e+0, 0.00000e+0, 7.13343e+2, 0.00000e+0, 4.80720e+2, 0.00000e+0, 3.03557e+1, 0.00000e+0, 3.19980e+1, 0.00000e+0, 3.79341e+0, 0.00000e+0, 3.27879e+0, 0.00000e+0, 2.00000e+1, 0.00000e+0, 2.00000e+1, 0.00000e+0, 2, 1, 
06/15/2023 17:10:58.394, 06/15/2023 17:10:58.308, 4.15909e+0, 0.00000e+0, 9.80783e+1, 0.00000e+0, 2.00201e+0, 0.00000e+0, 2.03251e+4, 0.00000e+0, 7.00791e+2, 0.00000e+0, 2.04354e+0, 0.00000e+0, 7.15331e+2, 0.00000e+0, 4.80773e+2, 0.00000e+0, 3.03545e+1, 0.00000e+0, 3.20020e+1, 0.00000e+0, 3.79389e+0, 0.00000e+0, 3.27811e+0, 0.00000e+0, 2.00000e+1, 0.00000e+0, 2.00000e+1, 0.00000e+0, 3, 1, 
06/15/2023 17:10:59.376, 06/15/2023 17:10:59.303, 4.15900e+0, 0.00000e+0, 9.80657e+1, 0.00000e+0, 2.00064e+0, 0.00000e+0, 2.00396e+4, 0.00000e+0, 7.00821e+2, 0.00000e+0, 2.04155e+0, 0.00000e+0, 7.15152e+2, 0.00000e+0, 4.80765e+2, 0.00000e+0, 3.03535e+1, 0.00000e+0, 3.20020e+1, 0.00000e+0, 3.79435e+0, 0.00000e+0, 3.27791e+0, 0.00000e+0, 2.00000e+1, 0.00000e+0, 2.00000e+1, 0.00000e+0, 3, 1, 
06/15/2023 17:11:00.353, 06/15/2023 17:11:00.298, 4.15895e+0, 0.00000e+0, 9.80576e+1, 0.00000e+0, 2.00092e+0, 0.00000e+0, 2.00536e+4, 0.00000e+0, 7.01016e+2, 0.00000e+0, 2.04187e+0, 0.00000e+0, 7.15362e+2, 0.00000e+0, 4.80623e+2, 0.00000e+0, 3.03737e+1, 0.00000e+0, 3.20006e+1, 0.00000e+0, 3.79316e+0, 0.00000e+0, 3.27822e+0, 0.00000e+0, 2.00000e+1, 0.00000e+0, 2.00000e+1, 0.00000e+0, 3, 1, 
06/15/2023 17:11:01.352, 06/15/2023 17:11:01.292, 4.15925e+0, 0.00000e+0, 9.81029e+1, 0.00000e+0, 2.00085e+0, 0.00000e+0, 2.02314e+4, 0.00000e+0, 7.01388e+2, 0.00000e+0, 2.04217e+0, 0.00000e+0, 7.15871e+2, 0.00000e+0, 4.80760e+2, 0.00000e+0, 3.03595e+1, 0.00000e+0, 3.20037e+1, 0.00000e+0, 3.79388e+0, 0.00000e+0, 3.27793e+0, 0.00000e+0, 2.00000e+1, 0.00000e+0, 2.00000e+1, 0.00000e+0, 3, 1, 
06/15/2023 17:11:02.355, 06/15/2023 17:11:02.287, 4.15931e+0, 0.00000e+0, 9.81122e+1, 0.00000e+0, 2.00002e+0, 0.00000e+0, 2.01256e+4, 0.00000e+0, 7.01923e+2, 0.00000e+0, 2.04110e+0, 0.00000e+0, 7.16340e+2, 0.00000e+0, 4.80793e+2, 0.00000e+0, 3.03713e+1, 0.00000e+0, 3.20099e+1, 0.00000e+0, 3.79301e+0, 0.00000e+0, 3.27851e+0, 0.00000e+0, 2.00000e+1, 0.00000e+0, 2.00000e+1, 0.00000e+0, 3, 1, 
06/15/2023 17:11:03.338, 06/15/2023 17:11:03.280, 4.15917e+0, 0.00000e+0, 9.80915e+1, 0.00000e+0, 2.00007e+0, 0.00000e+0, 2.02538e+4, 0.00000e+0, 7.02738e+2, 0.00000e+0, 2.04142e+0, 0.00000e+0, 7.17265e+2, 0.00000e+0, 4.80855e+2, 0.00000e+0, 3.03579e+1, 0.00000e+0, 3.20254e+1, 0.00000e+0, 3.79346e+0, 0.00000e+0, 3.27783e+0, 0.00000e+0, 2.00000e+1, 0.00000e+0, 2.00000e+1, 0.00000e+0, 3, 1, 
06/15/2023 17:11:04.329, 06/15/2023 17:11:04.275, 4.15926e+0, 0.00000e+0, 9.81038e+1, 0.00000e+0, 2.00028e+0, 0.00000e+0, 2.00454e+4, 0.00000e+0, 7.02283e+2, 0.00000e+0, 2.04119e+0, 0.00000e+0, 7.16648e+2, 0.00000e+0, 4.80834e+2, 0.00000e+0, 3.03609e+1, 0.00000e+0, 3.20319e+1, 0.00000e+0, 3.79373e+0, 0.00000e+0, 3.27845e+0, 0.00000e+0, 2.00000e+1, 0.00000e+0, 2.00000e+1, 0.00000e+0, 3, 1, 
06/15/2023 17:11:05.337, 06/15/2023 17:11:05.269, 4.15926e+0, 0.00000e+0, 9.81037e+1, 0.00000e+0, 2.00251e+0, 0.00000e+0, 2.03544e+4, 0.00000e+0, 7.02739e+2, 0.00000e+0, 2.04412e+0, 0.00000e+0, 7.17340e+2, 0.00000e+0, 4.80726e+2, 0.00000e+0, 3.03613e+1, 0.00000e+0, 3.20389e+1, 0.00000e+0, 3.79295e+0, 0.00000e+0, 3.27805e+0, 0.00000e+0, 2.00000e+1, 0.00000e+0, 2.00000e+1, 0.00000e+0, 3, 1, 
06/15/2023 17:11:06.322, 06/15/2023 17:11:06.264, 4.15924e+0, 0.00000e+0, 9.81005e+1, 0.00000e+0, 2.00262e+0, 0.00000e+0, 2.03551e+4, 0.00000e+0, 7.03412e+2, 0.00000e+0, 2.04423e+0, 0.00000e+0, 7.18028e+2, 0.00000e+0, 4.80634e+2, 0.00000e+0, 3.03668e+1, 0.00000e+0, 3.20405e+1, 0.00000e+0, 3.79413e+0, 0.00000e+0, 3.27815e+0, 0.00000e+0, 2.00000e+1, 0.00000e+0, 2.00000e+1, 0.00000e+0, 3, 1, 
06/15/2023 17:11:07.319, 06/15/2023 17:11:07.259, 4.15928e+0, 0.00000e+0, 9.81078e+1, 0.00000e+0, 2.00184e+0, 0.00000e+0, 2.01965e+4, 0.00000e+0, 7.02400e+2, 0.00000e+0, 2.04311e+0, 0.00000e+0, 7.16878e+2, 0.00000e+0, 4.80846e+2, 0.00000e+0, 3.03658e+1, 0.00000e+0, 3.20508e+1, 0.00000e+0, 3.79389e+0, 0.00000e+0, 3.27786e+0, 0.00000e+0, 2.00000e+1, 0.00000e+0, 2.00000e+1, 0.00000e+0, 3, 1, 
06/15/2023 17:11:08.322, 06/15/2023 17:11:08.253, 4.15923e+0, 0.00000e+0, 9.80994e+1, 0.00000e+0, 2.00540e+0, 0.00000e+0, 2.02609e+4, 0.00000e+0, 7.03092e+2, 0.00000e+0, 2.04687e+0, 0.00000e+0, 7.17632e+2, 0.00000e+0, 4.80815e+2, 0.00000e+0, 3.03663e+1, 0.00000e+0, 3.20536e+1, 0.00000e+0, 3.79344e+0, 0.00000e+0, 3.27733e+0, 0.00000e+0, 2.00000e+1, 0.00000e+0, 2.00000e+1, 0.00000e+0, 3, 1, 
06/15/2023 17:11:09.306, 06/15/2023 17:11:09.248, 4.15927e+0, 0.00000e+0, 9.81063e+1, 0.00000e+0, 2.00092e+0, 0.00000e+0, 2.01449e+4, 0.00000e+0, 7.03457e+2, 0.00000e+0, 2.04206e+0, 0.00000e+0, 7.17919e+2, 0.00000e+0, 4.80869e+2, 0.00000e+0, 3.03693e+1, 0.00000e+0, 3.20593e+1, 0.00000e+0, 3.79445e+0, 0.00000e+0, 3.27799e+0, 0.00000e+0, 2.00000e+1, 0.00000e+0, 2.00000e+1, 0.00000e+0, 3, 1, 
06/15/2023 17:11:10.311, 06/15/2023 17:11:10.243, 4.15950e+0, 0.00000e+0, 9.81406e+1, 0.00000e+0, 1.99939e+0, 0.00000e+0, 2.00750e+4, 0.00000e+0, 7.03330e+2, 0.00000e+0, 2.04035e+0, 0.00000e+0, 7.17739e+2, 0.00000e+0, 4.80826e+2, 0.00000e+0, 3.03709e+1, 0.00000e+0, 3.20667e+1, 0.00000e+0, 3.79435e+0, 0.00000e+0, 3.27722e+0, 0.00000e+0, 2.00000e+1, 0.00000e+0, 2.00000e+1, 0.00000e+0, 3, 1, 
06/15/2023 17:11:11.294, 06/15/2023 17:11:11.236, 4.15926e+0, 0.00000e+0, 9.81034e+1, 0.00000e+0, 1.99953e+0, 0.00000e+0, 2.02201e+4, 0.00000e+0, 7.03223e+2, 0.00000e+0, 2.04079e+0, 0.00000e+0, 7.17736e+2, 0.00000e+0, 4.80803e+2, 0.00000e+0, 3.03692e+1, 0.00000e+0, 3.20734e+1, 0.00000e+0, 3.79468e+0, 0.00000e+0, 3.27807e+0, 0.00000e+0, 2.00000e+1, 0.00000e+0, 2.00000e+1, 0.00000e+0, 3, 1, 
06/15/2023 17:11:12.295, 06/15/2023 17:11:12.231, 4.15926e+0, 0.00000e+0, 9.81041e+1, 0.00000e+0, 1.99745e+0, 0.00000e+0, 2.02252e+4, 0.00000e+0, 7.03321e+2, 0.00000e+0, 2.03869e+0, 0.00000e+0, 7.17839e+2, 0.00000e+0, 4.80768e+2, 0.00000e+0, 3.03683e+1, 0.00000e+0, 3.20758e+1, 0.00000e+0, 3.79486e+0, 0.00000e+0, 3.27797e+0, 0.00000e+0, 2.00000e+1, 0.00000e+0, 2.00000e+1, 0.00000e+0, 3, 1, 
06/15/2023 17:11:13.286, 06/15/2023 17:11:13.227, 4.15923e+0, 0.00000e+0, 9.80994e+1, 0.00000e+0, 1.99833e+0, 0.00000e+0, 2.00705e+4, 0.00000e+0, 7.02991e+2, 0.00000e+0, 2.03926e+0, 0.00000e+0, 7.17389e+2, 0.00000e+0, 4.80786e+2, 0.00000e+0, 3.03709e+1, 0.00000e+0, 3.20713e+1, 0.00000e+0, 3.79440e+0, 0.00000e+0, 3.27799e+0, 0.00000e+0, 2.00000e+1, 0.00000e+0, 2.00000e+1, 0.00000e+0, 3, 1, 
06/15/2023 17:11:14.276, 06/15/2023 17:11:14.221, 4.15931e+0, 0.00000e+0, 9.81115e+1, 0.00000e+0, 2.00157e+0, 0.00000e+0, 2.02082e+4, 0.00000e+0, 7.04480e+2, 0.00000e+0, 2.04285e+0, 0.00000e+0, 7.19010e+2, 0.00000e+0, 4.80895e+2, 0.00000e+0, 3.03710e+1, 0.00000e+0, 3.20696e+1, 0.00000e+0, 3.79464e+0, 0.00000e+0, 3.27815e+0, 0.00000e+0, 2.00000e+1, 0.00000e+0, 2.00000e+1, 0.00000e+0, 3, 1, 
06/15/2023 17:11:15.271, 06/15/2023 17:11:15.214, 4.15942e+0, 0.00000e+0, 9.81279e+1, 0.00000e+0, 2.00125e+0, 0.00000e+0, 2.02321e+4, 0.00000e+0, 7.03391e+2, 0.00000e+0, 2.04258e+0, 0.00000e+0, 7.17916e+2, 0.00000e+0, 4.80917e+2, 0.00000e+0, 3.03723e+1, 0.00000e+0, 3.20755e+1, 0.00000e+0, 3.79405e+0, 0.00000e+0, 3.27790e+0, 0.00000e+0, 2.00000e+1, 0.00000e+0, 2.00000e+1, 0.00000e+0, 3, 1, 
06/15/2023 17:11:16.267, 06/15/2023 17:11:16.210, 4.15935e+0, 0.00000e+0, 9.81177e+1, 0.00000e+0, 1.99961e+0, 0.00000e+0, 2.02212e+4, 0.00000e+0, 7.03130e+2, 0.00000e+0, 2.04088e+0, 0.00000e+0, 7.17641e+2, 0.00000e+0, 4.80970e+2, 0.00000e+0, 3.03614e+1, 0.00000e+0, 3.20790e+1, 0.00000e+0, 3.79452e+0, 0.00000e+0, 3.27760e+0, 0.00000e+0, 2.00000e+1, 0.00000e+0, 2.00000e+1, 0.00000e+0, 3, 1, 
06/15/2023 17:11:17.272, 06/15/2023 17:11:17.204, 4.15932e+0, 0.00000e+0, 9.81125e+1, 0.00000e+0, 2.00115e+0, 0.00000e+0, 2.01363e+4, 0.00000e+0, 7.02240e+2, 0.00000e+0, 2.04227e+0, 0.00000e+0, 7.16671e+2, 0.00000e+0, 4.80885e+2, 0.00000e+0, 3.03707e+1, 0.00000e+0, 3.20836e+1, 0.00000e+0, 3.79441e+0, 0.00000e+0, 3.27730e+0, 0.00000e+0, 2.00000e+1, 0.00000e+0, 2.00000e+1, 0.00000e+0, 3, 1, 
06/15/2023 17:11:18.259, 06/15/2023 17:11:18.198, 4.15954e+0, 0.00000e+0, 9.81464e+1, 0.00000e+0, 1.99857e+0, 0.00000e+0, 2.01221e+4, 0.00000e+0, 7.02248e+2, 0.00000e+0, 2.03961e+0, 0.00000e+0, 7.16668e+2, 0.00000e+0, 4.80843e+2, 0.00000e+0, 3.03732e+1, 0.00000e+0, 3.20886e+1, 0.00000e+0, 3.79461e+0, 0.00000e+0, 3.27761e+0, 0.00000e+0, 2.00000e+1, 0.00000e+0, 2.00000e+1, 0.00000e+0, 3, 1, 
06/15/2023 17:11:19.244, 06/15/2023 17:11:19.193, 4.15939e+0, 0.00000e+0, 9.81239e+1, 0.00000e+0, 1.99977e+0, 0.00000e+0, 2.00302e+4, 0.00000e+0, 7.02897e+2, 0.00000e+0, 2.04064e+0, 0.00000e+0, 7.17263e+2, 0.00000e+0, 4.80929e+2, 0.00000e+0, 3.03641e+1, 0.00000e+0, 3.20915e+1, 0.00000e+0, 3.79324e+0, 0.00000e+0, 3.27769e+0, 0.00000e+0, 2.00000e+1, 0.00000e+0, 2.00000e+1, 0.00000e+0, 3, 1, 
06/15/2023 17:11:20.242, 06/15/2023 17:11:20.188, 4.15949e+0, 0.00000e+0, 9.81383e+1, 0.00000e+0, 2.00094e+0, 0.00000e+0, 2.01571e+4, 0.00000e+0, 7.02290e+2, 0.00000e+0, 2.04210e+0, 0.00000e+0, 7.16737e+2, 0.00000e+0, 4.80939e+2, 0.00000e+0, 3.03591e+1, 0.00000e+0, 3.20950e+1, 0.00000e+0, 3.79445e+0, 0.00000e+0, 3.27772e+0, 0.00000e+0, 2.00000e+1, 0.00000e+0, 2.00000e+1, 0.00000e+0, 3, 1, 
06/15/2023 17:11:21.240, 06/15/2023 17:11:21.183, 4.15937e+0, 0.00000e+0, 9.81209e+1, 0.00000e+0, 2.00199e+0, 0.00000e+0, 2.01370e+4, 0.00000e+0, 7.02720e+2, 0.00000e+0, 2.04313e+0, 0.00000e+0, 7.17161e+2, 0.00000e+0, 4.80873e+2, 0.00000e+0, 3.03691e+1, 0.00000e+0, 3.21060e+1, 0.00000e+0, 3.79358e+0, 0.00000e+0, 3.27766e+0, 0.00000e+0, 2.00000e+1, 0.00000e+0, 2.00000e+1, 0.00000e+0, 3, 1, 
06/15/2023 17:11:22.233, 06/15/2023 17:11:22.176, 4.15939e+0, 0.00000e+0, 9.81240e+1, 0.00000e+0, 2.00077e+0, 0.00000e+0, 2.03351e+4, 0.00000e+0, 7.02225e+2, 0.00000e+0, 2.04230e+0, 0.00000e+0, 7.16801e+2, 0.00000e+0, 4.80978e+2, 0.00000e+0, 3.03637e+1, 0.00000e+0, 3.21199e+1, 0.00000e+0, 3.79283e+0, 0.00000e+0, 3.27733e+0, 0.00000e+0, 2.00000e+1, 0.00000e+0, 2.00000e+1, 0.00000e+0, 3, 1, 
06/15/2023 17:11:23.232, 06/15/2023 17:11:23.172, 4.15937e+0, 0.00000e+0, 9.81210e+1, 0.00000e+0, 2.00129e+0, 0.00000e+0, 2.01708e+4, 0.00000e+0, 7.02304e+2, 0.00000e+0, 2.04249e+0, 0.00000e+0, 7.16762e+2, 0.00000e+0, 4.80954e+2, 0.00000e+0, 3.03743e+1, 0.00000e+0, 3.21277e+1, 0.00000e+0, 3.79532e+0, 0.00000e+0, 3.27716e+0, 0.00000e+0, 2.00000e+1, 0.00000e+0, 2.00000e+1, 0.00000e+0, 3, 1, 
06/15/2023 17:11:24.220, 06/15/2023 17:11:24.166, 4.15946e+0, 0.00000e+0, 9.81334e+1, 0.00000e+0, 1.99963e+0, 0.00000e+0, 2.02560e+4, 0.00000e+0, 7.02904e+2, 0.00000e+0, 2.04098e+0, 0.00000e+0, 7.17437e+2, 0.00000e+0, 4.80925e+2, 0.00000e+0, 3.03789e+1, 0.00000e+0, 3.21363e+1, 0.00000e+0, 3.79461e+0, 0.00000e+0, 3.27711e+0, 0.00000e+0, 2.00000e+1, 0.00000e+0, 2.00000e+1, 0.00000e+0, 3, 1, 
06/15/2023 17:11:25.223, 06/15/2023 17:11:25.160, 4.15941e+0, 0.00000e+0, 9.81269e+1, 0.00000e+0, 1.99829e+0, 0.00000e+0, 2.02679e+4, 0.00000e+0, 7.02247e+2, 0.00000e+0, 2.03963e+0, 0.00000e+0, 7.16774e+2, 0.00000e+0, 4.80909e+2, 0.00000e+0, 3.03858e+1, 0.00000e+0, 3.21496e+1, 0.00000e+0, 3.79508e+0, 0.00000e+0, 3.27746e+0, 0.00000e+0, 2.00000e+1, 0.00000e+0, 2.00000e+1, 0.00000e+0, 3, 1, 
06/15/2023 17:11:26.214, 06/15/2023 17:11:26.155, 4.15938e+0, 0.00000e+0, 9.81220e+1, 0.00000e+0, 1.99751e+0, 0.00000e+0, 2.02131e+4, 0.00000e+0, 7.01290e+2, 0.00000e+0, 2.03872e+0, 0.00000e+0, 7.15758e+2, 0.00000e+0, 4.80965e+2, 0.00000e+0, 3.03933e+1, 0.00000e+0, 3.21449e+1, 0.00000e+0, 3.79440e+0, 0.00000e+0, 3.27755e+0, 0.00000e+0, 2.00000e+1, 0.00000e+0, 2.00000e+1, 0.00000e+0, 3, 1, 
06/15/2023 17:11:27.205, 06/15/2023 17:11:27.149, 4.15973e+0, 0.00000e+0, 9.81739e+1, 0.00000e+0, 2.00212e+0, 0.00000e+0, 2.00746e+4, 0.00000e+0, 7.02042e+2, 0.00000e+0, 2.04313e+0, 0.00000e+0, 7.16424e+2, 0.00000e+0, 4.81015e+2, 0.00000e+0, 3.03806e+1, 0.00000e+0, 3.21469e+1, 0.00000e+0, 3.79447e+0, 0.00000e+0, 3.27749e+0, 0.00000e+0, 2.00000e+1, 0.00000e+0, 2.00000e+1, 0.00000e+0, 3, 1, 
06/15/2023 17:11:28.200, 06/15/2023 17:11:28.144, 4.15934e+0, 0.00000e+0, 9.81165e+1, 0.00000e+0, 1.99844e+0, 0.00000e+0, 2.03378e+4, 0.00000e+0, 7.02686e+2, 0.00000e+0, 2.03992e+0, 0.00000e+0, 7.17274e+2, 0.00000e+0, 4.80990e+2, 0.00000e+0, 3.03841e+1, 0.00000e+0, 3.21552e+1, 0.00000e+0, 3.79399e+0, 0.00000e+0, 3.27754e+0, 0.00000e+0, 2.00000e+1, 0.00000e+0, 2.00000e+1, 0.00000e+0, 3, 1, 
06/15/2023 17:11:29.202, 06/15/2023 17:11:29.138, 4.15938e+0, 0.00000e+0, 9.81216e+1, 0.00000e+0, 1.99707e+0, 0.00000e+0, 2.01556e+4, 0.00000e+0, 7.02750e+2, 0.00000e+0, 2.03815e+0, 0.00000e+0, 7.17205e+2, 0.00000e+0, 4.80931e+2, 0.00000e+0, 3.03863e+1, 0.00000e+0, 3.21612e+1, 0.00000e+0, 3.79486e+0, 0.00000e+0, 3.27756e+0, 0.00000e+0, 2.00000e+1, 0.00000e+0, 2.00000e+1, 0.00000e+0, 3, 1, 
06/15/2023 17:11:30.182, 06/15/2023 17:11:30.133, 4.15949e+0, 0.00000e+0, 9.81391e+1, 0.00000e+0, 1.99796e+0, 0.00000e+0, 2.01725e+4, 0.00000e+0, 7.02283e+2, 0.00000e+0, 2.03910e+0, 0.00000e+0, 7.16741e+2, 0.00000e+0, 4.80977e+2, 0.00000e+0, 3.03877e+1, 0.00000e+0, 3.21645e+1, 0.00000e+0, 3.79365e+0, 0.00000e+0, 3.27699e+0, 0.00000e+0, 2.00000e+1, 0.00000e+0, 2.00000e+1, 0.00000e+0, 3, 1, 
06/15/2023 17:11:31.190, 06/15/2023 17:11:31.128, 4.15965e+0, 0.00000e+0, 9.81622e+1, 0.00000e+0, 1.99921e+0, 0.00000e+0, 2.02732e+4, 0.00000e+0, 7.03343e+2, 0.00000e+0, 2.04058e+0, 0.00000e+0, 7.17897e+2, 0.00000e+0, 4.81053e+2, 0.00000e+0, 3.04100e+1, 0.00000e+0, 3.21747e+1, 0.00000e+0, 3.79381e+0, 0.00000e+0, 3.27718e+0, 0.00000e+0, 2.00000e+1, 0.00000e+0, 2.00000e+1, 0.00000e+0, 3, 1, 
06/15/2023 17:11:32.186, 06/15/2023 17:11:32.123, 4.15946e+0, 0.00000e+0, 9.81339e+1, 0.00000e+0, 1.99743e+0, 0.00000e+0, 2.00711e+4, 0.00000e+0, 7.02667e+2, 0.00000e+0, 2.03834e+0, 0.00000e+0, 7.17059e+2, 0.00000e+0, 4.81020e+2, 0.00000e+0, 3.03845e+1, 0.00000e+0, 3.21862e+1, 0.00000e+0, 3.79427e+0, 0.00000e+0, 3.27692e+0, 0.00000e+0, 2.00000e+1, 0.00000e+0, 2.00000e+1, 0.00000e+0, 3, 1, 
06/15/2023 17:11:33.185, 06/15/2023 17:11:33.116, 4.15939e+0, 0.00000e+0, 9.81235e+1, 0.00000e+0, 1.99775e+0, 0.00000e+0, 2.01819e+4, 0.00000e+0, 7.01437e+2, 0.00000e+0, 2.03889e+0, 0.00000e+0, 7.15885e+2, 0.00000e+0, 4.81068e+2, 0.00000e+0, 3.03868e+1, 0.00000e+0, 3.21935e+1, 0.00000e+0, 3.79314e+0, 0.00000e+0, 3.27725e+0, 0.00000e+0, 2.00000e+1, 0.00000e+0, 2.00000e+1, 0.00000e+0, 3, 1, 
06/15/2023 17:11:34.191, 06/15/2023 17:11:34.110, 4.15954e+0, 0.00000e+0, 9.81464e+1, 0.00000e+0, 1.99782e+0, 0.00000e+0, 2.01902e+4, 0.00000e+0, 7.02303e+2, 0.00000e+0, 2.03899e+0, 0.00000e+0, 7.16774e+2, 0.00000e+0, 4.81123e+2, 0.00000e+0, 3.03834e+1, 0.00000e+0, 3.22034e+1, 0.00000e+0, 3.79341e+0, 0.00000e+0, 3.27708e+0, 0.00000e+0, 2.00000e+1, 0.00000e+0, 2.00000e+1, 0.00000e+0, 3, 1, 
06/15/2023 17:11:35.164, 06/15/2023 17:11:35.105, 4.15951e+0, 0.00000e+0, 9.81414e+1, 0.00000e+0, 1.99936e+0, 0.00000e+0, 2.03126e+4, 0.00000e+0, 7.02744e+2, 0.00000e+0, 2.04081e+0, 0.00000e+0, 7.17315e+2, 0.00000e+0, 4.81067e+2, 0.00000e+0, 3.04031e+1, 0.00000e+0, 3.22147e+1, 0.00000e+0, 3.79339e+0, 0.00000e+0, 3.27754e+0, 0.00000e+0, 2.00000e+1, 0.00000e+0, 2.00000e+1, 0.00000e+0, 3, 1, 
06/15/2023 17:11:36.156, 06/15/2023 17:11:36.100, 4.15938e+0, 0.00000e+0, 9.81224e+1, 0.00000e+0, 1.99712e+0, 0.00000e+0, 2.02480e+4, 0.00000e+0, 7.03337e+2, 0.00000e+0, 2.03840e+0, 0.00000e+0, 7.17873e+2, 0.00000e+0, 4.80995e+2, 0.00000e+0, 3.03859e+1, 0.00000e+0, 3.22231e+1, 0.00000e+0, 3.79357e+0, 0.00000e+0, 3.27738e+0, 0.00000e+0, 2.00000e+1, 0.00000e+0, 2.00000e+1, 0.00000e+0, 3, 2, 
06/15/2023 17:11:37.148, 06/15/2023 17:11:37.095, 4.15957e+0, 0.00000e+0, 9.81498e+1, 0.00000e+0, 2.00093e+0, 0.00000e+0, 2.02958e+4, 0.00000e+0, 7.02416e+2, 0.00000e+0, 2.04239e+0, 0.00000e+0, 7.16967e+2, 0.00000e+0, 4.81010e+2, 0.00000e+0, 3.03724e+1, 0.00000e+0, 3.22327e+1, 0.00000e+0, 3.79319e+0, 0.00000e+0, 3.27729e+0, 0.00000e+0, 2.00000e+1, 0.00000e+0, 2.00000e+1, 0.00000e+0, 3, 2, 
06/15/2023 17:11:38.144, 06/15/2023 17:11:38.089, 4.15940e+0, 0.00000e+0, 9.81248e+1, 0.00000e+0, 1.99841e+0, 0.00000e+0, 2.03637e+4, 0.00000e+0, 7.02002e+2, 0.00000e+0, 2.03995e+0, 0.00000e+0, 7.16595e+2, 0.00000e+0, 4.81060e+2, 0.00000e+0, 3.03768e+1, 0.00000e+0, 3.22404e+1, 0.00000e+0, 3.79395e+0, 0.00000e+0, 3.27813e+0, 0.00000e+0, 2.00000e+1, 0.00000e+0, 5.00000e+0, 0.00000e+0, 3, 2, 
06/15/2023 17:11:39.143, 06/15/2023 17:11:39.083, 4.15949e+0, 0.00000e+0, 9.81387e+1, 0.00000e+0, 2.00129e+0, 0.00000e+0, 2.03491e+4, 0.00000e+0, 7.01454e+2, 0.00000e+0, 2.04286e+0, 0.00000e+0, 7.16024e+2, 0.00000e+0, 4.81031e+2, 0.00000e+0, 3.03838e+1, 0.00000e+0, 3.22427e+1, 0.00000e+0, 3.79382e+0, 0.00000e+0, 3.27770e+0, 0.00000e+0, 2.00000e+1, 0.00000e+0, 5.00000e+0, 0.00000e+0, 3, 2, 
06/15/2023 17:11:40.134, 06/15/2023 17:11:40.078, 4.15951e+0, 0.00000e+0, 9.81414e+1, 0.00000e+0, 1.99727e+0, 0.00000e+0, 2.02396e+4, 0.00000e+0, 7.03570e+2, 0.00000e+0, 2.03853e+0, 0.00000e+0, 7.18104e+2, 0.00000e+0, 4.81105e+2, 0.00000e+0, 3.03869e+1, 0.00000e+0, 3.22668e+1, 0.00000e+0, 3.79364e+0, 0.00000e+0, 3.27731e+0, 0.00000e+0, 2.00000e+1, 0.00000e+0, 5.00000e+0, 0.00000e+0, 3, 2, 
06/15/2023 17:11:41.130, 06/15/2023 17:11:41.074, 4.15941e+0, 0.00000e+0, 9.81269e+1, 0.00000e+0, 1.99832e+0, 0.00000e+0, 2.02530e+4, 0.00000e+0, 7.01584e+2, 0.00000e+0, 2.03963e+0, 0.00000e+0, 7.16087e+2, 0.00000e+0, 4.81141e+2, 0.00000e+0, 3.03876e+1, 0.00000e+0, 3.22751e+1, 0.00000e+0, 3.79312e+0, 0.00000e+0, 3.27756e+0, 0.00000e+0, 2.00000e+1, 0.00000e+0, 5.00000e+0, 0.00000e+0, 3, 2, 
06/15/2023 17:11:42.127, 06/15/2023 17:11:42.067, 4.15947e+0, 0.00000e+0, 9.81357e+1, 0.00000e+0, 1.99841e+0, 0.00000e+0, 2.03429e+4, 0.00000e+0, 7.01873e+2, 0.00000e+0, 2.03991e+0, 0.00000e+0, 7.16447e+2, 0.00000e+0, 4.81044e+2, 0.00000e+0, 3.03904e+1, 0.00000e+0, 3.22815e+1, 0.00000e+0, 3.79375e+0, 0.00000e+0, 3.27773e+0, 0.00000e+0, 2.00000e+1, 0.00000e+0, 5.00000e+0, 0.00000e+0, 3, 2, 
06/15/2023 17:11:43.124, 06/15/2023 17:11:43.061, 4.15941e+0, 0.00000e+0, 9.81258e+1, 0.00000e+0, 2.00052e+0, 0.00000e+0, 2.03715e+4, 0.00000e+0, 7.03450e+2, 0.00000e+0, 2.04212e+0, 0.00000e+0, 7.18078e+2, 0.00000e+0, 4.81038e+2, 0.00000e+0, 3.04093e+1, 0.00000e+0, 3.22797e+1, 0.00000e+0, 3.79284e+0, 0.00000e+0, 3.27715e+0, 0.00000e+0, 2.00000e+1, 0.00000e+0, 5.00000e+0, 0.00000e+0, 3, 2, 
06/15/2023 17:11:44.111, 06/15/2023 17:11:44.057, 4.15959e+0, 0.00000e+0, 9.81537e+1, 0.00000e+0, 1.99894e+0, 0.00000e+0, 2.02516e+4, 0.00000e+0, 7.05299e+2, 0.00000e+0, 2.04026e+0, 0.00000e+0, 7.19877e+2, 0.00000e+0, 4.81058e+2, 0.00000e+0, 3.03984e+1, 0.00000e+0, 3.22959e+1, 0.00000e+0, 3.79371e+0, 0.00000e+0, 3.27719e+0, 0.00000e+0, 2.00000e+1, 0.00000e+0, 5.00000e+0, 0.00000e+0, 3, 2, 
06/15/2023 17:11:45.106, 06/15/2023 17:11:45.051, 4.15964e+0, 0.00000e+0, 9.81601e+1, 0.00000e+0, 1.99899e+0, 0.00000e+0, 2.03878e+4, 0.00000e+0, 7.03144e+2, 0.00000e+0, 2.04060e+0, 0.00000e+0, 7.17778e+2, 0.00000e+0, 4.81221e+2, 0.00000e+0, 3.03917e+1, 0.00000e+0, 3.23012e+1, 0.00000e+0, 3.79384e+0, 0.00000e+0, 3.27739e+0, 0.00000e+0, 2.00000e+1, 0.00000e+0, 5.00000e+0, 0.00000e+0, 3, 2, 
06/15/2023 17:11:46.103, 06/15/2023 17:11:46.046, 4.15966e+0, 0.00000e+0, 9.81632e+1, 0.00000e+0, 1.99844e+0, 0.00000e+0, 2.02425e+4, 0.00000e+0, 7.04228e+2, 0.00000e+0, 2.03973e+0, 0.00000e+0, 7.18778e+2, 0.00000e+0, 4.81269e+2, 0.00000e+0, 3.03911e+1, 0.00000e+0, 3.22945e+1, 0.00000e+0, 3.79411e+0, 0.00000e+0, 3.27739e+0, 0.00000e+0, 2.00000e+1, 0.00000e+0, 5.00000e+0, 0.00000e+0, 3, 2, 
06/15/2023 17:11:47.100, 06/15/2023 17:11:47.040, 4.15958e+0, 0.00000e+0, 9.81514e+1, 0.00000e+0, 1.99926e+0, 0.00000e+0, 2.01968e+4, 0.00000e+0, 7.05600e+2, 0.00000e+0, 2.04047e+0, 0.00000e+0, 7.20145e+2, 0.00000e+0, 4.81133e+2, 0.00000e+0, 3.04101e+1, 0.00000e+0, 3.23032e+1, 0.00000e+0, 3.79375e+0, 0.00000e+0, 3.27692e+0, 0.00000e+0, 2.00000e+1, 0.00000e+0, 5.00000e+0, 0.00000e+0, 3, 2, 
06/15/2023 17:11:48.090, 06/15/2023 17:11:48.035, 4.15966e+0, 0.00000e+0, 9.81643e+1, 0.00000e+0, 1.99900e+0, 0.00000e+0, 2.02020e+4, 0.00000e+0, 7.05812e+2, 0.00000e+0, 2.04021e+0, 0.00000e+0, 7.20365e+2, 0.00000e+0, 4.81215e+2, 0.00000e+0, 3.03988e+1, 0.00000e+0, 3.23120e+1, 0.00000e+0, 3.79413e+0, 0.00000e+0, 3.27718e+0, 0.00000e+0, 2.00000e+1, 0.00000e+0, 5.00000e+0, 0.00000e+0, 3, 2, 
06/15/2023 17:11:49.090, 06/15/2023 17:11:49.029, 4.15963e+0, 0.00000e+0, 9.81587e+1, 0.00000e+0, 2.00110e+0, 0.00000e+0, 2.01719e+4, 0.00000e+0, 7.04556e+2, 0.00000e+0, 2.04230e+0, 0.00000e+0, 7.19060e+2, 0.00000e+0, 4.81124e+2, 0.00000e+0, 3.04026e+1, 0.00000e+0, 3.23182e+1, 0.00000e+0, 3.79331e+0, 0.00000e+0, 3.27753e+0, 0.00000e+0, 2.00000e+1, 0.00000e+0, 5.00000e+0, 0.00000e+0, 3, 2, 
06/15/2023 17:11:50.085, 06/15/2023 17:11:50.023, 4.15958e+0, 0.00000e+0, 9.81519e+1, 0.00000e+0, 2.00100e+0, 0.00000e+0, 2.01560e+4, 0.00000e+0, 7.03945e+2, 0.00000e+0, 2.04216e+0, 0.00000e+0, 7.18426e+2, 0.00000e+0, 4.81119e+2, 0.00000e+0, 3.04079e+1, 0.00000e+0, 3.23278e+1, 0.00000e+0, 3.79386e+0, 0.00000e+0, 3.27795e+0, 0.00000e+0, 2.00000e+1, 0.00000e+0, 5.00000e+0, 0.00000e+0, 3, 2, 
06/15/2023 17:11:51.081, 06/15/2023 17:11:51.018, 4.15975e+0, 0.00000e+0, 9.81765e+1, 0.00000e+0, 1.99978e+0, 0.00000e+0, 2.03284e+4, 0.00000e+0, 7.03441e+2, 0.00000e+0, 2.04128e+0, 0.00000e+0, 7.18037e+2, 0.00000e+0, 4.81174e+2, 0.00000e+0, 3.04044e+1, 0.00000e+0, 3.23291e+1, 0.00000e+0, 3.79354e+0, 0.00000e+0, 3.27747e+0, 0.00000e+0, 2.00000e+1, 0.00000e+0, 5.00000e+0, 0.00000e+0, 3, 2, 
06/15/2023 17:11:52.062, 06/15/2023 17:11:52.013, 4.15936e+0, 0.00000e+0, 9.81183e+1, 0.00000e+0, 1.99895e+0, 0.00000e+0, 2.02024e+4, 0.00000e+0, 7.04639e+2, 0.00000e+0, 2.04016e+0, 0.00000e+0, 7.19168e+2, 0.00000e+0, 4.81151e+2, 0.00000e+0, 3.04092e+1, 0.00000e+0, 3.23359e+1, 0.00000e+0, 3.79261e+0, 0.00000e+0, 3.27637e+0, 0.00000e+0, 2.00000e+1, 0.00000e+0, 5.00000e+0, 0.00000e+0, 3, 2, 
06/15/2023 17:11:53.067, 06/15/2023 17:11:53.007, 4.15946e+0, 0.00000e+0, 9.81332e+1, 0.00000e+0, 1.99929e+0, 0.00000e+0, 2.03053e+4, 0.00000e+0, 7.04336e+2, 0.00000e+0, 2.04073e+0, 0.00000e+0, 7.18934e+2, 0.00000e+0, 4.81119e+2, 0.00000e+0, 3.04063e+1, 0.00000e+0, 3.23408e+1, 0.00000e+0, 3.79364e+0, 0.00000e+0, 3.27753e+0, 0.00000e+0, 2.00000e+1, 0.00000e+0, 5.00000e+0, 0.00000e+0, 3, 2, 
06/15/2023 17:11:54.057, 06/15/2023 17:11:54.001, 4.15952e+0, 0.00000e+0, 9.81424e+1, 0.00000e+0, 1.99924e+0, 0.00000e+0, 2.03469e+4, 0.00000e+0, 7.04539e+2, 0.00000e+0, 2.04076e+0, 0.00000e+0, 7.19172e+2, 0.00000e+0, 4.81144e+2, 0.00000e+0, 3.03988e+1, 0.00000e+0, 3.23384e+1, 0.00000e+0, 3.79336e+0, 0.00000e+0, 3.27735e+0, 0.00000e+0, 2.00000e+1, 0.00000e+0, 5.00000e+0, 0.00000e+0, 3, 2, 
06/15/2023 17:11:55.051, 06/15/2023 17:11:54.997, 4.15951e+0, 0.00000e+0, 9.81409e+1, 0.00000e+0, 1.99711e+0, 0.00000e+0, 2.02973e+4, 0.00000e+0, 7.03770e+2, 0.00000e+0, 2.03848e+0, 0.00000e+0, 7.18350e+2, 0.00000e+0, 4.81157e+2, 0.00000e+0, 3.03991e+1, 0.00000e+0, 3.23429e+1, 0.00000e+0, 3.79439e+0, 0.00000e+0, 3.27758e+0, 0.00000e+0, 2.00000e+1, 0.00000e+0, 5.00000e+0, 0.00000e+0, 3, 2, 
06/15/2023 17:11:56.066, 06/15/2023 17:11:55.992, 4.15962e+0, 0.00000e+0, 9.81575e+1, 0.00000e+0, 1.99617e+0, 0.00000e+0, 2.02750e+4, 0.00000e+0, 7.03451e+2, 0.00000e+0, 2.03748e+0, 0.00000e+0, 7.18008e+2, 0.00000e+0, 4.81124e+2, 0.00000e+0, 3.04249e+1, 0.00000e+0, 3.23536e+1, 0.00000e+0, 3.79384e+0, 0.00000e+0, 3.27715e+0, 0.00000e+0, 2.00000e+1, 0.00000e+0, 5.00000e+0, 0.00000e+0, 3, 2, 
06/15/2023 17:11:57.045, 06/15/2023 17:11:56.986, 4.15958e+0, 0.00000e+0, 9.81518e+1, 0.00000e+0, 1.99767e+0, 0.00000e+0, 2.01934e+4, 0.00000e+0, 7.03610e+2, 0.00000e+0, 2.03884e+0, 0.00000e+0, 7.18112e+2, 0.00000e+0, 4.81176e+2, 0.00000e+0, 3.04058e+1, 0.00000e+0, 3.23808e+1, 0.00000e+0, 3.79287e+0, 0.00000e+0, 3.27709e+0, 0.00000e+0, 2.00000e+1, 0.00000e+0, 5.00000e+0, 0.00000e+0, 3, 2, 
06/15/2023 17:11:58.037, 06/15/2023 17:11:57.980, 4.15963e+0, 0.00000e+0, 9.81592e+1, 0.00000e+0, 1.99837e+0, 0.00000e+0, 2.03648e+4, 0.00000e+0, 7.04133e+2, 0.00000e+0, 2.03991e+0, 0.00000e+0, 7.18771e+2, 0.00000e+0, 4.81233e+2, 0.00000e+0, 3.04079e+1, 0.00000e+0, 3.23896e+1, 0.00000e+0, 3.79355e+0, 0.00000e+0, 3.27786e+0, 0.00000e+0, 2.00000e+1, 0.00000e+0, 5.00000e+0, 0.00000e+0, 3, 2, 
06/15/2023 17:11:59.032, 06/15/2023 17:11:58.974, 4.15971e+0, 0.00000e+0, 9.81711e+1, 0.00000e+0, 1.99995e+0, 0.00000e+0, 2.03896e+4, 0.00000e+0, 7.04051e+2, 0.00000e+0, 2.04158e+0, 0.00000e+0, 7.18705e+2, 0.00000e+0, 4.81221e+2, 0.00000e+0, 3.04083e+1, 0.00000e+0, 3.23952e+1, 0.00000e+0, 3.79360e+0, 0.00000e+0, 3.27745e+0, 0.00000e+0, 2.00000e+1, 0.00000e+0, 5.00000e+0, 0.00000e+0, 3, 2, 
06/15/2023 17:12:00.029, 06/15/2023 17:11:59.969, 4.15957e+0, 0.00000e+0, 9.81503e+1, 0.00000e+0, 2.00073e+0, 0.00000e+0, 2.02553e+4, 0.00000e+0, 7.05663e+2, 0.00000e+0, 2.04209e+0, 0.00000e+0, 7.20252e+2, 0.00000e+0, 4.81300e+2, 0.00000e+0, 3.04128e+1, 0.00000e+0, 3.23949e+1, 0.00000e+0, 3.79296e+0, 0.00000e+0, 3.27735e+0, 0.00000e+0, 2.00000e+1, 0.00000e+0, 5.00000e+0, 0.00000e+0, 3, 2, 
06/15/2023 17:12:01.019, 06/15/2023 17:12:00.963, 4.15968e+0, 0.00000e+0, 9.81663e+1, 0.00000e+0, 1.99620e+0, 0.00000e+0, 2.01922e+4, 0.00000e+0, 7.04073e+2, 0.00000e+0, 2.03734e+0, 0.00000e+0, 7.18583e+2, 0.00000e+0, 4.81208e+2, 0.00000e+0, 3.04113e+1, 0.00000e+0, 3.24041e+1, 0.00000e+0, 3.79391e+0, 0.00000e+0, 3.27753e+0, 0.00000e+0, 2.00000e+1, 0.00000e+0, 5.00000e+0, 0.00000e+0, 3, 2, 
06/15/2023 17:12:02.010, 06/15/2023 17:12:01.958, 4.15970e+0, 0.00000e+0, 9.81698e+1, 0.00000e+0, 1.99892e+0, 0.00000e+0, 2.01663e+4, 0.00000e+0, 7.04306e+2, 0.00000e+0, 2.04007e+0, 0.00000e+0, 7.18802e+2, 0.00000e+0, 4.81184e+2, 0.00000e+0, 3.04087e+1, 0.00000e+0, 3.24137e+1, 0.00000e+0, 3.79414e+0, 0.00000e+0, 3.27731e+0, 0.00000e+0, 2.00000e+1, 0.00000e+0, 5.00000e+0, 0.00000e+0, 3, 2, 
06/15/2023 17:12:03.012, 06/15/2023 17:12:02.952, 4.15962e+0, 0.00000e+0, 9.81581e+1, 0.00000e+0, 1.99934e+0, 0.00000e+0, 2.01113e+4, 0.00000e+0, 7.03908e+2, 0.00000e+0, 2.04037e+0, 0.00000e+0, 7.18355e+2, 0.00000e+0, 4.81245e+2, 0.00000e+0, 3.04094e+1, 0.00000e+0, 3.24274e+1, 0.00000e+0, 3.79289e+0, 0.00000e+0, 3.27689e+0, 0.00000e+0, 2.00000e+1, 0.00000e+0, 5.00000e+0, 0.00000e+0, 3, 2, 
06/15/2023 17:12:04.010, 06/15/2023 17:12:03.954, 4.15963e+0, 0.00000e+0, 9.81598e+1, 0.00000e+0, 1.99659e+0, 0.00000e+0, 2.02015e+4, 0.00000e+0, 7.04766e+2, 0.00000e+0, 2.03776e+0, 0.00000e+0, 7.19297e+2, 0.00000e+0, 4.81321e+2, 0.00000e+0, 3.04219e+1, 0.00000e+0, 3.24361e+1, 0.00000e+0, 3.79399e+0, 0.00000e+0, 3.27715e+0, 0.00000e+0, 2.00000e+1, 0.00000e+0, 5.00000e+0, 0.00000e+0, 3, 2, 
06/15/2023 17:12:05.004, 06/15/2023 17:12:04.948, 4.15962e+0, 0.00000e+0, 9.81583e+1, 0.00000e+0, 1.99826e+0, 0.00000e+0, 2.02638e+4, 0.00000e+0, 7.04405e+2, 0.00000e+0, 2.03959e+0, 0.00000e+0, 7.18974e+2, 0.00000e+0, 4.81297e+2, 0.00000e+0, 3.04210e+1, 0.00000e+0, 3.24367e+1, 0.00000e+0, 3.79505e+0, 0.00000e+0, 3.27688e+0, 0.00000e+0, 2.00000e+1, 0.00000e+0, 5.00000e+0, 0.00000e+0, 3, 2, 
06/15/2023 17:12:05.994, 06/15/2023 17:12:05.943, 4.15951e+0, 0.00000e+0, 9.81418e+1, 0.00000e+0, 2.00076e+0, 0.00000e+0, 2.03716e+4, 0.00000e+0, 7.04329e+2, 0.00000e+0, 2.04237e+0, 0.00000e+0, 7.18976e+2, 0.00000e+0, 4.81324e+2, 0.00000e+0, 3.04320e+1, 0.00000e+0, 3.24386e+1, 0.00000e+0, 3.79401e+0, 0.00000e+0, 3.27769e+0, 0.00000e+0, 2.00000e+1, 0.00000e+0, 5.00000e+0, 0.00000e+0, 3, 2, 
06/15/2023 17:12:07.004, 06/15/2023 17:12:06.937, 4.15952e+0, 0.00000e+0, 9.81426e+1, 0.00000e+0, 2.00215e+0, 0.00000e+0, 2.03426e+4, 0.00000e+0, 7.04966e+2, 0.00000e+0, 2.04373e+0, 0.00000e+0, 7.19605e+2, 0.00000e+0, 4.81221e+2, 0.00000e+0, 3.04123e+1, 0.00000e+0, 3.24400e+1, 0.00000e+0, 3.79334e+0, 0.00000e+0, 3.27735e+0, 0.00000e+0, 2.00000e+1, 0.00000e+0, 5.00000e+0, 0.00000e+0, 3, 2, 
06/15/2023 17:12:07.987, 06/15/2023 17:12:07.933, 4.15965e+0, 0.00000e+0, 9.81615e+1, 0.00000e+0, 1.99808e+0, 0.00000e+0, 2.03682e+4, 0.00000e+0, 7.03779e+2, 0.00000e+0, 2.03962e+0, 0.00000e+0, 7.18412e+2, 0.00000e+0, 4.81299e+2, 0.00000e+0, 3.04101e+1, 0.00000e+0, 3.24451e+1, 0.00000e+0, 3.79337e+0, 0.00000e+0, 3.27742e+0, 0.00000e+0, 2.00000e+1, 0.00000e+0, 5.00000e+0, 0.00000e+0, 3, 2, 
06/15/2023 17:12:08.988, 06/15/2023 17:12:08.927, 4.15968e+0, 0.00000e+0, 9.81662e+1, 0.00000e+0, 2.00144e+0, 0.00000e+0, 2.02595e+4, 0.00000e+0, 7.05190e+2, 0.00000e+0, 2.04283e+0, 0.00000e+0, 7.19772e+2, 0.00000e+0, 4.81301e+2, 0.00000e+0, 3.04095e+1, 0.00000e+0, 3.24671e+1, 0.00000e+0, 3.79282e+0, 0.00000e+0, 3.27736e+0, 0.00000e+0, 2.00000e+1, 0.00000e+0, 5.00000e+0, 0.00000e+0, 3, 2, 
06/15/2023 17:12:09.978, 06/15/2023 17:12:09.922, 4.15958e+0, 0.00000e+0, 9.81525e+1, 0.00000e+0, 1.99809e+0, 0.00000e+0, 2.03220e+4, 0.00000e+0, 7.04268e+2, 0.00000e+0, 2.03954e+0, 0.00000e+0, 7.18876e+2, 0.00000e+0, 4.81310e+2, 0.00000e+0, 3.04097e+1, 0.00000e+0, 3.24773e+1, 0.00000e+0, 3.79372e+0, 0.00000e+0, 3.27717e+0, 0.00000e+0, 2.00000e+1, 0.00000e+0, 5.00000e+0, 0.00000e+0, 3, 2, 
06/15/2023 17:12:10.977, 06/15/2023 17:12:10.916, 4.15975e+0, 0.00000e+0, 9.81773e+1, 0.00000e+0, 2.00006e+0, 0.00000e+0, 2.03708e+4, 0.00000e+0, 7.04442e+2, 0.00000e+0, 2.04165e+0, 0.00000e+0, 7.19091e+2, 0.00000e+0, 4.81259e+2, 0.00000e+0, 3.04048e+1, 0.00000e+0, 3.24894e+1, 0.00000e+0, 3.79363e+0, 0.00000e+0, 3.27747e+0, 0.00000e+0, 2.00000e+1, 0.00000e+0, 5.00000e+0, 0.00000e+0, 3, 2, 
06/15/2023 17:12:11.986, 06/15/2023 17:12:11.910, 4.15988e+0, 0.00000e+0, 9.81959e+1, 0.00000e+0, 1.99358e+0, 0.00000e+0, 2.04634e+4, 0.00000e+0, 7.04184e+2, 0.00000e+0, 2.03523e+0, 0.00000e+0, 7.18895e+2, 0.00000e+0, 4.81255e+2, 0.00000e+0, 3.03957e+1, 0.00000e+0, 3.24939e+1, 0.00000e+0, 3.79338e+0, 0.00000e+0, 3.27676e+0, 0.00000e+0, 2.00000e+1, 0.00000e+0, 5.00000e+0, 0.00000e+0, 3, 2, 
06/15/2023 17:12:12.959, 06/15/2023 17:12:12.904, 4.15977e+0, 0.00000e+0, 9.81804e+1, 0.00000e+0, 2.00075e+0, 0.00000e+0, 2.04552e+4, 0.00000e+0, 7.04928e+2, 0.00000e+0, 2.04253e+0, 0.00000e+0, 7.19649e+2, 0.00000e+0, 4.81479e+2, 0.00000e+0, 3.03946e+1, 0.00000e+0, 3.24869e+1, 0.00000e+0, 3.79403e+0, 0.00000e+0, 3.27598e+0, 0.00000e+0, 2.00000e+1, 0.00000e+0, 5.00000e+0, 0.00000e+0, 3, 2, 
06/15/2023 17:12:13.956, 06/15/2023 17:12:13.899, 4.15962e+0, 0.00000e+0, 9.81574e+1, 0.00000e+0, 1.99830e+0, 0.00000e+0, 2.02709e+4, 0.00000e+0, 7.04542e+2, 0.00000e+0, 2.03964e+0, 0.00000e+0, 7.19119e+2, 0.00000e+0, 4.81443e+2, 0.00000e+0, 3.04070e+1, 0.00000e+0, 3.24927e+1, 0.00000e+0, 3.79290e+0, 0.00000e+0, 3.27676e+0, 0.00000e+0, 2.00000e+1, 0.00000e+0, 5.00000e+0, 0.00000e+0, 3, 2, 
06/15/2023 17:12:14.955, 06/15/2023 17:12:14.893, 4.15973e+0, 0.00000e+0, 9.81736e+1, 0.00000e+0, 1.99549e+0, 0.00000e+0, 2.02865e+4, 0.00000e+0, 7.06029e+2, 0.00000e+0, 2.03681e+0, 0.00000e+0, 7.20649e+2, 0.00000e+0, 4.81566e+2, 0.00000e+0, 3.04101e+1, 0.00000e+0, 3.25033e+1, 0.00000e+0, 3.79420e+0, 0.00000e+0, 3.27728e+0, 0.00000e+0, 2.00000e+1, 0.00000e+0, 5.00000e+0, 0.00000e+0, 3, 2, 
06/15/2023 17:12:15.947, 06/15/2023 17:12:15.888, 4.15977e+0, 0.00000e+0, 9.81794e+1, 0.00000e+0, 1.99726e+0, 0.00000e+0, 2.02626e+4, 0.00000e+0, 7.05880e+2, 0.00000e+0, 2.03857e+0, 0.00000e+0, 7.20479e+2, 0.00000e+0, 4.81662e+2, 0.00000e+0, 3.04055e+1, 0.00000e+0, 3.25007e+1, 0.00000e+0, 3.79466e+0, 0.00000e+0, 3.27785e+0, 0.00000e+0, 2.00000e+1, 0.00000e+0, 5.00000e+0, 0.00000e+0, 3, 2, 
06/15/2023 17:12:16.943, 06/15/2023 17:12:16.883, 4.15983e+0, 0.00000e+0, 9.81894e+1, 0.00000e+0, 1.99516e+0, 0.00000e+0, 2.04630e+4, 0.00000e+0, 7.06064e+2, 0.00000e+0, 2.03684e+0, 0.00000e+0, 7.20814e+2, 0.00000e+0, 4.81797e+2, 0.00000e+0, 3.04039e+1, 0.00000e+0, 3.25049e+1, 0.00000e+0, 3.79327e+0, 0.00000e+0, 3.27733e+0, 0.00000e+0, 2.00000e+1, 0.00000e+0, 5.00000e+0, 0.00000e+0, 3, 2, 
06/15/2023 17:12:17.933, 06/15/2023 17:12:17.877, 4.15980e+0, 0.00000e+0, 9.81849e+1, 0.00000e+0, 1.99652e+0, 0.00000e+0, 2.03450e+4, 0.00000e+0, 7.05671e+2, 0.00000e+0, 2.03799e+0, 0.00000e+0, 7.20326e+2, 0.00000e+0, 4.81703e+2, 0.00000e+0, 3.04089e+1, 0.00000e+0, 3.25158e+1, 0.00000e+0, 3.79404e+0, 0.00000e+0, 3.27812e+0, 0.00000e+0, 2.00000e+1, 0.00000e+0, 5.00000e+0, 0.00000e+0, 3, 2, 
06/15/2023 17:12:18.934, 06/15/2023 17:12:18.872, 4.15978e+0, 0.00000e+0, 9.81810e+1, 0.00000e+0, 1.99752e+0, 0.00000e+0, 2.03862e+4, 0.00000e+0, 7.05414e+2, 0.00000e+0, 2.03909e+0, 0.00000e+0, 7.20094e+2, 0.00000e+0, 4.81705e+2, 0.00000e+0, 3.04073e+1, 0.00000e+0, 3.25219e+1, 0.00000e+0, 3.79348e+0, 0.00000e+0, 3.27786e+0, 0.00000e+0, 2.00000e+1, 0.00000e+0, 5.00000e+0, 0.00000e+0, 3, 2, 
06/15/2023 17:12:19.927, 06/15/2023 17:12:19.867, 4.15975e+0, 0.00000e+0, 9.81777e+1, 0.00000e+0, 1.99939e+0, 0.00000e+0, 2.04906e+4, 0.00000e+0, 7.06286e+2, 0.00000e+0, 2.04122e+0, 0.00000e+0, 7.21061e+2, 0.00000e+0, 4.81736e+2, 0.00000e+0, 3.04139e+1, 0.00000e+0, 3.25330e+1, 0.00000e+0, 3.79342e+0, 0.00000e+0, 3.27735e+0, 0.00000e+0, 2.00000e+1, 0.00000e+0, 5.00000e+0, 0.00000e+0, 3, 2, 
06/15/2023 17:12:20.922, 06/15/2023 17:12:20.862, 4.15967e+0, 0.00000e+0, 9.81650e+1, 0.00000e+0, 1.99791e+0, 0.00000e+0, 2.04874e+4, 0.00000e+0, 7.05178e+2, 0.00000e+0, 2.03970e+0, 0.00000e+0, 7.19928e+2, 0.00000e+0, 4.81904e+2, 0.00000e+0, 3.04203e+1, 0.00000e+0, 3.25404e+1, 0.00000e+0, 3.79288e+0, 0.00000e+0, 3.27765e+0, 0.00000e+0, 2.00000e+1, 0.00000e+0, 5.00000e+0, 0.00000e+0, 3, 2, 
06/15/2023 17:12:21.912, 06/15/2023 17:12:21.856, 4.15964e+0, 0.00000e+0, 9.81601e+1, 0.00000e+0, 1.99785e+0, 0.00000e+0, 2.04591e+4, 0.00000e+0, 7.05474e+2, 0.00000e+0, 2.03958e+0, 0.00000e+0, 7.20209e+2, 0.00000e+0, 4.81841e+2, 0.00000e+0, 3.04234e+1, 0.00000e+0, 3.25434e+1, 0.00000e+0, 3.79391e+0, 0.00000e+0, 3.27713e+0, 0.00000e+0, 2.00000e+1, 0.00000e+0, 5.00000e+0, 0.00000e+0, 3, 2, 
06/15/2023 17:12:22.908, 06/15/2023 17:12:22.850, 4.15989e+0, 0.00000e+0, 9.81981e+1, 0.00000e+0, 1.99865e+0, 0.00000e+0, 2.05041e+4, 0.00000e+0, 7.06971e+2, 0.00000e+0, 2.04049e+0, 0.00000e+0, 7.21770e+2, 0.00000e+0, 4.81781e+2, 0.00000e+0, 3.04174e+1, 0.00000e+0, 3.25538e+1, 0.00000e+0, 3.79419e+0, 0.00000e+0, 3.27743e+0, 0.00000e+0, 2.00000e+1, 0.00000e+0, 5.00000e+0, 0.00000e+0, 3, 2, 
06/15/2023 17:12:23.903, 06/15/2023 17:12:23.844, 4.15975e+0, 0.00000e+0, 9.81776e+1, 0.00000e+0, 1.99795e+0, 0.00000e+0, 2.03994e+4, 0.00000e+0, 7.06962e+2, 0.00000e+0, 2.03956e+0, 0.00000e+0, 7.21684e+2, 0.00000e+0, 4.81879e+2, 0.00000e+0, 3.04153e+1, 0.00000e+0, 3.25551e+1, 0.00000e+0, 3.79398e+0, 0.00000e+0, 3.27691e+0, 0.00000e+0, 2.00000e+1, 0.00000e+0, 5.00000e+0, 0.00000e+0, 3, 2, 
06/15/2023 17:12:24.900, 06/15/2023 17:12:24.839, 4.15958e+0, 0.00000e+0, 9.81522e+1, 0.00000e+0, 1.99700e+0, 0.00000e+0, 2.05654e+4, 0.00000e+0, 7.06557e+2, 0.00000e+0, 2.03893e+0, 0.00000e+0, 7.21393e+2, 0.00000e+0, 4.81962e+2, 0.00000e+0, 3.04162e+1, 0.00000e+0, 3.25625e+1, 0.00000e+0, 3.79369e+0, 0.00000e+0, 3.27675e+0, 0.00000e+0, 2.00000e+1, 0.00000e+0, 5.00000e+0, 0.00000e+0, 3, 2, 
06/15/2023 17:12:25.894, 06/15/2023 17:12:25.835, 4.15967e+0, 0.00000e+0, 9.81647e+1, 0.00000e+0, 1.99898e+0, 0.00000e+0, 2.05265e+4, 0.00000e+0, 7.05889e+2, 0.00000e+0, 2.04087e+0, 0.00000e+0, 7.20682e+2, 0.00000e+0, 4.81904e+2, 0.00000e+0, 3.04166e+1, 0.00000e+0, 3.25748e+1, 0.00000e+0, 3.79337e+0, 0.00000e+0, 3.27701e+0, 0.00000e+0, 2.00000e+1, 0.00000e+0, 5.00000e+0, 0.00000e+0, 3, 2, 
06/15/2023 17:12:26.888, 06/15/2023 17:12:26.828, 4.15958e+0, 0.00000e+0, 9.81523e+1, 0.00000e+0, 1.99833e+0, 0.00000e+0, 2.04192e+4, 0.00000e+0, 7.06989e+2, 0.00000e+0, 2.03999e+0, 0.00000e+0, 7.21726e+2, 0.00000e+0, 4.81846e+2, 0.00000e+0, 3.04172e+1, 0.00000e+0, 3.25810e+1, 0.00000e+0, 3.79308e+0, 0.00000e+0, 3.27716e+0, 0.00000e+0, 2.00000e+1, 0.00000e+0, 5.00000e+0, 0.00000e+0, 3, 2, 
06/15/2023 17:12:27.881, 06/15/2023 17:12:27.824, 4.15982e+0, 0.00000e+0, 9.81882e+1, 0.00000e+0, 1.99666e+0, 0.00000e+0, 2.05217e+4, 0.00000e+0, 7.06993e+2, 0.00000e+0, 2.03849e+0, 0.00000e+0, 7.21805e+2, 0.00000e+0, 4.82037e+2, 0.00000e+0, 3.04142e+1, 0.00000e+0, 3.25939e+1, 0.00000e+0, 3.79307e+0, 0.00000e+0, 3.27757e+0, 0.00000e+0, 2.00000e+1, 0.00000e+0, 5.00000e+0, 0.00000e+0, 3, 2, 
06/15/2023 17:12:28.876, 06/15/2023 17:12:28.818, 4.15968e+0, 0.00000e+0, 9.81674e+1, 0.00000e+0, 1.99451e+0, 0.00000e+0, 2.03632e+4, 0.00000e+0, 7.06143e+2, 0.00000e+0, 2.03597e+0, 0.00000e+0, 7.20822e+2, 0.00000e+0, 4.81931e+2, 0.00000e+0, 3.04090e+1, 0.00000e+0, 3.25894e+1, 0.00000e+0, 3.79315e+0, 0.00000e+0, 3.27745e+0, 0.00000e+0, 2.00000e+1, 0.00000e+0, 5.00000e+0, 0.00000e+0, 3, 2, 
06/15/2023 17:12:29.868, 06/15/2023 17:12:29.812, 4.15969e+0, 0.00000e+0, 9.81683e+1, 0.00000e+0, 1.99648e+0, 0.00000e+0, 2.05069e+4, 0.00000e+0, 7.06297e+2, 0.00000e+0, 2.03828e+0, 0.00000e+0, 7.21084e+2, 0.00000e+0, 4.81869e+2, 0.00000e+0, 3.04105e+1, 0.00000e+0, 3.26050e+1, 0.00000e+0, 3.79390e+0, 0.00000e+0, 3.27700e+0, 0.00000e+0, 2.00000e+1, 0.00000e+0, 5.00000e+0, 0.00000e+0, 3, 2, 
06/15/2023 17:12:30.863, 06/15/2023 17:12:30.807, 4.15955e+0, 0.00000e+0, 9.81467e+1, 0.00000e+0, 1.99880e+0, 0.00000e+0, 2.03615e+4, 0.00000e+0, 7.06734e+2, 0.00000e+0, 2.04035e+0, 0.00000e+0, 7.21423e+2, 0.00000e+0, 4.81889e+2, 0.00000e+0, 3.04145e+1, 0.00000e+0, 3.26123e+1, 0.00000e+0, 3.79241e+0, 0.00000e+0, 3.27702e+0, 0.00000e+0, 2.00000e+1, 0.00000e+0, 5.00000e+0, 0.00000e+0, 3, 2, 
06/15/2023 17:12:31.857, 06/15/2023 17:12:31.801, 4.15957e+0, 0.00000e+0, 9.81505e+1, 0.00000e+0, 1.99795e+0, 0.00000e+0, 2.04597e+4, 0.00000e+0, 7.06614e+2, 0.00000e+0, 2.03968e+0, 0.00000e+0, 7.21373e+2, 0.00000e+0, 4.81984e+2, 0.00000e+0, 3.04195e+1, 0.00000e+0, 3.26200e+1, 0.00000e+0, 3.79378e+0, 0.00000e+0, 3.27694e+0, 0.00000e+0, 2.00000e+1, 0.00000e+0, 5.00000e+0, 0.00000e+0, 3, 2, 
06/15/2023 17:12:32.871, 06/15/2023 17:12:32.796, 4.15971e+0, 0.00000e+0, 9.81709e+1, 0.00000e+0, 1.99640e+0, 0.00000e+0, 2.04116e+4, 0.00000e+0, 7.06223e+2, 0.00000e+0, 2.03799e+0, 0.00000e+0, 7.20938e+2, 0.00000e+0, 4.81982e+2, 0.00000e+0, 3.04189e+1, 0.00000e+0, 3.26229e+1, 0.00000e+0, 3.79342e+0, 0.00000e+0, 3.27713e+0, 0.00000e+0, 2.00000e+1, 0.00000e+0, 5.00000e+0, 0.00000e+0, 3, 2, 
06/15/2023 17:12:33.851, 06/15/2023 17:12:33.790, 4.15969e+0, 0.00000e+0, 9.81681e+1, 0.00000e+0, 1.99490e+0, 0.00000e+0, 2.03914e+4, 0.00000e+0, 7.06873e+2, 0.00000e+0, 2.03643e+0, 0.00000e+0, 7.21587e+2, 0.00000e+0, 4.81959e+2, 0.00000e+0, 3.04368e+1, 0.00000e+0, 3.26330e+1, 0.00000e+0, 3.79305e+0, 0.00000e+0, 3.27709e+0, 0.00000e+0, 2.00000e+1, 0.00000e+0, 5.00000e+0, 0.00000e+0, 3, 2, 
06/15/2023 17:12:34.841, 06/15/2023 17:12:34.786, 4.15975e+0, 0.00000e+0, 9.81774e+1, 0.00000e+0, 1.99789e+0, 0.00000e+0, 2.05520e+4, 0.00000e+0, 7.06060e+2, 0.00000e+0, 2.03982e+0, 0.00000e+0, 7.20876e+2, 0.00000e+0, 4.82069e+2, 0.00000e+0, 3.04560e+1, 0.00000e+0, 3.26410e+1, 0.00000e+0, 3.79261e+0, 0.00000e+0, 3.27718e+0, 0.00000e+0, 2.00000e+1, 0.00000e+0, 5.00000e+0, 0.00000e+0, 3, 2, 
06/15/2023 17:12:35.836, 06/15/2023 17:12:35.779, 4.15982e+0, 0.00000e+0, 9.81873e+1, 0.00000e+0, 1.99588e+0, 0.00000e+0, 2.04527e+4, 0.00000e+0, 7.06588e+2, 0.00000e+0, 2.03756e+0, 0.00000e+0, 7.21341e+2, 0.00000e+0, 4.81903e+2, 0.00000e+0, 3.04363e+1, 0.00000e+0, 3.26444e+1, 0.00000e+0, 3.79392e+0, 0.00000e+0, 3.27739e+0, 0.00000e+0, 2.00000e+1, 0.00000e+0, 5.00000e+0, 0.00000e+0, 3, 2, 
06/15/2023 17:12:36.836, 06/15/2023 17:12:36.773, 4.15980e+0, 0.00000e+0, 9.81841e+1, 0.00000e+0, 1.99934e+0, 0.00000e+0, 2.04391e+4, 0.00000e+0, 7.06355e+2, 0.00000e+0, 2.04105e+0, 0.00000e+0, 7.21094e+2, 0.00000e+0, 4.81956e+2, 0.00000e+0, 3.04254e+1, 0.00000e+0, 3.26563e+1, 0.00000e+0, 3.79270e+0, 0.00000e+0, 3.27696e+0, 0.00000e+0, 2.00000e+1, 0.00000e+0, 5.00000e+0, 0.00000e+0, 3, 1, 
06/15/2023 17:12:37.821, 06/15/2023 17:12:37.768, 4.15970e+0, 0.00000e+0, 9.81701e+1, 0.00000e+0, 1.99743e+0, 0.00000e+0, 2.04319e+4, 0.00000e+0, 7.05828e+2, 0.00000e+0, 2.03909e+0, 0.00000e+0, 7.20550e+2, 0.00000e+0, 4.82063e+2, 0.00000e+0, 3.04193e+1, 0.00000e+0, 3.26585e+1, 0.00000e+0, 3.79283e+0, 0.00000e+0, 3.27705e+0, 0.00000e+0, 2.00000e+1, 0.00000e+0, 5.00000e+0, 0.00000e+0, 3, 1, 
06/15/2023 17:12:38.822, 06/15/2023 17:12:38.764, 4.15979e+0, 0.00000e+0, 9.81826e+1, 0.00000e+0, 1.99455e+0, 0.00000e+0, 2.05578e+4, 0.00000e+0, 7.06213e+2, 0.00000e+0, 2.03642e+0, 0.00000e+0, 7.21036e+2, 0.00000e+0, 4.82037e+2, 0.00000e+0, 3.04207e+1, 0.00000e+0, 3.26703e+1, 0.00000e+0, 3.79314e+0, 0.00000e+0, 3.27695e+0, 0.00000e+0, 2.00000e+1, 0.00000e+0, 5.00000e+0, 0.00000e+0, 3, 1, 
06/15/2023 17:12:39.814, 06/15/2023 17:12:39.758, 4.15975e+0, 0.00000e+0, 9.81770e+1, 0.00000e+0, 1.99772e+0, 0.00000e+0, 2.04508e+4, 0.00000e+0, 7.06790e+2, 0.00000e+0, 2.03943e+0, 0.00000e+0, 7.21546e+2, 0.00000e+0, 4.82065e+2, 0.00000e+0, 3.04251e+1, 0.00000e+0, 3.26797e+1, 0.00000e+0, 3.79337e+0, 0.00000e+0, 3.27695e+0, 0.00000e+0, 2.00000e+1, 0.00000e+0, 5.00000e+0, 0.00000e+0, 3, 1, 
06/15/2023 17:12:40.816, 06/15/2023 17:12:40.751, 4.15976e+0, 0.00000e+0, 9.81783e+1, 0.00000e+0, 1.99640e+0, 0.00000e+0, 2.05260e+4, 0.00000e+0, 7.07630e+2, 0.00000e+0, 2.03823e+0, 0.00000e+0, 7.22459e+2, 0.00000e+0, 4.82002e+2, 0.00000e+0, 3.04265e+1, 0.00000e+0, 3.26895e+1, 0.00000e+0, 3.79299e+0, 0.00000e+0, 3.27697e+0, 0.00000e+0, 2.00000e+1, 0.00000e+0, 5.00000e+0, 0.00000e+0, 3, 1, 
06/15/2023 17:12:41.804, 06/15/2023 17:12:41.746, 4.15978e+0, 0.00000e+0, 9.81820e+1, 0.00000e+0, 1.99722e+0, 0.00000e+0, 2.05249e+4, 0.00000e+0, 7.05651e+2, 0.00000e+0, 2.03908e+0, 0.00000e+0, 7.20438e+2, 0.00000e+0, 4.82132e+2, 0.00000e+0, 3.04253e+1, 0.00000e+0, 3.27036e+1, 0.00000e+0, 3.79360e+0, 0.00000e+0, 3.27746e+0, 0.00000e+0, 2.00000e+1, 0.00000e+0, 5.00000e+0, 0.00000e+0, 3, 1, 
06/15/2023 17:12:42.804, 06/15/2023 17:12:42.741, 4.15988e+0, 0.00000e+0, 9.81971e+1, 0.00000e+0, 1.99658e+0, 0.00000e+0, 2.04472e+4, 0.00000e+0, 7.07600e+2, 0.00000e+0, 2.03826e+0, 0.00000e+0, 7.22370e+2, 0.00000e+0, 4.82060e+2, 0.00000e+0, 3.04304e+1, 0.00000e+0, 3.27116e+1, 0.00000e+0, 3.79335e+0, 0.00000e+0, 3.27782e+0, 0.00000e+0, 2.00000e+1, 0.00000e+0, 5.00000e+0, 0.00000e+0, 3, 1, 
06/15/2023 17:12:43.797, 06/15/2023 17:12:43.735, 4.15972e+0, 0.00000e+0, 9.81722e+1, 0.00000e+0, 1.99660e+0, 0.00000e+0, 2.05134e+4, 0.00000e+0, 7.06440e+2, 0.00000e+0, 2.03841e+0, 0.00000e+0, 7.21235e+2, 0.00000e+0, 4.82006e+2, 0.00000e+0, 3.04321e+1, 0.00000e+0, 3.27050e+1, 0.00000e+0, 3.79338e+0, 0.00000e+0, 3.27770e+0, 0.00000e+0, 2.00000e+1, 0.00000e+0, 5.00000e+0, 0.00000e+0, 3, 1, 
06/15/2023 17:12:44.786, 06/15/2023 17:12:44.730, 4.15982e+0, 0.00000e+0, 9.81877e+1, 0.00000e+0, 1.99446e+0, 0.00000e+0, 2.04963e+4, 0.00000e+0, 7.07216e+2, 0.00000e+0, 2.03620e+0, 0.00000e+0, 7.22014e+2, 0.00000e+0, 4.82164e+2, 0.00000e+0, 3.04321e+1, 0.00000e+0, 3.27143e+1, 0.00000e+0, 3.79404e+0, 0.00000e+0, 3.27673e+0, 0.00000e+0, 2.00000e+1, 0.00000e+0, 5.00000e+0, 0.00000e+0, 3, 1, 
06/15/2023 17:12:45.780, 06/15/2023 17:12:45.725, 4.15995e+0, 0.00000e+0, 9.82064e+1, 0.00000e+0, 1.99417e+0, 0.00000e+0, 2.03913e+4, 0.00000e+0, 7.07921e+2, 0.00000e+0, 2.03568e+0, 0.00000e+0, 7.22657e+2, 0.00000e+0, 4.82051e+2, 0.00000e+0, 3.04356e+1, 0.00000e+0, 3.27147e+1, 0.00000e+0, 3.79404e+0, 0.00000e+0, 3.27718e+0, 0.00000e+0, 2.00000e+1, 0.00000e+0, 5.00000e+0, 0.00000e+0, 3, 1, 
06/15/2023 17:12:46.775, 06/15/2023 17:12:46.720, 4.15981e+0, 0.00000e+0, 9.81858e+1, 0.00000e+0, 1.99392e+0, 0.00000e+0, 2.03092e+4, 0.00000e+0, 7.07927e+2, 0.00000e+0, 2.03526e+0, 0.00000e+0, 7.22603e+2, 0.00000e+0, 4.82117e+2, 0.00000e+0, 3.04296e+1, 0.00000e+0, 3.27181e+1, 0.00000e+0, 3.79303e+0, 0.00000e+0, 3.27710e+0, 0.00000e+0, 2.00000e+1, 0.00000e+0, 5.00000e+0, 0.00000e+0, 3, 1, 
06/15/2023 17:12:47.771, 06/15/2023 17:12:47.714, 4.15979e+0, 0.00000e+0, 9.81835e+1, 0.00000e+0, 1.99520e+0, 0.00000e+0, 2.04996e+4, 0.00000e+0, 7.08792e+2, 0.00000e+0, 2.03695e+0, 0.00000e+0, 7.23626e+2, 0.00000e+0, 4.82081e+2, 0.00000e+0, 3.04311e+1, 0.00000e+0, 3.27247e+1, 0.00000e+0, 3.79474e+0, 0.00000e+0, 3.27750e+0, 0.00000e+0, 2.00000e+1, 0.00000e+0, 5.00000e+0, 0.00000e+0, 3, 1, 
06/15/2023 17:12:48.764, 06/15/2023 17:12:48.709, 4.15998e+0, 0.00000e+0, 9.82111e+1, 0.00000e+0, 1.99591e+0, 0.00000e+0, 2.05154e+4, 0.00000e+0, 7.08457e+2, 0.00000e+0, 2.03772e+0, 0.00000e+0, 7.23296e+2, 0.00000e+0, 4.82174e+2, 0.00000e+0, 3.04365e+1, 0.00000e+0, 3.27389e+1, 0.00000e+0, 3.79433e+0, 0.00000e+0, 3.27714e+0, 0.00000e+0, 2.00000e+1, 0.00000e+0, 5.00000e+0, 0.00000e+0, 3, 1, 
06/15/2023 17:12:49.763, 06/15/2023 17:12:49.703, 4.15998e+0, 0.00000e+0, 9.82115e+1, 0.00000e+0, 1.99645e+0, 0.00000e+0, 2.03139e+4, 0.00000e+0, 7.08104e+2, 0.00000e+0, 2.03785e+0, 0.00000e+0, 7.22787e+2, 0.00000e+0, 4.82022e+2, 0.00000e+0, 3.04398e+1, 0.00000e+0, 3.27520e+1, 0.00000e+0, 3.79360e+0, 0.00000e+0, 3.27768e+0, 0.00000e+0, 2.00000e+1, 0.00000e+0, 5.00000e+0, 0.00000e+0, 3, 1, 
06/15/2023 17:12:50.760, 06/15/2023 17:12:50.698, 4.16001e+0, 0.00000e+0, 9.82151e+1, 0.00000e+0, 1.99556e+0, 0.00000e+0, 2.02743e+4, 0.00000e+0, 7.08923e+2, 0.00000e+0, 2.03685e+0, 0.00000e+0, 7.23593e+2, 0.00000e+0, 4.82010e+2, 0.00000e+0, 3.04418e+1, 0.00000e+0, 3.27581e+1, 0.00000e+0, 3.79343e+0, 0.00000e+0, 3.27795e+0, 0.00000e+0, 2.00000e+1, 0.00000e+0, 5.00000e+0, 0.00000e+0, 3, 1, 
06/15/2023 17:12:51.750, 06/15/2023 17:12:51.691, 4.15981e+0, 0.00000e+0, 9.81854e+1, 0.00000e+0, 1.99723e+0, 0.00000e+0, 2.05062e+4, 0.00000e+0, 7.09410e+2, 0.00000e+0, 2.03904e+0, 0.00000e+0, 7.24262e+2, 0.00000e+0, 4.82283e+2, 0.00000e+0, 3.04475e+1, 0.00000e+0, 3.27672e+1, 0.00000e+0, 3.79273e+0, 0.00000e+0, 3.27777e+0, 0.00000e+0, 2.00000e+1, 0.00000e+0, 5.00000e+0, 0.00000e+0, 3, 1, 
06/15/2023 17:12:52.745, 06/15/2023 17:12:52.687, 4.15977e+0, 0.00000e+0, 9.81795e+1, 0.00000e+0, 1.99531e+0, 0.00000e+0, 2.04637e+4, 0.00000e+0, 7.08049e+2, 0.00000e+0, 2.03699e+0, 0.00000e+0, 7.22841e+2, 0.00000e+0, 4.82122e+2, 0.00000e+0, 3.04446e+1, 0.00000e+0, 3.27750e+1, 0.00000e+0, 3.79363e+0, 0.00000e+0, 3.27747e+0, 0.00000e+0, 2.00000e+1, 0.00000e+0, 5.00000e+0, 0.00000e+0, 3, 1, 
06/15/2023 17:12:53.751, 06/15/2023 17:12:53.682, 4.15993e+0, 0.00000e+0, 9.82041e+1, 0.00000e+0, 1.99298e+0, 0.00000e+0, 2.03672e+4, 0.00000e+0, 7.09394e+2, 0.00000e+0, 2.03442e+0, 0.00000e+0, 7.24142e+2, 0.00000e+0, 4.82104e+2, 0.00000e+0, 3.04476e+1, 0.00000e+0, 3.27737e+1, 0.00000e+0, 3.79329e+0, 0.00000e+0, 3.27740e+0, 0.00000e+0, 2.00000e+1, 0.00000e+0, 5.00000e+0, 0.00000e+0, 3, 1, 
06/15/2023 17:12:54.730, 06/15/2023 17:12:54.676, 4.15985e+0, 0.00000e+0, 9.81922e+1, 0.00000e+0, 1.99740e+0, 0.00000e+0, 2.05074e+4, 0.00000e+0, 7.09560e+2, 0.00000e+0, 2.03922e+0, 0.00000e+0, 7.24416e+2, 0.00000e+0, 4.82341e+2, 0.00000e+0, 3.04568e+1, 0.00000e+0, 3.27759e+1, 0.00000e+0, 3.79398e+0, 0.00000e+0, 3.27708e+0, 0.00000e+0, 2.00000e+1, 0.00000e+0, 5.00000e+0, 0.00000e+0, 3, 1, 
06/15/2023 17:12:55.723, 06/15/2023 17:12:55.670, 4.15985e+0, 0.00000e+0, 9.81925e+1, 0.00000e+0, 1.99858e+0, 0.00000e+0, 2.03934e+4, 0.00000e+0, 7.08036e+2, 0.00000e+0, 2.04019e+0, 0.00000e+0, 7.22776e+2, 0.00000e+0, 4.82130e+2, 0.00000e+0, 3.04511e+1, 0.00000e+0, 3.27834e+1, 0.00000e+0, 3.79399e+0, 0.00000e+0, 3.27723e+0, 0.00000e+0, 2.00000e+1, 0.00000e+0, 5.00000e+0, 0.00000e+0, 3, 1, 
06/15/2023 17:12:56.725, 06/15/2023 17:12:56.665, 4.15989e+0, 0.00000e+0, 9.81976e+1, 0.00000e+0, 1.99528e+0, 0.00000e+0, 2.04058e+4, 0.00000e+0, 7.08240e+2, 0.00000e+0, 2.03685e+0, 0.00000e+0, 7.22994e+2, 0.00000e+0, 4.82135e+2, 0.00000e+0, 3.04463e+1, 0.00000e+0, 3.27883e+1, 0.00000e+0, 3.79482e+0, 0.00000e+0, 3.27740e+0, 0.00000e+0, 2.00000e+1, 0.00000e+0, 5.00000e+0, 0.00000e+0, 3, 1, 
06/15/2023 17:12:57.718, 06/15/2023 17:12:57.658, 4.15981e+0, 0.00000e+0, 9.81855e+1, 0.00000e+0, 1.99406e+0, 0.00000e+0, 2.03203e+4, 0.00000e+0, 7.07854e+2, 0.00000e+0, 2.03542e+0, 0.00000e+0, 7.22537e+2, 0.00000e+0, 4.82230e+2, 0.00000e+0, 3.04583e+1, 0.00000e+0, 3.27861e+1, 0.00000e+0, 3.79334e+0, 0.00000e+0, 3.27782e+0, 0.00000e+0, 2.00000e+1, 0.00000e+0, 5.00000e+0, 0.00000e+0, 3, 1, 
06/15/2023 17:12:58.712, 06/15/2023 17:12:58.653, 4.15982e+0, 0.00000e+0, 9.81880e+1, 0.00000e+0, 1.99562e+0, 0.00000e+0, 2.03793e+4, 0.00000e+0, 7.08192e+2, 0.00000e+0, 2.03713e+0, 0.00000e+0, 7.22925e+2, 0.00000e+0, 4.82235e+2, 0.00000e+0, 3.04695e+1, 0.00000e+0, 3.27908e+1, 0.00000e+0, 3.79344e+0, 0.00000e+0, 3.27741e+0, 0.00000e+0, 2.00000e+1, 0.00000e+0, 5.00000e+0, 0.00000e+0, 3, 1, 
06/15/2023 17:12:59.706, 06/15/2023 17:12:59.649, 4.15989e+0, 0.00000e+0, 9.81973e+1, 0.00000e+0, 1.99503e+0, 0.00000e+0, 2.02746e+4, 0.00000e+0, 7.09337e+2, 0.00000e+0, 2.03631e+0, 0.00000e+0, 7.24016e+2, 0.00000e+0, 4.82160e+2, 0.00000e+0, 3.04622e+1, 0.00000e+0, 3.27990e+1, 0.00000e+0, 3.79437e+0, 0.00000e+0, 3.27720e+0, 0.00000e+0, 2.00000e+1, 0.00000e+0, 5.00000e+0, 0.00000e+0, 3, 1, 
06/15/2023 17:13:00.702, 06/15/2023 17:13:00.643, 4.15978e+0, 0.00000e+0, 9.81816e+1, 0.00000e+0, 1.99677e+0, 0.00000e+0, 2.02951e+4, 0.00000e+0, 7.09741e+2, 0.00000e+0, 2.03814e+0, 0.00000e+0, 7.24444e+2, 0.00000e+0, 4.82130e+2, 0.00000e+0, 3.04744e+1, 0.00000e+0, 3.28058e+1, 0.00000e+0, 3.79389e+0, 0.00000e+0, 3.27748e+0, 0.00000e+0, 2.00000e+1, 0.00000e+0, 5.00000e+0, 0.00000e+0, 3, 1, 
06/15/2023 17:13:01.694, 06/15/2023 17:13:01.638, 4.15965e+0, 0.00000e+0, 9.81628e+1, 0.00000e+0, 1.99715e+0, 0.00000e+0, 2.03083e+4, 0.00000e+0, 7.09682e+2, 0.00000e+0, 2.03855e+0, 0.00000e+0, 7.24393e+2, 0.00000e+0, 4.82267e+2, 0.00000e+0, 3.04546e+1, 0.00000e+0, 3.28121e+1, 0.00000e+0, 3.79476e+0, 0.00000e+0, 3.27695e+0, 0.00000e+0, 2.00000e+1, 0.00000e+0, 5.00000e+0, 0.00000e+0, 3, 1, 
06/15/2023 17:13:02.685, 06/15/2023 17:13:02.631, 4.15981e+0, 0.00000e+0, 9.81865e+1, 0.00000e+0, 1.99427e+0, 0.00000e+0, 2.04421e+4, 0.00000e+0, 7.10388e+2, 0.00000e+0, 2.03589e+0, 0.00000e+0, 7.25213e+2, 0.00000e+0, 4.82185e+2, 0.00000e+0, 3.04579e+1, 0.00000e+0, 3.28238e+1, 0.00000e+0, 3.79391e+0, 0.00000e+0, 3.27725e+0, 0.00000e+0, 2.00000e+1, 0.00000e+0, 5.00000e+0, 0.00000e+0, 3, 1, 
06/15/2023 17:13:03.684, 06/15/2023 17:13:03.627, 4.16002e+0, 0.00000e+0, 9.82176e+1, 0.00000e+0, 1.99595e+0, 0.00000e+0, 2.01004e+4, 0.00000e+0, 7.09347e+2, 0.00000e+0, 2.03690e+0, 0.00000e+0, 7.23897e+2, 0.00000e+0, 4.82111e+2, 0.00000e+0, 3.04562e+1, 0.00000e+0, 3.28289e+1, 0.00000e+0, 3.79304e+0, 0.00000e+0, 3.27680e+0, 0.00000e+0, 2.00000e+1, 0.00000e+0, 5.00000e+0, 0.00000e+0, 3, 1, 
06/15/2023 17:13:04.675, 06/15/2023 17:13:04.621, 4.15993e+0, 0.00000e+0, 9.82037e+1, 0.00000e+0, 1.99366e+0, 0.00000e+0, 2.02556e+4, 0.00000e+0, 7.08935e+2, 0.00000e+0, 2.03488e+0, 0.00000e+0, 7.23592e+2, 0.00000e+0, 4.82351e+2, 0.00000e+0, 3.04572e+1, 0.00000e+0, 3.28449e+1, 0.00000e+0, 3.79461e+0, 0.00000e+0, 3.27816e+0, 0.00000e+0, 2.00000e+1, 0.00000e+0, 5.00000e+0, 0.00000e+0, 3, 1, 
06/15/2023 17:13:05.675, 06/15/2023 17:13:05.615, 4.15976e+0, 0.00000e+0, 9.81788e+1, 0.00000e+0, 1.99486e+0, 0.00000e+0, 2.03088e+4, 0.00000e+0, 7.10671e+2, 0.00000e+0, 2.03622e+0, 0.00000e+0, 7.25403e+2, 0.00000e+0, 4.82247e+2, 0.00000e+0, 3.04691e+1, 0.00000e+0, 3.28524e+1, 0.00000e+0, 3.79429e+0, 0.00000e+0, 3.27695e+0, 0.00000e+0, 2.00000e+1, 0.00000e+0, 5.00000e+0, 0.00000e+0, 3, 1, 
06/15/2023 17:13:06.670, 06/15/2023 17:13:06.609, 4.15971e+0, 0.00000e+0, 9.81719e+1, 0.00000e+0, 1.99784e+0, 0.00000e+0, 2.03354e+4, 0.00000e+0, 7.08661e+2, 0.00000e+0, 2.03931e+0, 0.00000e+0, 7.23371e+2, 0.00000e+0, 4.82258e+2, 0.00000e+0, 3.04663e+1, 0.00000e+0, 3.28556e+1, 0.00000e+0, 3.79453e+0, 0.00000e+0, 3.27757e+0, 0.00000e+0, 2.00000e+1, 0.00000e+0, 5.00000e+0, 0.00000e+0, 3, 1, 
06/15/2023 17:13:07.663, 06/15/2023 17:13:07.605, 4.15969e+0, 0.00000e+0, 9.81685e+1, 0.00000e+0, 1.99681e+0, 0.00000e+0, 2.03292e+4, 0.00000e+0, 7.10346e+2, 0.00000e+0, 2.03824e+0, 0.00000e+0, 7.25087e+2, 0.00000e+0, 4.82267e+2, 0.00000e+0, 3.04749e+1, 0.00000e+0, 3.28625e+1, 0.00000e+0, 3.79264e+0, 0.00000e+0, 3.27707e+0, 0.00000e+0, 2.00000e+1, 0.00000e+0, 5.00000e+0, 0.00000e+0, 3, 1, 
06/15/2023 17:13:08.657, 06/15/2023 17:13:08.600, 4.15977e+0, 0.00000e+0, 9.81806e+1, 0.00000e+0, 1.99543e+0, 0.00000e+0, 2.03187e+4, 0.00000e+0, 7.12089e+2, 0.00000e+0, 2.03681e+0, 0.00000e+0, 7.26857e+2, 0.00000e+0, 4.82252e+2, 0.00000e+0, 3.04753e+1, 0.00000e+0, 3.28771e+1, 0.00000e+0, 3.79315e+0, 0.00000e+0, 3.27695e+0, 0.00000e+0, 2.00000e+1, 0.00000e+0, 5.00000e+0, 0.00000e+0, 3, 1, 
06/15/2023 17:13:09.651, 06/15/2023 17:13:09.595, 4.16019e+0, 0.00000e+0, 9.82425e+1, 0.00000e+0, 1.99861e+0, 0.00000e+0, 2.03473e+4, 0.00000e+0, 7.12391e+2, 0.00000e+0, 2.04012e+0, 0.00000e+0, 7.27187e+2, 0.00000e+0, 4.82234e+2, 0.00000e+0, 3.04763e+1, 0.00000e+0, 3.28919e+1, 0.00000e+0, 3.79357e+0, 0.00000e+0, 3.27738e+0, 0.00000e+0, 2.00000e+1, 0.00000e+0, 5.00000e+0, 0.00000e+0, 3, 1, 
06/15/2023 17:13:10.668, 06/15/2023 17:13:10.589, 4.15994e+0, 0.00000e+0, 9.82054e+1, 0.00000e+0, 1.99657e+0, 0.00000e+0, 2.02453e+4, 0.00000e+0, 7.12253e+2, 0.00000e+0, 2.03783e+0, 0.00000e+0, 7.26971e+2, 0.00000e+0, 4.82190e+2, 0.00000e+0, 3.04728e+1, 0.00000e+0, 3.28940e+1, 0.00000e+0, 3.79347e+0, 0.00000e+0, 3.27674e+0, 0.00000e+0, 2.00000e+1, 0.00000e+0, 5.00000e+0, 0.00000e+0, 3, 1, 
06/15/2023 17:13:11.638, 06/15/2023 17:13:11.583, 4.15973e+0, 0.00000e+0, 9.81747e+1, 0.00000e+0, 1.99693e+0, 0.00000e+0, 2.01565e+4, 0.00000e+0, 7.13480e+2, 0.00000e+0, 2.03801e+0, 0.00000e+0, 7.28157e+2, 0.00000e+0, 4.82379e+2, 0.00000e+0, 3.04828e+1, 0.00000e+0, 3.28999e+1, 0.00000e+0, 3.79329e+0, 0.00000e+0, 3.27716e+0, 0.00000e+0, 2.00000e+1, 0.00000e+0, 5.00000e+0, 0.00000e+0, 3, 1, 
06/15/2023 17:13:12.655, 06/15/2023 17:13:12.577, 4.15968e+0, 0.00000e+0, 9.81662e+1, 0.00000e+0, 1.99789e+0, 0.00000e+0, 2.02590e+4, 0.00000e+0, 7.13177e+2, 0.00000e+0, 2.03920e+0, 0.00000e+0, 7.27924e+2, 0.00000e+0, 4.82360e+2, 0.00000e+0, 3.04889e+1, 0.00000e+0, 3.29064e+1, 0.00000e+0, 3.79297e+0, 0.00000e+0, 3.27687e+0, 0.00000e+0, 2.00000e+1, 0.00000e+0, 5.00000e+0, 0.00000e+0, 3, 1, 
06/15/2023 17:13:13.627, 06/15/2023 17:13:13.573, 4.15978e+0, 0.00000e+0, 9.81815e+1, 0.00000e+0, 1.99956e+0, 0.00000e+0, 2.03284e+4, 0.00000e+0, 7.13061e+2, 0.00000e+0, 2.04105e+0, 0.00000e+0, 7.27857e+2, 0.00000e+0, 4.82240e+2, 0.00000e+0, 3.04835e+1, 0.00000e+0, 3.29212e+1, 0.00000e+0, 3.79326e+0, 0.00000e+0, 3.27684e+0, 0.00000e+0, 2.00000e+1, 0.00000e+0, 5.00000e+0, 0.00000e+0, 3, 1, 
06/15/2023 17:13:14.623, 06/15/2023 17:13:14.566, 4.15990e+0, 0.00000e+0, 9.81995e+1, 0.00000e+0, 1.99643e+0, 0.00000e+0, 2.02380e+4, 0.00000e+0, 7.14180e+2, 0.00000e+0, 2.03767e+0, 0.00000e+0, 7.28932e+2, 0.00000e+0, 4.82269e+2, 0.00000e+0, 3.04908e+1, 0.00000e+0, 3.29270e+1, 0.00000e+0, 3.79354e+0, 0.00000e+0, 3.27666e+0, 0.00000e+0, 2.00000e+1, 0.00000e+0, 5.00000e+0, 0.00000e+0, 3, 1, 
06/15/2023 17:13:15.623, 06/15/2023 17:13:15.561, 4.15989e+0, 0.00000e+0, 9.81979e+1, 0.00000e+0, 1.99779e+0, 0.00000e+0, 2.02725e+4, 0.00000e+0, 7.14161e+2, 0.00000e+0, 2.03913e+0, 0.00000e+0, 7.28939e+2, 0.00000e+0, 4.82406e+2, 0.00000e+0, 3.05009e+1, 0.00000e+0, 3.29399e+1, 0.00000e+0, 3.79274e+0, 0.00000e+0, 3.27647e+0, 0.00000e+0, 2.00000e+1, 0.00000e+0, 5.00000e+0, 0.00000e+0, 3, 1, 
06/15/2023 17:13:16.611, 06/15/2023 17:13:16.555, 4.15997e+0, 0.00000e+0, 9.82092e+1, 0.00000e+0, 1.99646e+0, 0.00000e+0, 2.02508e+4, 0.00000e+0, 7.13473e+2, 0.00000e+0, 2.03772e+0, 0.00000e+0, 7.28220e+2, 0.00000e+0, 4.82379e+2, 0.00000e+0, 3.05036e+1, 0.00000e+0, 3.29465e+1, 0.00000e+0, 3.79374e+0, 0.00000e+0, 3.27672e+0, 0.00000e+0, 2.00000e+1, 0.00000e+0, 5.00000e+0, 0.00000e+0, 3, 1, 
06/15/2023 17:13:17.610, 06/15/2023 17:13:17.550, 4.15977e+0, 0.00000e+0, 9.81805e+1, 0.00000e+0, 1.99522e+0, 0.00000e+0, 2.01466e+4, 0.00000e+0, 7.12567e+2, 0.00000e+0, 2.03624e+0, 0.00000e+0, 7.27218e+2, 0.00000e+0, 4.82328e+2, 0.00000e+0, 3.05109e+1, 0.00000e+0, 3.29472e+1, 0.00000e+0, 3.79416e+0, 0.00000e+0, 3.27689e+0, 0.00000e+0, 2.00000e+1, 0.00000e+0, 5.00000e+0, 0.00000e+0, 3, 1, 
06/15/2023 17:13:18.613, 06/15/2023 17:13:18.551, 4.15984e+0, 0.00000e+0, 9.81904e+1, 0.00000e+0, 1.99828e+0, 0.00000e+0, 2.02857e+4, 0.00000e+0, 7.10743e+2, 0.00000e+0, 2.03966e+0, 0.00000e+0, 7.25460e+2, 0.00000e+0, 4.82358e+2, 0.00000e+0, 3.05024e+1, 0.00000e+0, 3.29536e+1, 0.00000e+0, 3.79395e+0, 0.00000e+0, 3.27763e+0, 0.00000e+0, 2.00000e+1, 0.00000e+0, 5.00000e+0, 0.00000e+0, 3, 1, 
06/15/2023 17:13:19.606, 06/15/2023 17:13:19.546, 4.15994e+0, 0.00000e+0, 9.82061e+1, 0.00000e+0, 1.99822e+0, 0.00000e+0, 2.03149e+4, 0.00000e+0, 7.11395e+2, 0.00000e+0, 2.03966e+0, 0.00000e+0, 7.26147e+2, 0.00000e+0, 4.82426e+2, 0.00000e+0, 3.04961e+1, 0.00000e+0, 3.29584e+1, 0.00000e+0, 3.79290e+0, 0.00000e+0, 3.27766e+0, 0.00000e+0, 2.00000e+1, 0.00000e+0, 5.00000e+0, 0.00000e+0, 3, 1, 
06/15/2023 17:13:20.596, 06/15/2023 17:13:20.540, 4.15992e+0, 0.00000e+0, 9.82031e+1, 0.00000e+0, 1.99746e+0, 0.00000e+0, 2.02213e+4, 0.00000e+0, 7.11385e+2, 0.00000e+0, 2.03868e+0, 0.00000e+0, 7.26067e+2, 0.00000e+0, 4.82267e+2, 0.00000e+0, 3.04923e+1, 0.00000e+0, 3.29678e+1, 0.00000e+0, 3.79407e+0, 0.00000e+0, 3.27729e+0, 0.00000e+0, 2.00000e+1, 0.00000e+0, 5.00000e+0, 0.00000e+0, 3, 1, 
06/15/2023 17:13:21.594, 06/15/2023 17:13:21.536, 4.15991e+0, 0.00000e+0, 9.82010e+1, 0.00000e+0, 1.99744e+0, 0.00000e+0, 2.01135e+4, 0.00000e+0, 7.12391e+2, 0.00000e+0, 2.03844e+0, 0.00000e+0, 7.27013e+2, 0.00000e+0, 4.82420e+2, 0.00000e+0, 3.04955e+1, 0.00000e+0, 3.29698e+1, 0.00000e+0, 3.79352e+0, 0.00000e+0, 3.27723e+0, 0.00000e+0, 2.00000e+1, 0.00000e+0, 5.00000e+0, 0.00000e+0, 3, 1, 
06/15/2023 17:13:22.590, 06/15/2023 17:13:22.530, 4.15998e+0, 0.00000e+0, 9.82115e+1, 0.00000e+0, 1.99432e+0, 0.00000e+0, 2.02754e+4, 0.00000e+0, 7.10948e+2, 0.00000e+0, 2.03560e+0, 0.00000e+0, 7.25661e+2, 0.00000e+0, 4.82378e+2, 0.00000e+0, 3.04985e+1, 0.00000e+0, 3.29694e+1, 0.00000e+0, 3.79340e+0, 0.00000e+0, 3.27701e+0, 0.00000e+0, 2.00000e+1, 0.00000e+0, 5.00000e+0, 0.00000e+0, 3, 1, 
06/15/2023 17:13:23.592, 06/15/2023 17:13:23.524, 4.16009e+0, 0.00000e+0, 9.82275e+1, 0.00000e+0, 1.99738e+0, 0.00000e+0, 2.02181e+4, 0.00000e+0, 7.11823e+2, 0.00000e+0, 2.03859e+0, 0.00000e+0, 7.26511e+2, 0.00000e+0, 4.82314e+2, 0.00000e+0, 3.04949e+1, 0.00000e+0, 3.29727e+1, 0.00000e+0, 3.79451e+0, 0.00000e+0, 3.27796e+0, 0.00000e+0, 2.00000e+1, 0.00000e+0, 5.00000e+0, 0.00000e+0, 3, 1, 
06/15/2023 17:13:24.573, 06/15/2023 17:13:24.518, 4.15996e+0, 0.00000e+0, 9.82083e+1, 0.00000e+0, 1.99634e+0, 0.00000e+0, 2.01868e+4, 0.00000e+0, 7.11402e+2, 0.00000e+0, 2.03747e+0, 0.00000e+0, 7.26058e+2, 0.00000e+0, 4.82351e+2, 0.00000e+0, 3.05086e+1, 0.00000e+0, 3.29781e+1, 0.00000e+0, 3.79320e+0, 0.00000e+0, 3.27671e+0, 0.00000e+0, 2.00000e+1, 0.00000e+0, 5.00000e+0, 0.00000e+0, 3, 1, 
06/15/2023 17:13:25.574, 06/15/2023 17:13:25.514, 4.15994e+0, 0.00000e+0, 9.82055e+1, 0.00000e+0, 1.99614e+0, 0.00000e+0, 2.02745e+4, 0.00000e+0, 7.12325e+2, 0.00000e+0, 2.03745e+0, 0.00000e+0, 7.27066e+2, 0.00000e+0, 4.82449e+2, 0.00000e+0, 3.05122e+1, 0.00000e+0, 3.29929e+1, 0.00000e+0, 3.79291e+0, 0.00000e+0, 3.27647e+0, 0.00000e+0, 2.00000e+1, 0.00000e+0, 5.00000e+0, 0.00000e+0, 3, 1, 
06/15/2023 17:13:26.570, 06/15/2023 17:13:26.508, 4.15989e+0, 0.00000e+0, 9.81982e+1, 0.00000e+0, 1.99726e+0, 0.00000e+0, 2.02760e+4, 0.00000e+0, 7.11605e+2, 0.00000e+0, 2.03859e+0, 0.00000e+0, 7.26332e+2, 0.00000e+0, 4.82342e+2, 0.00000e+0, 3.05068e+1, 0.00000e+0, 3.29987e+1, 0.00000e+0, 3.79278e+0, 0.00000e+0, 3.27783e+0, 0.00000e+0, 2.00000e+1, 0.00000e+0, 5.00000e+0, 0.00000e+0, 3, 1, 
06/15/2023 17:13:27.562, 06/15/2023 17:13:27.502, 4.15971e+0, 0.00000e+0, 9.81714e+1, 0.00000e+0, 1.99859e+0, 0.00000e+0, 2.02912e+4, 0.00000e+0, 7.10731e+2, 0.00000e+0, 2.03999e+0, 0.00000e+0, 7.25451e+2, 0.00000e+0, 4.82329e+2, 0.00000e+0, 3.05095e+1, 0.00000e+0, 3.30085e+1, 0.00000e+0, 3.79234e+0, 0.00000e+0, 3.27682e+0, 0.00000e+0, 2.00000e+1, 0.00000e+0, 5.00000e+0, 0.00000e+0, 3, 1, 
06/15/2023 17:13:28.554, 06/15/2023 17:13:28.497, 4.15972e+0, 0.00000e+0, 9.81731e+1, 0.00000e+0, 1.99724e+0, 0.00000e+0, 2.01664e+4, 0.00000e+0, 7.12373e+2, 0.00000e+0, 2.03835e+0, 0.00000e+0, 7.27034e+2, 0.00000e+0, 4.82350e+2, 0.00000e+0, 3.05087e+1, 0.00000e+0, 3.30234e+1, 0.00000e+0, 3.79362e+0, 0.00000e+0, 3.27731e+0, 0.00000e+0, 2.00000e+1, 0.00000e+0, 5.00000e+0, 0.00000e+0, 3, 1, 
06/15/2023 17:13:29.549, 06/15/2023 17:13:29.491, 4.15991e+0, 0.00000e+0, 9.82010e+1, 0.00000e+0, 1.99739e+0, 0.00000e+0, 2.03248e+4, 0.00000e+0, 7.11877e+2, 0.00000e+0, 2.03883e+0, 0.00000e+0, 7.26645e+2, 0.00000e+0, 4.82315e+2, 0.00000e+0, 3.04995e+1, 0.00000e+0, 3.30342e+1, 0.00000e+0, 3.79377e+0, 0.00000e+0, 3.27618e+0, 0.00000e+0, 2.00000e+1, 0.00000e+0, 5.00000e+0, 0.00000e+0, 3, 1, 
06/15/2023 17:13:30.545, 06/15/2023 17:13:30.486, 4.15998e+0, 0.00000e+0, 9.82116e+1, 0.00000e+0, 1.99429e+0, 0.00000e+0, 2.02442e+4, 0.00000e+0, 7.11040e+2, 0.00000e+0, 2.03550e+0, 0.00000e+0, 7.25732e+2, 0.00000e+0, 4.82291e+2, 0.00000e+0, 3.05117e+1, 0.00000e+0, 3.30281e+1, 0.00000e+0, 3.79333e+0, 0.00000e+0, 3.27689e+0, 0.00000e+0, 2.00000e+1, 0.00000e+0, 5.00000e+0, 0.00000e+0, 3, 1, 
06/15/2023 17:13:31.533, 06/15/2023 17:13:31.480, 4.15993e+0, 0.00000e+0, 9.82038e+1, 0.00000e+0, 1.99720e+0, 0.00000e+0, 2.01146e+4, 0.00000e+0, 7.10830e+2, 0.00000e+0, 2.03820e+0, 0.00000e+0, 7.25421e+2, 0.00000e+0, 4.82555e+2, 0.00000e+0, 3.05027e+1, 0.00000e+0, 3.30354e+1, 0.00000e+0, 3.79372e+0, 0.00000e+0, 3.27667e+0, 0.00000e+0, 2.00000e+1, 0.00000e+0, 5.00000e+0, 0.00000e+0, 3, 1, 
06/15/2023 17:13:32.536, 06/15/2023 17:13:32.475, 4.15989e+0, 0.00000e+0, 9.81974e+1, 0.00000e+0, 1.99815e+0, 0.00000e+0, 2.00317e+4, 0.00000e+0, 7.12356e+2, 0.00000e+0, 2.03899e+0, 0.00000e+0, 7.26917e+2, 0.00000e+0, 4.82469e+2, 0.00000e+0, 3.05211e+1, 0.00000e+0, 3.30454e+1, 0.00000e+0, 3.79382e+0, 0.00000e+0, 3.27639e+0, 0.00000e+0, 2.00000e+1, 0.00000e+0, 5.00000e+0, 0.00000e+0, 3, 1, 
06/15/2023 17:13:33.526, 06/15/2023 17:13:33.470, 4.15961e+0, 0.00000e+0, 9.81560e+1, 0.00000e+0, 1.99567e+0, 0.00000e+0, 2.01927e+4, 0.00000e+0, 7.12780e+2, 0.00000e+0, 2.03680e+0, 0.00000e+0, 7.27470e+2, 0.00000e+0, 4.82211e+2, 0.00000e+0, 3.05360e+1, 0.00000e+0, 3.30577e+1, 0.00000e+0, 3.79341e+0, 0.00000e+0, 3.27701e+0, 0.00000e+0, 2.00000e+1, 0.00000e+0, 5.00000e+0, 0.00000e+0, 3, 1, 
06/15/2023 17:13:34.524, 06/15/2023 17:13:34.463, 4.15991e+0, 0.00000e+0, 9.82005e+1, 0.00000e+0, 1.99607e+0, 0.00000e+0, 2.02047e+4, 0.00000e+0, 7.13308e+2, 0.00000e+0, 2.03723e+0, 0.00000e+0, 7.28017e+2, 0.00000e+0, 4.82322e+2, 0.00000e+0, 3.05229e+1, 0.00000e+0, 3.30640e+1, 0.00000e+0, 3.79347e+0, 0.00000e+0, 3.27695e+0, 0.00000e+0, 2.00000e+1, 0.00000e+0, 5.00000e+0, 0.00000e+0, 3, 1, 
06/15/2023 17:13:35.517, 06/15/2023 17:13:35.461, 4.15982e+0, 0.00000e+0, 9.81881e+1, 0.00000e+0, 1.99839e+0, 0.00000e+0, 2.01729e+4, 0.00000e+0, 7.12206e+2, 0.00000e+0, 2.03954e+0, 0.00000e+0, 7.26869e+2, 0.00000e+0, 4.82475e+2, 0.00000e+0, 3.05240e+1, 0.00000e+0, 3.30618e+1, 0.00000e+0, 3.79379e+0, 0.00000e+0, 3.27656e+0, 0.00000e+0, 2.00000e+1, 0.00000e+0, 5.00000e+0, 0.00000e+0, 3, 1, 
06/15/2023 17:13:36.515, 06/15/2023 17:13:36.453, 4.15986e+0, 0.00000e+0, 9.81935e+1, 0.00000e+0, 1.99737e+0, 0.00000e+0, 2.01305e+4, 0.00000e+0, 7.11544e+2, 0.00000e+0, 2.03840e+0, 0.00000e+0, 7.26162e+2, 0.00000e+0, 4.82331e+2, 0.00000e+0, 3.05262e+1, 0.00000e+0, 3.30710e+1, 0.00000e+0, 3.79397e+0, 0.00000e+0, 3.27680e+0, 0.00000e+0, 2.00000e+1, 0.00000e+0, 5.00000e+0, 0.00000e+0, 3, 2, 
06/15/2023 17:13:37.507, 06/15/2023 17:13:37.447, 4.15911e+0, 0.00000e+0, 9.80814e+1, 0.00000e+0, 1.99815e+0, 0.00000e+0, 2.01536e+4, 0.00000e+0, 7.12029e+2, 0.00000e+0, 2.03925e+0, 0.00000e+0, 7.26674e+2, 0.00000e+0, 4.82069e+2, 0.00000e+0, 3.05611e+1, 0.00000e+0, 3.30650e+1, 0.00000e+0, 3.79331e+0, 0.00000e+0, 3.27726e+0, 0.00000e+0, 2.00000e+1, 0.00000e+0, 5.00000e+0, 0.00000e+0, 3, 2, 
06/15/2023 17:13:38.501, 06/15/2023 17:13:38.441, 4.15996e+0, 0.00000e+0, 9.82085e+1, 0.00000e+0, 1.99727e+0, 0.00000e+0, 2.02324e+4, 0.00000e+0, 7.11332e+2, 0.00000e+0, 2.03851e+0, 0.00000e+0, 7.26021e+2, 0.00000e+0, 4.82423e+2, 0.00000e+0, 3.05279e+1, 0.00000e+0, 3.30769e+1, 0.00000e+0, 3.79364e+0, 0.00000e+0, 3.27679e+0, 0.00000e+0, 2.00000e+1, 0.00000e+0, 5.00000e+0, 0.00000e+0, 3, 2, 
06/15/2023 17:13:39.493, 06/15/2023 17:13:39.437, 4.15983e+0, 0.00000e+0, 9.81897e+1, 0.00000e+0, 1.99601e+0, 0.00000e+0, 2.00740e+4, 0.00000e+0, 7.12836e+2, 0.00000e+0, 2.03690e+0, 0.00000e+0, 7.27439e+2, 0.00000e+0, 4.82473e+2, 0.00000e+0, 3.05381e+1, 0.00000e+0, 3.30830e+1, 0.00000e+0, 3.79370e+0, 0.00000e+0, 3.27619e+0, 0.00000e+0, 2.00000e+1, 0.00000e+0, 5.00000e+0, 0.00000e+0, 3, 2, 
06/15/2023 17:13:40.489, 06/15/2023 17:13:40.432, 4.15985e+0, 0.00000e+0, 9.81923e+1, 0.00000e+0, 1.99892e+0, 0.00000e+0, 2.01867e+4, 0.00000e+0, 7.11737e+2, 0.00000e+0, 2.04011e+0, 0.00000e+0, 7.26400e+2, 0.00000e+0, 4.82386e+2, 0.00000e+0, 3.05507e+1, 0.00000e+0, 3.30842e+1, 0.00000e+0, 3.79314e+0, 0.00000e+0, 3.27641e+0, 0.00000e+0, 2.00000e+1, 0.00000e+0, 5.00000e+0, 0.00000e+0, 3, 2, 
06/15/2023 17:13:41.483, 06/15/2023 17:13:41.426, 4.15999e+0, 0.00000e+0, 9.82135e+1, 0.00000e+0, 1.99424e+0, 0.00000e+0, 2.01703e+4, 0.00000e+0, 7.13347e+2, 0.00000e+0, 2.03529e+0, 0.00000e+0, 7.28031e+2, 0.00000e+0, 4.82386e+2, 0.00000e+0, 3.05367e+1, 0.00000e+0, 3.30990e+1, 0.00000e+0, 3.79348e+0, 0.00000e+0, 3.27644e+0, 0.00000e+0, 2.00000e+1, 0.00000e+0, 5.00000e+0, 0.00000e+0, 3, 2, 
06/15/2023 17:13:42.476, 06/15/2023 17:13:42.421, 4.15969e+0, 0.00000e+0, 9.81683e+1, 0.00000e+0, 1.99862e+0, 0.00000e+0, 2.01798e+4, 0.00000e+0, 7.12857e+2, 0.00000e+0, 2.03978e+0, 0.00000e+0, 7.27539e+2, 0.00000e+0, 4.82505e+2, 0.00000e+0, 3.05505e+1, 0.00000e+0, 3.31122e+1, 0.00000e+0, 3.79226e+0, 0.00000e+0, 3.27631e+0, 0.00000e+0, 2.00000e+1, 0.00000e+0, 5.00000e+0, 0.00000e+0, 3, 2, 
06/15/2023 17:13:43.468, 06/15/2023 17:13:43.414, 4.15918e+0, 0.00000e+0, 9.80919e+1, 0.00000e+0, 2.00150e+0, 0.00000e+0, 1.99700e+4, 0.00000e+0, 7.11708e+2, 0.00000e+0, 2.04228e+0, 0.00000e+0, 7.26210e+2, 0.00000e+0, 4.82050e+2, 0.00000e+0, 3.05756e+1, 0.00000e+0, 3.31071e+1, 0.00000e+0, 3.79344e+0, 0.00000e+0, 3.27711e+0, 0.00000e+0, 2.00000e+1, 0.00000e+0, 5.00000e+0, 0.00000e+0, 3, 2, 
06/15/2023 17:13:44.466, 06/15/2023 17:13:44.410, 4.15994e+0, 0.00000e+0, 9.82057e+1, 0.00000e+0, 1.99851e+0, 0.00000e+0, 2.00952e+4, 0.00000e+0, 7.12278e+2, 0.00000e+0, 2.03950e+0, 0.00000e+0, 7.26885e+2, 0.00000e+0, 4.82331e+2, 0.00000e+0, 3.05561e+1, 0.00000e+0, 3.31334e+1, 0.00000e+0, 3.79378e+0, 0.00000e+0, 3.27712e+0, 0.00000e+0, 2.00000e+1, 0.00000e+0, 5.00000e+0, 0.00000e+0, 3, 2, 
06/15/2023 17:13:45.459, 06/15/2023 17:13:45.403, 4.15927e+0, 0.00000e+0, 9.81051e+1, 0.00000e+0, 1.99716e+0, 0.00000e+0, 2.01025e+4, 0.00000e+0, 7.13049e+2, 0.00000e+0, 2.03813e+0, 0.00000e+0, 7.27677e+2, 0.00000e+0, 4.82356e+2, 0.00000e+0, 3.05952e+1, 0.00000e+0, 3.31497e+1, 0.00000e+0, 3.79295e+0, 0.00000e+0, 3.27718e+0, 0.00000e+0, 2.00000e+1, 0.00000e+0, 5.00000e+0, 0.00000e+0, 3, 2, 
06/15/2023 17:13:46.452, 06/15/2023 17:13:46.398, 4.15977e+0, 0.00000e+0, 9.81807e+1, 0.00000e+0, 1.99766e+0, 0.00000e+0, 2.01774e+4, 0.00000e+0, 7.12804e+2, 0.00000e+0, 2.03880e+0, 0.00000e+0, 7.27482e+2, 0.00000e+0, 4.82414e+2, 0.00000e+0, 3.05578e+1, 0.00000e+0, 3.31567e+1, 0.00000e+0, 3.79343e+0, 0.00000e+0, 3.27738e+0, 0.00000e+0, 2.00000e+1, 0.00000e+0, 5.00000e+0, 0.00000e+0, 3, 2, 
06/15/2023 17:13:47.459, 06/15/2023 17:13:47.406, 4.15838e+0, 0.00000e+0, 9.79725e+1, 0.00000e+0, 2.00183e+0, 0.00000e+0, 2.00676e+4, 0.00000e+0, 7.13794e+2, 0.00000e+0, 2.04283e+0, 0.00000e+0, 7.28411e+2, 0.00000e+0, 4.81675e+2, 0.00000e+0, 3.06783e+1, 0.00000e+0, 3.31368e+1, 0.00000e+0, 3.79315e+0, 0.00000e+0, 3.27750e+0, 0.00000e+0, 2.00000e+1, 0.00000e+0, 5.00000e+0, 0.00000e+0, 3, 2, 
06/15/2023 17:13:48.449, 06/15/2023 17:13:48.399, 4.15823e+0, 0.00000e+0, 9.79512e+1, 0.00000e+0, 1.99814e+0, 0.00000e+0, 2.01497e+4, 0.00000e+0, 7.13596e+2, 0.00000e+0, 2.03923e+0, 0.00000e+0, 7.28271e+2, 0.00000e+0, 4.81742e+2, 0.00000e+0, 3.06697e+1, 0.00000e+0, 3.31371e+1, 0.00000e+0, 3.79462e+0, 0.00000e+0, 3.27754e+0, 0.00000e+0, 2.00000e+1, 0.00000e+0, 5.00000e+0, 0.00000e+0, 3, 2, 
06/15/2023 17:13:49.457, 06/15/2023 17:13:49.381, 4.15831e+0, 0.00000e+0, 9.79628e+1, 0.00000e+0, 1.99831e+0, 0.00000e+0, 2.00643e+4, 0.00000e+0, 7.12880e+2, 0.00000e+0, 2.03923e+0, 0.00000e+0, 7.27476e+2, 0.00000e+0, 4.81795e+2, 0.00000e+0, 3.06391e+1, 0.00000e+0, 3.31508e+1, 0.00000e+0, 3.79345e+0, 0.00000e+0, 3.27642e+0, 0.00000e+0, 2.00000e+1, 0.00000e+0, 5.00000e+0, 0.00000e+0, 3, 2, 
06/15/2023 17:13:50.435, 06/15/2023 17:13:50.376, 4.15996e+0, 0.00000e+0, 9.82089e+1, 0.00000e+0, 1.99996e+0, 0.00000e+0, 2.01387e+4, 0.00000e+0, 7.12934e+2, 0.00000e+0, 2.04106e+0, 0.00000e+0, 7.27587e+2, 0.00000e+0, 4.82407e+2, 0.00000e+0, 3.05549e+1, 0.00000e+0, 3.31842e+1, 0.00000e+0, 3.79378e+0, 0.00000e+0, 3.27741e+0, 0.00000e+0, 2.00000e+1, 0.00000e+0, 5.00000e+0, 0.00000e+0, 3, 2, 
06/15/2023 17:13:51.431, 06/15/2023 17:13:51.371, 4.15987e+0, 0.00000e+0, 9.81947e+1, 0.00000e+0, 1.99806e+0, 0.00000e+0, 2.00326e+4, 0.00000e+0, 7.11491e+2, 0.00000e+0, 2.03891e+0, 0.00000e+0, 7.26035e+2, 0.00000e+0, 4.82365e+2, 0.00000e+0, 3.05497e+1, 0.00000e+0, 3.31919e+1, 0.00000e+0, 3.79354e+0, 0.00000e+0, 3.27714e+0, 0.00000e+0, 2.00000e+1, 0.00000e+0, 5.00000e+0, 0.00000e+0, 3, 2, 
06/15/2023 17:13:52.454, 06/15/2023 17:13:52.399, 4.15867e+0, 0.00000e+0, 9.80169e+1, 0.00000e+0, 2.00196e+0, 0.00000e+0, 2.00514e+4, 0.00000e+0, 7.13399e+2, 0.00000e+0, 2.04292e+0, 0.00000e+0, 7.27997e+2, 0.00000e+0, 4.82123e+2, 0.00000e+0, 3.06046e+1, 0.00000e+0, 3.31844e+1, 0.00000e+0, 3.79373e+0, 0.00000e+0, 3.27678e+0, 0.00000e+0, 2.00000e+1, 0.00000e+0, 5.00000e+0, 0.00000e+0, 3, 2, 
06/15/2023 17:13:53.420, 06/15/2023 17:13:53.359, 4.15739e+0, 0.00000e+0, 9.78257e+1, 0.00000e+0, 1.99972e+0, 0.00000e+0, 2.00152e+4, 0.00000e+0, 7.14227e+2, 0.00000e+0, 2.04057e+0, 0.00000e+0, 7.28814e+2, 0.00000e+0, 4.81663e+2, 0.00000e+0, 3.07541e+1, 0.00000e+0, 3.31875e+1, 0.00000e+0, 3.79457e+0, 0.00000e+0, 3.27691e+0, 0.00000e+0, 2.00000e+1, 0.00000e+0, 5.00000e+0, 0.00000e+0, 3, 2, 
06/15/2023 17:13:54.413, 06/15/2023 17:13:54.355, 4.16001e+0, 0.00000e+0, 9.82153e+1, 0.00000e+0, 1.99903e+0, 0.00000e+0, 2.00899e+4, 0.00000e+0, 7.13586e+2, 0.00000e+0, 2.04001e+0, 0.00000e+0, 7.28216e+2, 0.00000e+0, 4.82512e+2, 0.00000e+0, 3.05487e+1, 0.00000e+0, 3.32284e+1, 0.00000e+0, 3.79499e+0, 0.00000e+0, 3.27760e+0, 0.00000e+0, 2.00000e+1, 0.00000e+0, 5.00000e+0, 0.00000e+0, 3, 2, 
06/15/2023 17:13:55.429, 06/15/2023 17:13:55.360, 4.15826e+0, 0.00000e+0, 9.79560e+1, 0.00000e+0, 1.99870e+0, 0.00000e+0, 2.01513e+4, 0.00000e+0, 7.13988e+2, 0.00000e+0, 2.03981e+0, 0.00000e+0, 7.28672e+2, 0.00000e+0, 4.81931e+2, 0.00000e+0, 3.05988e+1, 0.00000e+0, 3.32125e+1, 0.00000e+0, 3.79330e+0, 0.00000e+0, 3.27685e+0, 0.00000e+0, 2.00000e+1, 0.00000e+0, 5.00000e+0, 0.00000e+0, 3, 2, 
