SN:3K60180500001583 BD:Jul 23 2018 VC:834b9c1 MD5:48f99e4865ed8b810be1bb0eaaabf929
SysTime,                      Time,         Batt_v,      Batt_v_sd,   BATT_PERCENT,BATT_PERCENT_sd,      [CH4]_ppm,   [CH4]_ppm_sd,      [H2O]_ppm,   [H2O]_ppm_sd,      [CO2]_ppm,   [CO2]_ppm_sd,     [CH4]d_ppm,  [CH4]d_ppm_sd,     [CO2]d_ppm,  [CO2]d_ppm_sd,      GasP_torr,   GasP_torr_sd,         GasT_C,      GasT_C_sd,         AmbT_C,      AmbT_C_sd,         RD0_us,      RD0_us_sd,         RD1_us,      RD1_us_sd, Temp_Status_mA,Temp_Status_mA_sd,Analyzer_Status_mA,Analyzer_Status_mA_sd,       Fit_Flag,      MIU_VALVE,       MIU_DESC
11/09/2020 15:26:08.023, 11/09/2020 15:26:07.952, 3.55669e+0, 0.00000e+0, -2.53931e+2, 0.00000e+0, 5.70719e+0, 0.00000e+0, 1.14957e+4, 0.00000e+0, 1.42520e+3, 0.00000e+0, 2.88678e+0, 0.00000e+0, 7.20886e+2, 0.00000e+0, 5.02168e+2, 0.00000e+0, 2.09942e+1, 0.00000e+0, 2.10986e+1, 0.00000e+0, 3.59435e+0, 0.00000e+0, 3.18593e+0, 0.00000e+0, 2.00000e+1, 0.00000e+0, 1.70000e+1, 0.00000e+0, 2, 1, 
11/09/2020 15:26:09.244, 11/09/2020 15:26:09.193, 3.55889e+0, 0.00000e+0, 8.68651e+0, 0.00000e+0, 5.72809e+0, 0.00000e+0, 1.25383e+4, 0.00000e+0, 1.43182e+3, 0.00000e+0, 5.80082e+0, 0.00000e+0, 1.45000e+3, 0.00000e+0, 5.02027e+2, 0.00000e+0, 2.09738e+1, 0.00000e+0, 2.11122e+1, 0.00000e+0, 3.59665e+0, 0.00000e+0, 3.18841e+0, 0.00000e+0, 2.00000e+1, 0.00000e+0, 1.70000e+1, 0.00000e+0, 2, 1, 
11/09/2020 15:26:09.990, 11/09/2020 15:26:09.942, 3.55801e+0, 0.00000e+0, 8.55550e+0, 0.00000e+0, 5.73169e+0, 0.00000e+0, 1.14327e+4, 0.00000e+0, 1.43431e+3, 0.00000e+0, 5.79797e+0, 0.00000e+0, 1.45090e+3, 0.00000e+0, 5.02251e+2, 0.00000e+0, 2.09874e+1, 0.00000e+0, 2.11234e+1, 0.00000e+0, 3.59464e+0, 0.00000e+0, 3.18727e+0, 0.00000e+0, 2.00000e+1, 0.00000e+0, 1.70000e+1, 0.00000e+0, 2, 1, 
11/09/2020 15:26:10.987, 11/09/2020 15:26:10.936, 3.56015e+0, 0.00000e+0, 8.87132e+0, 0.00000e+0, 5.72692e+0, 0.00000e+0, 1.15173e+4, 0.00000e+0, 1.43503e+3, 0.00000e+0, 5.79365e+0, 0.00000e+0, 1.45175e+3, 0.00000e+0, 5.02073e+2, 0.00000e+0, 2.09854e+1, 0.00000e+0, 2.11344e+1, 0.00000e+0, 3.59632e+0, 0.00000e+0, 3.18672e+0, 0.00000e+0, 2.00000e+1, 0.00000e+0, 1.70000e+1, 0.00000e+0, 2, 1, 
11/09/2020 15:26:11.979, 11/09/2020 15:26:11.931, 3.56053e+0, 0.00000e+0, 8.92751e+0, 0.00000e+0, 5.72846e+0, 0.00000e+0, 1.25187e+4, 0.00000e+0, 1.43458e+3, 0.00000e+0, 5.80108e+0, 0.00000e+0, 1.45276e+3, 0.00000e+0, 5.02100e+2, 0.00000e+0, 2.09786e+1, 0.00000e+0, 2.11402e+1, 0.00000e+0, 3.59619e+0, 0.00000e+0, 3.18823e+0, 0.00000e+0, 2.00000e+1, 0.00000e+0, 1.70000e+1, 0.00000e+0, 2, 1, 
11/09/2020 15:26:12.996, 11/09/2020 15:26:12.925, 3.55958e+0, 0.00000e+0, 8.78813e+0, 0.00000e+0, 5.73565e+0, 0.00000e+0, 1.09189e+4, 0.00000e+0, 1.43748e+3, 0.00000e+0, 5.79897e+0, 0.00000e+0, 1.45335e+3, 0.00000e+0, 5.02091e+2, 0.00000e+0, 2.09819e+1, 0.00000e+0, 2.11413e+1, 0.00000e+0, 3.59301e+0, 0.00000e+0, 3.18694e+0, 0.00000e+0, 2.00000e+1, 0.00000e+0, 1.70000e+1, 0.00000e+0, 2, 1, 
11/09/2020 15:26:14.960, 11/09/2020 15:26:14.907, 3.55519e+0, 0.00000e+0, 8.13994e+0, 0.00000e+0, 5.72972e+0, 0.00000e+0, 1.29528e+4, 0.00000e+0, 1.43780e+3, 0.00000e+0, 5.80491e+0, 0.00000e+0, 1.45667e+3, 0.00000e+0, 5.02068e+2, 0.00000e+0, 2.09793e+1, 0.00000e+0, 2.11341e+1, 0.00000e+0, 3.59546e+0, 0.00000e+0, 3.18796e+0, 0.00000e+0, 2.00000e+1, 0.00000e+0, 1.70000e+1, 0.00000e+0, 2, 1, 
11/09/2020 15:26:15.958, 11/09/2020 15:26:15.909, 3.55948e+0, 0.00000e+0, 8.77245e+0, 0.00000e+0, 5.73591e+0, 0.00000e+0, 1.14580e+4, 0.00000e+0, 1.43901e+3, 0.00000e+0, 5.80240e+0, 0.00000e+0, 1.45569e+3, 0.00000e+0, 5.02164e+2, 0.00000e+0, 2.09969e+1, 0.00000e+0, 2.11674e+1, 0.00000e+0, 3.59545e+0, 0.00000e+0, 3.18823e+0, 0.00000e+0, 2.00000e+1, 0.00000e+0, 1.70000e+1, 0.00000e+0, 2, 1, 
11/09/2020 15:26:17.017, 11/09/2020 15:26:16.964, 3.54906e+0, 0.00000e+0, 7.23592e+0, 0.00000e+0, 5.73270e+0, 0.00000e+0, 1.25160e+4, 0.00000e+0, 1.44378e+3, 0.00000e+0, 5.80536e+0, 0.00000e+0, 1.46208e+3, 0.00000e+0, 5.02173e+2, 0.00000e+0, 2.10736e+1, 0.00000e+0, 2.11342e+1, 0.00000e+0, 3.59583e+0, 0.00000e+0, 3.18697e+0, 0.00000e+0, 2.00000e+1, 0.00000e+0, 1.70000e+1, 0.00000e+0, 2, 1, 
11/09/2020 15:26:17.996, 11/09/2020 15:26:17.948, 3.54394e+0, 0.00000e+0, 6.48129e+0, 0.00000e+0, 5.73653e+0, 0.00000e+0, 1.29115e+4, 0.00000e+0, 1.44326e+3, 0.00000e+0, 5.81157e+0, 0.00000e+0, 1.46214e+3, 0.00000e+0, 5.02450e+2, 0.00000e+0, 2.11310e+1, 0.00000e+0, 2.11288e+1, 0.00000e+0, 3.59539e+0, 0.00000e+0, 3.18824e+0, 0.00000e+0, 2.00000e+1, 0.00000e+0, 1.70000e+1, 0.00000e+0, 2, 1, 
11/09/2020 15:26:18.948, 11/09/2020 15:26:18.892, 3.54461e+0, 0.00000e+0, 6.57966e+0, 0.00000e+0, 5.73715e+0, 0.00000e+0, 1.34133e+4, 0.00000e+0, 1.43999e+3, 0.00000e+0, 5.81515e+0, 0.00000e+0, 1.45956e+3, 0.00000e+0, 5.02359e+2, 0.00000e+0, 2.10967e+1, 0.00000e+0, 2.11375e+1, 0.00000e+0, 3.59400e+0, 0.00000e+0, 3.18998e+0, 0.00000e+0, 2.00000e+1, 0.00000e+0, 1.70000e+1, 0.00000e+0, 2, 1, 
11/09/2020 15:26:20.118, 11/09/2020 15:26:20.013, 3.55051e+0, 0.00000e+0, 7.44957e+0, 0.00000e+0, 5.73951e+0, 0.00000e+0, 1.30894e+4, 0.00000e+0, 1.44071e+3, 0.00000e+0, 5.81563e+0, 0.00000e+0, 1.45982e+3, 0.00000e+0, 5.01947e+2, 0.00000e+0, 2.10309e+1, 0.00000e+0, 2.11768e+1, 0.00000e+0, 3.59304e+0, 0.00000e+0, 3.18981e+0, 0.00000e+0, 2.00000e+1, 0.00000e+0, 1.70000e+1, 0.00000e+0, 3, 1, 
11/09/2020 15:26:20.962, 11/09/2020 15:26:20.881, 3.54889e+0, 0.00000e+0, 7.21107e+0, 0.00000e+0, 5.73483e+0, 0.00000e+0, 1.32460e+4, 0.00000e+0, 1.44075e+3, 0.00000e+0, 5.81181e+0, 0.00000e+0, 1.46009e+3, 0.00000e+0, 5.02449e+2, 0.00000e+0, 2.10168e+1, 0.00000e+0, 2.11636e+1, 0.00000e+0, 3.59585e+0, 0.00000e+0, 3.18956e+0, 0.00000e+0, 2.00000e+1, 0.00000e+0, 1.70000e+1, 0.00000e+0, 3, 1, 
11/09/2020 15:26:21.938, 11/09/2020 15:26:21.876, 3.55118e+0, 0.00000e+0, 7.54915e+0, 0.00000e+0, 5.74019e+0, 0.00000e+0, 1.34046e+4, 0.00000e+0, 1.44308e+3, 0.00000e+0, 5.81818e+0, 0.00000e+0, 1.46268e+3, 0.00000e+0, 5.02115e+2, 0.00000e+0, 2.10284e+1, 0.00000e+0, 2.11913e+1, 0.00000e+0, 3.59439e+0, 0.00000e+0, 3.18844e+0, 0.00000e+0, 2.00000e+1, 0.00000e+0, 1.70000e+1, 0.00000e+0, 3, 1, 
11/09/2020 15:26:22.940, 11/09/2020 15:26:22.871, 3.54000e+0, 0.00000e+0, 5.90041e+0, 0.00000e+0, 5.73805e+0, 0.00000e+0, 1.35201e+4, 0.00000e+0, 1.44311e+3, 0.00000e+0, 5.81669e+0, 0.00000e+0, 1.46289e+3, 0.00000e+0, 5.02456e+2, 0.00000e+0, 2.11112e+1, 0.00000e+0, 2.11669e+1, 0.00000e+0, 3.59549e+0, 0.00000e+0, 3.18803e+0, 0.00000e+0, 2.00000e+1, 0.00000e+0, 1.70000e+1, 0.00000e+0, 3, 1, 
11/09/2020 15:26:23.916, 11/09/2020 15:26:23.865, 3.55590e+0, 0.00000e+0, 8.24417e+0, 0.00000e+0, 5.73692e+0, 0.00000e+0, 1.34747e+4, 0.00000e+0, 1.44126e+3, 0.00000e+0, 5.81528e+0, 0.00000e+0, 1.46095e+3, 0.00000e+0, 5.01894e+2, 0.00000e+0, 2.10095e+1, 0.00000e+0, 2.12156e+1, 0.00000e+0, 3.59299e+0, 0.00000e+0, 3.18783e+0, 0.00000e+0, 2.00000e+1, 0.00000e+0, 1.70000e+1, 0.00000e+0, 3, 1, 
11/09/2020 15:26:24.973, 11/09/2020 15:26:24.860, 3.54334e+0, 0.00000e+0, 6.39200e+0, 0.00000e+0, 5.74862e+0, 0.00000e+0, 1.37104e+4, 0.00000e+0, 1.44486e+3, 0.00000e+0, 5.82853e+0, 0.00000e+0, 1.46495e+3, 0.00000e+0, 5.02085e+2, 0.00000e+0, 2.10733e+1, 0.00000e+0, 2.11770e+1, 0.00000e+0, 3.59415e+0, 0.00000e+0, 3.18869e+0, 0.00000e+0, 2.00000e+1, 0.00000e+0, 1.70000e+1, 0.00000e+0, 3, 1, 
11/09/2020 15:26:25.924, 11/09/2020 15:26:25.854, 3.54976e+0, 0.00000e+0, 7.33853e+0, 0.00000e+0, 5.73656e+0, 0.00000e+0, 1.39503e+4, 0.00000e+0, 1.44180e+3, 0.00000e+0, 5.81772e+0, 0.00000e+0, 1.46220e+3, 0.00000e+0, 5.02281e+2, 0.00000e+0, 2.10201e+1, 0.00000e+0, 2.12157e+1, 0.00000e+0, 3.59398e+0, 0.00000e+0, 3.18767e+0, 0.00000e+0, 2.00000e+1, 0.00000e+0, 1.70000e+1, 0.00000e+0, 3, 1, 
11/09/2020 15:26:26.900, 11/09/2020 15:26:26.849, 3.55466e+0, 0.00000e+0, 8.06255e+0, 0.00000e+0, 5.74525e+0, 0.00000e+0, 1.37808e+4, 0.00000e+0, 1.44510e+3, 0.00000e+0, 5.82553e+0, 0.00000e+0, 1.46530e+3, 0.00000e+0, 5.02077e+2, 0.00000e+0, 2.10192e+1, 0.00000e+0, 2.12388e+1, 0.00000e+0, 3.59540e+0, 0.00000e+0, 3.18930e+0, 0.00000e+0, 2.00000e+1, 0.00000e+0, 1.70000e+1, 0.00000e+0, 3, 1, 
11/09/2020 15:26:27.914, 11/09/2020 15:26:27.843, 3.53386e+0, 0.00000e+0, 4.99365e+0, 0.00000e+0, 5.74205e+0, 0.00000e+0, 1.38270e+4, 0.00000e+0, 1.44462e+3, 0.00000e+0, 5.82256e+0, 0.00000e+0, 1.46488e+3, 0.00000e+0, 5.02241e+2, 0.00000e+0, 2.11308e+1, 0.00000e+0, 2.11768e+1, 0.00000e+0, 3.59447e+0, 0.00000e+0, 3.18647e+0, 0.00000e+0, 2.00000e+1, 0.00000e+0, 1.70000e+1, 0.00000e+0, 3, 1, 
11/09/2020 15:26:28.908, 11/09/2020 15:26:28.838, 3.54767e+0, 0.00000e+0, 7.03136e+0, 0.00000e+0, 5.73980e+0, 0.00000e+0, 1.37124e+4, 0.00000e+0, 1.43832e+3, 0.00000e+0, 5.81960e+0, 0.00000e+0, 1.45832e+3, 0.00000e+0, 5.02080e+2, 0.00000e+0, 2.10476e+1, 0.00000e+0, 2.12343e+1, 0.00000e+0, 3.59370e+0, 0.00000e+0, 3.18934e+0, 0.00000e+0, 2.00000e+1, 0.00000e+0, 1.70000e+1, 0.00000e+0, 3, 2, 
11/09/2020 15:26:29.882, 11/09/2020 15:26:29.832, 3.54985e+0, 0.00000e+0, 7.35300e+0, 0.00000e+0, 5.74745e+0, 0.00000e+0, 1.37428e+4, 0.00000e+0, 1.44296e+3, 0.00000e+0, 5.82754e+0, 0.00000e+0, 1.46307e+3, 0.00000e+0, 5.02106e+2, 0.00000e+0, 2.10358e+1, 0.00000e+0, 2.12532e+1, 0.00000e+0, 3.59402e+0, 0.00000e+0, 3.18944e+0, 0.00000e+0, 2.00000e+1, 0.00000e+0, 1.70000e+1, 0.00000e+0, 3, 2, 
11/09/2020 15:26:30.897, 11/09/2020 15:26:30.827, 3.55715e+0, 0.00000e+0, 8.42977e+0, 0.00000e+0, 5.73723e+0, 0.00000e+0, 1.42619e+4, 0.00000e+0, 1.44306e+3, 0.00000e+0, 5.82024e+0, 0.00000e+0, 1.46394e+3, 0.00000e+0, 5.02154e+2, 0.00000e+0, 2.10068e+1, 0.00000e+0, 2.12844e+1, 0.00000e+0, 3.59175e+0, 0.00000e+0, 3.18573e+0, 0.00000e+0, 2.00000e+1, 0.00000e+0, 1.70000e+1, 0.00000e+0, 3, 2, 
11/09/2020 15:26:31.884, 11/09/2020 15:26:31.821, 3.55581e+0, 0.00000e+0, 8.23198e+0, 0.00000e+0, 5.73997e+0, 0.00000e+0, 1.36639e+4, 0.00000e+0, 1.44196e+3, 0.00000e+0, 5.81949e+0, 0.00000e+0, 1.46194e+3, 0.00000e+0, 5.02135e+2, 0.00000e+0, 2.10068e+1, 0.00000e+0, 2.12873e+1, 0.00000e+0, 3.59480e+0, 0.00000e+0, 3.18717e+0, 0.00000e+0, 2.00000e+1, 0.00000e+0, 1.70000e+1, 0.00000e+0, 3, 2, 
11/09/2020 15:26:32.897, 11/09/2020 15:26:32.845, 3.55671e+0, 0.00000e+0, 8.36385e+0, 0.00000e+0, 5.73908e+0, 0.00000e+0, 1.42065e+4, 0.00000e+0, 1.44300e+3, 0.00000e+0, 5.82179e+0, 0.00000e+0, 1.46380e+3, 0.00000e+0, 5.02053e+2, 0.00000e+0, 2.10129e+1, 0.00000e+0, 2.12981e+1, 0.00000e+0, 3.59275e+0, 0.00000e+0, 3.18663e+0, 0.00000e+0, 2.00000e+1, 0.00000e+0, 1.70000e+1, 0.00000e+0, 3, 2, 
11/09/2020 15:26:33.891, 11/09/2020 15:26:33.810, 3.55394e+0, 0.00000e+0, 7.95641e+0, 0.00000e+0, 5.73352e+0, 0.00000e+0, 1.39419e+4, 0.00000e+0, 1.44318e+3, 0.00000e+0, 5.81459e+0, 0.00000e+0, 1.46359e+3, 0.00000e+0, 5.02204e+2, 0.00000e+0, 2.10214e+1, 0.00000e+0, 2.12982e+1, 0.00000e+0, 3.59539e+0, 0.00000e+0, 3.18664e+0, 0.00000e+0, 2.00000e+1, 0.00000e+0, 1.70000e+1, 0.00000e+0, 3, 2, 
11/09/2020 15:26:34.864, 11/09/2020 15:26:34.805, 3.55725e+0, 0.00000e+0, 8.44400e+0, 0.00000e+0, 5.74355e+0, 0.00000e+0, 1.37827e+4, 0.00000e+0, 1.44593e+3, 0.00000e+0, 5.82382e+0, 0.00000e+0, 1.46614e+3, 0.00000e+0, 5.02094e+2, 0.00000e+0, 2.10140e+1, 0.00000e+0, 2.13195e+1, 0.00000e+0, 3.59188e+0, 0.00000e+0, 3.18632e+0, 0.00000e+0, 2.00000e+1, 0.00000e+0, 1.70000e+1, 0.00000e+0, 3, 2, 
11/09/2020 15:26:35.854, 11/09/2020 15:26:35.800, 3.55251e+0, 0.00000e+0, 7.74457e+0, 0.00000e+0, 5.74457e+0, 0.00000e+0, 1.41796e+4, 0.00000e+0, 1.44555e+3, 0.00000e+0, 5.82719e+0, 0.00000e+0, 1.46635e+3, 0.00000e+0, 5.02197e+2, 0.00000e+0, 2.10340e+1, 0.00000e+0, 2.13086e+1, 0.00000e+0, 3.59195e+0, 0.00000e+0, 3.18560e+0, 0.00000e+0, 2.00000e+1, 0.00000e+0, 1.70000e+1, 0.00000e+0, 3, 2, 
11/09/2020 15:26:36.864, 11/09/2020 15:26:36.794, 3.55358e+0, 0.00000e+0, 7.90245e+0, 0.00000e+0, 5.73953e+0, 0.00000e+0, 1.44143e+4, 0.00000e+0, 1.44671e+3, 0.00000e+0, 5.82347e+0, 0.00000e+0, 1.46787e+3, 0.00000e+0, 5.02016e+2, 0.00000e+0, 2.10078e+1, 0.00000e+0, 2.13207e+1, 0.00000e+0, 3.59291e+0, 0.00000e+0, 3.18580e+0, 0.00000e+0, 2.00000e+1, 0.00000e+0, 1.70000e+1, 0.00000e+0, 3, 2, 
11/09/2020 15:26:37.862, 11/09/2020 15:26:37.790, 3.55114e+0, 0.00000e+0, 7.54310e+0, 0.00000e+0, 5.73655e+0, 0.00000e+0, 1.39136e+4, 0.00000e+0, 1.44451e+3, 0.00000e+0, 5.81749e+0, 0.00000e+0, 1.46489e+3, 0.00000e+0, 5.02179e+2, 0.00000e+0, 2.10385e+1, 0.00000e+0, 2.13144e+1, 0.00000e+0, 3.59496e+0, 0.00000e+0, 3.18624e+0, 0.00000e+0, 2.00000e+1, 0.00000e+0, 1.70000e+1, 0.00000e+0, 3, 2, 
11/09/2020 15:26:38.838, 11/09/2020 15:26:38.784, 3.55704e+0, 0.00000e+0, 8.41336e+0, 0.00000e+0, 5.74833e+0, 0.00000e+0, 1.44021e+4, 0.00000e+0, 1.44483e+3, 0.00000e+0, 5.83233e+0, 0.00000e+0, 1.46594e+3, 0.00000e+0, 5.02087e+2, 0.00000e+0, 2.10195e+1, 0.00000e+0, 2.13508e+1, 0.00000e+0, 3.59082e+0, 0.00000e+0, 3.18650e+0, 0.00000e+0, 2.00000e+1, 0.00000e+0, 1.70000e+1, 0.00000e+0, 3, 2, 
11/09/2020 15:26:39.835, 11/09/2020 15:26:39.779, 3.55642e+0, 0.00000e+0, 8.32141e+0, 0.00000e+0, 5.73747e+0, 0.00000e+0, 1.40079e+4, 0.00000e+0, 1.44772e+3, 0.00000e+0, 5.81898e+0, 0.00000e+0, 1.46828e+3, 0.00000e+0, 5.02131e+2, 0.00000e+0, 2.10385e+1, 0.00000e+0, 2.13566e+1, 0.00000e+0, 3.59502e+0, 0.00000e+0, 3.18809e+0, 0.00000e+0, 2.00000e+1, 0.00000e+0, 1.70000e+1, 0.00000e+0, 3, 2, 
11/09/2020 15:26:40.834, 11/09/2020 15:26:40.772, 3.54758e+0, 0.00000e+0, 7.01824e+0, 0.00000e+0, 5.73313e+0, 0.00000e+0, 1.40002e+4, 0.00000e+0, 1.44687e+3, 0.00000e+0, 5.81454e+0, 0.00000e+0, 1.46741e+3, 0.00000e+0, 5.02163e+2, 0.00000e+0, 2.10432e+1, 0.00000e+0, 2.13366e+1, 0.00000e+0, 3.59478e+0, 0.00000e+0, 3.18776e+0, 0.00000e+0, 2.00000e+1, 0.00000e+0, 1.70000e+1, 0.00000e+0, 3, 2, 
11/09/2020 15:26:41.824, 11/09/2020 15:26:41.767, 3.55526e+0, 0.00000e+0, 8.15064e+0, 0.00000e+0, 5.74413e+0, 0.00000e+0, 1.43939e+4, 0.00000e+0, 1.44511e+3, 0.00000e+0, 5.82802e+0, 0.00000e+0, 1.46622e+3, 0.00000e+0, 5.02114e+2, 0.00000e+0, 2.10329e+1, 0.00000e+0, 2.13732e+1, 0.00000e+0, 3.59271e+0, 0.00000e+0, 3.18669e+0, 0.00000e+0, 2.00000e+1, 0.00000e+0, 1.70000e+1, 0.00000e+0, 3, 2, 
11/09/2020 15:26:42.812, 11/09/2020 15:26:42.761, 3.54720e+0, 0.00000e+0, 6.96221e+0, 0.00000e+0, 5.74309e+0, 0.00000e+0, 1.38415e+4, 0.00000e+0, 1.44768e+3, 0.00000e+0, 5.82370e+0, 0.00000e+0, 1.46800e+3, 0.00000e+0, 5.02087e+2, 0.00000e+0, 2.11030e+1, 0.00000e+0, 2.13566e+1, 0.00000e+0, 3.59317e+0, 0.00000e+0, 3.18622e+0, 0.00000e+0, 2.00000e+1, 0.00000e+0, 1.70000e+1, 0.00000e+0, 3, 2, 
11/09/2020 15:26:43.811, 11/09/2020 15:26:43.756, 3.54068e+0, 0.00000e+0, 5.99967e+0, 0.00000e+0, 5.73751e+0, 0.00000e+0, 1.39343e+4, 0.00000e+0, 1.44543e+3, 0.00000e+0, 5.81859e+0, 0.00000e+0, 1.46586e+3, 0.00000e+0, 5.02495e+2, 0.00000e+0, 2.11328e+1, 0.00000e+0, 2.13384e+1, 0.00000e+0, 3.59200e+0, 0.00000e+0, 3.18736e+0, 0.00000e+0, 2.00000e+1, 0.00000e+0, 1.70000e+1, 0.00000e+0, 3, 2, 
11/09/2020 15:26:44.829, 11/09/2020 15:26:44.765, 3.54235e+0, 0.00000e+0, 6.24604e+0, 0.00000e+0, 5.75164e+0, 0.00000e+0, 1.36866e+4, 0.00000e+0, 1.44820e+3, 0.00000e+0, 5.83145e+0, 0.00000e+0, 1.46829e+3, 0.00000e+0, 5.01989e+2, 0.00000e+0, 2.10803e+1, 0.00000e+0, 2.13478e+1, 0.00000e+0, 3.59161e+0, 0.00000e+0, 3.18770e+0, 0.00000e+0, 2.00000e+1, 0.00000e+0, 1.70000e+1, 0.00000e+0, 3, 2, 
11/09/2020 15:26:45.815, 11/09/2020 15:26:45.745, 3.54420e+0, 0.00000e+0, 6.51961e+0, 0.00000e+0, 5.74816e+0, 0.00000e+0, 1.42159e+4, 0.00000e+0, 1.44729e+3, 0.00000e+0, 5.83105e+0, 0.00000e+0, 1.46816e+3, 0.00000e+0, 5.02140e+2, 0.00000e+0, 2.10457e+1, 0.00000e+0, 2.13628e+1, 0.00000e+0, 3.59384e+0, 0.00000e+0, 3.18745e+0, 0.00000e+0, 2.00000e+1, 0.00000e+0, 1.70000e+1, 0.00000e+0, 3, 2, 
11/09/2020 15:26:46.803, 11/09/2020 15:26:46.739, 3.52857e+0, 0.00000e+0, 4.21365e+0, 0.00000e+0, 5.74159e+0, 0.00000e+0, 1.38931e+4, 0.00000e+0, 1.44615e+3, 0.00000e+0, 5.82248e+0, 0.00000e+0, 1.46652e+3, 0.00000e+0, 5.02340e+2, 0.00000e+0, 2.11087e+1, 0.00000e+0, 2.13182e+1, 0.00000e+0, 3.59487e+0, 0.00000e+0, 3.18698e+0, 0.00000e+0, 2.00000e+1, 0.00000e+0, 1.80000e+1, 0.00000e+0, 3, 2, 
11/09/2020 15:26:47.889, 11/09/2020 15:26:47.838, 3.52689e+0, 0.00000e+0, 3.96541e+0, 0.00000e+0, 5.74321e+0, 0.00000e+0, 1.43604e+4, 0.00000e+0, 1.44916e+3, 0.00000e+0, 5.82689e+0, 0.00000e+0, 1.47027e+3, 0.00000e+0, 5.02240e+2, 0.00000e+0, 2.10996e+1, 0.00000e+0, 2.13193e+1, 0.00000e+0, 3.59198e+0, 0.00000e+0, 3.18487e+0, 0.00000e+0, 2.00000e+1, 0.00000e+0, 1.70000e+1, 0.00000e+0, 3, 2, 
11/09/2020 15:26:48.783, 11/09/2020 15:26:48.730, 3.54965e+0, 0.00000e+0, 7.32310e+0, 0.00000e+0, 5.73892e+0, 0.00000e+0, 1.38740e+4, 0.00000e+0, 1.44617e+3, 0.00000e+0, 5.81966e+0, 0.00000e+0, 1.46651e+3, 0.00000e+0, 5.02179e+2, 0.00000e+0, 2.10426e+1, 0.00000e+0, 2.14180e+1, 0.00000e+0, 3.59518e+0, 0.00000e+0, 3.18714e+0, 0.00000e+0, 2.00000e+1, 0.00000e+0, 1.70000e+1, 0.00000e+0, 3, 2, 
11/09/2020 15:26:49.786, 11/09/2020 15:26:49.723, 3.54835e+0, 0.00000e+0, 7.13187e+0, 0.00000e+0, 5.73904e+0, 0.00000e+0, 1.40664e+4, 0.00000e+0, 1.44991e+3, 0.00000e+0, 5.82092e+0, 0.00000e+0, 1.47059e+3, 0.00000e+0, 5.02151e+2, 0.00000e+0, 2.10343e+1, 0.00000e+0, 2.14220e+1, 0.00000e+0, 3.59595e+0, 0.00000e+0, 3.18835e+0, 0.00000e+0, 2.00000e+1, 0.00000e+0, 1.80000e+1, 0.00000e+0, 3, 2, 
11/09/2020 15:26:50.779, 11/09/2020 15:26:50.718, 3.55306e+0, 0.00000e+0, 7.82527e+0, 0.00000e+0, 5.73552e+0, 0.00000e+0, 1.40607e+4, 0.00000e+0, 1.44801e+3, 0.00000e+0, 5.81732e+0, 0.00000e+0, 1.46866e+3, 0.00000e+0, 5.02077e+2, 0.00000e+0, 2.10292e+1, 0.00000e+0, 2.14432e+1, 0.00000e+0, 3.59260e+0, 0.00000e+0, 3.18642e+0, 0.00000e+0, 2.00000e+1, 0.00000e+0, 1.80000e+1, 0.00000e+0, 3, 2, 
11/09/2020 15:26:52.267, 11/09/2020 15:26:52.213, 3.54982e+0, 0.00000e+0, 7.34742e+0, 0.00000e+0, 5.73622e+0, 0.00000e+0, 1.41893e+4, 0.00000e+0, 1.44492e+3, 0.00000e+0, 5.81878e+0, 0.00000e+0, 1.46572e+3, 0.00000e+0, 5.02060e+2, 0.00000e+0, 2.10181e+1, 0.00000e+0, 2.14415e+1, 0.00000e+0, 3.59272e+0, 0.00000e+0, 3.18787e+0, 0.00000e+0, 2.00000e+1, 0.00000e+0, 1.80000e+1, 0.00000e+0, 3, 2, 
11/09/2020 15:26:52.756, 11/09/2020 15:26:52.706, 3.54851e+0, 0.00000e+0, 7.15538e+0, 0.00000e+0, 5.73386e+0, 0.00000e+0, 1.38792e+4, 0.00000e+0, 1.44917e+3, 0.00000e+0, 5.81456e+0, 0.00000e+0, 1.46956e+3, 0.00000e+0, 5.02350e+2, 0.00000e+0, 2.10546e+1, 0.00000e+0, 2.14524e+1, 0.00000e+0, 3.59316e+0, 0.00000e+0, 3.18471e+0, 0.00000e+0, 2.00000e+1, 0.00000e+0, 1.80000e+1, 0.00000e+0, 3, 2, 
11/09/2020 15:26:53.756, 11/09/2020 15:26:53.703, 3.55090e+0, 0.00000e+0, 7.50772e+0, 0.00000e+0, 5.74462e+0, 0.00000e+0, 1.45383e+4, 0.00000e+0, 1.44810e+3, 0.00000e+0, 5.82937e+0, 0.00000e+0, 1.46947e+3, 0.00000e+0, 5.02051e+2, 0.00000e+0, 2.10303e+1, 0.00000e+0, 2.14597e+1, 0.00000e+0, 3.59087e+0, 0.00000e+0, 3.18600e+0, 0.00000e+0, 2.00000e+1, 0.00000e+0, 1.80000e+1, 0.00000e+0, 3, 2, 
11/09/2020 15:26:54.788, 11/09/2020 15:26:54.736, 3.53065e+0, 0.00000e+0, 4.52009e+0, 0.00000e+0, 5.74970e+0, 0.00000e+0, 1.40750e+4, 0.00000e+0, 1.44579e+3, 0.00000e+0, 5.83178e+0, 0.00000e+0, 1.46643e+3, 0.00000e+0, 5.02333e+2, 0.00000e+0, 2.11431e+1, 0.00000e+0, 2.13951e+1, 0.00000e+0, 3.59105e+0, 0.00000e+0, 3.18826e+0, 0.00000e+0, 2.00000e+1, 0.00000e+0, 1.80000e+1, 0.00000e+0, 3, 2, 
11/09/2020 15:26:55.743, 11/09/2020 15:26:55.691, 3.54465e+0, 0.00000e+0, 6.58494e+0, 0.00000e+0, 5.74154e+0, 0.00000e+0, 1.40147e+4, 0.00000e+0, 1.44721e+3, 0.00000e+0, 5.82315e+0, 0.00000e+0, 1.46778e+3, 0.00000e+0, 5.02308e+2, 0.00000e+0, 2.10832e+1, 0.00000e+0, 2.14577e+1, 0.00000e+0, 3.59260e+0, 0.00000e+0, 3.18367e+0, 0.00000e+0, 2.00000e+1, 0.00000e+0, 1.80000e+1, 0.00000e+0, 3, 2, 
11/09/2020 15:26:56.772, 11/09/2020 15:26:56.689, 3.53014e+0, 0.00000e+0, 4.44483e+0, 0.00000e+0, 5.74395e+0, 0.00000e+0, 1.44935e+4, 0.00000e+0, 1.44572e+3, 0.00000e+0, 5.82842e+0, 0.00000e+0, 1.46698e+3, 0.00000e+0, 5.02054e+2, 0.00000e+0, 2.11139e+1, 0.00000e+0, 2.14140e+1, 0.00000e+0, 3.59468e+0, 0.00000e+0, 3.18721e+0, 0.00000e+0, 2.00000e+1, 0.00000e+0, 1.80000e+1, 0.00000e+0, 3, 2, 
11/09/2020 15:26:57.765, 11/09/2020 15:26:57.679, 3.52570e+0, 0.00000e+0, 3.79001e+0, 0.00000e+0, 5.74096e+0, 0.00000e+0, 1.39838e+4, 0.00000e+0, 1.44457e+3, 0.00000e+0, 5.82238e+0, 0.00000e+0, 1.46506e+3, 0.00000e+0, 5.02251e+2, 0.00000e+0, 2.11420e+1, 0.00000e+0, 2.14083e+1, 0.00000e+0, 3.59123e+0, 0.00000e+0, 3.18443e+0, 0.00000e+0, 2.00000e+1, 0.00000e+0, 1.80000e+1, 0.00000e+0, 3, 2, 
11/09/2020 15:26:58.739, 11/09/2020 15:26:58.674, 3.52532e+0, 0.00000e+0, 3.73480e+0, 0.00000e+0, 5.74647e+0, 0.00000e+0, 1.43482e+4, 0.00000e+0, 1.44648e+3, 0.00000e+0, 5.83012e+0, 0.00000e+0, 1.46753e+3, 0.00000e+0, 5.02218e+2, 0.00000e+0, 2.11439e+1, 0.00000e+0, 2.14209e+1, 0.00000e+0, 3.59066e+0, 0.00000e+0, 3.18434e+0, 0.00000e+0, 2.00000e+1, 0.00000e+0, 1.80000e+1, 0.00000e+0, 3, 3, 
11/09/2020 15:26:59.747, 11/09/2020 15:26:59.669, 3.52900e+0, 0.00000e+0, 4.27736e+0, 0.00000e+0, 5.74332e+0, 0.00000e+0, 1.41315e+4, 0.00000e+0, 1.44686e+3, 0.00000e+0, 5.82565e+0, 0.00000e+0, 1.46760e+3, 0.00000e+0, 5.02290e+2, 0.00000e+0, 2.11129e+1, 0.00000e+0, 2.14343e+1, 0.00000e+0, 3.59197e+0, 0.00000e+0, 3.18467e+0, 0.00000e+0, 2.00000e+1, 0.00000e+0, 1.00000e+1, 0.00000e+0, 3, 3, 
11/09/2020 15:27:00.724, 11/09/2020 15:27:00.663, 3.55141e+0, 0.00000e+0, 7.58255e+0, 0.00000e+0, 5.74429e+0, 0.00000e+0, 1.42684e+4, 0.00000e+0, 1.44567e+3, 0.00000e+0, 5.82744e+0, 0.00000e+0, 1.46659e+3, 0.00000e+0, 5.01995e+2, 0.00000e+0, 2.10406e+1, 0.00000e+0, 2.15260e+1, 0.00000e+0, 3.59334e+0, 0.00000e+0, 3.18621e+0, 0.00000e+0, 2.00000e+1, 0.00000e+0, 1.00000e+1, 0.00000e+0, 3, 3, 
11/09/2020 15:27:01.714, 11/09/2020 15:27:01.658, 3.54994e+0, 0.00000e+0, 7.36620e+0, 0.00000e+0, 5.73586e+0, 0.00000e+0, 1.41178e+4, 0.00000e+0, 1.44347e+3, 0.00000e+0, 5.81799e+0, 0.00000e+0, 1.46414e+3, 0.00000e+0, 5.02133e+2, 0.00000e+0, 2.10543e+1, 0.00000e+0, 2.15260e+1, 0.00000e+0, 3.59434e+0, 0.00000e+0, 3.18707e+0, 0.00000e+0, 2.00000e+1, 0.00000e+0, 1.00000e+1, 0.00000e+0, 3, 3, 
11/09/2020 15:27:02.736, 11/09/2020 15:27:02.653, 3.55202e+0, 0.00000e+0, 7.67265e+0, 0.00000e+0, 5.73444e+0, 0.00000e+0, 1.42327e+4, 0.00000e+0, 1.44293e+3, 0.00000e+0, 5.81723e+0, 0.00000e+0, 1.46376e+3, 0.00000e+0, 5.02105e+2, 0.00000e+0, 2.10487e+1, 0.00000e+0, 2.15431e+1, 0.00000e+0, 3.59227e+0, 0.00000e+0, 3.18622e+0, 0.00000e+0, 2.00000e+1, 0.00000e+0, 1.00000e+1, 0.00000e+0, 3, 3, 
11/09/2020 15:27:03.722, 11/09/2020 15:27:03.646, 3.55126e+0, 0.00000e+0, 7.55976e+0, 0.00000e+0, 5.73416e+0, 0.00000e+0, 1.45276e+4, 0.00000e+0, 1.44159e+3, 0.00000e+0, 5.81869e+0, 0.00000e+0, 1.46284e+3, 0.00000e+0, 5.02112e+2, 0.00000e+0, 2.10551e+1, 0.00000e+0, 2.15518e+1, 0.00000e+0, 3.59190e+0, 0.00000e+0, 3.18368e+0, 0.00000e+0, 2.00000e+1, 0.00000e+0, 1.00000e+1, 0.00000e+0, 3, 3, 
11/09/2020 15:27:04.715, 11/09/2020 15:27:04.642, 3.55026e+0, 0.00000e+0, 7.41363e+0, 0.00000e+0, 5.72358e+0, 0.00000e+0, 1.45156e+4, 0.00000e+0, 1.44419e+3, 0.00000e+0, 5.80788e+0, 0.00000e+0, 1.46546e+3, 0.00000e+0, 5.02116e+2, 0.00000e+0, 2.10587e+1, 0.00000e+0, 2.15581e+1, 0.00000e+0, 3.59436e+0, 0.00000e+0, 3.18462e+0, 0.00000e+0, 2.00000e+1, 0.00000e+0, 1.00000e+1, 0.00000e+0, 3, 3, 
11/09/2020 15:27:05.684, 11/09/2020 15:27:05.635, 3.54981e+0, 0.00000e+0, 7.34667e+0, 0.00000e+0, 5.73411e+0, 0.00000e+0, 1.40270e+4, 0.00000e+0, 1.44092e+3, 0.00000e+0, 5.81569e+0, 0.00000e+0, 1.46142e+3, 0.00000e+0, 5.02041e+2, 0.00000e+0, 2.10527e+1, 0.00000e+0, 2.15648e+1, 0.00000e+0, 3.59460e+0, 0.00000e+0, 3.18463e+0, 0.00000e+0, 2.00000e+1, 0.00000e+0, 1.00000e+1, 0.00000e+0, 3, 3, 
11/09/2020 15:27:06.680, 11/09/2020 15:27:06.630, 3.54568e+0, 0.00000e+0, 6.73774e+0, 0.00000e+0, 5.72774e+0, 0.00000e+0, 1.41939e+4, 0.00000e+0, 1.44232e+3, 0.00000e+0, 5.81021e+0, 0.00000e+0, 1.46308e+3, 0.00000e+0, 5.02102e+2, 0.00000e+0, 2.10540e+1, 0.00000e+0, 2.15570e+1, 0.00000e+0, 3.59310e+0, 0.00000e+0, 3.18369e+0, 0.00000e+0, 2.00000e+1, 0.00000e+0, 1.00000e+1, 0.00000e+0, 3, 3, 
11/09/2020 15:27:07.680, 11/09/2020 15:27:07.625, 3.54979e+0, 0.00000e+0, 7.34426e+0, 0.00000e+0, 5.72448e+0, 0.00000e+0, 1.48097e+4, 0.00000e+0, 1.44479e+3, 0.00000e+0, 5.81053e+0, 0.00000e+0, 1.46651e+3, 0.00000e+0, 5.02112e+2, 0.00000e+0, 2.10629e+1, 0.00000e+0, 2.15769e+1, 0.00000e+0, 3.59271e+0, 0.00000e+0, 3.18403e+0, 0.00000e+0, 2.00000e+1, 0.00000e+0, 1.00000e+1, 0.00000e+0, 3, 3, 
11/09/2020 15:27:08.673, 11/09/2020 15:27:08.620, 3.54996e+0, 0.00000e+0, 7.36896e+0, 0.00000e+0, 5.73414e+0, 0.00000e+0, 1.43776e+4, 0.00000e+0, 1.44256e+3, 0.00000e+0, 5.81779e+0, 0.00000e+0, 1.46360e+3, 0.00000e+0, 5.02080e+2, 0.00000e+0, 2.10562e+1, 0.00000e+0, 2.15921e+1, 0.00000e+0, 3.59435e+0, 0.00000e+0, 3.18523e+0, 0.00000e+0, 2.00000e+1, 0.00000e+0, 1.00000e+1, 0.00000e+0, 3, 3, 
11/09/2020 15:27:09.676, 11/09/2020 15:27:09.613, 3.54952e+0, 0.00000e+0, 7.30430e+0, 0.00000e+0, 5.74192e+0, 0.00000e+0, 1.39568e+4, 0.00000e+0, 1.43953e+3, 0.00000e+0, 5.82319e+0, 0.00000e+0, 1.45990e+3, 0.00000e+0, 5.02110e+2, 0.00000e+0, 2.10583e+1, 0.00000e+0, 2.15973e+1, 0.00000e+0, 3.59456e+0, 0.00000e+0, 3.18606e+0, 0.00000e+0, 2.00000e+1, 0.00000e+0, 1.00000e+1, 0.00000e+0, 3, 3, 
11/09/2020 15:27:10.661, 11/09/2020 15:27:10.608, 3.54512e+0, 0.00000e+0, 6.65556e+0, 0.00000e+0, 5.73295e+0, 0.00000e+0, 1.49956e+4, 0.00000e+0, 1.44849e+3, 0.00000e+0, 5.82023e+0, 0.00000e+0, 1.47054e+3, 0.00000e+0, 5.02186e+2, 0.00000e+0, 2.10714e+1, 0.00000e+0, 2.15952e+1, 0.00000e+0, 3.59232e+0, 0.00000e+0, 3.18454e+0, 0.00000e+0, 2.00000e+1, 0.00000e+0, 1.00000e+1, 0.00000e+0, 3, 3, 
11/09/2020 15:27:11.681, 11/09/2020 15:27:11.604, 3.54761e+0, 0.00000e+0, 7.02177e+0, 0.00000e+0, 5.74241e+0, 0.00000e+0, 1.40530e+4, 0.00000e+0, 1.44498e+3, 0.00000e+0, 5.82426e+0, 0.00000e+0, 1.46558e+3, 0.00000e+0, 5.02071e+2, 0.00000e+0, 2.10651e+1, 0.00000e+0, 2.16097e+1, 0.00000e+0, 3.59357e+0, 0.00000e+0, 3.18354e+0, 0.00000e+0, 2.00000e+1, 0.00000e+0, 1.00000e+1, 0.00000e+0, 3, 3, 
11/09/2020 15:27:12.655, 11/09/2020 15:27:12.598, 3.54969e+0, 0.00000e+0, 7.32927e+0, 0.00000e+0, 5.74207e+0, 0.00000e+0, 1.42930e+4, 0.00000e+0, 1.44872e+3, 0.00000e+0, 5.82533e+0, 0.00000e+0, 1.46973e+3, 0.00000e+0, 5.02096e+2, 0.00000e+0, 2.10642e+1, 0.00000e+0, 2.16231e+1, 0.00000e+0, 3.59359e+0, 0.00000e+0, 3.18341e+0, 0.00000e+0, 2.00000e+1, 0.00000e+0, 1.00000e+1, 0.00000e+0, 3, 3, 
11/09/2020 15:27:13.642, 11/09/2020 15:27:13.591, 3.54606e+0, 0.00000e+0, 6.79280e+0, 0.00000e+0, 5.72464e+0, 0.00000e+0, 1.43067e+4, 0.00000e+0, 1.44885e+3, 0.00000e+0, 5.80773e+0, 0.00000e+0, 1.46988e+3, 0.00000e+0, 5.02114e+2, 0.00000e+0, 2.10993e+1, 0.00000e+0, 2.16229e+1, 0.00000e+0, 3.59335e+0, 0.00000e+0, 3.18481e+0, 0.00000e+0, 2.00000e+1, 0.00000e+0, 1.00000e+1, 0.00000e+0, 3, 3, 
11/09/2020 15:27:14.636, 11/09/2020 15:27:14.586, 3.54454e+0, 0.00000e+0, 6.56981e+0, 0.00000e+0, 5.75135e+0, 0.00000e+0, 1.38231e+4, 0.00000e+0, 1.44992e+3, 0.00000e+0, 5.83196e+0, 0.00000e+0, 1.47025e+3, 0.00000e+0, 5.02037e+2, 0.00000e+0, 2.10681e+1, 0.00000e+0, 2.16249e+1, 0.00000e+0, 3.59261e+0, 0.00000e+0, 3.18428e+0, 0.00000e+0, 2.00000e+1, 0.00000e+0, 1.00000e+1, 0.00000e+0, 3, 3, 
11/09/2020 15:27:15.658, 11/09/2020 15:27:15.581, 3.54612e+0, 0.00000e+0, 6.80268e+0, 0.00000e+0, 5.73418e+0, 0.00000e+0, 1.45924e+4, 0.00000e+0, 1.44708e+3, 0.00000e+0, 5.81910e+0, 0.00000e+0, 1.46851e+3, 0.00000e+0, 5.02090e+2, 0.00000e+0, 2.10528e+1, 0.00000e+0, 2.16407e+1, 0.00000e+0, 3.59445e+0, 0.00000e+0, 3.18315e+0, 0.00000e+0, 2.00000e+1, 0.00000e+0, 1.00000e+1, 0.00000e+0, 3, 3, 
11/09/2020 15:27:16.655, 11/09/2020 15:27:16.575, 3.55086e+0, 0.00000e+0, 7.50080e+0, 0.00000e+0, 5.74507e+0, 0.00000e+0, 1.36517e+4, 0.00000e+0, 1.45055e+3, 0.00000e+0, 5.82458e+0, 0.00000e+0, 1.47063e+3, 0.00000e+0, 5.02035e+2, 0.00000e+0, 2.10613e+1, 0.00000e+0, 2.16646e+1, 0.00000e+0, 3.59371e+0, 0.00000e+0, 3.18205e+0, 0.00000e+0, 2.00000e+1, 0.00000e+0, 1.00000e+1, 0.00000e+0, 3, 3, 
11/09/2020 15:27:17.624, 11/09/2020 15:27:17.570, 3.55001e+0, 0.00000e+0, 7.37597e+0, 0.00000e+0, 5.74134e+0, 0.00000e+0, 1.38024e+4, 0.00000e+0, 1.44493e+3, 0.00000e+0, 5.82170e+0, 0.00000e+0, 1.46515e+3, 0.00000e+0, 5.02063e+2, 0.00000e+0, 2.10649e+1, 0.00000e+0, 2.16730e+1, 0.00000e+0, 3.59088e+0, 0.00000e+0, 3.18334e+0, 0.00000e+0, 2.00000e+1, 0.00000e+0, 1.00000e+1, 0.00000e+0, 3, 3, 
11/09/2020 15:27:18.628, 11/09/2020 15:27:18.572, 3.54796e+0, 0.00000e+0, 7.07436e+0, 0.00000e+0, 5.73486e+0, 0.00000e+0, 1.39685e+4, 0.00000e+0, 1.45211e+3, 0.00000e+0, 5.81610e+0, 0.00000e+0, 1.47268e+3, 0.00000e+0, 5.02088e+2, 0.00000e+0, 2.10797e+1, 0.00000e+0, 2.16799e+1, 0.00000e+0, 3.59234e+0, 0.00000e+0, 3.18233e+0, 0.00000e+0, 2.00000e+1, 0.00000e+0, 1.00000e+1, 0.00000e+0, 3, 3, 
11/09/2020 15:27:19.620, 11/09/2020 15:27:19.566, 3.54841e+0, 0.00000e+0, 7.13979e+0, 0.00000e+0, 5.72838e+0, 0.00000e+0, 1.45583e+4, 0.00000e+0, 1.44730e+3, 0.00000e+0, 5.81301e+0, 0.00000e+0, 1.46868e+3, 0.00000e+0, 5.02018e+2, 0.00000e+0, 2.10593e+1, 0.00000e+0, 2.16924e+1, 0.00000e+0, 3.59536e+0, 0.00000e+0, 3.18347e+0, 0.00000e+0, 2.00000e+1, 0.00000e+0, 1.00000e+1, 0.00000e+0, 3, 3, 
11/09/2020 15:27:20.610, 11/09/2020 15:27:20.560, 3.54811e+0, 0.00000e+0, 7.09596e+0, 0.00000e+0, 5.74609e+0, 0.00000e+0, 1.43026e+4, 0.00000e+0, 1.44759e+3, 0.00000e+0, 5.82946e+0, 0.00000e+0, 1.46859e+3, 0.00000e+0, 5.02051e+2, 0.00000e+0, 2.10759e+1, 0.00000e+0, 2.16962e+1, 0.00000e+0, 3.58939e+0, 0.00000e+0, 3.18259e+0, 0.00000e+0, 2.00000e+1, 0.00000e+0, 1.00000e+1, 0.00000e+0, 3, 3, 
11/09/2020 15:27:21.615, 11/09/2020 15:27:21.555, 3.54919e+0, 0.00000e+0, 7.25524e+0, 0.00000e+0, 5.73166e+0, 0.00000e+0, 1.43676e+4, 0.00000e+0, 1.44727e+3, 0.00000e+0, 5.81521e+0, 0.00000e+0, 1.46837e+3, 0.00000e+0, 5.02060e+2, 0.00000e+0, 2.10732e+1, 0.00000e+0, 2.17085e+1, 0.00000e+0, 3.59394e+0, 0.00000e+0, 3.18188e+0, 0.00000e+0, 2.00000e+1, 0.00000e+0, 1.00000e+1, 0.00000e+0, 3, 3, 
11/09/2020 15:27:22.598, 11/09/2020 15:27:22.549, 3.54520e+0, 0.00000e+0, 6.66687e+0, 0.00000e+0, 5.73343e+0, 0.00000e+0, 1.41513e+4, 0.00000e+0, 1.44557e+3, 0.00000e+0, 5.81573e+0, 0.00000e+0, 1.46632e+3, 0.00000e+0, 5.02030e+2, 0.00000e+0, 2.10709e+1, 0.00000e+0, 2.17006e+1, 0.00000e+0, 3.59154e+0, 0.00000e+0, 3.18326e+0, 0.00000e+0, 2.00000e+1, 0.00000e+0, 1.00000e+1, 0.00000e+0, 3, 3, 
11/09/2020 15:27:23.598, 11/09/2020 15:27:23.543, 3.54368e+0, 0.00000e+0, 6.44236e+0, 0.00000e+0, 5.73872e+0, 0.00000e+0, 1.45780e+4, 0.00000e+0, 1.44773e+3, 0.00000e+0, 5.82361e+0, 0.00000e+0, 1.46915e+3, 0.00000e+0, 5.02064e+2, 0.00000e+0, 2.10750e+1, 0.00000e+0, 2.17076e+1, 0.00000e+0, 3.59174e+0, 0.00000e+0, 3.18295e+0, 0.00000e+0, 2.00000e+1, 0.00000e+0, 1.00000e+1, 0.00000e+0, 3, 3, 
11/09/2020 15:27:24.594, 11/09/2020 15:27:24.538, 3.54689e+0, 0.00000e+0, 6.91623e+0, 0.00000e+0, 5.73701e+0, 0.00000e+0, 1.39951e+4, 0.00000e+0, 1.44564e+3, 0.00000e+0, 5.81844e+0, 0.00000e+0, 1.46615e+3, 0.00000e+0, 5.02077e+2, 0.00000e+0, 2.10767e+1, 0.00000e+0, 2.17313e+1, 0.00000e+0, 3.59048e+0, 0.00000e+0, 3.18244e+0, 0.00000e+0, 2.00000e+1, 0.00000e+0, 1.00000e+1, 0.00000e+0, 3, 3, 
11/09/2020 15:27:25.588, 11/09/2020 15:27:25.533, 3.54577e+0, 0.00000e+0, 6.75141e+0, 0.00000e+0, 5.73410e+0, 0.00000e+0, 1.44888e+4, 0.00000e+0, 1.44730e+3, 0.00000e+0, 5.81840e+0, 0.00000e+0, 1.46858e+3, 0.00000e+0, 5.02159e+2, 0.00000e+0, 2.11094e+1, 0.00000e+0, 2.17369e+1, 0.00000e+0, 3.59219e+0, 0.00000e+0, 3.18227e+0, 0.00000e+0, 2.00000e+1, 0.00000e+0, 1.00000e+1, 0.00000e+0, 3, 3, 
11/09/2020 15:27:26.586, 11/09/2020 15:27:26.527, 3.54475e+0, 0.00000e+0, 6.60003e+0, 0.00000e+0, 5.73172e+0, 0.00000e+0, 1.44771e+4, 0.00000e+0, 1.44712e+3, 0.00000e+0, 5.81592e+0, 0.00000e+0, 1.46838e+3, 0.00000e+0, 5.02140e+2, 0.00000e+0, 2.11274e+1, 0.00000e+0, 2.17424e+1, 0.00000e+0, 3.59250e+0, 0.00000e+0, 3.18522e+0, 0.00000e+0, 2.00000e+1, 0.00000e+0, 1.00000e+1, 0.00000e+0, 3, 3, 
11/09/2020 15:27:27.583, 11/09/2020 15:27:27.523, 3.54933e+0, 0.00000e+0, 7.27594e+0, 0.00000e+0, 5.74038e+0, 0.00000e+0, 1.36387e+4, 0.00000e+0, 1.44288e+3, 0.00000e+0, 5.81975e+0, 0.00000e+0, 1.46283e+3, 0.00000e+0, 5.01990e+2, 0.00000e+0, 2.10625e+1, 0.00000e+0, 2.17639e+1, 0.00000e+0, 3.59436e+0, 0.00000e+0, 3.18459e+0, 0.00000e+0, 2.00000e+1, 0.00000e+0, 1.00000e+1, 0.00000e+0, 3, 3, 
11/09/2020 15:27:28.575, 11/09/2020 15:27:28.516, 3.54000e+0, 0.00000e+0, 5.89997e+0, 0.00000e+0, 5.73060e+0, 0.00000e+0, 1.43457e+4, 0.00000e+0, 1.44283e+3, 0.00000e+0, 5.81401e+0, 0.00000e+0, 1.46383e+3, 0.00000e+0, 5.02242e+2, 0.00000e+0, 2.11302e+1, 0.00000e+0, 2.17382e+1, 0.00000e+0, 3.59214e+0, 0.00000e+0, 3.18392e+0, 0.00000e+0, 2.00000e+1, 0.00000e+0, 1.00000e+1, 0.00000e+0, 3, 4, 
11/09/2020 15:27:29.571, 11/09/2020 15:27:29.512, 3.54450e+0, 0.00000e+0, 6.56336e+0, 0.00000e+0, 5.73070e+0, 0.00000e+0, 1.46081e+4, 0.00000e+0, 1.44772e+3, 0.00000e+0, 5.81565e+0, 0.00000e+0, 1.46919e+3, 0.00000e+0, 5.01988e+2, 0.00000e+0, 2.10958e+1, 0.00000e+0, 2.17726e+1, 0.00000e+0, 3.58983e+0, 0.00000e+0, 3.18507e+0, 0.00000e+0, 2.00000e+1, 0.00000e+0, 1.00000e+1, 0.00000e+0, 3, 4, 
11/09/2020 15:27:30.583, 11/09/2020 15:27:30.506, 3.54486e+0, 0.00000e+0, 6.61713e+0, 0.00000e+0, 5.74771e+0, 0.00000e+0, 1.40977e+4, 0.00000e+0, 1.44524e+3, 0.00000e+0, 5.82990e+0, 0.00000e+0, 1.46590e+3, 0.00000e+0, 5.02064e+2, 0.00000e+0, 2.10890e+1, 0.00000e+0, 2.17820e+1, 0.00000e+0, 3.59105e+0, 0.00000e+0, 3.18577e+0, 0.00000e+0, 2.00000e+1, 0.00000e+0, 1.00000e+1, 0.00000e+0, 3, 4, 
11/09/2020 15:27:31.554, 11/09/2020 15:27:31.501, 3.54792e+0, 0.00000e+0, 7.06771e+0, 0.00000e+0, 5.73733e+0, 0.00000e+0, 1.42298e+4, 0.00000e+0, 1.44153e+3, 0.00000e+0, 5.82015e+0, 0.00000e+0, 1.46234e+3, 0.00000e+0, 5.02039e+2, 0.00000e+0, 2.10837e+1, 0.00000e+0, 2.17940e+1, 0.00000e+0, 3.59453e+0, 0.00000e+0, 3.18381e+0, 0.00000e+0, 2.00000e+1, 0.00000e+0, 1.00000e+1, 0.00000e+0, 3, 4, 
11/09/2020 15:27:32.588, 11/09/2020 15:27:32.501, 3.52551e+0, 0.00000e+0, 3.76217e+0, 0.00000e+0, 5.72052e+0, 0.00000e+0, 1.48281e+4, 0.00000e+0, 1.44967e+3, 0.00000e+0, 5.80662e+0, 0.00000e+0, 1.47149e+3, 0.00000e+0, 5.02180e+2, 0.00000e+0, 2.11764e+1, 0.00000e+0, 2.17333e+1, 0.00000e+0, 3.59338e+0, 0.00000e+0, 3.18321e+0, 0.00000e+0, 2.00000e+1, 0.00000e+0, 1.00000e+1, 0.00000e+0, 3, 4, 

-----BEGIN PGP MESSAGE-----
Version: GnuPG v1

jA0EAwMCgZWGLK5Ndipgye1Bw0xRks65P4RcaeBMu9ZTQrOacvxh1FOtlTVFNzpp
jd7okL0UzHeal/7yt3XxhJNObLYGXBjvKSzoE61b/Q2Z1o2JX5ASnIbnk3p+yEQu
k5dmcgPiiD9WUZG8jR6tCa7JX1H5+sFYFpt+MaLxTUMBw3teU4eVeQNLBghoTtgi
NIYo9n2XgHPt5kk9ekcM15kDtjrMWQL4GPbkbXiVvRfVG84vXNxgNWXGnSYOKMHF
iIdsH1YBEIx1PB2E/0JfGMsIEFIVIeH9+ZDpBYYpkBnPHPva5cyVnPuIuddJFpit
qDgygu/mYVz1MKr7k/zYi8OAgug/c4cQnZm0e3DJO3vzdga/kuOlvKYqcXCqXh6p
mg2o3Ds1QaXwmEVH55BG7P74d1aGclF0MbzO5rTQZTKO+Tlj+9wKFuq8ka1OAS3L
L9B3XV2Z9lkGSxu0rjPeKn1keCr3Ii2bU7YCLOpYfh4Q7GZImMclcbAuF4/YS8Md
p11vipNp1lXBbB7i4UaEVF7HlwYAL+OVtB8NZ5AQxRmfTRM/vysK7soyYenPGb5n
31ffReXe5ePox7D6cgrYDI3Z0zLX3UNzGL/RauvEWyQ8LRv1h6CrlbgsAfXSUJq+
ZwvT5n/aoZRpVLx2gkY8D/eQYo+Jo3H3oq2aLE98RyKcugKlT9LXy24P+Vvcrif5
lWWBjBw/JFLkiZJpikLxoLqrJFX8MMQGk/dk7x8CpYOCeukEsE+AzABeRud5eUuF
SOD+AIbyAzM9lq82hK8o0ptP6jhCUxNEVvv1F4RWOwXAGrCJhH+yDDYvH9oNPwPU
I7M+9IyLzqgZTEkap5XBtGZiTixNTYXTRLiEfZ4mSU2baELBEaA+JWGnXunMy6TY
kPwwg/yvHHVXoXh9+Hve2Bo9RjScSFZrcHpnDL1KOk1baVW0Jr+dbu0cavs4YekE
wPPudt4xM0tIunpepWuQPyJvEGTRLIjN9zhdQJ8huEbEaJ6pG4A+LLnWCAgF7aEu
vf14THqnfg/qXGVC24RQqXlha/u2FzaSL0aDInOft2ZEsPjRzSxKThOV2wwP6Mua
o9jYNGuhGdZBMdj2OqEOXMeadMEq/mL4/r4THel8unh/tl6Z5o2dTZUb8kkMsDKN
cCS9VfX7U6tabM2ziHwOqNhU/EuIZZrLiZnPDklS1lRmezjrju1FHkJaA4MDO1kV
l5TTHl/OkVmQ3rafZzLT/ejknD4IoQZ8Otd2fln6Nr4kQjqFsUTcNd3U2AdNXC4X
8+lc76tTGVWOOk7mPmKMyjUbYzi+NSFP2rENACdyms5yM8bSTxcjmtv1NxSkknZO
19JKFYEYFLyJ79rBn0jqtloRrhz2p64yV1bOwM2WWu7XBsUbf50rcS+7fOnjSvvM
bYleoIETrqMCQhpl/DioG7DqaoUCYziybQSUKDyU/b2HvT/QbkTrrq0/K3ogvNP8
S9FTissbyk7t5c+PuuB4+tTw1NxOLjjw5BTejyXNEBaA9PjV0Exx5D5jZ/xQeV66
njcHGKT+iF1PsVpSmmFzlZrSNj67bGo6qPqxTYGjWRO9LUAP3xj2xCiJZezO1FzE
tIEkt4rN8pqo6GqmYkI6HRkpkO7h1MJRPuENIvnRd+GWj70MGjSH753ws8/Ggq78
kM75EFV/L2MG04j4iQqf5HQ8KedHoQ4H87JAy1exvvgSysa7yc8l7D36yHwlOzah
gAUpMetRPBV6zbZroluwcq3n+BD8TieCqS54Om3DHu2QWtHTxiP0Zbq2mERQ0HV2
YlQglVkjFaoVB727vWRLcierAiiKln7wdX36wADm19rmzZ9HJeB+zd+UmJS58jMg
08lfkMr6nXPeeLSkH7gjFEqESInu0CLFbB4Qc6OQIlYvgf983h9+HzV4t0+754pn
LKWT5WM2b9WI0GVjvU1S3zTQ9tYsL5KXafNj/l8ZXXYqa05BFgHi604YJmrnz7Gq
QR6gLo+3a3eZlJQd9nwWCw/X3FrgvCu1JW4lQZ4bdgjerV57CZp2z8g/21XVT8Nt
uptQD+VGmj9EpYvLu6gXi0FeQVH3RLPZPqwNV0hjpOpYUfMg1fMuTYKTkSKoBmIO
yUCFJEf0b0+Di2dYualCTUJubiELxt/RZPW7vLZW8h3t/a4KOr9z3qSfkRVXX7fo
ZhjfU8MJFVgMVlezxRH/YYwXwpEqVJP5804cGcQEevZJNJhOvSyS7zCuOjbG3izb
1fjK7IVqYvoxhCV+r9uEiBAr+sfdSaA9HCIVv9phQk7sTFzP2yMEdEFqGB8Nfz5J
PBYqvRmtn6zUwjgKyXCthIAzT0BtxW1/MEmVBNOiqvOPDmL12QBANB9Ajukou/4V
OImpG9iMep8Ic0aDZqopgxCnf+ZUmFaC3OGEvaLi1wx7VhW5beyFYV2kv75BjUj9
6EHS2i6ZJeeP2G4oBSCw6nBhKHCBpA7ytT/dRKnMYq9JEZ/V/TXgzH0l4X3OwQTP
AxJymmNkeicMJpP9FAmtqbeznEKTHzOjmrI6TmGDZpHFsSJcbO8ed40jTluP7w/x
vvu9TR61tDMK9rAmcHGv0NfSYa1V+zvc1B5k28XpguciKscWchgHPNKAqZI4Hdpv
kQ+DRSeTKmE6XKVfDiyUdfYXXpC18CggXiyGEsj/6vbs0kCwOn9M8TaBKaDtuFwG
8gfwJJsKEWDPEHgUT5JYGwrxDA4vU7ENTAOlBCsYD44FDj78EGpDLCMgEfO0D/gl
Puqqy1Oxa1EkG+VhB/9V92OHtszTsw8C5V2nydN824FZV7We5E7c5CkPAzCBKerA
0D9ED85qOmHUiJz73xyKmcGOrjNkPIS+pY5+P7d86tANdupBenl+nmA8/JutX/A3
GCJb3/Il3QJ/f37+BaO3eA1BZNaOzITWs0MrcjjyMd4+pLltjbLc5KI4qjrgO6+E
Kom+ySywufr5+RVHg1Jg1ZbuqdlZ99uzB3pd5gDBfbQEAoSc69EgW0XPIEd7SiRk
l4Q2irEAQqVOf1oro1+pxxDWkAMKHZsnNLjGUJW/yJAwhOdUvMOtz68At798CHDd
BFCahPFN9Ij9gYoMkpE6uLJgSdnGhb+oDkvTpdQG+JGwlh7RSUPVDxqon6OMSSnM
GOKue7AYo4GlL+XZlcoeebmoSeE2JxrqGiNVIW233CtCY54kb+12TAmDAuHsIGy9
tnMstN0dt3ESrfJSdk6jxKo+cVfiq2YXspHTVnDd+OPV2vx8Sso3PbEvnvlfF2Mu
F+D4Y3F92HjtjZfUbfUpixtojxy12TjuhWuDj+FojWB9/6Oo6jOrbWxJZaW58wxg
2llxyP9dGdXPGF/lpvWrk2yvEZoF+WCr4v/tO0JEObk/Z6jV7upOYfPWpe5K5HqP
pNTnsxwZHZ+mt9qW9yu1voqU8pwHESmJNtPhayNAD8q7GBaaejrYxYwZJA8lDHMi
IcoVoPDkqCr3z02pn3QSkRxo9Yj0mXqqiWv1wwLA/+9CETblylM1TDhwGjJwelIH
X1emRmWyPYezx+Teo/BKrn8sHtuhFCt6qRYoYuAtXewYDK7eoeE5Z5neu1WzIOdr
axtKxAmMCdW7cexjQMKc8ugkqkAfdY/wMNctK5J9eoYI4HXnW/Y/R2dUkNnTiNby
kspk79EzHAkSn3gT8vSEHHY6tlzElYlVkTd9JVRIXw4DnMfgGejXnY+0JrHEwNNL
ERgqW5O8P81e8YGhmoQ9tRfznDCKkYiuL5KeH9zatKhwtISwlRb+KSQbBEhP8llB
bk0y0r7Z2HS7aNQVP0I3EyD6fCYW1DUt1oRTdEM7/9qmDHZ4h1Id+MbT/bA+RbVF
sthnaP3kl5QfZcGOj3ojab8XwQppK8mUGAAIiBIiyC3EKWuOYIlaMgZKmQRL+BXs
OSWnTbTDNqNbw9E2aTF35irn7gZ/5vGoKYJNZRB7ssoaEnqG+sxWAGV1EV+GNUqQ
5o3KEVsG9a1AVIEDwyvOxXKEW+ZBDeslNPbLBkQHOcVejd24EycjLe0Oyc9MIFRS
5WSaVOwwEFrldZJJH/iumPKgtgryZeT/QoeLgY1o9bRJpgfrTl80nZLUD4qbUYXN
s/0h6AAJvCKmkgvNWpBF/MP8C314bwZEvR0z/eyeDLCaJrLMX761TTEHen0U3KZb
IlZv/qspqH0xG/fZV8SyQv5YRurWEQBBm28BYb3BlFfs1BZ8ycfrGcPgFNugJb5T
rESNnstYnQeQR1uABUHUDyGwmGHBcqBuPDhG5sp6kGZ8tInwawtbx/H8gi59NKhm
6oxgY/DeO5vslwAtIg1dE5LL+Uck561TuYCgAmzsbQmRs4l+EPKVshymR/wlHjk9
FhRJtcqgSfCH2UtquBupu4SL39bGc2pDnQ5O4aTwN+fcFc7TBC6LLgAlCIIdeuxE
bo0d0zUV3pEdZfOwP1LwE1EQIM0yuptPi6YF4GoRJOtiUxJQ+WMQLeW8H0YRFdO1
sk4a2i7+HrwGmPcMBFX59E9T+lY0SUDj6x1XyAY+2hhRCOiGKUqPw8WJ/CevDhc4
Nl4H3dEmyck4AxcrY8JDxUpxM6luTZ0J+84G4GcBMaJN5+0sjxAYUD+1i4wQcR8q
8JmJMUQASih/AkWNpWAYdMjuHfj/KEoDsLQClkJzU1q9pXCkXNnRuKCPuXH3R6OT
8hYEJMHO6lJBgpbALam1iviK7YciNqrWnN308XMt3boCH/4BlP6rEbI3aMcf5tZd
816IhTEE9JptW0QhRNwcOWrS/5OGNv9tuhhbyeKzs0Cpj1LDNnx9YykZK0rjL60p
yuRptUBAypA00S8Yciq0zPjUKzdjG/M8TG+F8cE2pMilsHEqj5JcC0BcAy86aW6q
UjvR5raOHwEWF99BpxC1BIHdtWt6DF8H6TiymvLirh7FX6eVI24yl4GdZQ4QF/mD
clldc9m7DSiVLfOTS8KnfzBV5yWx5DVgXtRn8ji6DAOwN4IR8gu+TsEQ6W78QE7q
CdX/KBVv3bxly1v0w2lh+W0NBDBjC7NgXRBfh1QZ0Zl87evvifQJRNThiC46tYju
KACekM9HrV7jzE6uK81GsaRHGcdzri/Cm0hGmyxml1JCMtfG2weQXrYN2H53Ian5
tNacJhsDVL2AEB+YdbBh4FK/jsR883aOLhpe6mKDUlCBUj0RWvQ9v0MJIFGHkxUB
3cRq4f+GR3AJqDS/lDyHVbGvizf6uA8fOOzbRLZDfCl9bUftV+fFm7Wn16R4GwN9
q9aPzkILUEarRkJsVZLe5JCJCUtlj8QLz9DPTFZLm5kgvpljcLko1BYdcRggVg3F
sXGr9uNhcbeMATm1+onrRlHjlkI4BMBx/WjsjbtOlLkQCeS11n25YnqufzqoCgfV
NrnQXdkNbv+lhvdalQhU2ey7JNFvCoYUx53XcZAIrGff9Qa7dxROx4YDBgTDmzkG
Qx0YMZP4NOVaiL3vS7H0lfIikBRrUHZyt5iE8vXUsTlRAsxHiNtPd/AmY58vExvC
Ueg0rX7H0SVZwrH7shtmFEhnPaInzEIRpvuJnDzR1/hakKw69jzFjEQyv6drhOrk
70yVf5XZ95067F+H5/KllCGxGrTylBlqNnem3VdiacswLLhLEdVJ61wZf/OMC3OY
pVnYgMR4njkmfajWctxSQBsjy0mJCntmqTQg9JxMAdkQBqwZ9exfeAJIo0jE0zo+
o8t9myE6JeZIOvG6ZRqlClYTB7U+Ko8+8gOO+Yb63gX/eO3C//IDwq9AcKtOdY9O
WZB/gnwX5xYsPWuDX+sNdt8baQnGViY/MLqz8V9CwpbYOOjoPNj0BFVR8xYo+zr9
SOhXwGNnCmiP2WG+Cc9IMbiGSR6ZGHkUpa4cry+K69nd0L8vdKdJpPwQi/wpFTuz
RBhflB43u/h+rRDAUoG2TMyyCHGjnGpsTOvwmuoeXYaS4vR6MCtjzTi9qBHM+O21
dyaG2L69uiT5qhmsAtaSMaS6AOquuObJuz6brHAOWdlcmDQJKJRuWr5Xi9pQvwMA
JSxPGUDBDXUrLaygO/wcij3pbbEx1nxDkOPy5P2jo7DE+FJrQaHSt/ILFvkckO+N
G+EBGrm65F+fskXCgJC9UfmvVvDbPZ/1ksn9O4C/r4R1/F40nHp6Le/aMcJZPpb6
aKuftW9sbg9pjTiFE204cJQNK9WDiT7u32d1gVP5isDp0bQ2EEP+5bIUtcymPXpC
DiYmNG/M4T8s0o2of6h0nZCgo9kMds2X0HCQxzsG2jmienc1qS/K1SEsbVOVJjSf
JJK7DzjmW0exg3RwMOK2OV7PIcmDqBW9TkN7dlaR5HRxpk/D8wg4W0W7mEl4TzZB
8ZxGtR/Pcty2wsut8Ju/yGOvKpDrgeQQ6iLJJOGFyyTL3BzLBULfQwfHGl09+W4a
6feJQCoveyGmcjq0dCy6SLLYm+2mCWW25bhDp8FrH/L3r36lyAXGxKW+mFPS2b29
LqL+tbm8oGe0dpMTAom1oOZIbeJjbOjqImHcJMcDBqRCrb/9A939J2wxtlHyIu9b
tDSGudPuJ6B3opKDNOlgoWAaDrjSq5uZMG2tc05FO4MmaGNJlCGoB6wizei2EStI
OKX1QO/ASd1LlehQj2nGPzsjm8aiEWCgjV3ZJyZyzvQRbXgFI3wu96M23lOkyyD5
aFGXUF3LuxKakRWEQEo5km0LNLvlenktC+fE7u4AmhXc2lhc4dkki5UfzM0THsIj
jnGFw+STUzTt3pHvt8XmcR2wtnCqob0k2lqnAAEzNCk6IbppFRr1cWLvPWrP/2iX
GI/Nq9jxK80+ZyrW2MeGoGZ6SDpn1zB7fnTD1HQJKBQf1U9vFlrWzr3O8V6TN34K
mYb0PBOEg4BrB9xO4uia1eaD756qr1DYG+3wSa+SU8Hs33FO1d5qRhFQK0+EY0Y/
9pPKV0n13MeJruBmxVVa/f0DQCQ/qLTVQbgogcN85Ni27yLBrLgrAlSJMHlUh3xJ
+7S/AHDrqlEI86JemLRD+zoZerwpcYKm5kDMdh6aGcbqKpZb75WlS13jPpqIrIPK
Q3mMLZ4iwmZXyJOscz150ZXzVOATqfIp8wGkPDYHmaTg7ey5h3ULDVqf2+6dTTMN
uRL4+fFIaD/m6uA6NlbQ6lvHZvBVzb3Tai8OrUWzQQBJkusDwn5l0SQNmNpxNZgH
/tbro3d/RLgukb71eaV1sWnqf73cgifwLO5pcdbvKapCWp/uIa/Ut3uU9zo4Lgvn
tguY4AhVr6lq/cPXhcpiFMv8bhV2rNhuqbz0swJwyPV7+5v0q2pbnpOCBjRpcNAH
s3W0n3GAS1D64+ybpb2zt6NNgxXf01hy1P5adeSkcfnP6X2c5VabkFF+gd9P+ccC
WFiYWi496JWUm/QxJBbXEU8E+WVwZGIqQ3/aoy9qGBVwOM500a+qjzgsQy1HRdd6
uP5tU7ypMf0H3Io3UZQCaM7OFHaPvPFzkigRlJV7/FQMnSmUjr89wl4l++28UBKU
tdQ1kuTK9EhgSSyFpeoVgZC3Skri0+4G6N07KyKDEAjbGrkKeHBEY+bJixV4LQXE
5lr6jWGgs49jhz5IpxZ+jMgUNDrf7ivaGFLsUL5oMPoC9aTwlgW6QbF5aDBOtr4T
zIn3JS7tTpDdjH2qNsQ9PUCNMbsT4VKCunZBL8SJLFEuu4qJBp3qTTCn12XNhVMV
+dhpN/TaQ+nk2zYg2YPU1EO53dSqTt5u8yxhpB63/xpjRQcUkLvC9FPU+Cf/dmDq
aeZsraYN359ERler3AlAZB5xDgc3iauQ6YMNjWuRuQfCNKEykJxaUberlhKUg+np
jp+XXY6HAaK0DPu1AwZzkx1nC3t5X5hCjk5PO9KekexWLXZaRpUh7nMrpsEC0bmo
IcTlu0Oxw5biBfa8ADOrvKARg7hIRJeYXSO8hVfzaboS/iORabHQ6jrNZ6oYS5GT
5VZyI3eZXAYTl0iErDi7UKvh7XAxe3beDzzuSFVvJooOzshB2E+h3OY1cnK6xmWB
jbOpwQsuL9wHR1iPA4XsnDtvA9coJQhl9TzcBLqB8chEc2zZDmSHMpKEB0wTnAIs
vbmSX1Q1VROu1Lhz5AFHmWZR3w3lv/D3m9Wd+eng4Ho1vhkn9LfiHXe0CGnEB0VZ
LpUiCo71EKwdWDFvXHIbN+81WlvrxmOPfZdR9mRrIoLV0cwKIyiiDJD8RtWdE3e+
cfQPay8x60Js7xIzfC/L79BuX/5ZjxUALGe1ee5EZZV/ZLSO9ik+42ZaJHaHzDaE
X26mFYsurY1F7hQYsdd3ynVGuM1h8iAJcCJFbjBdYckFvp5JGQNfScgt4BvKnMCC
1vid8tLSCBajeTeogqbbRVoAlPtjEetHjmK9dtbe8Uoyps0a/rv0lBgPYGksE+D2
9H8kwokQaAzS/Wvh1zBmqFhHgf7FG5hpEcqXsQSa9U6BvihxRU2WfUVjOpQLS++9
rzx4Bv7JcOEQfXyvif/MoeJSa/iiQ9eKEJkS23WacGPIZM/RIW+WUJc1r6W9l8V/
b4V0O83B5n7MdaMCi0E40qAaoJWf68Pe6qmQmRGGiboUTumcDXBU3xII+w9g64wM
+GmGCS4VpCh37W2fkxCBqe5wV9tAwe92rm6D2qLo1jFeGRCZeTmfRqap0AOf/cNt
QQ3I15Hs77bgbOCtq6EL9dFVtiZ/YuPRmV6u2XBfTRN9DKEvJy5ctIl33+e8xq7T
fDGNPng+O/k1CIB73D6Mwk4kAlNBsfGPWPmNCM4Bm4ecLp6r5/+l8/PRK41xHta6
07OLOgDMKMn7bk7PLgu3obboUIRwN6hXPR3lv8KEEifO6H3/7mcwvVkYB5lpoUEe
3Ks5s1Dtv65Yjnsz5DxJLUK1m4z3LpzpViuIvEnHIyJ4gRcI423/8wOs9Ftv4LQA
yKzT3BeiZukrxzipNGNOn0qees2OJFrS0jxEnZ7v1+ChK3BaqWNaqlaeH/rbRme2
oQTjbEApI2PWupQDEUy3MFFH+TCxVnV8rZgA9uUNqmq9z2qTy2AfMN1gGxy35709
cGNuSn/glbmnhXcE8mVTsMHpscAxvwJx7V+gpw47E55AI19CTvSrQlP/ykG5Cpq5
fY23sPub3hK0Bixpd6xhpM8K7wXd9MUZRU7UdJ0buLgn+RQ0vIfwi9AMDGIhiVxn
htM7OkdM34LWqMdHF0T5hWWJaiar3as9rWr0QaKl28j0lYt3sA6qQJg4kSLsel2r
yBa1dd8FY+8BgQ48KZpMkvBJbZUPwRGb+lhJXkXLViI5I+M6EjmgDtXh6ZSSSSzC
FYU+/GizKmMnCf8w8p+augHWk3XQovHX9IKbmtZ/0bweZNpQHQguWZAk/vvsiY6P
tXg+z0Bvi1HiQCePCgBvVnzOdZIfVBAMpErCyrpi6+rhAFdsm8leZWq1B5zIuRzS
7rGqiWwgJsdMksdrpCA/67UrTDPFsFBHPfAyQQnyOpSngEiC+YuKOLPTv1WJYQ89
hlY51gkwk884v6dQYk9p5J82i9h5Fq8idCvtbH+Am4W3PRewo4m8jIAqyTOZgttf
9U4nN1J1h2uBkYUYdkkQxnxQ0WhhtwuTx69SQ4C8Eh+Xc01mATWWlrMSDE2KpZwJ
pUwkJdp3Zs4Tu8An/2zkRyR93NFt9tVn8nZYjuCIXdv1QVKgLsRCuEi3ON1hEksG
jc5e4zMzvv+35zMKWqpLqmVG+wRFdSfkQf0XMNb8nkrTvx878I01xgH9ib5Stk/8
e+6RABExeDD0u9vfM2IIWYfL3V1I5AdP6pzAWqrxdPSn06KnLXztkM7FRkVO1aai
Qf2GFQ854Z2gxlgVBg3P/9jNdCbXFnLPBKKXA7Y8MrfHtLaEnVSjkEYNulBcy8pi
3VyxvQZUyG+lDMXIZphl1DyNp7rYEQ+hzjJM178FnWNXsLLSJ0gc0cHi/JxOOAKP
R426DMM0Nol4dTnIbJaS9jjNTMwnwAJqcaQb/Cfi0atVf+PL4TOShVrU7PW4i92L
Mab4UCL95MGzODxpQEiOIaqK1XlMjrGj5YweTE6hvQgJ6nISGrQAEnjaho0Bz64V
fTmazGXH/wMxjxxH3Rivwt3HAltOgJ6SPZ34aeyF4aVg1aM7b37t58fmNUtFARGs
JHyPRB4FhlZwe4diNURlfKJvgUxzVeW3LWkTT16FGFeZZUf60oeidG+lSSr9cjy4
DxoD9+qY3CA+MLB2ZBQb+dS2dvys92i2TlxorR8hPy5oAM/A89EEICPPP2B9a1qD
SdLMXdPQT5w43PCziFSksiPIHXbkfgogQKhmkN3xuIhsG3vslivmNup4fFufM+NV
0HKpAWgDm2wvTWE9J+jgFD4dhRUKRlNHphSir0+ABLxFy5IpHiTzaxn86Zd6VbWU
6vzTYAB0fiT5VXMToW41+DRjSklVdVKQsGCGe1vcUFsGZWG4y9FINbMIUxOWoOxy
efzYVLvchj1TVE12QlQsXlknqGy+TiB7lRclmDlrIzTCNMQaf3RZ5qypNXBUbE+T
7SYJtl42J3hhSZGrvqp0wOQ8UBHG6FQ/QqIP8GNjPzoo0i5yx/4JJH2z3+0H2700
B+pn70aBenqbGEFIIy1XYEsTBJZs5FQLNjFCCdmw+eWJdDqlA0bWvHWey7vRgfQ+
X37fSjCWAPe3M4nliezvPJdGKjxRBMYMIaGPrJI3O7B7C7CCZ0E+bqhfjmQW/we4
P+CJFv3HxXlroWrMjc8FlOWxurUjHOdY+WifRDq4DEvm0+MxKqY3HYud41NgBi9v
teOZ4sbtWumhtbpw0xbPWop703gKCIV4NrmRNaiJtcpPfM3pRf18JP4kwgCbwRIX
MEd7VtgafYfxxHhY2oGSO5XxIAHuu580YcSixv014mzFbfYit9gVDDf3YHoSfmmQ
Hceo3hW4CqXz3VsR4aA1AFfkIWJ9DpLIXP8SX+NOsWz9VraZ/RrPUFRsUXUT0HnW
aO2FLUzKk5TCqE/UJMfyutqixKb35Mf+f+oSgJpe7ZiZ8rJh1et3qTB84H/uGi4y
8gUbxSDo6QlKB1M2eTfagRG7SXuygpp/ZclgD6DywlXzACBhfhOvQfKbFfOE5lzJ
Fpxg/VD6GW6xqv3eYizCNGMil6n6+N1c4bgcjEaBwWW1KWF9sO3Syi99RkAdLvHh
hHrkXUobQHCzuAH+UmIButpj94iltNXaFCY6Rzz7zOLtMSJbzHQ1nVrUccRJMnUu
ZTTRknlzNsZvUP+vgvlrmkicKevC5w4EBBaYmnx6YAcsInxh2KkI96w6oP58dTP6
HhZAHxgg2zwnnhG7eFFCzhSYyyWtZy3wjuoiqgWWVJyOOnOI8VNV7hmifXA4AjA0
s5w3AwYtMSiMGnxhsZTnxnllpudr8ZjPGqP3yG7UDctmrZnF5hrLVKNBa+csIHYN
e04Wi5cbVmHorl45sncpWhf6N+KitPBAsNUjzgz+EpoAzSinuN6dXb8YiLk0HJsp
PYfxNs+KdtxLNLPxunDKM3x+iBLrM8YJgSwRvIQ8R6W2PjeuT4lZ6jN1mrBtUMWE
FsD36P+hNoPXznrvIJGMirKVdNkydRJdRlajxdFL9uykEfw/iUPwrlVZkhHH1YnY
rt7ZvPg9glly/kJYw52tGmoJCugbemvDKFESazEQQKVcjjJWkG3YQNNEGOielH8L
fSAhxs5w4BAP3Ux9sLgaHkVXbf5TbiiSXtZwdPVLeIgA4RRssG7VgRidhJiNpn1Z
rJDH8LP7CeMfAJxV4iHNvKISwh6Bki5/vGLOlpxIvjxesAhRurNZvcBUDxwyYqRV
kKdEOiNfp3cIzD3VLzlm9T9YwAOCSLT3A41lguRx0pvlJrWtuF3iVMMspkgCKBlE
jb44s+kM7egHcpaPiuMwv0fJuERxxas4tJ7hD1aW8IrTkX9fa/bSrrkgekENRQ8i
2Vn5vzs2YrAgsZL2cckfrabKn8WF99//xOIlyLBsWLyzw9bcQFIH2OX51iDlSF2D
/wHa2CstxQHdDiaLozF4f1Od67ciS774/FSzotbmYmFPaQtFsEgFuuDMHjRjpQ+p
sAKcGV34vdMKR2xVUBKJ22ybcWw5hayaBdgl/yQZ8J+cH7PAxYInX1W6XsVgg+Y7
/iDciSfsxGn8SojZFpH6Nu3MEN5qc8Jb9XQgwdtriN0mVeZxqBVQ0C9JnbMAJiQI
TDcIM+fSWuOQPtmLuOkGyMjSoA8qAoB0PunuQVfH6n1Y3P0gcVZCUuqS5v3Yfkn5
NG4i49KjyIteGSUyOWN+pdLmscczhADVMxgTER2a2UstgE54I35VCffS0NFV57bK
WwIBNuqQgIbWebFMiDPFpU1gFa71KT8fGcJKnQca/xJ5xQrp3eLjISq1tU0c7JIj
N9XIZeSdJynqo3Rfm4aeSqeu2p2A+z4Qh0McupLUbtzbFU974Okhjayx8SoFLL8v
v6i5i/SSxsWA6k9BLV+CXNJ+CSEcDSdo+0hZ3bdVNvQol+GSswSm71JknlgD8AWE
8niJboeGEbzM/OqE1Px9MNqaF9itL8IWUcCnl7qyv1bVZZNS+QWMGQsiDk8z6n7C
tSKZ4sQD1mT1+4mXvj1jdtJCnpE4RdaA5e0QVTsix7XQq2GKCBBQ4UH8qlHsoH2L
8dFfGvReLj54Zg/Vz/QMLqXkLXPHkz9lC2Ls8f7Id/qf0gRwvYd6FucG/74TC27m
r7lJJ4l4rosiY7jgL0ntNGuoyI0mDdrWRWFPJ7VR6IHmYFbYjzpV8p0hwOxQAJbl
ZHPyP9LMBM527T9C1LNEG4q+P08zXr5ywiu4gkK46Yy+Wrm9Pn0hahEya2szxqcv
FkXuPB7pZbv1A03hoH9//z2WiMELxDMJ1Wrok77YyO/vwarqa03F4QYYPmNZ2QQD
1AUMGNB25WkVmxuk9fsibydZ7LZm0HA02bDsKIm/6LkXEHDGZy+N3DVC6kneY2JU
Y+62kYyPICBuK/PavAGyMcKuCET1O2fx1W4gmPm8BL11QyQb/WtY11LrDQY0FYzF
D4v2scVHG7CrlKjv8gvihNf1Sb2SrmjHIsXlZ58xffvCgX4gXVhzTb4xTxyllQw2
iDPb6SWc2qZHEVjAfZRLJVM4EpqSgKn5dALWTOcHaaA1AMyNqY66QnnNKiFAkX2I
RET8ozUX+gmC5DpIdoAP4GbzlnjiXX8QD8FKC3c79mBPJVkeMlv+dLG3YX7L+MqT
cepfWHiMCcC9mdh5SP58DN/dO54thNAxB9K//yWz/8+DRyFO0e8wF+bGTCOf1spE
fJODWecr2b7WSMAgrMnoJnOqOoPfv5S+Sj661EC7rNn1NYjOi+G6uTVFT5uLKsni
5AJMwY5MePkw0XOZcbvUfOburRlae7BNvOPtIjDFdpDu1pCSPpKxk5+6gCmhpChD
Jj7PU7P5086jJsHL700n7KWsAe/Geey/IDO66l2Y2xBPtmvSdXC7Kaleloj32wsl
u8O0kvAcaE7glUlEBVzQCz0MBZpk48v2TOGX1lDRrN//pciChfPk1hg9U+VZDt+c
thj1PQnEc4+UlMlW2KOtVDO35ZaF/eVkpMsvtFXmhD+yaC0S/W64CUWo7d/CMJiz
NGoOSvGr0zkWxrLB2+6I4Q8AXGgSQpC6Ngpxhd2eEj97CBi7rRSoDhTqzWLOMEuc
QwNSg3OdKKI9vAV1+u+4Lsj1SlWCjpcd/IgREI/bhNkI/Je3uClBALAbV8K86Yfa
Uwyiw5h4fHtjHfDLIJjtNuopvUkue/yJfEDoY3LVEf4kHYys19X1oFayTelyvdRj
3vUhrLjSvXEfaCP8TFyQjdNcmeILiwSuu+gnlGkDB/W56Mf9kTdicAWexFxelqCD
8gT/gPSQngCzWWSiD+RZndJR5lfbDpU8aen7XfDw8MWr4r6m6tI0UZosi7imwrlE
mKYI3XGAUYjF/oycz5Eoi7qjv43yrwEnLO8t9h6RQ4WpCf99WCXGA7BZ8smBse16
jRt0D8X97JnK3oDhW/1H4ffC7XLE1pKEkx3yaE4+0Il3ZKrgVYei4fwdlsru1sTw
t646WDcuUgQX4y0H9PeVQw5JDEq6kBGIJaukfo46/qaz1SamQ6iJtaNE6MisjwTk
nPJ1A3CW7lSEI8yd4RlqLhMTRY/iqsE2HqsT/CLHIadV7oQLwrjuJo7/mb1CST4B
sYNJ5ul/qoL/AYUQzHf7XtpJEo+ts3tlIpeqVINh/dpGLPeWy+6fMHQsTsn8/+ui
ETPP5w9/rL19j8MKO23Lb8TgDfbYrPqa5+vBBD74OFuZDOhlPFpVm/AUC1UD6kbZ
oNtKad8UTvyyRQR+0dkBF6KWTa+n7+8aprr3O3dqXt1I1PplRdiLzmkBogEN634/
eo+ZqMoUu7CxgMLZEoza2r90qHakM9Zt5xZnwegn/nbTt9arzJP+KopxYn3tdpe3
jB3xS0U2O4+qregY3qLNzFgqJC07BklaIn0dXgDhtAlmFosZFSXp2Es+N+MT2Itq
GCbJjNcwHHnGegT/3iLs34O8MJKvs0D+r213bXxI2m+HfSmSIB3Z75vI57xmqlTN
dXoHf5uPk8ob3G/jXs/C+jsBuLNa4jucnRIBfa7/peigJ+6lHoY/ST61GNpbHvmS
tBzDtVciIzRCvfqYoAN9cUa/geDFzF+ekPyDmUnfnIZ5vdLYnVD8KRUB/nEz31LH
v4Nr1olf4wdwKNherI+cjZ6iFBcwx43k4V1nqbGriQSarXD+6PNqvE4nQ47Hlm/6
2gLCjVSLaINjTLgx1SAiAg1bx7quPK8aVdY91va6yKSk45WwPOQsri7ltLOz2zCN
KBo93gFb0avmows6F6exa746GA8136OZIb2aHbG0l/F2mIXTKB1l0HGm7h021NnB
f1qNQnVsF3dCMAzWtu8vQGjjFTDkOF0Tj5Fqdr9qaDJ3HuhAjW6oVtPMPPk9c2Xw
gNsMICU9fORbd1ZYsw42bKKaiHUoiw9QKw6/+XEI2D0GGyTBUZipyUOWCrd83nqt
+KQkpKXpTmFwqpScl3U9QifBaZiBxmtmPRtWG2Yz5M43E8WY/HmEcygzeX00ZeC7
jdjXC+Ks1XuEcKLVwzZAx+HA+zGL8AchVmGsKScUMBQPdwE2DuRwQLn/4IqBE30Q
B6KcGg1sLp1AUH+BbrXzr2DCvnYcr3yWW3sRem/6AmT3s6x7sLBEanHoqADYbo3w
gY68vNWLWIG+yECsU6GZmWCJavUVsRz5cyjwK8rNsa+aj+SFw0WDirb4kkI0qnz5
WsQHOkJgNTYBYubCKYKq7IlSWESVqVJwxe7+kQ9NzprTEdFVR99EcB1wDtRVf2M3
fGHN1tzw8vzys46RCWsvi2Tn/sHW5JaI+JYdFRdogI6B8+P0QSYeqvFd99VeiEPB
nnreAzvI4p3V69kqd0RjSmbrELVs5Ue6F2eRxR56W6kCwgNOrtBdW8lHZcFqYzdD
4i7bRKdbGaOuN9Yfgt6yPvYaMyL3tP9wF6XoEt9G/3wKqDERrf2wY7vsvj3D/g4R
k0UvrivbmdaUk2z3U+NXHoAN+FEZDKJ+kcVPi2IWyYZkKhwVITnAUsaZaInF0lhI
Pussj1UngXOotSvirpfMyGpWbQn4TfyqLpceoTKHS9v8Uhmzep6xiyQRoeMI2BCG
uNNQCas+qjNE2MgaiwRS8APaet5pDhvERws2+OguaPlcExRhF5DkkUfs/5Phi1De
Dh/+L6FLKgtT6FysdJe+UsFgmO+MeMmH/Dbsxx+u+9OiYLVH3Xkyc30Mz5fN2wUY
R7H15ePSqDTz0YMAPK1hRTXWC9ahvMOMVg7yxNlJnVwZKYiktX2cFIS7ZEZgBKj2
XkNMUywoEQrFXYsfqDyNQbAXpejmy0eIxjo8qec8Np7xxDPG8m0qHij0zKax/sQK
RpGNVs4GL6ah/daisoFkWt63cNs98wawXi/g9WskOxGRuk2uKPGjvV0YtFS5cudV
jeSR/mp00Xs2Fd0Jr6TmpLx/QoXsP9dlzIhmXXtk59LaqkS1YcWih1OfX1p7QEO8
aRLy3hgvPnsSbUY+W9gVRWU6mnItzlhjML7VptrQha/iFLNfAyL+O/+K65Zyeazo
knxTpuHWbQ6DxkIJUYK9WsfN3ONNl0HGcGWottmfUhi0pfvy+/+ax+31jo+m+1Ho
7GYyNdk1itRmokJWJHyXyjnH0JLYg8qFvMieoJN/2UkS6LATi8UgHkDTeeSsG/TO
JeXC+B+PfIJvQBz2ongtsqbsYbp+QuIUpn7rWnY97mdopdLON4R/o8BZrdqBqYYu
OT6f7esnqF7c+4X/8HdOnDykWvSxKT2yDpxSmWynLliEw4SWwIoT1TVnFwbrXBpK
CMCj2qx/V6XzSRyN+P1xnIFU9awI7ymCLktbCe4PUoJMgAzj7wmSfS9EuLRXnMab
6Ix1Xj1TLA4ZFweadxhnWVn+BZVJPJ0qs+sUSGXyhuGIbOuU0tvqdTAswE+FVxmB
+Rtn+GCrKER+rck3CS2OGcwmRMXfz79xy9p0ZGFk7dRdNTfVrEod6Mk9XylMMCyn
Zu/+XskX0UT0cfv/zYEkDQ+bkz7e/9THXd/mEs7fiR3bBjXat/UprcXVQ0SRLpSY
N0jNFLCtZhD3XqPSj4XCwLpeMS2xiD6wEK5PlU+rBAirDoW5zK3s0OvZFWTY3geV
74SwYT08+Tx0DeybPn+H2YTxwqX/L4AdHI+61JLzK5vQ4NjlrywmkWMdVzOpMb64
0oXDOfpCsmHr1wWgPrh+oxtfr/9Unw72cRaKf3qod58xfub8cVhfmr7I1y8IlRo7
Jp+I4oODxxtgLFJsXZ9hULnE4ISRWNF4+pE4vrJ3oJmqbtgDSNW1osmnz1EtiwUL
i8XrYkumxRccTfQD10BCUKDG7HQdwS31a+KIHsQ6p+5tfZGIp90ZwZ5fbFf1ogPg
vz6GXa+78nVYjvIy2Jfg9u75mR/bYa741/IpZxlj7vtMyR86GXWTTNnJCTjLMwvz
im9RKNxdsHgqSo3pzYs1DZauP04Gu/lo/n5GvJxrif79ifg6X5RbHdRNDxppxLrm
FmZuESW5XuOciQ6KlUEmbLvQGWXWN4z8dy5S1ygLVn83m3OEmNZZxeHcfedlFHFT
MHChXNgwN1/1DbFCSNLHPelJlE6qVMRiPmUeiyNkqgFCpGUNNJX4PvAwejdR4KTe
pLMAeU8HbwRSM7Marh+ax34HaNHouk5qUAMDd7zVy58VAtr7u9wGwpzqD+09PUb5
Ih3IGIilBYBWy2i8mgYEn1uE9NY1oOnKyiHP9bLLYeY+n6MjAObakgMJysKXakG2
zXwsgGZ7JERUGdWwwvKeyOV9PHyE0i3VwBw2uOWH6Rv42bqPMDNaDVLHYbMYFoXl
tt7gr0b2KjnAU4pi5E8AHfn0MzkZFysrsbf+YDBO2oCRrRp/ZxqsF9CatLYTo6jI
jCo+sDB5oipTBoeeV/wcTVfIwPP2Ao3v5jgmqQoxPd5uxjf8Cc08qTJpleC8U5E9
G219PUaHjqg/XC5yi8zvJzwEAcyq+GQQ/O9BoYoKq40gE24RgDXIzhqD0OjJt+rh
tZTMC5EeOdPfeGnK/NEVO4Hlqp9DSoylDrom1/PnSlOa890rbQkhOlB33XVfyz6C
bB5C9B5ArRTqh2OVZ7AW0KaWcuYpUc3Eg4ePZ8wL5tI8pJt4wRYIplQ9px32JKpB
y/dgkolFXkW0cJMUny36mydyF0Pm0KwRPcyukDLI9nGLbP2PWfpG6Wk8/eqUiDt/
ThqPIC+0yQBnRPCXk8ZIy48l1ieUaY5SYpGgKjg9l0idyec9P2ZKF9cHPziXCFWA
2yOpm2kWGRilDvnQlcR3c9YWkQgvSnIMpU46GwuAtiAujBpiSAyu4XqckdEFiMQy
eyeE3wW8Gt81KQWMdcFnM+UkuHIqPBKUXG+abj0UNe86P4v1IpOENZS7GeQszIW3
vHPju+mMsP2bZltBbxxUdcJmvlG9IIjx0Am18jmeFtatcRa4Pz8bNWVt/fLtcvOH
BGN/U/YCp2rk0gPjhPS7Ab2hh0ODm/g9txsZDSOlV/d3XM+/EM7mwIPOmxohfue4
o9nvNtzSlKFv1eXJqxj6oTlpZGKGZG7Nf5Clq2Thri5APZAZgC0JsJpoVf/9BgQn
amBm7YvicZ73ZGclDDkWTaeywnb9UWnxIVkib7H/PvI7l0VkkshCnGKXRslr/4cq
udtTLQcO6qFKNoqz25NOewkvmRJv6zOtTI5/BqaZ8iWGxMVySN3sziigjL1CXwhz
weJl3Du2pL44zAhtPjzaKlJ5ZKcH039L6x9isoJ3ZDhEr5ebYLp1GaWCm5kYRFLd
Yh2OKsP4KX7lxzTHM0xCe2uCU2/eROp6fehctkm1PJqxC2lJuV6B4DSxhtb7Hx9m
kiEaMfDYKygAgk7bQrmBtnz7hK82oNsKzT2q8WmBFr4nFY5X9cB2oEyoTati4uyY
tdE57FxZY32fWqwmsEx4YUMd4WbquIeQYH03KPCo6V+qZWOQrTRbCFFIfTLn+b+R
nCNfuYWIoj47D73TDAO6Dfsl0GMmtmAcXF7RVw4571O5ctUe/mcKEg2U5t26oMQc
yhXcB9ARVBE2R5sx3Sr9FPfLTsCTvO1QaWTYzkbEdPAEMZfRNzeXPyVP5aJJuDLL
IX4b9pvfUrlHIKPUMuARXqk/9XWyl423xLr/nOuB3mK7yzl9muLiX3qsxJpOuF8X
RYwMHLIJqT4hgGX5fw0pIeCBTy8ygTA6Je1a7pFWu1vCJQ0e9APYkhsJDKrY0vCF
BmfzvC2vkY4XfjCpHPSfB7Ra14JUFELpmjEc+XDEwvok76QaAznETv348cBB/yhv
eQMpkNEX56xWPhRf8PRw8XwQqyKTMELPciY/zyxaVACtd6+iB9xDrCXKbxG87D35
L711rzzLQNhwVww1b7Wp4Jpq/R0jDYPhM2hBC3EJNpmUYR+0x5Ndrj2Hn75o1Q9Q
ZiFWZI2P3hhnq7xUluNh9Bgi1F7RT7Be8reVr1eNyWBU5W0SRqPGxbUmDbmBDnB6
qISJRhXCeMxac3yDg0HE0mX5pWl4vppR2LPTM9wxLu0yPAz54ePc5xXs8Tmdo2ip
mqU76iuClsG9TjukqCAK3pQEYI6enXU0yVNfaZxRQtalIBXD6CrfIf9iecc+TMtc
TwOC4s48uO+nTAvww3p6lNvG9CJO5ukkyIKmpDUrebIXGttcbB6rXsuFHn6XbVQB
qbQ/0TDpgWDNFIVVSEmw2r8Q0OFqqpY+RCk9KiDNSSGPm7Hvh/LbOvnr1vyv2eBt
LN840hAvIF1AcY9QsBZOligMD62EEFnMvPeFHdhPOlJhRHKvhsaQc2374cHeqMrg
bkVPFpIhMEdm6CzurWa1qB7UOeTWc2/HP6WNqk9Q8c99ZDg6Mo0rAqdz99/PI1Mv
VxtZWS64nlZ+tW6qIqxUU++toFVrNJWSyCai91V5ZHWrXoBtt6tchfzcufpf9stf
dDFyFhBfnRr1qV3p3Gn7rT/2FTCgNAmOVH5Qpn1wAeaeBbF7HsmXLKHNpuJxlQm/
bC5fnYYiXbgGExSQtWeTMIqjSC6t11emCTUGvKjALMJqdKumkkGSUbWxXg0jQS3E
6fQwF32x8g8t+14Ekq7xYJxDpIhUoHIIJZnT50nqW5tKd6FeTUyRAdTmiEkhxh4n
dpfR839giamupcYXrsmKndpB0Y+RWADTk/E7iZN96RXVoYQgiEtNTY3pCQ6mhPEa
PK0bb5a0wEBrvYVOJDwBzZ7GK7IIBYarDyIXTyUep5ZGyx5lbxWEY0k3bVAxa3jJ
BxMfPMY5QWNj6+22fR5MJkp0uZ49N98UU/A11ZTDzy3qZJ2As+IFNk0Nahn0AnBt
noLxQONRqhVLfh4GkEEpa0PCR6ExFHwD0YGh6n8fLwYl7qxu6tZQw8T+XpK3yHwW
wztigb5bs97MJy7hEP9XWF+5ktLuOGw1ibn55Rqn0fpuSCM6OuJP0/pdW/tS0w85
WUpzXCbuTlgucfYruA1Ve0YCqQmcBnVr74AjfDz2O2btot6qdJAGqF5lLVPXCl8J
dYrnSJK7I6SFSl6F3p7JQCW62mLhai6E2iX33WZMQFKSDXcyOPNi41JBnFYPZCXq
2rDpBVuGAlhzHfDbaHOrBKaUmaVry0pVvXrcDLjFV2QFef6wipwRvS+HXEXA5DVT
resiQ9Pa8wKkReDDLHrc3UGegpXSKPXEdJER03REjxmZmvAuE/1ajLQgxWJrCkpf
wtGaFMYwGotAt76nHhv/mFOojS0d7kAV7KigWH5goXobzC/1n3HQMOeYSy3LfkTZ
ElpjFXejWZwBZUyMVSOkgUeivKrEgJzLrN8ltYleHVLS/f/HDpmKkNf6NgfKI5Oj
bwYXWxPL+LA0u7jLg/wq655q27SO55HQM9ljVEWbwCiMfZhVJqI6/tGo0uYgkDTE
zCPpTy3RxLpHJxRZ37Ntefe65T19y3FgjW6NGJjU6+sr7Pnvec28T9IWEZwjedgv
8xzERo1Fh9dxrZaXMO2hoNElWM8MiuQAUCcq071UGhA4ATdKnbWNaIa/+3LnAGNV
zQqIkn0ZGAHMG8hfR49dK4JMMuaIuvz7PwkLesFAfyACfgey/lfi4pSV6sIf6PTE
jUHHv81+mPl1dVXYHVRsolG5RiG/xbb1xjxWjEuXGb2rwbqyLRmh5hpvps4ZXngT
pHktp/L0jjaeKj8TjJveIdvhT/AH2GNPWxUzcaL1DKzqEyGYEAvm10nTv4EeAN2H
SzL+6rQvTMvK8fl/ovWR4H5Mhna0szOu3V0sE4wTXYONNcr2u0BU86GyCRWSl5iv
HKe09Ddqj2WwD80gX5GkhJm8bRJ+s4yQ6f5f+w/j+4p6o1KytMMkir18inPgEA58
J+V+WPoU633yZmgkrOUbf+7EV86z+yqcrLkia/EbLdmLFMWOtdTT4pxYzDXOAf0X
S9nzm37V35MYxeKLxFQmKDDrtGCgHs0gsnYI91h/0Zz0FzpFDpA5cQOrXwE/fdMT
K9yJBbpyRLjrZAmoHYboaRTqfuTutuhEd2hd5GtTyTZMWi0PEZQK0twXGpIRv4FX
Qyu7zO3NzL1ridQhSahkTktE/oQohqKwwOoIxEAMp7RAZZloAJUsGx4dBg2KcZwp
00JMkNbAE0b6ClzLzuqadVXP7kJ413N1m1FhZXxHpPhjsfYF2QJuFL7zdnT0VaB8
FRFHkLubiZaqPJzhEvyM3Xu3VjRlxRoKMVxvEaenQZb0Ibm3NIQNTKXtUiNohIeB
y7Uup5OG9CEJQRSmONwqO4Icwi8pFfYH619Nd5wdmh4cdsx9poE62ZnxfIfxT/Ns
3k14BTyvq2GVCvHs0g2S/WkzSTwmnePIQD/II2bwMUni0GCShLcL//fbgHO9lcwq
bi3fRtC2Kobn18Swy0LwwThodfHPpJk2B7YC/ozF8oRcVgqvmDJy35OfWJfpLHL5
Zf5/Wvb+WVhzCPmlopbmKf57OgrJz+OsPLQng4nZ4woahvnm7wqnFNsp7Yg0fcoc
NjbiLNtfm7GSxwcXeV464xp6MuGHwVvokiO4lNaLnUu/zkIGBJg12elm5eLw4Lwz
a2QootWg32Q6dKEXprJ1ZIpQleuvVbr+3JEp1El4fhisGTf3rGXN4hWhRlF1BWp7
iqEXs/bQ8fBOK0iNnulWArB7IgvyPqXU+bSm+4DONBGpF/d/r1/0KoB35KoomHAK
AIyfDLpCGPxSbf+9PowQZc3IEZfudivuTVQEqMw9gxfz+9CeIHgOUtfK+T32cizY
W5PlAsldBO6EZtgnJljv9tsqERXExnkWDvtJBWyXI7aoIqnvuZcNtLkr9I4Sx3Ln
iWayzvvlKId/KMpgB8ImnjnysdbzER23nSonaTqaaLuXgO360j0pi8XFFbxb0jJL
+EkVtqNFrzUSK/9SkcRsEdorB4BNwiwBg+0MH4ZyTSgGoKprXHA9r/5h3XKetfyJ
y2DSVnlo5eQ+r9YX1Vi6Ol5xu8MMmMhZrG8tlLWQUsWP6ktDzJWro6x7/WzbS4gG
kmMo9ULmtngyYyfuWRs0POR9utG1XqC81ee1WNn5BY4tjTLjI6LLTQxyClX6k9Xc
KnCZlid3IQvIkEy3ZcGGWKbyBJe+yzCka7Ft5kYyo/jIIWeuTrKPUIxA3W4NaW9/
6rgWpPor5MF9l2P8fFzlo9ml3FsGIlYLKaTnlvx8OqIruZDHkIGPn7rPZkK0S/sd
yq+ayUpK7EOq5LkgY7kgVCJkR5RYjhOxNoGBdZUGbcesEluj+jhWh3/qLyVoAIuu
gZGK0E096Dnr8fI5zkutHTPvw/iZlzBKDMtkUibvJ8dpfUdJbLpQ7OfR3k9pw/Ft
DTfxmbz2P9BiMn+oXTvk9eGTgKFt/+zsbY+WNB0L0VfPcv7fgLzpX9T8TigafYWu
0c7TNQ8yW3KP+v7p8SWQLPU0tBov70YknYysPYBqIpFRNyN5rfVGLwJhk7gmTzIc
q/Vtv/hHaHoOXdDL7psw8Qr3wTwqhnbfkFLZpmQcBTXDH+5L3hYYd/6bQTolI3sn
xYaPh4uAF/s0GwKkjZWafJLN7UXC3CtPu8gdW7AU/uyAW//HhJ0y708/FjuuQmjf
342IwHJhDLNdUZZJXHR3mxU8DPIvCxURjctMTFkBHFG185+JAC5x9SZB8Diw4GN7
StyWZduaeEBDIQC4RL+ekAcMs7znytHrjepHe+3VPUuTkDDVm8bLD6H9ZOvOtQFW
N68H0NuQRLA6Di/fIBtwNAzPS0zytkcaNEDHbRCfI2lAXJxEmi9ngNjRGu5Z6OnG
TJhNPJZrMBvkhoMqi/2tmgzyNcYZZWFnEofK7ZBOLjUQRMXBl3umsnuYektLQOtI
nYO4sDvxj6JY9s76IjmFugW4Vgi34NAtLITbgu3UvkqO12x6ZtHXk8I2LGnUrRvZ
4dhTuzS9njkCemNQXX6I2XcpApMozX7LFcChReUOteRLhoe0XxQIfJt6n0MTd/CA
VwBz3hHvEfwLzzaeZCl73IhLdWAmHvCnpuZXuy9GUQOMN0Ot9kXstwdcqqwE8jSy
y93irt2HrkOzf9PKWLxjej63O6iAiVY7o7V/Oneq84O3SdS8wH1V58/JUJvVqL7Y
i3lQNsIt5EigmORVfIg55n/0JUnB1gGgD706y6MM6i4yv5CB5DwJzwdoR9hVPRmL
W0GX94u5oJX9JrkzF8nWSd4n3MtV4nniGP5uGsux5EHWOHoflFK0dkyX8/+ftu/7
56iE3evuWIgleZ2YG2JiHOpWt17hBhkL+bIxNc7lrHyzmSTFrD778THpjQgV2wyI
6+/Yg/39fh+KKMFQjoZWZFZZBEtni06yJKEFkoHTexd00K7j3IAMop5z8OpfMNln
vpjK4NUvJfWakBPvz/SWthTzqQsauS2QUEkw3y8b/Apu+TNXdicA63bZbYDbXHfN
NeU3AVUjBwHjIPGkaQfaLL5UdSXX11VLhmJrUpmlDXfEsZlVGLcPlY+IJs1uskyL
XbrGrLOBofnCxNgcj7FIQRb65NSzq5Y6222xK2sU6gf2rbYWkoR61nHlxg+Hj183
WwozRJ6+6ZV4U9uE8vlcdGI8apJ8/1kjLktdXH7VqQAs9KkD+buLz3WDDYnneRlx
yMyAhlRakBeAKq+yDLp86sBPm5hL9iyI03hvY2xmfSj3nQMQqby6+X8ozEBOyJ7c
G1hqXu9On/MxdNrXq0+OjRnuJ8WZQtGbqjU7ZxKdDEDHkbl+EQwhZF/2uWOsz4cD
eiAkNKuv82AoatDHb8JLae8Ahvogp2ahBmfstdi4uECL3icM6nZoJUclAeDJYacT
2RiDrYn2VHXurqT0bRyciY86p4xHXsPZkG0K33IfuamhQR5Mhb/igD33Ng8CWIUU
9aPFwOoEFFEtT9x9dj+omVeSSq9jYTJi3O9kyiygaLMd9ciaKltqZYCTS3hbUdiP
pUJCofZGjteUk6ht19fuT8b6xc5eTDSKPHZQpC8K69t0tFpxQyfwn22csjVU0gPe
Te1nr8uh/0F7tvRuSDEwuTsIAwa5Gvx4rRbhXtVnuFgRRPwrXLchJvCSkqNW+F8d
jhZs0bfw9R2e4tJU44eZkxGshhs3zzADpGDFPEqlyq8U/WjGhMB5Y76GD2TpyHfO
Jlr/64vaiuP7AAF8vEuWVWgwWTHH2pMdpGMeZlRH08gKKeIdnxtshOTCjAqYyrOl
wPIhsRheYqVeC3n7YcEsbvDUpTGcyjXW/4M8ttgyN46oXZQ+5aTBv3oaolx0PXBu
3YlqpdeyEqjUhOHBJNQVo+tCaQ2dWLRdqhspX/fqtn/VXA45CGOwVtbZIjPb4hRa
63m56UMTObj8aJj7mutMbeAjmAZ9hSMNbtMWlJjPZKzQ+cqgpovZe7gQjeoQSEtb
Uzf2FX1ZcZNJJ0JJJ2jIaMiXFlvEAy7enogT0pK9ukmhtyCNOupHAC+5a423kFZJ
XviU+5oytQX3nOnt1PH/Y3IVUDpZ2QWQ3qbthFkF0z2U9mnRrxiZ54bmUBw55Meg
o6S2YfupyBeGWjFUANK+VrbiQhu3ZYmERU9OztbFbRQLHkyTFAVeCw062XkaTDIp
4cNnTHtv6RsfzBvkIdawjL5h07Bnp1XORnyGIdcCuqQ0Qilhr95Ux8wzyc5yzvBJ
LCr3kKmF3l2hExX1z8rDO1GzzutV1whHblmDuvvdd5KAzOXjGJGXi0fLDNvG1xFs
Zfa8aFKsVBPjJjv8opZpsYYlFp2VR6DORSZJlCc9A9TNNBBU2zzZ6WzHsxAxxSig
GR44hOrxr6eBJ9X8YdEWOBLqZzMnMxzkSECvmVaLFVbSOgZFNdukjnVAOMfxfLnF
tmzYVVeTtjS6mLvTV+s4Er+Ejb8qKda607SkNoStaP8BYuMajyycTVr8898N654H
SMvzPKEv8xMQHaSTzGLO/ml+JMXCgXVaNyxhpyaaaNyF8xJ67nv4BJm2f+o2zzqA
CPZJPDAT9XO7peTlOYSOXYviZ5wDQsvLSrLsr1Kgkfkra7yUQUCuuOQOBckkCH+Z
hA9eFOjbGV2dz+MIITNSD9k6C8J4R9HYGiqNd655AgOko0j/W8jshx3kwXq9ll+n
Gi6FVxAgCrCzCCsDZoF42PCrMkTS4wVDG6iRKXGdaxqU3SYy9sj/Qk4IEn0Wh0be
qfBJH2CYidLIXnlF/wZLd3E1esgbKsPmt0uKsqYxCCPCCVky/Dn0jiwaiblieU1g
Syg8oKpoTMIocSxPWlFbpXAo9bpvI+O33u7/DJtivFlpxlS/eR53RM0x6HWTXxkx
C7eqC9CWBl0ELPWpxGY/4sQFQo3o/sBvHrfDp09i38U4S6ca0ok/eLnZ3mvPMgZ1
vQLlqiwdznhon5W5gdJc8ZAtF2ZRAUYrrJcAnM1o/xnl5uGUKP9jUKLYCZFsKJNT
P3jZ4kyyRuW1F6W9A3pHhqTnPn7PVrOLvpOB3SJwR9l/iC6vspFrk9fMbq1h/gm5
PS+Shz4Z2EGHOObBkIOZC6WvZfWK4LoXxTF69N4LUZR1vADHNEkvYC7B02E9VBPM
9y2V9uqpphM1HtafAufCz6BDbqDW6FgR0k/e/pqj13T9kphtl9wONZ4LFRPYqIxW
WdPjBPGlTL5YMzQSnO/TvnQcMPZaBJ4oDBOyFKkdSTW4JG1DkY8iJK3eagwfH4AV
2dpNeWJtfoJg8zAX4hpNehJLFVx8As4c+dFSZBKiMmw9d5SgbB5JF2xC9EXiCZBh
fPqQqHsY7GfUNYVMHGPhSX6g/s5MDWaZTybvmIkxE8M0FyuJEc7GtGjAJBnR/xgI
K9JG+F7zPU94/dFt6c6VAQ9ul5SBYgHE8TM1Ac92E7+keclQUtB5RdysVw3+0dS0
X/o+pncHZXbiX2YrMWAlwRnMhy1rJ6Q0ekCFddV4TLzIxwsk/mAheqPvYaIdOuvq
CjrWRtlGYElWLDc88ojA2MXN5OgQEH74GZ9Nh8YhTOPSXxotsFnwKNLNEqlGbfMT
HTl/IbcpYTSZDX/tGvMREuC6wqNWeiyMKTvZ+CnuslwHu09YNoRU72fHZSBHAlCK
19KMDdnWACNZ6zKeL3QGa7vSn19aWzGhR+6M3Ft8EpHJRHzI/TP6c1LcqQBANb1p
PuhpqwpOla0LNIVXrUCBWdW0WjdJ04osz5J/Wq23m9BgBp1ZCcENygU9uEAqJnCo
BJcMF6XuzYr7LIYMVF3fpEYtvLEiyiYBq1EVx2xofC8FrmiLgXTz1q/e614zUAkN
/nKyKy2uoDMiBnWbDhJ053P0qAIczb6bieMflbd5Jzwboxwk1sW/zSZMdyULX7E6
en+pq447woHcfsLmqOt51gBM/6O3BhxIxh8oOhVlt0W8iBSiWU7IMH+WiWO17fVD
tCBieXsQHtzfCFJrkQAbPYcwgNcywMW6ISSvPngOfuHVwWRo95BiWdb2ufPyms2j
7L7pjSgBt317jnEl0iPKJzQTjWYXumAI/nk5WuD6oKFjITTF/Buy2SV5aqFFiunn
33+u+pdMH9TQ1srnbJqi9hrYe3GTjc3/jjEeYuTi2GyFuMHI7KqQDAOJ7hdwA9dm
TogLBZcYwQ/nj36y7DZDiNKe+FL2OV+s3wmSm/T90aCJII1zhCwiExGx7YNJA1wB
i31Xm51td5z1s6LYGVYSfut57KLEAlxLPfttdWA6r/zpTh+PNCP/NC8n03PvwiQb
55BKBfrTEImjaiFfTLxgVTO9KhCAA7o+L1ED2vkdjmqkbR2O142MqlY8NrJ/wpj5
J/r68LF5UWhtZHEKZA1HpviKOC3kre6Ke62q4cplmskVWzMjPckmHCalmWXWxv1e
P6sf7zQOX94Lt9IYlS2woFgj3Y9pZ5+IX1mbLFD4kjPEV5+wwojZjGerMothQc9F
Jp72uHk+rJqnhi2wwzGUgdNkfKv0f4BFjl8OqgUvdML3x8IH1qc8VxU79rtOaPma
Zhlfk8jSfV4DyfHw9VDHgD6TnyUAnqkWFEwgd34WAbk5eyo4k2KXHFShOGa8fIC2
LxpQh2O7jg11LcMpSkUc1cejP5T3bMsiTzy0FY38UJbZwI7Nwynl5P6VE69BkOMT
bFugM3/dlbWDciHVcf/DS3xr2+dJjjVYx7BnWlAXyoXZjwcMbrbYCtBfN+QzJXB3
gDRO/B8v72udXtyXI3A3U5zSiWyaUmlMZ872OZRzl88O0iSPJmhoDIuNiSi2gCtx
LGEUWceTXMvnrSfbhyWiZdffq5MaJzySdeLR2UQ4cvgUaPTYKK6inJwjJIoJUwuy
tUufahlT77qWVZ3aQzEjBGVaJoFRUKTH+DZlgZYT1bbxRhZoU0hXvL190i8FVykk
Zuz0L1Ipz4NBrwCBHfnnm0ULwLEd7ZL69L+Ua8Y3gnFpI9VwLhP59rhApMCnPu+b
9O/QcbHjycYaPoDmJVuoWXh7JRUlAqEfAkF45MCM5ixQCGhsTajPXQTKOUHvCU6x
zz4j6kq5vfwgMc59Hg3+U6F+woJoZbeQQgS2efv4OOGW6Bbv0fdK57+ko5BKeaZC
7e0e8qE2mdewcDGAqoxusVR9r4etfeSR7BPDPywlx8N9IxAA4+4s+j87o8+3XHAt
UdqX8lXwfchvWlnTSSDtoeAA4BWFL7qovSlF8hwTQCp9gP2CsbL43YhNqX4Mc9n6
xaQkPlqUlR4mx0RYx5LSICatxsmbBATXwOo2pRPRF7e7y/tBYcCcWxjuRgLLlY5e
oIXqzyJT4cHpznw3z4gkf3rO+q8Tt/6SR1YeKVUw2LvjaMb+LoHerLWGaSwvFNLH
l773IX62GJRWFb52xelR8jsCsQm2w7N77gfAp76zu4/TJVGK2ae6oHcDAEpH0YFo
ubiLYFEGNHlAc+/YqvFmfbYqamZka8uOCtd+GDopv+5Ixwrymto6l7/5PZ4b2263
cwyU+QOW+OwwnKtJlu6A1iZGRGjTgWFCoP8mGRhKC5kftNi/KQ6R3AD8ipkUFoFj
vLlVX9RRKiYfHhiTjirkQpxcCbbd6+PaDicOgtqqanPT7J52+JErWXUmnRL579A/
VjlVXbLEaiBQWA2mciJSdzuXie4c7/k/vq3HcoDAe4OQ+ECFL5soTdrAE1yT0loX
TB2aZz+YvngRY4UfLC2+kWFlF859niUbH/3w2Z2obg6g/FNLG+Y/dGy6/idRL5WZ
AxhOGiKvQhuDG4ircgTfwJwsMMgVEjOdBSOxjy5ehHLbJ1bh6heb3CMcD5X3i435
+4fpXFNf69VKcanUdj6KiCk6wt7/pixNtghhbwXfHSqi0vBunqsQQdV+DOOwNQa+
04pU6qAyZih8OQottTzul2/aBlMjassBK9LIBpYgAwPJqfpJe1cicNlqpbvoRbqB
F2q/UkJhQ0P0RlKwZbl60qL8uoRJd1ksnu3Ef2/nrEOwm8jaMBW8Ev+JKRgVX/QF
2zsx5US/GELrenjHlObeHYTnpdi13yWFfw6HTQjLW++04oJTEen2HV1KkZYiqTqE
6e99w9HsU+Psz6bWIpHXVNfwao2U1jdX/hCApW5gVpLKiiMi9rUNhNK65koeSvKw
O+AwhYypyYOtWCw5zhQujwhEV5f4gbi2nrs2bsHDrAaL9caxBNSHDF22yD29ATYl
PqrsYaQccRQA0fq4VNSZ8mOICTW0xV45kYdIxqDT1nViukMBax7PiooV15t0GEEB
K6Qz1gWQiDw6g8TytbSHAC0fjYhGKJDumppfrB2dFlkCUc3cVnJsrjiMN4Z9Xc6t
xC/s03MJoHdVrVyzxVjF2vl6ypW4rws8BW2Rk+2o9IzJrCXX7fHrZNaKtrjBYXir
u2tWd11pvGRqmLh8O5ypohinPV7TJ0sl9m0eokj1rWRKla/JA+/0SxKL6OsAruFH
AgG5H5XZeqj++mN9H7dy6RAbr8ziWqZz1sDBDveV5LxVlJtB8WkZyDFhYd/6TcH4
/wUCCXLLOLxDFfc2lr0Z+58iM3Wi3Xcf1YMoii0IyluQEp5p+UP/ZwEy+aPsim+Z
oA2rkcOfXo+bwHuYDq1evvh919tsoOTqJ8fCGVdZqfzOxhpxTDCOQFNhuUpEVhUn
kJQh+PTdhF4H9b4waQu6LRNNGLR4UNWEfiOMn1UhFpt+pKrVSbsM5pYovAEhSJXB
XaBzHPKQUxof2nstHnG9kwTFEqkjJazoMO4nOa07UUdgBQh39VgkZBfmH/ibfhtt
THbNi93ZahuBWpnQdRtsYAUtFEueTr6Zyu6QKfQm3EKEDvhCsp7YUVKqVVBKqPFk
9JUDlnN0qF796R8/YHVmWuwE+PRVlNsYxr7Y2urfhD2FxCLkODnHEgMlJkkMIarv
LJGDV1QI7xN6YPkLQGEMX1g1JNkweAH1wWtIpjtRwZ8RWt0R1SZMkrnX7aDRGjRC
EuHxwIoFh7iwLhDPmFypUoHJO7jlNQJDGKN4fWGv89LcFZ7kyeSfUaPbuLucJklf
1+Z+quB1EDRQx8AdO37RysMzpRUCaPYpC+bE32Vem7uzVGhrPgPlxRpSyWUo7pWg
de+d1X1dJbm6oXo0VZuVNO8w+T+fPXniZ3uB65kO95y8SqRl/k7XdzADfTMzEW74
5Nb90lpyo255P63kb1D+Jwi/7iyTGGuyJRMzpvwZNSGHPbUQcy7AyIDMNQVJx/lg
9OilH5ImCKC1SpvbzhnCMIXH/SpxNG1z31GXRbyP9nEiz6PBRngaty358uFZC5H1
IlOgtMA1PIrZXm6WqfPxL5BzLCWR+qrb9fDwk2NE/3IKYzKKU72ncuVtNpIt0lMi
1zo8PJYacKSH4bjZSigbUzd46AcudCxHWn+ljl6k47sWshiKx7yqtFx1x0mq+MVE
TWOsLwsXD9hbrCC9/Oph2Z+/Pihyp1M28orcc2dMHwA0KmCvWK4ktQ/B35gW8a9u
860sx9oewKCFZSEruUkBERnlYaH3YzKq1ZxICdUuRruUTUJAkmOqY9NVmvAWshYP
gSMfNbW0o91vMt0cg/DfIn++QXVR6Jc284ZAzwBST+Ri62qwHR3hGvzUOz3NdooA
qt2TyeScbRZIfuoHly/B0pgZfXt/aEEgLWFAlj/bklxuCPzGjKPDzodnin/wVezb
O5cb9A4DvSeS/zkg+ns04C5WTew6m4jyhAycYnq5f/puq63uczmf4mrSXuHFI9Vw
q1P12rl3iGDeo7gTZzdMVobQVbE+Jy2O10JvCP8i6I39hkqGRxITjuTpRxJML8gv
H/BFrXr+DayAmlA6JrYPeXrEaLg/XSjy9H8FJRWYwpPKbUE17Bu8SmCO+x4hT0je
w+oHeQqaedsUqoNKryxgPNhnfTDz6TXm4LltyafWHjtHGRm9cbCRQtY2shezqjHG
afKgmQAZ6IKIEaXrg6CxdN1R49EAsPU6fAGF9owhOKmxgjh93BfXv3JD98ZqGACd
VGDdiQBu5fZTv8KTJtTwXNytJMFGVRTGWvIDsgGku5FWUfYNAKVVqlsF1GES+PJ7
koQg+Uf9foBHIwqE2lTV9/Mf+NNG3TBmHNBK+vwTx7x7CpAbOjGG7OgGTrfNur7F
i2ZTlzKWMMIlxGeiCzoS3VostxFM67IMK0ookyRf37/xJnWyN6suOnRRkG8cT2rz
NgelYDHaVuXJf423KyatnvXt6K10cjsV5oSjlq2AGpNnCuFy5XoIY8nn5tFKkBaf
mkrFkitR/Tga8+Y8dppvzchMO/TkzhFEO/idNTnCmjlOpMgyR3fVX+zPvRQ7Bxi8
Hel3fi3oTGsJOuU6jqGyuB4B6+de72XS+ffVRf/O/2bku/UrWKImJztmNHgQGXeA
JUb6qxwt/t6NjdSxqgrx4OodwIpIX2iOikiETcRFyZgV4ExF1lh8LVP1B3rPyi44
oPOwJvjD4JFuGrf1/KBzxB9cTNn7C2707gnMnyF0ZEzGKqwa7Uk0BwVL1JA/LY/x
BkHBMo55V2gkqU/BwE9sD5tQOVDxAzcYMFjbj0RIxXepg9NBCdK0WCpV9SRfbAKY
aQ80lhZapz4rfFG/MS/M+mspA8jdfvi9yz9N9X5FUNXljM1oCzJ+NqLEiIxEnnYx
WqgPXQuezeh5Mpx3asjP9TmEq/JmU2e+lK1dzOTqho5iJXSez6jQN5mCWVpJSoLy
tG/QFE6FVWVyxpr12rAuIA8FokCx+KnwRjRIOrdXhmFxVb94h5pMWSLRo5a8lHtv
vmIubr7OxTp/tt0tYXcl+tKQxc3M5x9VArHw8Du2FrtGpmcYpeS5o1XCe9Rkm2nL
9yY7Rdm9iopPYnDBsN1fW9RnkSrOFavnqV02u9nhhoEIElzmXNZVHjiZnSJ51aY2
8urYaK7Vl40DJr6cIf/OrC/j0Gs5t7V6s0jD991C/2hV8/iWbqUcItUiFZkfTlxp
I3AHRqHEIqXU8S9K5Xx8OdtS29uHP37lxCpf6VIjuKvSGswAkOTldghAM6yoR5tF
i8dcLlAgfvvIw2jki+kZlirQqM4FYvfBfdATAFDlHoYuVKhcSxnfSgLyNkyYQcKr
JMD1SA05gGeUh171cSZHOxfyFrJTfPpgRA3+rrE7DSBDSDjWHeXRBYsLINUmZxtO
bTfyRGoVa2fRWYj3kppc4g5lgc7zE4mLljheEUO73HTs25RJXCVAvbCOG0ok46t/
Y+5HsHF/H8BkzsjKDQ/33+QBqtY5QexTteGcLnA117lEys8BNPLOsy3bTBTyWQHk
WrP9u2+HBAGLwhIMMpodejk13Sk9Vfhxw+Q3NskeSFjxnHAu8UWVxutFlhMVuvho
guLQFBRzc5o/hM5JOo3mciEiXg+jOHPQxhnn0XryFgzyMMSYW+blkrt9ZuKMadMQ
3Raj1umPNnbcVoOcApga/1zbjUK34eOSwLGAXS6XUAS82RaKsTICZtS8kq2hIos5
720Bn1cxsTj2fvThBWy95r1XSwlJYTnNLlg2gCsH7FNFKgkKclH9v2OYG8Z6zscu
yYjWdvuWBIK2w8e4BaGzss+sHzdX5v2QSaj2zJLn7D/EMd5pQjpixzHkuxzC7San
uZ5HxtT6z+9bfgRzlH+PnMj5TWMWr4B8kdyIuan0mAB8R1VBQY5+I1F6Oqpdpg1g
YmpOD18ZEaEmnYgQk6/yrf7YcrGPJ3Me10zb5AANpbU4MtTflzjcVF7TDxyCbP3J
bx/UuBMIMQam14iDdDVDWZMO7CV5/dqiU5DNCRMTOa7NLhKJV/2ujy77QBl7lb4X
AIBD6/ZNH1tH84WenR7BTeLZWp0bZtGc07S5v0xaC6u56waPSc3GZgTu3W+TECJF
p/tkE/aNE5esTPWEnrSxpHzevm7MmBzwl8LUFltWSwp0KjO2EK2WPhcObMWuUEKb
OZcJ5PeFFXiDwHOWQdt2c/JaUaXjlvi7KdrePstiJ7nWmgnWHwrDnEtV3JPGCNNk
KSs7UiICclv55PEPCTZPo0LoKTRKzB1TKYdVkgWbqZs6MfVivil9dCVof6LWwVkW
5BHHwIY7Hj/h0NJcehVd3ZYI6TwsaJDVAzZxQj96MB1coKVhdo+GsOsg5HxVlSFQ
YgFViMa1vzGBBplSBnMAqkh83Ijrw0w0BOTBfcvmecbMY+MSaJdYIeM6fyUhBMfD
FasxJPQf79ZX//DXV9Ogv0ApcjVOp/oYGmNtSC9RpGlNOytH3TlV1WBZl64NNWHI
EdlPuhF/CG2JqSqYQtIHjfb2tgRAGiu4bOVl30jxL/iWG8o9HFYiv3kxToWd4P5h
gr2GIGIgSfEigbeMMNjqx7dIDp2wSf85ZJffTn2KqtpRKGs1zp5vS99tGwOGwk1l
Zyp0HSKInbxdtSvQ5EWw6XmmiezSWs0+J+/5htzE6Hk9t3U2Cm5btWaXRuWi9nxd
SMZfVvIeUQn9AKuLv5CShuTagn3Zu27Pq/wzNv5KGDyXYug0GOnvKM+5TAEtWbeR
GlcKUWv7zaD1C3+72b4A5mzW7UCJjzansm1qXGArBUoK+k2TJUCxKzhHg3SBOcbi
7x+jI3v7C31P7QLnstj7X62J9tP8WAZjY8M6TWH0ZIBLRC0hjETVPLkJG/xKUTbL
rgFXHUOYJbrmSGbCL6ROELv4eGH0bkGfayPUSekLWOSEBAJ3dwQ8Q3H+KBxN6S3h
Kh+31KP4iI0P7AmX5YjC+iONdRGOKWbDdVYXrsfB36Jxemxv88zpf/X/f0f7oGja
lH/aA13sRCHqhmQbSe2skAJ0oattSCHl/+t/SQUtC2GMAND3GH2U7bqTpAryx9lj
wW9mxZLYEBH+QVu1Bx53a0Lv2SVjRADqEvS9yiVJMceXN2jonWnh5cObwYyT/C2M
hkpt28J24bSSGSmfJ5rm7CKl5VIi4nS9j1Fvf5VfT1z3VZwr+wxlGTzDF+ZI5kBJ
dk0qyUU5eDLnOo4Y2/KwqJgmSmAH/Z5SF/5jBcGwZUwOAU/RAXDvv89NnBhAhu65
J7zCi2xEoSm6iDVwPekcEq93A9Ef4jgN3ZPBSPwGOf67hGpy96bepqxvtFcutSGy
Vjxe4jkgbWeLENh6AA7MoKzFhEI4vkbR+/fUj+Y8El5VteqSy9AoX2x21sqwnboE
oF5Fdpdi4Pa9TtvC8+X1EOs4jv+XafBqXvoNbH589MCvwFiVTUSzYybvvFIF+Rzc
jIGfcKTxHqcQ4gXppkzlS8okm6Tm9E+ae3kzSu9zo+d7wKvpW6JpYiazu/4b1aVF
1c12C0Hi1pFyDW1nBAjOq7UBCxNwfKp9H0hg+AFahpi2R4H4ylSBgYOGWXBwjjf9
ourqi/VccynHDCphAK3P6xFMwARegmWvgVZd1QvnjvLkSm7r3LJaLWoCCUOh6ruv
Iwg7to9VaS37gIEz3eg/fYXHrUi7Fu/sGadbJeZdOTGmPy1+ZFyvY5Icl/Z9kBtM
qt2rQvD5hZdfuwhbLyAWMN5zFawo2uzBqfocLx4Sq9MPeeg5ichCK1JZUm/hzu1P
8nkbLeBYpA75AogPIzyhSw7JfCxjl8Fr5VialXCaHhLyWNtM/FJORGRLvbunrzoW
tpvS04SclCYw6mpBNjWrSMuqErUiE5WNx9XqFbztgsYlRDiCbinn1zhvIsKpx18a
RTe0lWyejDVdmyrXjwVTtQBCjL0dVfSFF3weqrJz4uszi5sPvqaP0qKjPsIUQXpi
W0zN+f34GeDSyKI2dm2ZV4lbidZLsp/R14mCiZWh/hG0NZ82ou5Erhv+iNv2VgKm
6iaDKDP9tudDyT1E4yu2h65ihX/t3OUDu//1+IHLXTWXtQEgPuA+H3FqjXBUpdp5
Ogu+LoMD3xmTjXsvLdBADJaVXTkyS56+a19Jf+HkQtdG8MTgo+dFyIzIjsSV7puM
7GTpPxrDTY5LEtsYxLrZr80qRSp87yu55hW5A81ZPbY2hO9c9jEOwkaLME8hebgK
/h4wQoJ2KK76P6p119a77PPP17hLVqt5lCIf2RuMUjMFlfDU7K9nmbRttX+43Wod
aQ21g/dWBXlVM9onkHDpXSDbDx9OHYMCfuBMLeJ6jH5gwmlU66DAbX0qoZ/ehRWh
WRpV//b/j6GR2gneeiNwNBLdJZaSv4t1tPVMZX7S7et6BAI++5c2nI03FCoe9+GS
R058J3L7CeFdr9AWEQK6YjX0xCzCqsZEOVjIT8qj1NTyZ8wBFvFnGv9Z66uO5Oip
RTss1S0U9FEeM5jaVdv8RhAvmf99VvNza3OTQP5wXzLk+C5i2S6cx/iG5/1triZM
nXzlw5QCnwVxn7ebqHfqd2UpYJUyJnkghsz6aKWR+NaWldQgt/GFv22SHliJ78rZ
EvglkwjIiTRJ29QTOsdJzssNmfa8Tz41g4Ip4ycha1gxdIsXghuBXS88OWz6AyuY
R3k4pFG+giKXefQGrM/ubymOeHVc3P/suMGUV45M9j1lJmuWFBJ2HVvlYRseiM3X
F1K/8hlsTeTWwKWxD0NvuUrWhyIQ0b7tUwDxMIRzfRz+3Y0OJQ8By+6SWSPQDtIJ
X5LtDPa4SkvVTAlVBNWzoxIvskmb03FJt0GM1YEOM1UyVojbegF0jY0CEOxq3/fs
YlT5/nwpvrvea0adXvIKH2pQu3bZc3RjFUUve1Z1ESqAwhE6zpZKTtbK31yslmCr
Z8KkNSx0s1+ocXj4uueCqvgvkKDADvlit5VbNCBHhQn58MMQRTqCTAKNHbhS/SPZ
bQybq2BWg0kTE2em/zFnZCf3pfRKUqjI90PmZLH+Hwc9vhq3WD3gPuZE340gkOVt
c/PLmZMBjge6n3LaMUrkMA0wHpTru61Agty3bzCcPxU8IbeTmpCDsOIUB6hww86A
TKmV7qb0xxn+W9+gPois4ue8O9/I+4Zr1SumRwa8Y3JEgG4cKdaKyCs1RvLs4ewC
sfT5w4d7yY2fgbXYvuGtsKPRqWj110cGbt+PHiEqRe5hOIefqvRoBZirQhFBWimc
mdUtzjl5LymywQH/ytJ04ZeEWiTKR/3mqMGeuObjCXI5ogfAZEWO+3l0LJRmhr6P
Qv+wY8e7zvSiN2zqvvn+PDDvl/v52weJ2el1bOho4rxTtXCrpud75q9KDpiGb4ay
bU4WKsjVfsq9KWnvawTPAfUUII1GmZmNL3DR5T63l4s3qYypU/LbkSOayGCRL7qU
RQP7lXiny9KeIiuTG1vzXf6hR983yzmN8KLYFT5FS2Zbq7RoYDLZby6ruXz6rTXW
dMlxdUsCh5Ojp8yGqqikoySNWeeV/DZruZiaG7eFLTh0/5C/VArzZ73z4UVXjE2Y
VEFxm4j4yVcYRzFMGPPw086PpH2ZcOLr9+Gib7pOfMPqhveXrXDt8S1eN7mIb+jD
/ydiFEb0WOiN4mL+hnRs+pVRLaV7ZItLhg5jAkUgW6Jq+H4pqnagJuXVwSDHTnOz
6NVfSk1zFXVXX3FvH8QV3RV6QU9lkBhzaKPuKKG2ZdNqBSMjd5aVC5WfFl6wYHex
R9/Bi3AgW3oqtm3qbmIYx3kWpEOO+VNM+jY6HcOXRv5irZF9UjJ8IzuOWbhTt9J4
Wlju04iRdzrWkUeg2RY3q7JiMt4uiya0DoGcNPEWV4+Bs2RHoAsVDLItcELbLjvI
lZTCMR25wLgACg0ZGSYdvGrEEFcS4kcZNDT0bZp4FD0sJ/4Z1l31RTnGnCdISR2Q
Nk8hxkT9XIHyRUX3De2yFCkbPU0c6D0hUTKj1DlWBSjm2TJISGQ42JKBiWD5G5tP
dr4l0D50RTBMALBh+fXJr7CV/Hj4e+isSYubWLBf4VBXqmMQ6qlTz6kKpylrc0aO
zuGNMY1BLroROPre/AThrKkrzlImUZk7krtRRxfHdEjGsoLbzWnAGVTGygJNS9J0
KKsU0/uRJoUNU2IYB4hYo1sUuH2CkXkv4wgmzTVZ0bb/Iv7o6MwrHu9j8iKu2bNJ
qyKCXR0jZHSfkitVpNiFTg4b9MS9cLGOTQNuyzooxdCCJLKAe6zsltKyrcwbPfau
ZRBxXWhtW1V4PBMcn4Y47Hu5vRtW1YTHh3UGgQOp72QiAVDkeqZj2Yfow8mMTl+U
3r4jIFHSmOHXg5LIps3wel1nr16fIDbhKG38tU9Adj39UD5NhTJZlL9nNBBUk64Z
P64koU3oTkxMkXRXdYSu+LYUhyvXC9ZkWeAH10R3ouAzPFKPvCibVjEBnUp54TV1
c56nxYi5JUH7Lv5ZGSIdz9m3v5EpEddmPeSTLFMn9cM0cZ/UwNdDzXYt7iKnVfk6
GOS0dQAv+7mhc7xu2lI5Q+O8gcxbu3ohq2G2vF11zTUBTrTdP/uV1UG+wfJ461KU
62xtVGCZrOQDvI0/IxpHRIxWT5CDYycSiAeBwQ0pltw8Q0754va/cDJx6v3vTCeI
QetvDzXaoy+i0ZL7/9mGqfVsqk3jm0S8SrgmqH4Y8QbVs+YkPn9H3/tXl8KQjeYW
5dTg06r5tOI/snt9EujCB6FPMj7VSDm3wUj55fZmnprxSsTLgrmU5jlF/Z/2mnqD
xKcC/ySJo1VeyPbDp5DyZPhqRvX2nrj8dSpTI1nM49GFR3mm7vEIrGGCam+MdtFt
ZiHLxqfpg3w6ziJh2D8ZECibuVrvSDXyG+Vc8UnA5nrjAmxmvLIzP01Yg2D1Aeuq
LDWpaskUqij3U7oB0P6AspzqbREhA1A81YOfdeK8S13EDRyUDuD/7knLYitqNADQ
a4J9zlttt5bU9D6BeDRZfqhSv+lXZ2mmf3IBjc2duW27YiS6mIHYlr9b7CgaIqAi
ioZpuhfr8KBmXlB8FLEz6QfnJlHVaetMzjxhygx3o7FYwlD3QmXafm+dOv43+/V+
VrQcKRwlbC6FcIn77D2OFoVHOm6c/DQzzJD6F871rUPcUTeO5mUpCl5qiAtMSU/r
nOz5u48AtKpGUgIac3aqDPpSi9hkTew+g4g2iFtI0LggzA9wXkzvVp85/Q0RHYKE
DJkAzN3Mw4L5UbVtn4tmuTX/6vzJGoyq6zSGypj+qtxRBk7wvNEbRMnHjMiQCnWv
XdeaPAXcAihLO8tM6C9CrlWDk2bmGNG5p8yDzcWY05PuEGHISRdO8iVRcVYih7DU
MbNDrxoEUawpzAZKC5XwRkCVfpmCcMg+1qVpG/AgxEyN1CczWUKoObOBqkfbGcph
FyyR7GJJ+x07K2+t8uGYJjZ/ym/pvUUrWXF+aS4eyNACot1SlXolabJfkmik0j/V
5g9SOVUE8unosIBez6rsnNIx2HqJJWl87A11qEPLBr+WPe72EMGA3nxf5povMDDf
6VbGqqs7y9E6O9m50JuvGATradSBhlw5jtPV48Iqlce4iUJlxdejpO/qodG3p+hS
N96xo+VDEsWqiJ1BpCXQSn14hyXB0QC6qWdG1hNGPZlrnPI3RekLCGs0MZp8U+7Q
ylJF5qkwijtBLkRE1ODoNMSSf3io9AIRRA0kkWdum6rj7dlwlHJ8j7WvB9OGXh1g
93yg6fTTIS565itdfBk/KZcB0kqbdOoQvbdPBfBxvn6cwb1IvzfU7ngJMpK9Hc06
VEbq/659fLCYNIvLSpyla+cqd4cxtREwuSlV9thmmX6vG1gDAf4yWrSKcQR2OkIG
3CbUk14WSc/mlyBQMZTdEvxHBrlD9xLpgSTLri7tLhyBMJ/f3B/vnMO3K5FrC2PM
j8L0pQXGhGGp22/Ym0uFgcf5nV4lRWArFBDnaiSXnEe4sokkeM4wx8U3v5k8GLRU
2BKmUaIerHuFn1rFsBf73Lij41R44dURQQ8YXSTOO5+mVmlR80rh2u/kOvx4vHcl
Dd3Js7qWBx+pZSqdaFypHPe+dgsEzzLLXFTw/L48yjV95BvWD3atBmsA/5+iuPOh
LaK6Mw==
=bYHE
-----END PGP MESSAGE-----
